553 0.0872362628913507 -0.020768599 0.9959711337794471 -17.083512068759376 0.008831746706157413 0.999759488 0.020074030857572547 -2.05075052865974 -0.996148499835015 0.007044981 0.08739870489278297 193.36106948700862
554 0.08695588988821662 -0.02076737 0.9959956771879317 -17.1217840022584 0.008963125293154421 0.999758534 0.020063299170184932 -2.07494141314833 -0.9961718399516915 0.007182612 0.08712103397212367 193.39518867093935
555 0.08700213606059516 -0.020814934 0.9959906456165643 -17.145537781530816 0.008650416503587954 0.999759785 0.02013806916157997 -2.1096536797827983 -0.9961705671202188 0.006863679 0.08716129441371445 193.43087347292706
556 0.0870273227199609 -0.021187135 0.9959805969920954 -17.15375741638991 0.008113989549355926 0.999755727 0.02055845360500959 -2.13368602494057 -0.9961728807067657 0.006292229 0.08717797699475445 193.48741516252605
557 0.08702044681393158 -0.021441974 0.9959757443515902 -17.173961250395525 0.007979036234144862 0.999751273 0.020826110744549816 -2.1603745647122987 -0.9961745716887065 0.006134629 0.08716988855069967 193.52492206967258
558 0.0872523066376209 -0.021683334 0.9959502341204522 -17.268648153279724 0.007652111663409373 0.999748178 0.021095641671774752 -2.221723265099255 -0.9961568552126197 0.00578048 0.08739625762595919 193.53195393728092
559 0.08738649532897282 -0.021674089 0.995938670126768 -17.325256281045593 0.007275351361622756 0.999750504 0.021118684058872367 -2.2586138230070403 -0.9961479153936861 0.005400316 0.08752237989013552 193.52426283512577
560 0.08715403058782406 -0.021236002 0.9959684771335395 -17.360106697308144 0.007204272275166654 0.999760056 0.020686423183725173 -2.279515050272294 -0.9961687979632838 0.005372323 0.08728610810417926 193.50842001907154
561 0.08695461797139908 -0.020702092 0.9959971472685158 -17.438720355723078 0.006404858424207332 0.99977501 0.02022144558390892 -2.240183333731731 -0.9961916843419485 0.004620873 0.0870676483707849 193.5174762842193
562 0.08722716078108282 -0.020621978 0.9959749777543541 -17.55486894277941 0.005287464293544436 0.999781215 0.02023771280695073 -2.2127182612973 -0.9961744146090136 0.003500904 0.08731711473738013 193.50674031869175
563 0.08728175914808142 -0.020404284 0.9959746783408341 -17.650323420836944 0.004377858682411785 0.999788415 0.02009876338611937 -2.219570097281805 -0.9961740453525001 0.002605981 0.08735261829707694 193.50034447407657
564 0.08718859871855696 -0.019356333 0.996003755757183 -17.68368187967367 0.003606325521151421 0.999810795 0.019114626902608164 -2.205017667249194 -0.9961852954118171 0.001925336 0.08724190669886353 193.5104960228874
565 0.08707875637720783 -0.018080415 0.9960373433333489 -17.7087917095468 0.0032997443598461193 0.999835037 0.01786087167721155 -2.200280676131722 -0.9961959658333035 0.001731366 0.08712405182358136 193.5107094662472
566 0.086972443755239 -0.017517193 0.99605669632861 -17.747809633009282 0.0032394114859493834 0.999845079 0.017300962580412922 -2.195872642617642 -0.9962054509739818 0.001721931 0.08701571513027287 193.5040110297607
567 0.08704945215801442 -0.017551755 0.9960493601679471 -17.824521555921816 0.0029592077854257866 0.999844924 0.017360018942452808 -2.1807166585681923 -0.9961995966681205 0.001436337 0.08708789219496343 193.49944521066618
568 0.08728368007934544 -0.01718942 0.996035181522798 -17.908862319850627 0.0027584749981172663 0.999851454 0.01701355277728702 -2.152402728844484 -0.9961796775920245 0.001262532 0.08731813039811176 193.47939968279076
569 0.08750521925003574 -0.016359437 0.9960297209489525 -17.997441995800447 0.0023423059548043357 0.999865758 0.0162166619556126 -2.056677709462895 -0.9961613076109623 0.000913963 0.08753179192370864 193.47219847631146
570 0.08756592807607103 -0.015763805 0.9960339902950276 -18.054693877423702 0.002340372791531338 0.999875279 0.015618846431064135 -1.995971435637806 -0.9961559775078013 0.000963412 0.08759189970337275 193.46236908693075
571 0.08773907670921952 -0.015752061 0.9960189393876642 -18.09920632895506 0.002819656655168664 0.999874888 0.015564659646217392 -1.9780375233397938 -0.9961395006447556 0.001442803 0.08777251534037454 193.46082225229907
572 0.08741303991699642 -0.015363007 0.9960536822153925 -18.130309512181526 0.0026805747594526473 0.999881081 0.01518679482214583 -1.9658109563513282 -0.9961685478672719 0.001342472 0.08744382650354485 193.46950917127376
573 0.08727958483961087 -0.014613308 0.996076666614562 -18.185377921182805 0.0020017047920206 0.999892954 0.014493899617929875 -1.929624791639166 -0.9961818442929689 0.00072883 0.08729949349960958 193.45764073120745
574 0.09253279968437002 -0.014556923 0.9956032224176026 -18.245025979367746 0.0016725755715157936 0.999893989 0.014464206981665211 -1.8681213980739573 -0.995708231770003 0.000326808 0.09254733762829173 193.05901207451467
575 0.09756773995515158 -0.015429885 0.9951092680950019 -18.278547583262892 0.001806942812274178 0.999880906 0.015326707352444773 -1.8184867939006781 -0.9952272456211442 0.000302713 0.09758400210255953 192.65505665119326
576 0.101932404110301 -0.017283809 0.99464116875694 -18.270743333300892 0.0020936629666839174 0.999850568 0.017159770035923016 -1.784191713610521 -0.9947891241836321 0.000333307 0.10195335848629629 192.25439659884765
577 0.10556107274237503 -0.019250218 0.99422647820191 -18.22589802720759 0.0021261981899335885 0.999814693 0.019132670026498735 -1.746779587358295 -0.9944105487694622 9.4257e-05 0.10558244127037703 191.87168033113792
578 0.10867137874130448 -0.020426292 0.9938678471115769 -18.143562248359544 0.0018809459425842842 0.999791303 0.020342366317595104 -1.690074079508217 -0.9940759491877916 -0.000341221 0.10868712079209542 191.48140064504963
579 0.10688231742171966 -0.020516946 0.994059970099878 -18.05336418200807 0.0017631286616865138 0.999789412 0.020445625626796176 -1.6101070408253442 -0.9942701151234478 -0.00043262 0.1068959838986938 191.00708633768622
580 0.10520719382340207 -0.019957582 0.9942500395125784 -17.961489789804567 0.0017987475280862968 0.999800782 0.019878667073955046 -1.534606844622185 -0.9944486973600928 -0.000302974 0.10522213318372928 190.52169344263993
581 0.10328447953901433 -0.017951069 0.9944898568151636 -17.86283396895329 0.0015769563972239395 0.999838828 0.017883843248780295 -1.453724000103288 -0.9946506064054196 -0.000278857 0.10329614044436042 190.03489128429857
582 0.10190639631403053 -0.016626012 0.994655046817681 -17.80364898456201 0.0019270618178099516 0.999861751 0.01651560805838683 -1.410096188339128 -0.994792124962302 0.000233715 0.10192434720028384 189.55498722924764
583 0.10076871899334267 -0.016041841 0.9947805414153761 -17.74630507248873 0.002775746912652335 0.999870643 0.015842748324005184 -1.4087203725730983 -0.9949060054877585 0.001164806 0.10080021099736322 189.06328804375892
584 0.09923333100679343 -0.016330231 0.9949301829430949 -17.678455787095825 0.0034302268932331487 0.999865 0.016069101253295564 -1.3820609314167132 -0.9950582798286717 0.001818246 0.09927595100983796 188.5809483481702
585 0.09781126830748259 -0.017015414 0.9950595114520843 -17.619430413756497 0.003773059811575951 0.999852983 0.016726501538503726 -1.343904665025955 -0.9951978296508169 0.002118378 0.09786108877472599 188.08502517065406
586 0.09662525011583388 -0.018452412 0.9951497723117211 -17.565361429998386 0.003786612041556026 0.999827714 0.01817148645350718 -1.30827304462052 -0.995313630511354 0.002012422 0.09667847445118016 187.59609158844074
587 0.09522609519157604 -0.018083731 0.9952913996096228 -17.500969837098012 0.0037641000720891014 0.999834373 0.017806137584814648 -1.2945647451573072 -0.9954485537468052 0.002050768 0.09527839256881845 187.12161536391758
588 0.09427820383741531 -0.014539816 0.9954397085225213 -17.46614109305344 0.004144817736558608 0.99989041 0.014212269385598423 -1.2902224325718703 -0.9955372623427915 0.002786009 0.09432813672845601 186.63159019637865
589 0.09940322747107283 -0.01166403 0.9949788689390471 -17.372906225086993 0.004552343393352089 0.99992616 0.01126722582271646 -1.295727737975839 -0.995036821131893 0.003409487 0.09944898617073038 186.10668206750572
590 0.10480652710984559 -0.010257321 0.994439731357526 -17.30822280934865 0.004503677819562616 0.99994145 0.009839415643693925 -1.2555744836587608 -0.9944824326555303 0.003447401 0.10484658541102942 185.5628393855176
591 0.11022526159915536 -0.010928437 0.9938465476625856 -17.264501074165207 0.004646699900859116 0.999934286 0.010480023159295065 -1.23305972789238 -0.9938957695310262 0.003462943 0.11026879938627443 185.01275555116013
592 0.11630408304798022 -0.011905228 0.9931422987556652 -17.24714059776015 0.004526918025889839 0.999924126 0.011456390158761773 -1.2212122152209421 -0.993203336426418 0.003163449 0.11634915310135341 184.47846745634538
593 0.12235232899229871 -0.012018757 0.9924139547127662 -17.215648391769843 0.004481604170319702 0.999923171 0.011557171769581999 -1.218667180804128 -0.9924766103296311 0.00303356 0.12239679179423793 183.9390060252203
594 0.12101881827287253 -0.010055743 0.9925992783055118 -17.12134098647124 0.0035869353677238326 0.99994659 0.009692853353743721 -1.243396490081548 -0.992643731994666 0.002387372 0.1210484234741987 183.40892722181528
595 0.12021088093702287 -0.007906649 0.9927168925521106 -17.075000045504396 0.001795365103401482 0.99996838 0.0077469986124756845 -1.224634280995616 -0.9927467558404304 0.000851015 0.12022127502860055 182.88011302963696
596 0.11967029389089623 -0.006195225 0.9927943594329398 -17.037489823840936 0.0003646095310458254 0.999980737 0.006196119019388794 -1.224159780318716 -0.9928136222115886 -0.000379509 0.1196702478395408 182.34093374712296
597 0.11891652977994624 -0.00680316 0.9928809477731076 -16.985274443355557 -0.0017560253535350437 0.999973521 0.007062075758123254 -1.216657386155477 -0.992902701789052 -0.002583322 0.11890143526162701 181.82243470203093
598 0.11912564785329469 -0.01037726 0.9928249560482081 -16.95419556284951 -0.0029801807525971597 0.999937138 0.010809180435828583 -1.2412572997212261 -0.9928747144216192 -0.004246449 0.11908723280878775 181.2929092946407
599 0.12041483023337313 -0.013656136 0.9926297291205336 -16.888262720995307 -0.003318966489216206 0.999894252 0.014158698727909067 -1.234550830873832 -0.9927181134190382 -0.004999422 0.12035677196131954 180.77685751723135
600 0.1217594859109162 -0.013739727 0.9924645322295215 -16.8216059117321 -0.003148114785398047 0.99989381 0.014228800614139767 -1.244420704231611 -0.9925546420342898 -0.004856884 0.12170330206012606 180.27655583742285
601 0.1241283571845776 -0.011405538 0.9922006175570707 -16.786507448806326 -0.0026794970782354024 0.999926438 0.011829564368813964 -1.3087184721962208 -0.9922625518558762 -0.004126983 0.124088664366632 179.7647196145857
602 0.12688911105791859 -0.008427075 0.9918811108450192 -16.755722577870976 -0.0019630424220303177 0.999959819 0.008746839645434764 -1.3685291781051232 -0.9919149656506514 -0.003056983 0.1268674696820934 179.26599201170683
603 0.1287382784868459 -0.006870369 0.991654805194341 -16.70071231311919 -0.0016594954166018138 0.999973108 0.0071434385536881025 -1.4078601211014579 -0.9916772162114298 -0.002565281 0.12872341490658934 178.75502173957477
604 0.12416758352650994 -0.006754281 0.992238273372454 -16.66868011374517 -0.002238198458065679 0.999972382 0.007087014250330417 -1.3986726419562208 -0.9922587373072149 -0.003100804 0.12414903665348243 178.24207680330343
605 0.1197495892903558 -0.006518106 0.992782730226564 -16.63886740707991 -0.003145375945808518 0.999970938 0.006944695770374551 -1.3887313124759162 -0.9927991447718307 -0.003954299 0.1197256078910287 177.74386537969335
606 0.11391075201674264 -0.006446684 0.9934700704669928 -16.578850950476202 -0.0033043077532484365 0.999970957 0.006867738928521619 -1.4061336622271798 -0.9934854919193691 -0.00406504 0.11388614199253286 177.22777220634075
607 0.10795239955249354 -0.007433278 0.9941282748111712 -16.507995665663934 -0.0026331375256364795 0.999966402 0.007762863743047536 -1.4576271455599847 -0.994152576671849 -0.003455696 0.10792919938403286 176.73152636942768
608 0.1004098396941076 -0.008299289 0.9949115472478082 -16.380741023112698 -0.002973441136886029 0.999958241 0.008641476730024963 -1.461608024591801 -0.9949417180042037 -0.003826 0.10038096907333977 176.22451330333183
609 0.09577320116125021 -0.006498374 0.9953819698102959 -16.32798847566568 -0.005115252236024847 0.999962273 0.007020453964892355 -1.4224541428598187 -0.995390038022285 -0.005764001 0.09573634707676426 175.8228696805082
610 0.0922943953827605 -0.007079192 0.9957065984976688 -16.32316074964279 -0.005740336048100435 0.999954327 0.0076414783348113784 -1.4234263734568484 -0.995715217092093 -0.006420956 0.09224954351055709 175.4133017225098
611 0.087364491700273 -0.007778805 0.9961460418803683 -16.2724665855478 -0.005761741147317425 0.99994884 0.008313819428897543 -1.4472181935517103 -0.9961597498578182 -0.006465869 0.08731520279184288 174.98858416016196
612 0.08257555889528627 -0.009379992 0.9965406631307289 -16.238286717752725 -0.005643797460086934 0.999935268 0.009879601051693195 -1.4665275923893712 -0.996568826097344 -0.006440087 0.08251727486031586 174.54820532467124
613 0.0788501612216336 -0.011423814 0.9968210209512334 -16.22268172675921 -0.005086678824684385 0.99991671 0.011861656582808848 -1.4880767595042232 -0.9968735010198948 -0.006005802 0.07878548526512506 174.1046037579249
614 0.07455283459057947 -0.012669737 0.9971365769313728 -16.184066364718586 -0.004936720962319152 0.999902345 0.013073982710478993 -1.50481294721355 -0.9972048458291706 -0.005897287 0.0744830070054754 173.64767892635567
615 0.0698903257557645 -0.014052914 0.9974556925345791 -16.137995650119166 -0.005983934787914947 0.999876872 0.014506311808651478 -1.4998085103957841 -0.9975367333995203 -0.006982561 0.06979762864723038 173.18107970147454
616 0.0666765528288445 -0.015068395 0.997660854784922 -16.12867819725452 -0.0069144596061542826 0.999854971 0.015563647787604221 -1.4950739581215438 -0.9977506838948124 -0.007936016 0.06656269279886773 172.69493932669272
617 0.06310799366059044 -0.015847701 0.9978808707583866 -16.10996234726711 -0.007101353024888049 0.999841472 0.016327941610550258 -1.5030854240041962 -0.9979814388049928 -0.008116728 0.0629854493952704 172.19507483930894
618 0.059258596117148864 -0.015073373 0.9981288553994929 -16.08709766508662 -0.007456811154771373 0.999851409 0.015542094306027562 -1.5054000239924712 -0.9982148143181363 -0.008363861 0.059137391519110405 171.67952472602906
619 0.05624227727083038 -0.014723977 0.9983085745124721 -16.08517312429416 -0.006775920413732563 0.999862596 0.01512863655695712 -1.498812371327711 -0.9983941572809918 -0.007615329 0.05613478152657286 171.2761163261519
620 0.05282354839350903 -0.014387259 0.9985002153242092 -16.096065772740122 -0.004560087274420752 0.999882308 0.01464841545738019 -1.5409031529200947 -0.9985934503869545 -0.00532703 0.05275172505329212 170.8690652609179
621 0.04916296041622491 -0.014397859 0.9986869904852647 -16.09392160614926 -0.0033408580355535006 0.99988813 0.014579637545508825 -1.5420674615342098 -0.998785183309416 -0.00405325 0.04910935949561549 170.4688741503307
622 0.04597336059925642 -0.014433763 0.9988383837579634 -16.097109346046672 -0.004105501223372219 0.999884433 0.01463784249083099 -1.5243919750689117 -0.998934229899972 -0.004773683 0.045908789455646706 170.06321650427876
623 0.042475024253318484 -0.014705362 0.9989893014198912 -16.094784262371352 -0.004382665704079485 0.999879312 0.014904805666845659 -1.5126049078730857 -0.9990879165507984 -0.005011318 0.04240544952182684 169.6576106481463
624 0.039037993493079765 -0.014769211 0.9991285732056875 -16.08157573586695 -0.004094821461108446 0.999880003 0.01494031093541693 -1.5156981294835736 -0.9992293362942092 -0.004674492 0.03897283219601183 169.26136606726573
625 0.03561675439538105 -0.014633855 0.999258373458729 -16.08024451171618 -0.004812993310326642 0.999878676 0.014814489156680224 -1.512706893881434 -0.9993539322707633 -0.005337068 0.03554199993497495 168.8562990560995
626 0.031936803114624865 -0.014650265 0.9993825145833148 -16.0635248934204 -0.004992108311627385 0.999877759 0.014817055953038234 -1.5198270091085033 -0.9994774229451282 -0.005462235 0.03185976306865592 168.4558881675202
627 0.02857781555764689 -0.014781748 0.9994822701095963 -16.05971557438998 -0.004595043619778479 0.999878147 0.014918986281965477 -1.5311957874563629 -0.9995810089638663 -0.005019017 0.028506410607079813 168.0522893825072
628 0.025100427227380154 -0.014733128 0.9995763622066416 -16.053408806042455 -0.005001788645053227 0.999877027 0.01486315939896611 -1.5083754230009951 -0.9996724212789657 -0.005372742 0.025023648581988092 167.6502721988179
629 0.02010353215999451 -0.014695926 0.999689890562753 -16.068920039759014 -0.005094508493684477 0.999877479 0.014801133034735778 -1.503128031881446 -0.9997849241017581 -0.005390483 0.020026199865148416 167.30568595013244
630 0.01522909518624911 -0.014788297 0.9997746655731322 -16.080362924723026 -0.00495958892943983 0.999877204 0.014865361205361876 -1.5121008652781662 -0.9998717303735719 -0.005184857 0.015153880872607411 166.96364005911863
631 0.009966423399351927 -0.014826981 0.9998404023362452 -16.08271116166882 -0.005027256319011389 0.999876684 0.014877630279492265 -1.522237902015523 -0.9999376967262992 -0.005174731 0.009890655513159739 166.62130029697585
632 0.004968079051660492 -0.014824982 0.9998777616199435 -16.09092181400418 -0.005210061375202657 0.999876146 0.014850845703095241 -1.520284750147611 -0.9999740861690519 -0.005283205 0.004890224550210327 166.27847412837963
633 -2.7371198270464275e-05 -0.014828455 0.9998900515613767 -16.101372461337984 -0.005212767545096981 0.999876469 0.014828111364516375 -1.521941105110945 -0.9999864132343833 -0.005211789 -0.00010466582853908488 165.9336111416253
634 -0.005029075484636689 -0.01486648 0.9998768406970373 -16.110212805169912 -0.00519605567394774 0.999876375 0.014840338026390284 -1.5212616777089378 -0.9999738538829747 -0.005120782 -0.005105701524957866 165.5899453862608
635 -0.010091723702241179 -0.014935767 0.9998375270472636 -16.121621820097747 -0.005369841827712354 0.999874836 0.01488212483965767 -1.5180487640886229 -0.999934658855047 -0.005218783 -0.010170663523635295 165.24602922434383
636 -0.015407443102849219 -0.014931537 0.9997698037626851 -16.133418591776127 -0.005467645612385829 0.999874801 0.014848843495221503 -1.5080467510859041 -0.9998663489780136 -0.005237604 -0.015487154599975683 164.90083721971098
637 -0.020448008529361062 -0.014982267 0.9996786537732315 -16.14565749396294 -0.0055329818336298 0.999874097 0.014872020865028552 -1.4977870837063643 -0.9997756071642694 -0.005227101 -0.02052833098909836 164.55645807573134
638 -0.02548904688854514 -0.015032994 0.9995620626754006 -16.157952500584937 -0.005598698784663034 0.99987339 0.014894908548835396 -1.487519880187018 -0.9996594235504053 -0.00521659 -0.025569984568894318 164.21207856853044
639 -0.02955352679054597 -0.015050484 0.9994498850178967 -16.18613361650786 -0.005788804824149165 0.999872445 0.014885673567516095 -1.4808088295257702 -0.9995464365485391 -0.005345696 -0.029636881010418795 163.91992216488433
640 -0.03386452237642686 -0.015048595 0.9993131314792247 -16.213927724389727 -0.005726026258065615 0.999873144 0.014862985922033806 -1.486122307661942 -0.9994100292637454 -0.005218765 -0.033946395872870946 163.63001284448234
641 -0.038049466983818135 -0.015114727 0.9991615399752011 -16.239165937213876 -0.005771437750956009 0.999872247 0.014905693692789204 -1.487455430454873 -0.9992591898079707 -0.005199445 -0.038131839793634534 163.33972161146085
642 -0.04221891543943768 -0.015176962 0.9989931048719226 -16.264983323397036 -0.005894443285362429 0.999871 0.014941191765604468 -1.496306532474864 -0.9990909959011045 -0.005257707 -0.042302929102033156 163.04890010535865
643 -0.04635607180241974 -0.015189112 0.9988094945834421 -16.28970978801491 -0.00591057992570098 0.999871058 0.014930937899015105 -1.4993073156685321 -0.9989074931055725 -0.005211404 -0.04643987060269926 162.75774559121862
644 -0.05052624453822396 -0.015206094 0.9986069659539245 -16.321775214468143 -0.0059950586844935375 0.999870688 0.014922007210869006 -1.5200481424927261 -0.9987047397249094 -0.005232754 -0.050610872862751746 162.46652801106515
645 -0.05469028500998264 -0.015225074 0.9983872845603442 -16.35000459679432 -0.006070859970623786 0.999870333 0.01491513714493966 -1.53413866120322 -0.9984849110333801 -0.005245356 -0.054775622446126486 162.17579153586894
646 -0.058898439937612 -0.015236789 0.998147691192654 -16.379728964964464 -0.006185838360411299 0.999869883 0.014898065437536145 -1.5535154687152528 -0.9982448138218057 -0.005296907 -0.058985028718684815 161.88551190877936
647 -0.06299989493925788 -0.015215391 0.9978975419839697 -16.405561237309588 -0.0061153776179801635 0.999870892 0.014859400426321286 -1.5701155366437989 -0.9979947968859241 -0.005166379 -0.06308480983919798 161.59502364873296
648 -0.06715527432220629 -0.015202402 0.9976267115078264 -16.4325886136079 -0.006231582541260733 0.999870802 0.014817119891689899 -1.5845601678009826 -0.9977230761091084 -0.005221745 -0.06724133326603413 161.30548985388077
649 -0.06725872366595337 -0.015270402 0.9976187038777317 -16.469302809708324 -0.006274371454398726 0.999869573 0.014881842770094416 -1.6039929543454483 -0.9977158394284363 -0.005258497 -0.06734576324995564 161.05245850401548
650 -0.06720483396030316 -0.015183073 0.9976236685261033 -16.506611241530592 -0.006207764979238233 0.999871217 0.014799093452707208 -1.6206217629362358 -0.9977198870685561 -0.005198443 -0.0672904313864869 160.79941495836187
651 -0.06723500388674855 -0.015272282 0.9976202744381264 -16.54285955768931 -0.006277369368807994 0.999869527 0.014883650205806911 -1.637263791546775 -0.9977174193634212 -0.005261729 -0.06732210079134024 160.5453895518368
652 -0.06712104730559496 -0.015376387 0.9976263484930725 -16.57498920452497 -0.006263353396993177 0.999868033 0.014989534937136378 -1.664884368766433 -0.9977251804242049 -0.005242373 -0.06720849751065851 160.29090685917114
653 -0.06721417705749569 -0.015470411 0.9976186245672205 -16.61806151204449 -0.006229677939032055 0.9998668 0.015085552421990596 -1.713782987584729 -0.9977191213661 -0.005200879 -0.0673015996118852 160.03327686763717
654 -0.06723917457384512 -0.015501219 0.9976164622488479 -16.662819620691476 -0.0063104779038279084 0.999865911 0.015110847280818263 -1.7647953710158677 -0.9977169299547638 -0.005279396 -0.06732797822541972 159.77548408792208
655 -0.06721774869765224 -0.015564388 0.9976169228506616 -16.70745386878338 -0.006346298663260323 0.999864761 0.015171854975734715 -1.841462286832975 -0.9977181462298231 -0.005311357 -0.06730743495288183 159.51370289624546
656 -0.06726072959729457 -0.015632657 0.9976129579742671 -16.742656777977984 -0.006439653940682237 0.999863223 0.01523374673212249 -1.8668250096278882 -0.9977146513379094 -0.005399649 -0.0673521985747848 159.25757823712615
657 -0.06719852910173503 -0.015768955 0.9976150051055805 -16.781047287059902 -0.006394780382678651 0.999861368 0.015373714775662298 -1.9211882745672129 -0.9977191315336493 -0.005346438 -0.06729005232535962 159.00109442620052
658 -0.06715113554650634 -0.01573411 0.9976187465592102 -16.816600576029085 -0.00643516699566313 0.999861683 0.015336324981771482 -1.956553773488931 -0.9977220622258376 -0.005389991 -0.06724309948643027 158.74314546059566
659 -0.06450752947988093 -0.015843675 0.9977914394910159 -16.85794621504534 -0.006438264995032673 0.999859754 0.015460281535850566 -2.012930431518013 -0.9978964507162527 -0.005426741 -0.06460048880194856 158.51853589963986
660 -0.061912918103482734 -0.01590387 0.9979548369478215 -16.886742569474862 -0.006372637123488983 0.999858957 0.015538858061100827 -2.047825677495819 -0.9980612109126369 -0.005397548 -0.06200553459978597 158.29772189956327
661 -0.059218603997367725 -0.015967422 0.9981173269700746 -16.918017348101586 -0.006399504312266081 0.99985759 0.015615576805190953 -2.0894172934366253 -0.9982245250113181 -0.005462724 -0.05931235451797186 158.07637192041585
662 -0.05653687401400476 -0.015956932 0.9982729878043983 -16.941694421327856 -0.006260558703085227 0.99985828 0.015627707485946517 -2.11061880251122 -0.9983808832835679 -0.005366205 -0.05662876052789417 157.8589826047657
663 -0.053850160246962014 -0.016050359 0.9984200252936388 -16.976847678655233 -0.006311703473394931 0.999856307 0.015733024011589644 -2.135954481246686 -0.9985290790741288 -0.005454506 -0.05394372673263302 157.63817007595807
664 -0.051107066686572736 -0.016082438 0.9985636801993807 -17.010394321263192 -0.006269859968923993 0.999855793 0.015782352949573218 -2.1560460835116038 -0.9986734982231801 -0.005454265 -0.05120053068282163 157.41783234552375
665 -0.04839446071152622 -0.01591451 0.998701509661763 -17.0402448477638 -0.006276236437125578 0.999858164 0.015628811592489147 -2.17179371540347 -0.9988085831427289 -0.005511739 -0.04848747980902151 157.19849899051806
666 -0.04566091963921824 -0.016023592 0.998828476257789 -17.072086952469537 -0.006194959689848444 0.999856661 0.015756886899914394 -2.193430237332693 -0.9989377870041075 -0.005468229 -0.045753639672459656 156.978682648915
667 -0.042832131360104976 -0.016045802 0.9989534222567541 -17.09801458811958 -0.006161577345491037 0.999856249 0.015796114491003654 -2.208749762094299 -0.9990632828418702 -0.005478547 -0.042924841588445575 156.76047329107865
668 -0.040156251105106386 -0.015990382 0.9990654551944422 -17.136408369704235 -0.006156482725974311 0.999856919 0.015755597372496863 -2.23150992678178 -0.9991744455501139 -0.005518043 -0.04024895040706464 156.53810090704292
669 -0.035125030546546435 -0.015986578 0.9992550537882589 -17.16361591820086 -0.00602513078170193 0.999857265 0.01578442191306837 -2.249949850503188 -0.9993647628664871 -0.005466214 -0.03521633765686262 156.32339631074154
670 -0.030176773499099432 -0.015998311 0.9994165375299052 -17.192007904209948 -0.005966015305364738 0.999856974 0.015825220761486354 -2.277044579234232 -0.9995267723961838 -0.00548498 -0.030267903867838654 156.10817552337681
671 -0.025115291787436572 -0.015965885 0.9995570578573242 -17.2112462790582 -0.005876984629786371 0.999857536 0.015823017170696077 -2.29400703177461 -0.9996672861615191 -0.005476982 -0.02520554501753557 155.89657497590767
672 -0.020167023425204895 -0.016012885 0.9996683844848616 -17.231187430567168 -0.005802819928424196 0.999856767 0.015898838215579306 -2.31467103506225 -0.9997797851806247 -0.005480263 -0.020257055435715005 155.68526400793797
673 -0.015191907128051622 -0.016009451 0.9997564216894219 -17.25981960329026 -0.00570318912277514 0.999856933 0.015924397321687385 -2.3364488050465777 -0.999868331281926 -0.005459878 -0.015281037808777105 155.47047935589995
674 -0.01019208248795377 -0.015972954 0.9998204774466548 -17.292054924918016 -0.005620288763381126 0.999857532 0.015916253713042776 -2.360916169127664 -0.9999322644522568 -0.00545706 -0.010280403477030891 155.25398381303455
675 -0.00519045255381162 -0.016015299 0.9998582745326625 -17.313193903451182 -0.0056073011915884164 0.99985649 0.015986161255372854 -2.375238197050871 -0.9999708083298632 -0.005523532 -0.005279510861585828 155.03981708793543
676 -0.0002754493243707426 -0.016024025 0.999871569255531 -17.335572512623663 -0.00543275422617374 0.999856875 0.016022292425684453 -2.389358709609608 -0.9999852042967088 -0.005427643 -0.000362464387816893 154.825898116114
677 0.004685175167684859 -0.015957544 0.9998616938887233 -17.350145500918593 -0.0053655094627108515 0.999857873 0.01598262474309337 -2.392898408552848 -0.9999746296923535 -0.005439649 0.004598889081764906 154.61539735521737
678 0.009634398371974646 -0.015957179 0.9998262585571288 -17.378439906609316 -0.005249871332314908 0.999858077 0.016008275565692207 -2.4000911766603306 -0.9999398065580514 -0.00540319 0.009549258061014072 154.40068651869151
679 0.014366350628100445 -0.015894207 0.9997704643071881 -17.397198413684126 -0.00516406717537894 0.999859139 0.015969822056325543 -2.416550148327414 -0.9998834638080453 -0.005392309 0.01428224824354428 154.18014206442612
680 0.01912387384990975 -0.015892396 0.9996908069007803 -17.40396228742413 -0.00520229920712356 0.999858545 0.01599458173306919 -2.4008815582367 -0.9998035874487834 -0.005506569 0.019038491406578976 153.96305291909854
681 0.023980991025639012 -0.015973656 0.9995847912589192 -17.415074694679802 -0.005035343173968472 0.999857727 0.016098820023889304 -2.407963515615318 -0.9996997332394736 -0.005419318 0.02389714691553437 153.74512976377125
682 0.028747997886075162 -0.015877363 0.9994605859738225 -17.425011722423886 -0.004895523247022747 0.999859615 0.016024515002914907 -2.439093225897019 -0.9995747028177856 -0.005353556 0.028666234339296156 153.52756150212653
683 0.03356534205711151 -0.015951984 0.9993092128384167 -17.443606892717987 -0.004782724593408286 0.999858603 0.016121398349012175 -2.447897649264127 -0.9994250816162735 -0.005320541 0.033484302153570164 153.30607349505433
684 0.03829199318465289 -0.015936145 0.9991395107715538 -17.450504216859304 -0.004690786944902899 0.999858942 0.016127393312063473 -2.4643031707580323 -0.9992555832295268 -0.0053043 0.03821183873097056 153.0893084567994
685 0.043104674741536245 -0.015970683 0.9989429031010049 -17.460884405966777 -0.004715773272132368 0.999857832 0.016188797267458813 -2.469643286753948 -0.9990594321702565 -0.005408601 0.043023232169472556 152.8708719730553
686 0.04785911310004521 -0.015946298 0.9987268002096428 -17.462344463486872 -0.0045987864882425684 0.999858443 0.016184740682022174 -2.4817011618448652 -0.9988435095815725 -0.005367519 0.04777900492223706 152.65579516546183
687 0.05258402502796729 -0.015973276 0.9984887456009066 -17.47449156848081 -0.004578138055441336 0.999857702 0.01623627687223881 -2.4987065382949756 -0.9986060091105744 -0.005424988 0.05250341442222345 152.43718397852263
688 0.05729268643551086 -0.01591975 0.9982304890323593 -17.48382615538323 -0.004370296954668436 0.999859276 0.016196555605390944 -2.4958582597890646 -0.9983478590713776 -0.005290508 0.057215050615570265 152.21988636227525
689 0.05732475312954973 -0.015906968 0.9982288516885556 -17.503827133330624 -0.004472469398278685 0.999858934 0.016189781836325953 -2.504305508863243 -0.998345566171719 -0.005392624 0.057245523039754984 152.08935247311337
690 0.05738128730696476 -0.015835494 0.9982267401203782 -17.51487731748811 -0.00444102235442074 0.999860255 0.01611669193789719 -2.523802821437048 -0.9983424593456137 -0.005357944 0.05730294295558647 151.961475880872
691 0.05726501777350629 -0.015813297 0.9982337688484988 -17.523994325965997 -0.0044905964695353415 0.999860356 0.016096673825739427 -2.5175420963038 -0.9983489132888426 -0.005404441 0.05718601068795763 151.83560254478581
692 0.05727541409971067 -0.015786099 0.9982336031317691 -17.538036183813748 -0.004471936401104877 0.999860894 0.016068418485651263 -2.539528600741198 -0.9983484000485252 -0.005384363 0.05719685239850525 151.70733423730115
693 0.057281179231274806 -0.015771187 0.9982335081150091 -17.548444653235244 -0.004441682383267583 0.999861296 0.016051779526077333 -2.54338730002522 -0.9983482051323705 -0.005353301 0.05720318301964633 151.58021981247603
694 0.05724578659002928 -0.015786423 0.9982352976111369 -17.5603909911772 -0.004422952037789795 0.999861154 0.016065778198727756 -2.560831863923938 -0.9983503176644406 -0.005334845 0.05716801538490159 151.45262113858203
695 0.05727735206356402 -0.015789026 0.9982334449520524 -17.566710699264092 -0.004436560600748301 0.999861037 0.016069333671908676 -2.562445103465509 -0.998348446892836 -0.005349132 0.05719934393941646 151.32681258440584
696 0.05731298865894807 -0.015778542 0.9982315658280041 -17.575366833607607 -0.004445889692999667 0.999861153 0.01605955818771268 -2.567494322490818 -0.9983463603464564 -0.005358449 0.05723488158572622 151.1999479697539
697 0.05728017265752061 -0.015806983 0.9982329994861139 -17.585672738954983 -0.004407685299760601 0.999860902 0.01608568119336223 -2.555540419751078 -0.9983484132554669 -0.005321287 0.05720253276320887 151.07282612668592
698 0.057292859024236045 -0.015786193 0.9982326006837104 -17.60146159275455 -0.004487702385615831 0.999860806 0.016069510754220178 -2.576048869723826 -0.9983473288481011 -0.005400439 0.05721403981482902 150.94357191302691
699 0.057438417480361804 -0.015761959 0.9982246180021459 -17.60751558165554 -0.004487960711008433 0.999861182 0.016046039667922757 -2.593492836911535 -0.9983389637060107 -0.005401652 0.05735970465006936 150.85527548171177
700 0.05763870274342705 -0.015865679 0.9982114306016612 -17.613472522645505 -0.004437197876106503 0.999859765 0.016148090406237575 -2.5976082427162943 -0.9983276468369419 -0.005360017 0.05756021980422264 150.76773553459483
701 0.05778337442827791 -0.015848517 0.998203339049838 -17.613936949422662 -0.004434123142495284 0.999860047 0.016131500022500845 -2.6043554146663617 -0.9983192972571922 -0.005358289 0.057705012712113424 150.68219088291565
702 0.05793316341540196 -0.015900666 0.9981938277499396 -17.62654169315165 -0.004398157809639378 0.999859382 0.016182457894951992 -2.6196941426267513 -0.9983107757808937 -0.005327715 0.05785508333460705 150.59268242826764
703 0.057842904937170606 -0.015929579 0.9981986007030387 -17.630289823064167 -0.004085994613109166 0.999860538 0.016192873315759096 -2.635050026968778 -0.9983173360261639 -0.005015277 0.05776975053394445 150.5067005580136
704 0.05784509137607687 -0.015905464 0.9981988583463829 -17.637940249956998 -0.0030215619202789436 0.999865706 0.01610712196116371 -2.6613293027946816 -0.9983209982457005 -0.003947837 0.05778926460799322 150.42538967218496
705 0.05789908226139692 -0.015861056 0.9981964350155529 -17.6407013496597 -0.002392983974648962 0.999868705 0.016026429334597688 -2.672865313319913 -0.9983195734649875 -0.003316583 0.05785352477743576 150.35076261664696
706 0.05771001296656403 -0.015921081 0.9982064287203637 -17.64226879810912 -0.0021545822511181154 0.999868513 0.016072154877783244 -2.667702607198253 -0.9983310635876512 -0.003078242 0.057668121772832766 150.28185567268352
707 0.05751155031495152 -0.015895625 0.9982182880150458 -17.651448081470928 -0.0016670697442912488 0.999870314 0.01601797936250658 -2.7013513907540565 -0.9983434490402822 -0.002585319 0.057477592429405214 150.21856799997767
708 0.057276682137326826 -0.015520531 0.9982376948226278 -17.653130659238744 -0.0013740170944721852 0.99987698 0.015624856888047559 -2.717716647866993 -0.9983573980387808 -0.002266536 0.057248311183736286 150.16213648758355
709 0.05631891580041894 -0.014994688 0.9983002251088462 -17.65238822783809 -0.0004941668096300504 0.999886674 0.015046394429346322 -2.711793453192426 -0.9984127082822969 -0.001340723 0.05630512368852638 150.03499391481563
710 0.05557982020679139 -0.014297287 0.9983518770324246 -17.650908437173392 0.0021555960378878574 0.99989686 0.014199406753847222 -2.7389133100826877 -0.9984519201255535 0.001362843 0.05560490706851584 149.91624960831479
711 0.05457726184991821 -0.013532004 0.9984178518474714 -17.654865413136285 0.005813255039035742 0.999895525 0.013234257565359363 -2.7349063246612957 -0.9984926283582504 0.005081768 0.05465022449381737 149.81433769907775
712 0.05389313906115651 -0.010631591 0.998490109226482 -17.656161789282145 0.009445790592570573 0.999904006 0.01013681214342158 -2.7738415388585436 -0.9985020316357742 0.008885224 0.053988389596560105 149.73787839660469
713 0.053791073209437865 -0.008099441 0.9985193633431853 -17.663340839879965 0.013043148010290908 0.999887493 0.007407893251972069 -2.774237425411597 -0.9984670235216082 0.012625358 0.0538906635612159 149.67093923796628
714 0.05362215391444882 -0.007308842 0.9985345491643396 -17.665002261692692 0.016576757277505613 0.999841932 0.006428226080812779 -2.7888968729754913 -0.9984236956732306 0.01620777 0.05373483541344026 149.63615059912178
715 0.053613867488542154 -0.008050809 0.998529287723296 -17.66755214620754 0.018843883582697153 0.999797588 0.007049253114814416 -2.801824339424144 -0.9983839250139253 0.018438232 0.05375472307763049 149.60595934368214
716 0.05396542560500159 -0.007046841 0.9985179396175786 -17.674302567800716 0.019772188515439347 0.999786584 0.0059871962330874315 -2.825365764361404 -0.998347030709543 0.019419784 0.05409324014196065 149.589569229381
717 0.054928972685707275 -0.003087926 0.9984854894001155 -17.69078226036149 0.021572150346175316 0.999765479 0.0019051511516804103 -2.8465533281719506 -0.9982572068630259 0.021434831 0.05498270416070064 149.60091721673027
718 0.05710982801716761 0.001072166 0.9983673263802719 -17.702656892455625 0.02143919609900524 0.999767508 -0.0023000609135628743 -2.8503694657579315 -0.9981376799842632 0.021535549 0.057073563200910185 149.60764320760998
719 0.05760041618082197 0.0013734 0.998338773459139 -17.71789552775408 0.02137200595191713 0.99976819 -0.0026084519291677123 -2.8888757877831117 -0.9981109302352577 0.02148675 0.05755771151438671 149.53841425103712
720 0.05710162829154748 -0.001762038 0.9983668161335578 -17.72572457708086 0.020839052928570048 0.999782679 0.0005726463367987942 -2.8965882175030364 -0.998150859371598 0.020772319 0.05712593881957094 149.4664056542082
721 0.05621615707420603 -0.006535721 0.9983972294083652 -17.737995216320776 0.020194846378851758 0.999781439 0.005407683382519178 -2.905513739456257 -0.9982143618823213 0.019858479 0.05633585739417457 149.40360541362
722 0.05716722125514677 -0.011961535 0.9982929585792495 -17.756638730942754 0.018624461162322005 0.999766994 0.010912667456600529 -2.930887908364904 -0.9981908825878469 0.017968822 0.05737667809766139 149.36224075971188
723 0.057942991330743196 -0.016257346 0.9981875113376255 -17.769539708146123 0.016815849387774168 0.999741435 0.015306524947453626 -2.925715839024445 -0.998178258961823 0.015898465 0.05820139005456747 149.3040214508023
724 0.058223726532725666 -0.019429418 0.9981144696223421 -17.78542898331288 0.015416347697872606 0.999708867 0.018561161710943255 -2.9281357215722896 -0.9981845188759587 0.01430658 0.058506306359177876 149.26800918801533
725 0.05862373935520751 -0.025291562 0.9979597152593008 -17.794598068419074 0.015450682678006485 0.999582259 0.024425053394165577 -2.9384948572172833 -0.9981605751302766 0.013987271 0.05899002140355358 149.21312345413594