150 -0.006840382911444386 0.002613393 0.999973189336442 -11.29293727503234 0.0013772077153558673 0.999995661 -0.0026040301608852906 1.223099613415414 -0.9999756559274124 0.001359358 -0.006843952568848779 167.71117605101327
151 -0.006846714058601369 0.001720556 0.9999750806812792 -11.30712620155829 0.0015096908524081952 0.999997398 -0.0017102583468119714 1.2134052619147537 -0.999975421146929 0.001497943 -0.006849293778768585 167.74380551420117
152 -0.007259304515242136 0.001841006 0.9999719558872084 -11.298471026572816 0.003037968347354368 0.999993731 -0.0018189920744967447 1.2315608217929168 -0.999969035847229 0.003024679 -0.007264852479149547 167.71318101235175
153 -0.007778747742246287 0.002059654 0.9999676235942584 -11.282033499165193 0.0052421987454020335 0.999984222 -0.002018909433422745 1.2175066239072723 -0.9999560045832286 0.005226324 -0.007789422992486478 167.67841260000893
154 -0.008276082355099088 0.001330519 0.9999648673108001 -11.265059310952907 0.006538317690503161 0.99997781 -0.0012764226872687622 1.238924547058389 -0.9999443771358472 0.006527525 -0.008284597424764147 167.72789363235898
155 -0.009131416368227781 0.002414948 0.999955391346722 -11.244357948241314 0.006034623947025323 0.999979007 -0.0023598982857948583 1.225682611636061 -0.9999400984720557 0.006012805 -0.009145797401342302 167.6852438828929
156 -0.010205285470701344 0.003458858 0.9999419428507326 -11.212658444445639 0.00468924532423862 0.999983187 -0.003411143329170915 1.2501032937042353 -0.9999369296748908 0.004654161 -0.010221333900312341 167.72925097103712
157 -0.010950027042367572 0.003715253 0.9999331443129544 -11.197436931963042 0.003367144632935757 0.999987565 -0.003678582526753605 1.2644784557774078 -0.9999343773896925 0.003326639 -0.010962400857129313 167.67636642382712
158 -0.011765977483445381 0.002905868 0.9999265561398605 -11.176772795544606 0.0025006113007876316 0.999992736 -0.0028766354755778824 1.2461215299648343 -0.9999276514938483 0.002466582 -0.01177315862462498 167.6196760317123
159 -0.012719196988578658 0.003046273 0.9999144670979115 -11.152455075433858 0.0013456851913066228 0.999994506 -0.003029399953185788 1.2483908632940077 -0.9999182025366478 0.001307039 -0.012723226418990968 167.64428589782528
160 -0.013767540484944727 0.001860124 0.9999034930889923 -11.121756623049405 5.798510011661506e-05 0.999998269 -0.0018595023165499057 1.240514112715265 -0.9999052213978622 3.2379e-05 -0.013767624588748452 167.56903052269595
161 -0.014701905027852284 0.001828055 0.9998902501580373 -11.09662774145558 -0.0010944759194592693 0.9999977 -0.001844343740245236 1.238502477990878 -0.9998913226297913 -0.001121471 -0.014699870777784823 167.47507647870324
162 -0.01607243836398319 0.001754973 0.9998692893724175 -11.086058073994533 -0.0009130760540332969 0.999998017 -0.0017698767750572312 1.2502103635062798 -0.999870412913841 -0.000941402 -0.016070803981020274 167.58836573721513
163 -0.017155527416672083 0.002437746 0.9998498611858007 -11.08875881228809 -0.00015326125297885138 0.99999701 -0.0024407344915578903 1.24248675947329 -0.999852821129028 -0.00019511 -0.01715510305233408 167.59272331689237
164 -0.01853192436236405 0.002484001 0.9998251836187927 -11.080718466974806 -0.00011841573653093541 0.999996901 -0.0024866221569321374 1.255193912216344 -0.9998282617990135 -0.000164477 -0.018531573170780084 167.5791095798317
165 -0.019962735312874597 0.0024713 0.9997976708689167 -11.070108586510953 0.0005531228979358524 0.999996819 -0.00246074837505728 1.241841957755967 -0.9998005713419913 0.000503888 -0.019964038432571374 167.61856450724085
166 -0.019197557971147482 0.002463127 0.9998126756515932 -11.063228397621135 0.0009005564053566013 0.999996602 -0.002446288222464229 1.229287897736572 -0.9998153046982416 0.000853425 -0.019199711032623613 167.63669240186547
167 -0.018176394172587717 0.003024388 0.9998302214821372 -11.065451769103868 4.2712629585010557e-05 0.999995426 -0.0030241110847949904 1.266967287982901 -0.9998347943030711 -1.2262e-05 -0.0181764399623887 167.69985980116124
168 -0.01712462976202587 0.00397201 0.9998454729371179 -11.069209209498394 -0.0007983807100397775 0.999991736 -0.003986265239731595 1.3052359826548419 -0.9998530444456767 -0.000866521 -0.017121316926059088 167.6663945960406
169 -0.016172705618905714 0.004039692 0.9998610530744753 -11.06935743805317 -0.0013175591861994472 0.999990884 -0.004061527668795505 1.319484444847962 -0.9998683455726606 -0.001383062 -0.016167235548319475 167.61031550271866
170 -0.015108422538397172 0.003509827 0.999879701574322 -11.074561329374006 -0.002123636960738006 0.999991471 -0.003542308027059257 1.3349631130835058 -0.9998836063129827 -0.002176901 -0.015100839886552822 167.5277367794968
171 -0.014280844000823361 0.003770908 0.9998909133739032 -11.069381091228205 -0.002686599514222587 0.999989134 -0.0038096489360364893 1.358653716955269 -0.9998944140605628 -0.002740712 -0.014270558119873674 167.4869245925665
172 -0.013322304915638714 0.003459493 0.9999052694778015 -11.02670736943734 -0.0016682324337143678 0.999992546 -0.003482021786131936 1.3179271001457868 -0.9999098621882889 -0.001714463 -0.013316434014142535 167.51755963762682
173 -0.01228710250538524 0.003588549 0.9999180711204153 -10.985450973166323 -0.0006678269023959684 0.999993308 -0.0035970250178387984 1.2838884320053672 -0.9999242874286538 -0.00071197 -0.012284624065173383 167.58289604524825
174 -0.011154710462600057 0.00384985 0.9999303729198257 -10.94366868759228 -0.0004541757741567253 0.999992466 -0.003855155658294116 1.270219268338586 -0.9999376815620834 -0.000497147 -0.011152877439319085 167.56613810007744
175 -0.009858178842974411 0.003339446 0.9999458310145402 -10.909311743214385 0.0007500678677961956 0.999994167 -0.003332212683326152 1.2198953514452449 -0.9999511255287054 0.000717177 -0.009860626438683332 167.53223642772338
176 -0.009574889199161907 0.002104257 0.9999519452301942 -10.9000843749293 0.002289665215957748 0.99999521 -0.002082423981753514 1.2322394593600698 -0.9999515387379448 0.002269616 -0.009579661512338066 167.589176212076
177 -0.009030077760343718 0.001544934 0.9999580342735122 -10.898464469734856 0.0040371876570976985 0.999990713 -0.0015085270436114146 1.244022084764663 -0.9999510785043277 0.004023396 -0.009036231628318656 167.58240483621114
178 -0.008471168988466926 0.002027615 0.9999620631699838 -10.896533020021264 0.005687051712375046 0.999981869 -0.0019794769783902646 1.27230600575832 -0.9999479473544028 0.005670068 -0.008482546262986 167.57054294710736
179 -0.007866758376963861 0.002405292 0.9999661633111949 -10.884478595646199 0.006120077386202036 0.999978494 -0.0023571749537317868 1.2421985295246902 -0.9999503285758596 0.006101327 -0.00788130972967964 167.60108172577995
180 -0.00715068558283148 0.002489089 0.999971336010684 -10.877519595050739 0.005451675686453983 0.999982138 -0.0024501313680542714 1.243516237228061 -0.9999595729663696 0.005433999 -0.007164127987097821 167.5754461308113
181 -0.006574432365651269 0.002281028 0.999975786876222 -10.865729658523412 0.00474536257290369 0.99998621 -0.00224985347665884 1.2419007080395001 -0.9999671282470999 0.004730456 -0.006585166873358926 167.5446879558937
182 -0.00593199649736681 0.002973543 0.9999779844677513 -10.850478257459049 0.0038417932670872204 0.999988267 -0.0029507835353031744 1.248371063406969 -0.9999750259535689 0.003824204 -0.005943350973437177 167.55160919328236
183 -0.005603993890999618 0.0033338 0.9999787403478929 -10.827294185970512 0.0028453543143776854 0.999990448 -0.0033178932896145556 1.254060148631524 -0.9999802498815454 0.002826701 -0.0056134263566449995 167.50304060710073
184 -0.00524068328383555 0.003701081 0.9999794182656391 -10.82321288970736 0.002007867351620739 0.999991174 -0.0036906025492247896 1.2576487494805302 -0.9999842518964202 0.001988485 -0.005248068883978521 167.521961790999
185 -0.0053211034069626795 0.004358436 0.9999763449853767 -10.814164007296077 0.0014865115821083104 0.999989431 -0.004350582620979728 1.2547317742694548 -0.9999847375927639 0.001463327 -0.005327525630194897 167.58099993752367
186 -0.0053195107690750315 0.004941887 0.9999736400901781 -10.80500249380131 0.0011055942593899987 0.999987206 -0.004936073067110522 1.2514941192140472 -0.9999852403010894 0.001079308 -0.00532490644621638 167.57787797746232
187 -0.005483403240131133 0.004746456 0.9999737017014991 -10.796650921760193 0.0006638666158278326 0.999988532 -0.00474288601657844 1.243130303702394 -0.9999847453770137 0.000637842 -0.005486490957594063 167.6006110047592
188 -0.005938857420326363 0.004604006 0.9999717657463557 -10.780923619482506 0.00027970975984544357 0.99998937 -0.0046024258473686686 1.235295796569738 -0.9999823261493146 0.000252369 -0.005940082853043493 167.5694558396659
189 -0.006377841303968149 0.005431082 0.9999649129960995 -10.767590888899948 -0.00033239490325028106 0.999985184 -0.005433311548022002 1.245475541793332 -0.9999796063321155 -0.000367036 -0.006375941707769719 167.52286457613866
190 -0.006832486353965069 0.006633572 0.9999546555142214 -10.75052249494205 -0.0006018037917351381 0.999977788 -0.006637837145565355 1.251716837148357 -0.9999764767702365 -0.000647129 -0.006828342281701462 167.49225313874607
191 -0.005985354932846143 0.00719503 0.9999562022389812 -10.738075060817454 -0.0002988029783792582 0.999974057 -0.007196947825121541 1.266599041119566 -0.9999820434465745 -0.000341866 -0.005983050096383815 167.5444058037928
192 -0.005132842716448991 0.00706936 0.9999618378149284 -10.723364892239147 -0.00018244433366045655 0.999974988 -0.007070389263451637 1.275975034302181 -0.9999868105333817 -0.000218729 -0.005131424477381487 167.5742778628298
193 -0.004397387076806306 0.006690369 0.9999679508499636 -10.707213714847324 8.726896536579789e-05 0.999977618 -0.0066900498400007434 1.280224316054252 -0.9999903276462637 5.7848e-05 -0.0043978725872027905 167.61878448378488
194 -0.003297063657383301 0.007009268 0.9999699989429516 -10.698177552842356 0.0005128821732699063 0.999975315 -0.007007614226133738 1.2867235198406421 -0.9999944328226373 0.000489763 -0.00330057765759707 167.61668389794013
195 -0.002272843117918002 0.007194811 0.9999715336846648 -10.687625070148336 0.0017021365904574144 0.999972696 -0.0071909500698977185 1.2807526491876522 -0.9999959682276228 0.001685745 -0.0022850274965823206 167.60972398099943
196 -0.0012007792920761152 0.007596528 0.999970424820974 -10.67984790733272 0.00314833713834823 0.999966219 -0.0075927147575648 1.2731515704344312 -0.9999943230941949 0.003139127 -0.0012246548695782331 167.62511131831127
197 -1.9707898284928706e-05 0.007698727 0.9999703637638272 -10.672994878395075 0.004219918756608418 0.999961461 -0.0076985751338567495 1.265194022114759 -0.9999910963607388 0.004219642 -5.219612795816884e-05 167.6077367264039
198 0.0013141130922420675 0.007758718 0.9999690369310082 -10.671402000243605 0.004806329173536589 0.999958301 -0.007764950644861826 1.270191784473644 -0.9999875865203348 0.004816384 0.0012767678191300347 167.58551635746613
199 0.0028354044273603204 0.007630101 0.9999668699831742 -10.671653982866589 0.004878886755269782 0.999958883 -0.007643873364321985 1.280057109342411 -0.9999840788312849 0.004900399 0.0027980621932721006 167.58286932917017
200 0.004304416363588121 0.007425235 0.9999631682461073 -10.671055891276977 0.004936108551467631 0.999960092 -0.007446459683132188 1.297413360585796 -0.9999785533417292 0.00496798 0.004267593064418912 167.55282074060565
201 0.00575830912108795 0.007412381 0.9999559480539699 -10.670853840703584 0.0047727424066574785 0.999960934 -0.007439901849345754 1.319053589740145 -0.99997203093934 0.004815374 0.005722706790389366 167.51881123283633
202 0.007247183920036013 0.007206987 0.9999477676343612 -10.673384911710913 0.004699922006402297 0.999962737 -0.007241158289572492 1.33910701436558 -0.9999626935539475 0.004752154 0.007213041184842352 167.50741725814603
203 0.008792153915339789 0.007031348 0.9999366274179713 -10.675380310915076 0.0051330113091291926 0.999961786 -0.007076657869592454 1.343600784010826 -0.9999481737047891 0.005194905 0.008755725687744681 167.46558950015043
204 0.010310120950527033 0.006871233 0.9999232405084559 -10.676749885176454 0.005691771610345857 0.999959787 -0.006930171351924634 1.3439863915130812 -0.9999306501930642 0.005762786 0.010270596983721986 167.42085290476007
205 0.011807642187427086 0.007296746 0.9999036637767333 -10.677883441435968 0.005911666130543109 0.999955389 -0.007366933045976355 1.3630669829204851 -0.999912811620619 0.005998083 0.011763978841011075 167.3985536900662
206 0.010649427713159118 0.007478363 0.9999153281375555 -10.682447876780667 0.005718154700168148 0.999955228 -0.007539561856007877 1.3731092338948159 -0.9999269436577088 0.005797962 0.010606187918761273 167.42655251630998
207 0.009637006729518857 0.007458705 0.9999257452573652 -10.689655829217072 0.005279232970494398 0.999957865 -0.0075098236686946184 1.3880770275903629 -0.9999396270115518 0.005351214 0.009597223967439004 167.47324669819318
208 0.008520764211010683 0.007453071 0.9999359216304801 -10.694690008878732 0.005226738613249536 0.999958231 -0.007497775809892911 1.3926651572683921 -0.9999500377344044 0.00529029 0.00848145308032231 167.49289856847966
209 0.007277498663037504 0.007442143 0.9999458250740725 -10.697648235060155 0.004947962685806448 0.999959796 -0.007478257381385923 1.40498649534988 -0.9999612767703258 0.005002118 0.007240382639760538 167.5095778343217
210 0.006251969786799053 0.007354132 0.9999534137103029 -10.704676697795573 0.004648908856246325 0.999961937 -0.007383260794181559 1.4151714785000868 -0.9999696494842546 0.004694852 0.006217542491607723 167.54027527286365
211 0.0050546944306991 0.00734028 0.9999602839622825 -10.708140732659816 0.004752444274320766 0.99996159 -0.007364312307589404 1.419998914337044 -0.9999759320990587 0.00478948 0.00501961533902851 167.5442375161475
212 0.003863998775704781 0.007212509 0.9999665240558414 -10.711473890222804 0.004639171331695687 0.999963099 -0.007230410068766423 1.423992091884872 -0.999981773492354 0.004666954 0.0038303952298940646 167.54009671000935
213 0.0025970131703633137 0.006663165 0.9999744280592979 -10.713964664807069 0.0043510709663788635 0.99996826 -0.0066744239623225095 1.4278882312155252 -0.9999871615126164 0.004368293 0.0025679388887455876 167.5493445215232
214 0.0012983314206952488 0.006088507 0.9999806220266239 -10.715025554592325 0.003973303599218074 0.99997354 -0.00609362227137527 1.431383595691648 -0.9999912632263146 0.003981138 0.001274105001910349 167.52750943320063
215 0.00010061848359484446 0.005481718 0.9999849698123506 -10.718109088051746 0.0034704111880651213 0.999978952 -0.005482034981917064 1.4400141511428801 -0.9999939733173946 0.003470911 8.159337794665038e-05 167.51035280887888
216 0.0007613377322885867 0.005440734 0.9999849094880295 -10.715881068505727 0.0029556177398018016 0.999980819 -0.005442961902184315 1.451694154471871 -0.9999953418731576 0.002959717 0.0007452421668888108 167.5614028469483
217 0.0011444294410842245 0.00606999 0.999980922807106 -10.70830589870467 0.002473388846589903 0.999978501 -0.0060728059105400085 1.4689682082180462 -0.999996286367585 0.002480292 0.001129391610575559 167.60123126760203
218 0.0017276193319198218 0.006775785 0.9999755521056052 -10.704346693630873 0.0021008536370597545 0.999974813 -0.0067794097692998176 1.486228353317532 -0.9999963004357638 0.002112515 0.0017133412525802251 167.6234562278855
219 0.002375702846164017 0.006991636 0.9999727365742584 -10.701033022404483 0.0019507560568635123 0.999973623 -0.006996277019226678 1.494905000998321 -0.9999952749268598 0.001967324 0.0023620005293519073 167.6406695881601
220 0.002799180659766518 0.006795257 0.9999729941058942 -10.693563280419735 0.0020010832212641666 0.999974872 -0.006800870369737982 1.499928650039376 -0.9999940801967082 0.002020066 0.0027855120879251003 167.63454242992566
221 0.0034563021472018003 0.006479452 0.9999730348949021 -10.690190554696839 0.003106898472378263 0.999974112 -0.006490197662048793 1.484678006215945 -0.9999892005198575 0.003129247 0.0034360811094738103 167.6271552284134
222 0.004061593939061244 0.006768332 0.9999688460741347 -10.68547187585685 0.003993059637759064 0.999969012 -0.006784552410954571 1.4812854322999172 -0.9999837790337835 0.004020491 0.0040344418664860285 167.6050327198373
223 0.004476625947110718 0.007186773 0.9999641541094041 -10.67625315241863 0.004263362805473818 0.999964949 -0.007205865407141491 1.485555036674843 -0.9999808915177107 0.004295468 0.004445828836334225 167.578711298803
224 0.005070183153949378 0.007306947 0.9999604500926907 -10.666369758437067 0.004043565655280364 0.999964978 -0.007327482652160773 1.4985819146823318 -0.9999789708980558 0.004080557 0.005040459342860754 167.55778852665333
225 0.005659606129529701 0.006769686 0.9999610695166772 -10.658108980336078 0.003853875065953256 0.999969511 -0.006791555514188026 1.50020799585168 -0.9999765582772647 0.003892163 0.005633343754399844 167.51898235548123
226 0.007495085968544701 0.006470885 0.999950974928812 -10.65282071004187 0.0036879635343915803 0.999972083 -0.00649866459834226 1.504711978007959 -0.9999651106899948 0.00373649 0.0074710120875575445 167.53628611800474
227 0.009265746096908068 0.006505508 0.9999359098017289 -10.648028030534675 0.003791197092654086 0.999971422 -0.006540869758683796 1.509319212301575 -0.9999498854743589 0.00385156 0.009240818430941562 167.55611782917848
228 0.011189187757543509 0.006839391 0.9999140091778249 -10.646219286474473 0.00415502217887536 0.999967657 -0.006886253697395621 1.510976956882124 -0.9999287663953298 0.004231716 0.011160408104913335 167.56178130440986
229 0.013110380335349158 0.007105048 0.9998888119397579 -10.644098159544601 0.004654606878224484 0.999963487 -0.0071666088212569085 1.5169287483336622 -0.9999032220319916 0.004748047 0.013076831067878573 167.56570017438546
230 0.014801708487796128 0.007141014 0.9998649489332491 -10.638262621145149 0.004981678392355264 0.999961559 -0.00721545181154366 1.5199885158785702 -0.9998780390287376 0.005087807 0.014765565448409514 167.57144153533045
231 0.016783078114688564 0.007081116 0.9998340792391578 -10.640745362947712 0.00484194203647225 0.999962621 -0.007163303055858796 1.5317752171264267 -0.9998474303561251 0.004961361 0.016748164802546563 167.56768819579264
232 0.018614666072306836 0.006980705 0.9998023623508767 -10.640474055493497 0.004593284925151274 0.999964476 -0.007067355678832576 1.5420629519744589 -0.999816180714669 0.004723933 0.01858194061079586 167.5609313577989
233 0.02038867245994416 0.007114818 0.9997668134834965 -10.638844376107075 0.004536415342735632 0.999963727 -0.007208732130441439 1.551694395447217 -0.9997818381767563 0.004682334 0.020355657807357003 167.55541940855352
234 0.02228482133055693 0.007152847 0.999726073901861 -10.638995393876604 0.0044017965509662825 0.999964011 -0.007252669840542126 1.5601475545011552 -0.9997419719384167 0.004562216 0.022252534098596437 167.54224021636264
235 0.024077133430802762 0.007200345 0.9996841734694686 -10.637405348582453 0.004247016868814116 0.999964302 -0.0073046506966995585 1.570077790129771 -0.9997010824582444 0.004421551 0.024045693641163216 167.51818121892708
236 0.024855442963596968 0.007136813 0.9996655807428464 -10.634771073035083 0.00419285588531959 0.999964977 -0.007243200207752846 1.580487861092657 -0.9996822634216019 0.004371486 0.024824648949023663 167.52758198433224
237 0.025628644778347757 0.007141436 0.9996460232491651 -10.631558130132237 0.004070361980783028 0.999965448 -0.007248072675932897 1.587455158488997 -0.9996632460941387 0.00425468 0.025598690616633342 167.52648916498774
238 0.026374488745695573 0.007160126 0.9996264892428338 -10.625887139686288 0.003961805419458368 0.999965746 -0.0072670852229306014 1.5964555858142453 -0.9996442824329547 0.004151991 0.026345218507870676 167.520170213139
239 0.027116943417942265 0.00715515 0.9996066602905734 -10.619451909229483 0.0037725309407940465 0.999966529 -0.007260065120890898 1.607655416451024 -0.9996251490472915 0.003967917 0.02708904219990401 167.5067505516301
240 0.0279030587734017 0.007147149 0.9995850826244447 -10.615565176512662 0.004237952638510198 0.999964606 -0.007268163188353193 1.6062661318382903 -0.9996016500863488 0.004438998 0.027871782633437644 167.48566966570132
241 0.026224514855689936 0.006854909 0.9996325754606749 -10.62089061708188 0.005279344607395017 0.999961594 -0.0069956640653771485 1.5937900271961842 -0.9996421376149078 0.005460863 0.026187317912153882 167.48465375789988
242 0.024579208548513077 0.006665691 0.9996756632409575 -10.625087252457588 0.005922474843211632 0.999959251 -0.0068131983946431015 1.5875973405802233 -0.9996803425485166 0.006088017 0.024538729594959806 167.48489256123077
243 0.02287970272017264 0.006575326 0.9997166022603245 -10.629112599880205 0.005494841534641333 0.99996244 -0.006702699089666602 1.603918913604985 -0.9997231249235434 0.00564664 0.0228427129089196 167.48386720741752
244 0.021225310418297286 0.00663469 0.9997527031073272 -10.634475373706074 0.005981986308442429 0.999959238 -0.006763060806525499 1.606397671246722 -0.999756821715645 0.006124055 0.021184757506249874 167.48218715243206
245 0.019595481199925286 0.006759394 0.9997851407932989 -10.638692242849077 0.006802406550562832 0.9999531 -0.006893854534172078 1.6029256110437302 -0.9997848490819549 0.006936034 0.01954858239280302 167.48418861095493
246 0.01792358667069851 0.00677547 0.9998164024659658 -10.64215811002497 0.007136722056421429 0.999950698 -0.006904319335066194 1.6083521409551902 -0.9998138887661718 0.007259162 0.017874348959355003 167.48901842708364
247 0.016144443368060323 0.006875406 0.9998460309584606 -10.643098698278981 0.007322164680935961 0.999948731 -0.0069943423443619744 1.6158185465020969 -0.999842858877341 0.007433957 0.016093272447984835 167.49878356940343
248 0.014527716419058272 0.006660603 0.9998722827250656 -10.646670043891197 0.007226782029475741 0.999950995 -0.006766128714467638 1.6239254483201357 -0.9998683511138786 0.007324156 0.014478869600415962 167.50912013494076
249 0.012866046677879292 0.006682945 0.9998948961724847 -10.649846121469801 0.007160289870357061 0.999951411 -0.006775457522616688 1.633692045381702 -0.9998915913365055 0.00724671 0.01281756939918968 167.52313481450838
250 0.011047753566349055 0.006699784 0.9999165269817766 -10.65087822328657 0.00713397652207393 0.999951576 -0.00677884024381007 1.6418001824425028 -0.9999135228117415 0.007208272 0.0109994225601998 167.54080009964386
251 0.010416319108188531 0.006682323 0.9999234209152332 -10.649383892417855 0.007333390688229828 0.999950268 -0.006758895274311996 1.656908503419729 -0.9999188579399289 0.007403232 0.01036679714787423 167.52506032609375
252 0.009737823227956842 0.00663262 0.9999305892733062 -10.64859943862158 0.00746235212176696 0.999949674 -0.006705418521210227 1.671393579266397 -0.999924741191376 0.007527131 0.009687837371039744 167.51456098803828
253 0.00915386730876 0.00662248 0.9999361723992412 -10.64974053428383 0.007978153203037113 0.999945758 -0.006695579345843768 1.6854108882933132 -0.9999262756735339 0.008038934 0.009100536023755112 167.5124765879839
254 0.008521203092875174 0.006597981 0.9999419263743478 -10.65068548642722 0.008811993993388311 0.999938908 -0.006673053747259144 1.6923127856333282 -0.9999248663863792 0.008868345 0.008462540317663705 167.5166267668774
255 0.007874366872249641 0.006688704 0.9999466259680297 -10.651426054769138 0.009771407260954233 0.999929371 -0.006765536047958573 1.6989229800082069 -0.9999212537436926 0.00982416 0.007808453535957344 167.5359842443421
256 0.004642536910302004 0.006747079 0.999966461222182 -10.654722235482712 0.010422815747247958 0.999922592 -0.006795172135589281 1.7030775253958421 -0.99993490377823 0.010454013 0.004571853866301254 167.52338659028194
257 0.0014154593604069673 0.006683185 0.999976665709616 -10.658124428080711 0.010966383382373683 0.999917432 -0.006698312027423278 1.7055314693262063 -0.9999388652494057 0.010975608 0.0013420530314026615 167.52241886819212
258 -0.0019376660840401357 0.006591084 0.9999764007579205 -10.659855511091072 0.011286697252357807 0.999914727 -0.0065688076568359574 1.7121544848128039 -0.9999344261728946 0.011273703 -0.002011892054945942 167.5451062967603
259 -0.005398518622299923 0.006437398 0.9999647072319928 -10.66056547468788 0.011448088175654025 0.999914145 -0.006375267076981756 1.7204691454597671 -0.9999198951103438 0.011413267 -0.005471750685860327 167.5736899286168
260 -0.008702077227970208 0.006446714 0.9999413551219204 -10.663880081718164 0.011835323006227033 0.999909838 -0.006343512820330004 1.7311600776815737 -0.9998920932668907 0.011779428 -0.008777591496291103 167.6157374020066
261 -0.007595758425422778 0.006327497 0.9999511324953047 -10.695380922247002 0.012301543093088577 0.999904902 -0.0062337601738701575 1.7317393319898733 -0.9998954825417076 0.012253592 -0.007672874178525811 167.60433024957337
262 -0.006383918114106155 0.006154641 0.9999606826668972 -10.727870328868361 0.012840941651149474 0.999899114 -0.00607228275637709 1.73033384132349 -0.9998971726353019 0.012801671 -0.006462304889315708 167.59459761047194
263 -0.005367310937823225 0.005839235 0.9999685470883993 -10.7577199004479 0.01350877424611018 0.999892126 -0.005766280625360452 1.7226887439066423 -0.9998943469836523 0.0134774 -0.005445612463131147 167.6040518792453
264 -0.004505036038120548 0.005760185 0.9999732624584529 -10.785014148937373 0.014379938584585224 0.999880386 -0.00569486561145644 1.71359675467596 -0.9998864542427816 0.014353898 -0.004587328032366409 167.65233602651773
265 -0.0034724082537257828 0.006242859 0.9999744846455151 -10.815158544337587 0.01491364625871707 0.999869622 -0.006190416713286459 1.715545823624213 -0.9998827561578716 0.01489177 -0.0035650595370608734 167.70091541480846
266 -0.0018609556006827148 0.006421915 0.9999776474828157 -10.76162158865177 0.01526887645874934 0.999862988 -0.006392763649385702 1.7172614146504688 -0.9998816920159199 0.015256638 -0.001958755876310268 167.65767961745328
267 -0.000517029256341616 0.006202942 0.9999806283019198 -10.70458400593793 0.015542822805869626 0.999860017 -0.006194157219453516 1.717640256996924 -0.9998790696937598 0.015539319 -0.0006133685028696568 167.6621789762498
268 0.001027231287924926 0.005453316 0.9999846026485525 -10.652811248552203 0.01567629644219716 0.999862164 -0.00546875224981262 1.71553285325249 -0.9998765920637824 0.015681673 0.000941602454097645 167.6600604739727
269 0.002614707791418889 0.004884215 0.9999846535427509 -10.653309107108095 0.015881644843057447 0.999861749 -0.004925141275485687 1.718390655484109 -0.9998704600722763 0.015894279 0.00253677654382861 167.62273118300888
270 0.003962614472903753 0.005213557 0.999978558074691 -10.651842431258705 0.015787964141133693 0.999861445 -0.005275510202674869 1.732183444123696 -0.9998675105697232 0.015808531 0.0038797536041572864 167.6384534266302
271 0.004408364318323534 0.005973286 0.9999724422998733 -10.65132395204398 0.016418166541548342 0.99984694 -0.0060449149444593035 1.732147200052623 -0.9998554947061382 0.016444363 0.004309619548448917 167.58582697840518
272 0.004827474959821026 0.005837691 0.9999713082555575 -10.651457378163537 0.017348327546505723 0.999831977 -0.005920628280437703 1.7182208812501594 -0.999837852643238 0.017376411 0.004725389869443366 167.5535064753785
273 0.005082238809176075 0.005312113 0.9999729761584756 -10.647674470212728 0.017333320444473055 0.999835187 -0.005399475937432208 1.7132429532479367 -0.999836850098263 0.017360294 0.00498932457401282 167.57726861624357
274 0.0053210093905439945 0.004610117 0.9999752167933078 -10.645492088706828 0.01712738551606871 0.999842266 -0.0047006411413811205 1.7058958334219039 -0.9998391566028639 0.017151973 0.005241210599767588 167.58557273598817
275 0.005563976503761372 0.004778404 0.9999731045853671 -10.645734877447133 0.01699691310691034 0.99984367 -0.004872357616918575 1.7047298699886348 -0.9998400610880168 0.017023566 0.00548188881027572 167.65204219710358
276 0.008525225837261575 0.004873492 0.9999517836579616 -10.653642460509632 0.01698014549091641 0.999843236 -0.005017729517195616 1.7014544468324924 -0.9998194817940427 0.017022104 0.00844113657920448 167.61834050489017
277 0.01138776344270984 0.00466978 0.9999242531706272 -10.660566760330347 0.017192363439934407 0.999840364 -0.004865185468555506 1.693803002147614 -0.9997873479635981 0.017246465 0.01130566085199356 167.60283133547333