0 -0.02398437310725976 0.0 -0.9997123335473319 -0.91421 0.0 1.0 0.0 1.679356 0.9997123335473319 0.0 -0.02398437310725976 34.801796
1 -0.024766562144982886 0.001331948 -0.9996923739590683 -0.9546247241263519 0.0011390682087600728 0.999998501 0.0013041361629991398 1.7010490601765522 0.9996926122942414 -0.001106418 -0.024768042145437336 36.38502489837416
2 -0.02540826652657495 0.002333802 -0.9996744332311884 -0.991501266515585 0.0012384683426634052 0.999996581 0.0023030765253426897 1.6883309263841422 0.9996763904093514 -0.001179548 -0.02541107017752301 37.96619968262432
3 -0.02605297917826108 0.004113209 -0.9996521016273903 -1.0314765128546581 0.0023809645775559963 0.999988954 0.004052542285384891 1.7135757680605068 0.999657727844015 -0.002274555 -0.026062484758700565 39.718564462992966
4 -0.026521365818117863 0.005324127 -0.9996340682643863 -1.065899373915143 0.0035336797268263674 0.999980068 0.005232217359906632 1.740384819148012 0.9996420015413613 -0.003393621 -0.026539651024964833 41.2921465978296
5 -0.027035249872571224 0.006462605 -0.9996135899378887 -1.1029906815084651 0.003530895809013539 0.999973481 0.006369436880674196 1.7279495855867393 0.9996282444948494 -0.003357332 -0.027057352406188086 42.863773166133214
6 -0.027665908617492522 0.007733564 -0.9995873091029541 -1.146753608425907 0.0031278337635273416 0.999965847 0.007649921875396008 1.724203718601753 0.9996123323943966 -0.002914901 -0.027689152971288367 44.60567894135423
7 -0.028397816278207894 0.008488287 -0.9995606598426524 -1.193358742676394 0.0016897298634554105 0.999962924 0.008443697581017215 1.683056798631387 0.9995952725129493 -0.001449205 -0.02841110651221374 46.17060577314377
8 -0.028877773805870963 0.008761006 -0.999544555351578 -1.222279518803844 -9.560070562866523e-05 0.999961561 0.008767423181497303 1.6702914082449467 0.9995829455417895 0.000348741 -0.028875825906355915 47.732876050201426
9 -0.029570783387135122 0.008952234 -0.9995225991709132 -1.2615610511375848 -0.0016737858555101893 0.999958047 0.00900565291594874 1.661087564178832 0.9995612877934039 0.001939291 -0.02955455868760709 49.465462401356355
10 -0.030177080242215045 0.008905481 -0.9995048957158137 -1.2983113660355061 -0.002191593266196685 0.999957316 0.00897568153095303 1.6857102212398163 0.9995421653861698 0.002461368 -0.030156275145254343 51.02002356845884
11 -0.03069870179003834 0.008719405 -0.9994906514925853 -1.3347793971987878 -0.0033523728879766945 0.999955427 0.008826425486466127 1.6374644410995198 0.9995230622102608 0.003621625 -0.030668103102292624 52.57205163753644
12 -0.03115275825971458 0.008194385 -0.9994810438917218 -1.3739711815431201 -0.003509418054842969 0.999959332 0.008307691611333212 1.621233762967788 0.9995084744466213 0.003766405 -0.031122733683848984 54.291748532849326
13 -0.03137869931669313 0.008692266 -0.9994697706809729 -1.4030325033828142 -0.002628178059211711 0.99995801 0.008779024803391726 1.64201721593968 0.999504112366819 0.002902259 -0.03135453680411166 55.83485723886708
14 -0.031400921451310494 0.008901135 -0.9994672342755677 -1.44080438444264 -0.0009401503714303966 0.99995964 0.008935057400127224 1.637693422100142 0.9995064268872147 0.001220218 -0.03139128547869258 57.37436523187364
15 -0.03103031064657508 0.009760881 -0.9994707823242494 -1.470564867370152 -0.00014762594972919904 0.99995226 0.009770166878570423 1.605114841086346 0.999518432932547 0.000450719 -0.03102738839164597 59.08248012278497
16 -0.030483917086413678 0.00998614 -0.9994853711873514 -1.497414866763233 0.0007674229998364101 0.99995003 0.009967376110410958 1.629141034893804 0.9995349629724577 -0.000463183 -0.03049005769045325 60.60292241475827
17 -0.02995420457666124 0.009967982 -0.9995015682428781 -1.5246495508565039 0.0008271373709591309 0.999950179 0.00994766765773826 1.6274203538626801 0.9995509294974104 -0.000528751 -0.029960957970696363 62.120396923096834
18 -0.029486332635828394 0.009057791 -0.9995241434794088 -1.556259136212261 0.002390317801388968 0.999956721 0.008991195190678657 1.675170389467413 0.9995623251479148 -0.002124063 -0.02950670707410515 63.803437517072865
19 -0.029240289281760506 0.008182874 -0.9995389162759413 -1.591838206286186 0.0013164580007938107 0.999965939 0.008147859035790626 1.6411097269393258 0.9995715444158462 -0.001077605 -0.029250065234468204 65.3143306328979
20 -0.028826123758752563 0.007051055 -0.9995595713714353 -1.6208680936830069 0.0001837293853177129 0.999975141 0.007048687360453773 1.6049366796592597 0.9995844237895016 1.9537e-05 -0.02882670303524635 66.81793084118914
21 -0.02849479808748057 0.006623733 -0.9995719945304817 -1.6593182934341701 0.0004555309085801396 0.999978027 0.00661343761422788 1.5876675487276972 0.9995938371013728 -0.000266888 -0.028497189218147586 68.48392952898931
22 -0.028023627895324556 0.005741173 -0.999590774038156 -1.6900485659786728 0.001998903664681331 0.999981829 0.005687379601680245 1.609948341582997 0.9996052623021331 -0.001838705 -0.028034594913512362 69.97206659592669
23 -0.02769206600375386 0.005547498 -0.9996011076306853 -1.7244677144141258 0.0035498069155334624 0.999978841 0.005451253827983504 1.633908661327793 0.9996101979876056 -0.003397435 -0.027711172961310242 71.4515365214541
24 -0.02735997993277092 0.004006711 -0.9996176157384515 -1.763192434925061 0.004121918915486782 0.999983918 0.0038953602000294236 1.627719660299685 0.9996171472838454 -0.004013766 -0.02737605559883121 73.08625602668386
25 -0.027188259188629556 0.003346988 -0.9996247272248447 -1.8027609607417312 0.0041515529718583275 0.999986149 0.003235282064814795 1.6046346092308472 0.9996217101284831 -0.004062033 -0.02720177777415263 74.54378771740645
26 -0.02730628014639126 0.002711531 -0.9996234359878475 -1.847241592743924 0.0039939237840947 0.999988635 0.002603421278427999 1.589823073342095 0.9996191353338534 -0.00392133 -0.027316799584171964 75.98512515548363
27 -0.027412070900368173 0.002680979 -0.999620623537083 -1.895215894573812 0.0034909560041266607 0.999990562 0.0025862406939387954 1.562192130549471 0.9996181226122871 -0.003418737 -0.027421171400363542 77.5751671820808
28 -0.027553140200330267 0.003100277 -0.9996155324546588 -1.9438446024992828 0.0031331473755601526 0.999990546 0.003015078898036091 1.5396475927060491 0.9996154300437358 -0.003048868 -0.027562592654509093 78.98728178369582
29 -0.027639718837956715 0.003638568 -0.9996113276167866 -1.9910818678856472 0.004203011927015782 0.999984959 0.0035237125786823295 1.559026359902981 0.9996091135125248 -0.004103984 -0.027654596637267027 80.3828796057489
30 -0.027803283539774425 0.004503084 -0.9996032716112008 -2.044560545234174 0.0056300260149049555 0.999974698 0.004348161516089119 1.58872009579842 0.9995975588188151 -0.005506899 -0.02782793330320446 81.91709348847942
31 -0.027915420539035306 0.005038948 -0.9995975882440066 -2.092414274800182 0.006512145625707408 0.999966991 0.00485894790223119 1.6149582528581092 0.9995890759430288 -0.006373886 -0.027947313265683636 83.2761527939021
32 -0.027937947519151466 0.005333035 -0.9995954333628809 -2.138238985319793 0.00640234192873011 0.999966212 0.005156072179348289 1.612276618438385 0.999589156059323 -0.006255701 -0.027971147075007575 84.61884934895801
33 -0.028219264809112143 0.005164714 -0.9995884145693267 -2.19602584116359 0.004194917520854824 0.999978458 0.005048303435262409 1.5481835259836458 0.9995929551234546 -0.004050731 -0.028240322474443604 86.094487805448
34 -0.028832398924494174 0.004421818 -0.9995744793959427 -2.259849227626444 0.003261247484420562 0.999985309 0.004329565498355875 1.5190809424465899 0.999578939668586 -0.003135028 -0.028846395509540105 87.40105909091582
35 -0.029497082236842765 0.003900598 -0.9995572556105032 -2.331041887782117 0.003380940208625398 0.999987055 0.0038025030252812485 1.52044973840229 0.9995591480252516 -0.003267281 -0.02950988848064883 88.83731010979989
36 -0.0304843081862632 0.003862584 -0.9995277826086362 -2.384085059936104 0.003769047408300537 0.999985868 0.003749402914985932 1.5231840390426161 0.9995281387885719 -0.00365297 -0.030498436486084957 90.14175863272301
37 -0.031381375168638814 0.004382644 -0.9994978745812317 -2.435384777251553 0.005072597397857064 0.999978207 0.004225484938539451 1.552618919041352 0.9994946115070625 -0.004937449 -0.03140292274446457 91.43110935544121
38 -0.03252034918855546 0.004807497 -0.9994595108868011 -2.4975337582962567 0.004845165628309535 0.99997744 0.004652335668195157 1.536600485705041 0.9994593298299682 -0.004691252 -0.03254290852193265 92.85172839969121
39 -0.03358399580377118 0.005553504 -0.9994204693345029 -2.553596210515351 0.0039972972848671216 0.99997731 0.005422275405177787 1.506496826594557 0.9994279045951555 -0.003812879 -0.03360543241693714 94.1160085558729
40 -0.03461456272158431 0.005773857 -0.999384057603994 -2.6111981657668633 0.0033344003711900717 0.999978413 0.00566180118651375 1.480248923498118 0.999395174234195 -0.003136366 -0.034633067821907546 95.37139101002641
41 -0.03690863234353818 0.005315416 -0.9993045080010334 -2.679417568756912 0.0021658854278102423 0.999983931 0.005239034500373065 1.4567863816746351 0.9993162967246793 -0.001971013 -0.03691955180134533 96.76832261772616
42 -0.039082070608794005 0.004836187 -0.9992243005645854 -2.740304908019365 0.0012585792138202691 0.999987733 0.004790655794433634 1.441758432686863 0.9992352110885611 -0.001070374 -0.03908767805443157 98.01572845791159
43 -0.04117097833645484 0.004548146 -0.9991417645295975 -2.799073812924536 0.001140718627256884 0.999989202 0.004504999313497746 1.4483119702421738 0.9991514642465501 -0.000954264 -0.041175722509832424 99.2563905584588
44 -0.043362755839490834 0.004588955 -0.999048854276706 -2.867023915205997 0.0013858432058058965 0.999988765 0.004533120471949056 1.461950333739813 0.9990584323477035 -0.001187956 -0.043368628712379474 100.62740660160576
45 -0.04546439266005822 0.004054842 -0.998957730716454 -2.9288949110081095 0.0009353184297162895 0.999991497 0.0040164692868532 1.4563612020905832 0.9989655215425534 -0.000751737 -0.04546779793973686 101.85339181278431
46 -0.0464185573816457 0.003926893 -0.998914359125604 -2.9968245409772196 -0.000417574055728413 0.999992109 0.00395053345191058 1.433251345119402 0.9989219901649823 0.000600499 -0.046416551111473046 103.05764922103599
47 -0.04735066492626283 0.002708395 -0.9988746566898433 -3.071579494669075 -0.0018305727287038173 0.99999441 0.002798207846077711 1.40704377231239 0.9988766511792401 0.00196101 -0.04734544155560336 104.3898724502182
48 -0.04817912083643236 0.002882111 -0.9988345533749157 -3.138644178836585 -0.0017299324842788497 0.999994096 0.0029689008465098345 1.422542262290108 0.9988372135068598 0.001870955 -0.0481738498529341 105.57760607143632
49 -0.048936500298307005 0.00320428 -0.9987967517078893 -3.193211046137349 -0.00018007222406282258 0.999994809 0.0032169463987859774 1.4299423749245932 0.9988018751874794 0.000337282 -0.04893566916120079 106.75799771267421
50 -0.049642299297625356 0.004005484 -0.9987590291873355 -3.253909101917881 0.0006083441369836052 0.999991894 0.003980191379799051 1.417117697393469 0.9987668753386294 -0.000410003 -0.049644334399557295 108.06473492192671
51 -0.05016356301513022 0.004752109 -0.9987297103162395 -3.310982896179781 0.0003612907307024055 0.999988701 0.004739952510711318 1.406144212804507 0.9987409504065843 -0.000123058 -0.05016471273293806 109.22434573902879
52 -0.050854778622069274 0.004785279 -0.9986945942599871 -3.373240383969132 0.0001722796984514589 0.999988548 0.004782706578293662 1.396643793047468 0.9987060437299691 7.1169e-05 -0.0508550210145805 110.37687008115736
53 -0.05178748952142256 0.00445548 -0.9986481885150309 -3.4485085615847524 0.0005396749754142402 0.999990026 0.004433480682094897 1.4006672804614388 0.9986579818598426 -0.000309347 -0.051789377775218345 111.65013530887404
54 -0.05248324993768678 0.003994368 -0.9986138160667296 -3.513203375560204 0.0003326110335246838 0.999992015 0.003982399792814082 1.3912024185862641 0.9986217488788545 -0.000123141 -0.05248415868506268 112.78385889430336
55 -0.053372158974651064 0.003276108 -0.9985693164918021 -3.5897930769212003 0.0008972176110987101 0.999994372 0.0032328277962866076 1.399311052862591 0.9985742879786824 -0.000723391 -0.05337479823121282 114.03634716311018
56 -0.054046025871322144 0.00255165 -0.9985351855734482 -3.650658434597184 0.0019650357703222356 0.99999507 0.0024490221083730748 1.40875640936451 0.9985365115501633 -0.001829797 -0.05405077335936855 115.1459628212778
57 -0.054690980377222 0.002385172 -0.9985004797061764 -3.709343384146762 0.0023760406210645213 0.999994627 0.002258597792900569 1.40344663679486 0.9985005015658719 -0.002248953 -0.05469635360410662 116.23971019129472
58 -0.05548518361786365 0.001627876 -0.9984581840301051 -3.780194729547978 0.002466550450910589 0.999995843 0.0014933145737729776 1.3879148458770219 0.9984564636736046 -0.002379891 -0.05548896898435993 117.44431866527401
59 -0.05618163381613674 0.001055292 -0.9984200067901653 -3.842726673440239 0.003167416763901108 0.999994598 0.0008787232603176238 1.3864796317362043 0.9984155406646336 -0.003113045 -0.05618467224776088 118.508194470784
60 -0.05680727860300974 0.001245421 -0.9983843861993218 -3.903751423166648 0.004204595391080209 0.999990652 0.0010081870573157888 1.392032282245672 0.9983763088589278 -0.00414053 -0.05681198376115378 119.55608879016948
61 -0.05958379614779756 0.0018566 -0.9982215803680444 -3.9824197395198055 0.00484881024769001 0.999987011 0.0015704580019539971 1.410931562815082 0.9982115307908263 -0.004746613 -0.05959202393357111 120.75748924296651
62 -0.06210091040001004 0.002326271 -0.998067164867295 -4.047279072885116 0.005424279851703674 0.999983302 0.001993231607167505 1.4294473383127968 0.9980551356204657 -0.005290014 -0.06211249225956347 121.82073270914866
63 -0.06467808237931606 0.003233913 -0.9979009407744759 -4.11241740991092 0.005130401761536507 0.999982611 0.002908136675602284 1.4264684968534291 0.9978929926034091 -0.00493154 -0.06469354911904011 122.8667828252884
64 -0.06731585816237415 0.003748461 -0.9977246738746695 -4.185668648013823 0.003356408905498966 0.999988135 0.0035305096759578824 1.3883792751808808 0.9977260691632963 -0.003111112 -0.06732764115646087 124.00862295076988
65 -0.06992217758628656 0.003779984 -0.9975452870873128 -4.25089340944878 0.002332528753765881 0.999990707 0.0036257529547327663 1.36849419829494 0.9975497220346498 -0.002073283 -0.06993034519028762 125.02102116237207
66 -0.07212220944411817 0.004639665 -0.9973850106236567 -4.3267725596371776 0.0021387089586955873 0.999987601 0.0044971191153573235 1.357199331454829 0.9973935097098738 -0.001808774 -0.07213123851934625 126.1012321644156
67 -0.0743259414387267 0.004637515 -0.9972232190675633 -4.4126121917265975 0.002351944580716475 0.999987221 0.004475071095606236 1.355058836060166 0.9972312287697533 -0.0020128 -0.07433589838584043 127.27668608432114
68 -0.0764619065566196 0.005274612 -0.9970585511362218 -4.490210498009849 0.0027547586936446334 0.999983308 0.005078828251385777 1.3589977688207713 0.9970686975255916 -0.002358319 -0.07647515998424247 128.3284872711218
69 -0.07873453141378732 0.005289119 -0.9968815876103339 -4.579192090077861 0.002721000329822576 0.99998334 0.005090669242322215 1.352619547754674 0.9968919043625458 -0.002311704 -0.07874761144470462 129.47617532505154
70 -0.08091924233580204 0.005672257 -0.9967045211369193 -4.6595695848722585 0.00241382251609925 0.999981989 0.005494938255918921 1.3420191529109342 0.9967177381759663 -0.001961222 -0.08093147703272634 130.5054210263831
71 -0.08395390814155548 0.006053606 -0.996451250286304 -4.750489326181796 0.002537308204852061 0.999979604 0.005861265645745414 1.3429318418431189 0.9964664083776772 -0.002036228 -0.08396755570452176 131.5682773343045
72 -0.08691764894996118 0.006126921 -0.9961966586265516 -4.8454996110034925 0.0026639439795398817 0.999978942 0.005917755711499522 1.342298256939404 0.9962119382202301 -0.002139455 -0.08693213970511811 132.72703518987805
73 -0.08985207466100638 0.005658651 -0.9959390461260246 -4.934833883424211 0.0024186840224849557 0.99998215 0.005463412737349614 1.3315527308787583 0.9959521851347662 -0.001917963 -0.08986415723830948 133.7727294211033
74 -0.09286504806340899 0.00563804 -0.9956627420660126 -5.025574083416251 0.0024713790999913838 0.999982193 0.00543199438985404 1.330021253196481 0.9956756377549221 -0.001956218 -0.09287732735526755 134.8074121673715
75 -0.09617388113555579 0.005624205 -0.9953486590843215 -5.130371350059547 0.0029897184914728764 0.999981158 0.005361504471425734 1.338841757465861 0.9953600587340669 -0.002460176 -0.09618888389435822 135.93103240152212
76 -0.0945486626169411 0.005602707 -0.9955044748496933 -5.216579015340624 0.003054285871425469 0.999981089 0.0053378188343748394 1.3443924216007272 0.9955155555063288 -0.002535872 -0.09456398669190584 136.92782935234575
77 -0.09287593868331846 0.005462524 -0.9956627043728592 -5.302388682362108 0.0029722237598001754 0.999982016 0.005208970998464505 1.345557094531711 0.9956732521947688 -0.002475544 -0.09289050465990645 137.91560538379025
78 -0.09115389197079343 0.005717949 -0.9958204019519227 -5.394993128814977 0.0021675936827285293 0.999982286 0.005543433198931179 1.330167814050652 0.9958344590388946 -0.001653228 -0.0911646706372632 138.99433432326248
79 -0.08909792253588217 0.006042642 -0.9960045413601702 -5.471819019974512 0.0013904306261959076 0.999981377 0.005942388096989664 1.313936187421208 0.9960219003689954 -0.000855421 -0.08910466485578032 139.97051425928126
80 -0.08694331244548295 0.006041836 -0.9961949394841022 -5.54677203001735 0.0010180701355412037 0.999981626 0.0059759500317064325 1.3078146567271498 0.9962127404963272 -0.000494627 -0.08694786568847686 140.94180834165502
81 -0.08668845980622732 0.00624716 -0.996215881680001 -5.637162603507435 0.0010962303386003436 0.999980331 0.006175374505469784 1.3082631501610689 0.9962348663893896 -0.000556749 -0.0866936036339293 141.99162368401582
82 -0.08646901281913656 0.006237389 -0.9962350149093903 -5.720915623826595 0.0013650941160392703 0.999980204 0.006142353271363262 1.3126820502979002 0.9962536052111611 -0.000828831 -0.08647581544569302 142.93910839495467
83 -0.0863817527142925 0.006226108 -0.9962426556542361 -5.8146136830987185 0.0013249308816124588 0.999980306 0.006134585185451632 1.3088309367847772 0.9962612289706712 -0.000790036 -0.0863883013066304 143.9772026698591
84 -0.08618953341486102 0.006373823 -0.9962583692616175 -5.900492276752426 0.0014225256357310986 0.999979303 0.006274561350013627 1.309823935950239 0.9962777430150732 -0.000876401 -0.08619681631751272 144.91398758625851
85 -0.08011642185246484 0.006934194 -0.9967613937243035 -5.977213722893464 0.001785119518577153 0.999975197 0.006813069989390678 1.294802553709534 0.9967839147532404 -0.001233499 -0.08012681345415201 145.82161154954233
86 -0.07403566365628445 0.007134075 -0.9972300761373933 -6.059826937398736 0.0023949781311479405 0.9999728 0.006975890328615202 1.284165946242024 0.9972527180565424 -0.00187188 -0.07405073530988483 146.81824776671243
87 -0.07849238627330904 0.007056929 -0.996889735870688 -6.1485540318095575 0.0027422745140926554 0.99997269 0.006862833923233091 1.2897413613626 0.9969109416643319 -0.002195065 -0.07850959503622011 147.6760128971276
88 -0.08285387963258362 0.007050064 -0.9965367683041451 -6.234033887244546 0.0024681635736999966 0.999973361 0.006869169349069613 1.2809092989872992 0.9965586496028619 -0.001890478 -0.0828690727258653 148.52929771894088
89 -0.08720202545378733 0.006965839 -0.9961662932353069 -6.327879112373965 0.0025951921297880107 0.999973748 0.006765286069773499 1.2822321898803488 0.9961872677841457 -0.001995296 -0.08721781404099495 149.4700743970026
90 -0.09175218639526427 0.006956138 -0.9957575750783861 -6.41780673204039 0.0031284471578101776 0.999972679 0.006697319266673749 1.2939016172700657 0.995776957236237 -0.002500682 -0.09177144156410391 150.31111448512848
91 -0.09601409028502432 0.007002109 -0.9953553460786475 -6.501082501936156 0.00383412869908596 0.99997044 0.006664726744959872 1.309324132745092 0.9953725900880208 -0.003176413 -0.0960380998231027 151.14353130440247
92 -0.09646044075378453 0.006961176 -0.9953124758183622 -6.598257984494964 0.00370519924969714 0.999971126 0.006634670144444391 1.2997211636015502 0.9953299225810329 -0.003047848 -0.09648344846415109 152.0470382631023
93 -0.09635875392652624 0.006792111 -0.9953234936355291 -6.674173566267637 0.00319116937060485 0.999973686 0.006514902280181832 1.2807808601707498 0.9953415529383369 -0.002548478 -0.09637789304019691 152.85007782898498
94 -0.09627447632456694 0.006144405 -0.995335858513721 -6.747833765265259 0.0025792208468182723 0.999979129 0.005923592327038976 1.2608519970783352 0.9953514822148907 -0.0019969 -0.09628831455302139 153.64121830902116
95 -0.09618776202283015 0.005767336 -0.9953464983087759 -6.825712439049271 0.0028130190290802373 0.999980795 0.005522345641143578 1.2607163042732201 0.9953592321797097 -0.002268747 -0.0962021384965299 154.50648218937158
96 -0.09639795487733412 0.005016359 -0.9953302314346198 -6.905200711965706 0.0031201322168948075 0.99998391 0.004737627624908388 1.261968693508632 0.9953379826328309 -0.002648865 -0.09641205561260902 155.27284401945826
97 -0.09664479497061483 0.00358816 -0.9953124675497936 -6.986194051342366 0.0035002636794618995 0.999988543 0.003265142010423414 1.2669920276421809 0.9953127805872427 -0.003168297 -0.09665624761570474 156.10945768610088
98 -0.09682228185208816 0.002191827 -0.995299272461311 -7.058209015981181 0.00365047661620758 0.999991631 0.0018470440676190318 1.265254210330899 0.9952949913594396 -0.003454482 -0.09682947315758621 156.8513077584636
99 -0.09674172774585577 0.001746481 -0.9953079860087692 -7.122034095481162 0.004221586065203609 0.999990185 0.001344368535577842 1.2759163820342863 0.9953005662062318 -0.004071722 -0.09674815103966071 157.57955841975618
100 -0.09690602394738032 0.00195228 -0.995291621022993 -7.197411963902111 0.0033642382401418616 0.999993006 0.0016339440640695728 1.2519210644940988 0.9952878496456902 -0.003190059 -0.09691191430808571 158.38007351746762
101 -0.09702759847940355 0.001297649 -0.9952808449668059 -7.26357716462476 0.002392164053163749 0.999996566 0.001070591137602578 1.226679516356454 0.9952788167570196 -0.002276998 -0.09703036970279089 159.09020598091584
102 -0.09555904040448766 0.000551932 -0.995423611006095 -7.331969753603536 0.0009100424179630035 0.999999477 0.0004671066141268499 1.2266980532226521 0.9954233475227999 -0.000861241 -0.09555949301530638 159.8735201334557
103 -0.09410749964513775 -6.8679e-05 -0.9955620388889785 -7.393903082361448 -0.0004277010403237826 0.999999908 -2.8555578631049905e-05 1.2295354261958185 0.9955619494720325 0.000423116 -0.09410751988395603 160.56915154747483
104 -0.09247251158258918 0.00037991 -0.9957151655211933 -7.450453681869492 -0.0011038221820530135 0.999999274 0.000484057583280878 1.2089983811168041 0.9957146255149658 0.001143854 -0.09247202442422241 161.2587341616506
105 -0.09107668726875985 0.001072724 -0.9958433038766752 -7.517977989683294 -0.0008340634812942197 0.999998987 0.0011534815003593974 1.212425349658031 0.9958435322371905 0.000935652 -0.09107570112856948 162.01675422704744
106 -0.0896554564147566 0.001589205 -0.9959715730718839 -7.55794658170655 0.0003084608870963816 0.999998723 0.0015678636602500593 1.231203871293002 0.9959727930538895 -0.00016665 -0.08965583157459711 162.69348527129827
107 -0.09115596595517486 0.002513261 -0.9958334566512721 -7.641257520343957 0.0009078788204476364 0.999996609 0.002440662887170329 1.2414737647469911 0.9958362147556706 -0.000681616 -0.09115793814612072 163.3602421359172
108 -0.09223723262860442 0.003093079 -0.9957322558787282 -7.719267885687941 6.112934097679695e-05 0.999995191 0.0031006582013231873 1.222818428885969 0.9957370580600136 0.000225128 -0.09223697851268206 164.09241041014243
109 -0.09260832867744628 0.003657873 -0.9956958963873337 -7.773965127011553 -0.0007747095483765853 0.999992685 0.0037457122477470356 1.2049670955914749 0.9957023134706391 0.001118259 -0.09260481722093188 164.7418970155981
110 -0.09311404772917974 0.004538121 -0.9956451075886003 -7.830451202406234 -0.0012171358471104142 0.999988347 0.004671745270012141 1.1952921201662343 0.9956547050563574 0.00164684 -0.09310743905543614 165.37986346458155
111 -0.0935300231195352 0.005365362 -0.9956020027784932 -7.889150618403415 -0.0004303461091087649 0.999985168 0.005429411186457786 1.2105911713404822 0.9956163668232916 0.000936267 -0.09352632606800315 166.07826441105118
112 -0.09183054007368091 0.00593506 -0.9957569621000865 -7.951516928807399 -0.00015241967152120547 0.999982142 0.00597429993360447 1.217345435696176 0.9957746378054579 0.000700396 -0.09182799522464329 166.7536718869019
113 -0.09023083839797028 0.005851717 -0.9959036866322818 -8.015080972785867 -0.00013069101280923265 0.99998266 0.005887525495630222 1.219106241397239 0.9959208694521168 0.000661392 -0.09022850991101079 167.4196670822655
114 -0.08838760533192756 0.005756832 -0.9960695205456368 -8.075618308170661 -0.00023157170344615245 0.999983153 0.005799999919666901 1.219545723404353 0.9960861294219968 0.00074331 -0.08838478336735295 168.14460922838202
115 -0.086650634977681 0.006202752 -0.9962194506999302 -8.13315874803114 -0.0006916661093806917 0.999980002 0.006286327170341612 1.21393573299895 0.9962385198663349 0.001233766 -0.08664461192209143 168.79558321174898
116 -0.08522922489987583 0.005796294 -0.9963445098546657 -8.197036631574903 -0.0010587275971101558 0.999981987 0.005908020663739198 1.2086359974178522 0.9963608075354113 0.001558394 -0.08522155252890488 169.44284071812888
117 -0.08672057544714457 0.005660169 -0.9962165949682379 -8.247432943613692 -0.0007491871840147195 0.999983206 0.005746786591766315 1.2050562230816757 0.9962323927074138 0.001244717 -0.08671487878856864 170.16023024990858
118 -0.08913443078822414 0.005461465 -0.9960046316814568 -8.314372613560188 -0.0006285550031293532 0.999984459 0.005539538599943687 1.195840357505265 0.9960194062518261 0.001119807 -0.08912961254680149 170.8068718639684
119 -0.09188331807932847 0.004878009 -0.9957578329255972 -8.388690854085441 -0.0008012306814773024 0.999987315 0.0049726618362045715 1.180794118432084 0.9957694579898618 0.001254736 -0.09187824404327793 171.4496553533321
120 -0.09531673988522085 0.004383253 -0.9954373441183846 -8.462861255093726 -0.00048729858319776644 0.99998998 0.004449960507343121 1.1891452977220758 0.995446875373925 0.000909231 -0.09531364842394423 172.15672534894577
121 -0.09975024118573815 0.004154766 -0.995003832688475 -8.558257800354836 5.551760393034873e-05 0.999991304 0.004170025692550926 1.2018515864037203 0.9950125055868081 0.000360721 -0.09974960415787062 172.79313847808007
122 -0.10129915721262675 0.003757484 -0.9948489141534528 -8.63754336606717 0.0004255336638330393 0.99999294 0.0037335829234882182 1.2080858251108593 0.994855918631684 -4.5133e-05 -0.10130004149182975 173.49296266292495
123 -0.10245028549633335 0.003921794 -0.9947303946958891 -8.70609480885654 0.0006884821680903278 0.999992268 0.003871630972429015 1.211506727761089 0.9947378879910168 -0.000288204 -0.10245219332969305 174.12591952050582
124 -0.10357237072540264 0.003611425 -0.9946153637518595 -8.772741549252878 0.00023578290578894306 0.999993469 0.0036063998594855953 1.2008123802318489 0.9946218925945093 0.00013901 -0.10357254558436224 174.75618092019403
125 -0.10476368659237438 0.003686922 -0.9944903100553153 -8.845577966787296 -0.0007486237528694654 0.999992552 0.003786183621593073 1.1812993813949462 0.9944968623068963 0.001141154 -0.10476014635280338 175.4481520534427
126 -0.10517834507018159 0.003668386 -0.994446609123585 -8.897055044738764 -0.0018491752409115453 0.999990746 0.0038844173888433675 1.159474353906031 0.9944516564012622 0.002247462 -0.10517058748878996 176.07499158306527
127 -0.10623716258739657 0.00331945 -0.9943352788913405 -8.970805398359724 -0.002865845250628115 0.999989252 0.0036445196224696445 1.136455895227815 0.9943366895586752 0.003236795 -0.10622650797160477 176.70135106649013
128 -0.10670890513270424 0.002638531 -0.9942868032183689 -9.038221907939374 -0.003917436642955682 0.999987602 0.003074086695819283 1.1121468016494092 0.9942825875622839 0.004223088 -0.10669724666930751 177.39725189012472
129 -0.10672538212946679 0.002713881 -0.9942848317936649 -9.090243711325204 -0.004719737170977821 0.999983626 0.003236047514522502 1.093108432666646 0.9942773334517017 0.005038132 -0.10671082633196884 178.03251027905108
130 -0.10680377948769727 0.002356266 -0.9942773258502438 -9.143102625720289 -0.0042354930115828335 0.999987041 0.002824767838605852 1.098750882875755 0.9942710966482758 0.004512951 -0.10679241533423808 178.67090555745295
131 -0.10679977959400438 0.002236399 -0.9942780319763562 -9.199965266899259 -0.003390965175269904 0.999990835 0.0026134877477485426 1.1114161258441948 0.9942747652366791 0.003650682 -0.10679121721268361 179.3780747894036
132 -0.10674198229581042 0.002045767 -0.9942846498426726 -9.260020903408176 -0.0037173476203129917 0.999990073 0.002456584164318891 1.099631322475696 0.9942798045261126 0.003958323 -0.10673331708534363 179.99485740585388
133 -0.10691782357245874 0.00185343 -0.9942661329140878 -9.329584046786021 -0.003817404892486839 0.999990127 0.002274602103612529 1.0951280503005831 0.9942605328532148 0.004038712 -0.10690969310923588 180.67947830657388
134 -0.10671490527942143 0.001595761 -0.9942883798745076 -9.386710836474395 -0.004052139612951372 0.99998971 0.0020398190878639965 1.090584281931112 0.9942814034497031 0.004246675 -0.10670734055953585 181.30213155359175
135 -0.10670792108386369 0.001386832 -0.9942894430250013 -9.449986602006843 -0.0044772263281079635 0.999988219 0.0018752794587273893 1.078641012834507 0.9942803295849921 0.004651766 -0.1067004548775847 181.93057729541388
136 -0.10671147427411995 0.000869152 -0.994289648413667 -9.516811956532939 -0.004444380717277247 0.999989211 0.001351124417086816 1.0783448065489911 0.9942800959164525 0.004563182 -0.10670646021718286 182.6285086608096
137 -0.10652986932576794 0.000731155 -0.9943092335251856 -9.594837836141249 -0.004365103646672204 0.999989749 0.001203007363499506 1.079240419932153 0.9942999211056232 0.004468419 -0.10652558653370067 183.3158734274282
138 -0.10661919091146826 0.00127997 -0.994299104552588 -9.678471677571721 -0.004343189933774295 0.999989032 0.0017530172597366633 1.0789036051697751 0.9942904426116289 0.004505335 -0.10661246194135235 184.00765480661067
139 -0.10664160013665987 0.001413939 -0.9942965204852757 -9.76667763805629 -0.003921928820787202 0.999990611 0.0018426761058028351 1.0867598660984459 0.9942897904180784 0.004096066 -0.10663505385370545 184.77367092573263
140 -0.10642418067726303 0.001325219 -0.994319937682067 -9.846408701207523 -0.004150986766429577 0.999989806 0.0017770654945945385 1.080334806191884 0.9943121553358689 0.004316532 -0.10641759454450908 185.47699470128015
141 -0.1063859879051033 0.000923085 -0.9943244793158476 -9.930056803099031 -0.00485139522161405 0.999987184 0.0014474084299431057 1.0659535769884911 0.9943130720697793 0.004977845 -0.10638014624077412 186.1840626103744
142 -0.10242148858787786 0.001220355 -0.9947403431578821 -10.01308941917549 -0.00478438418480711 0.999987077 0.001719406404126904 1.0626547371765 0.9947295851773597 0.004935324 -0.10241432612209583 186.9893999321485
143 -0.0985697681749092 0.001961484 -0.9951282096939772 -10.091376878753884 -0.004756752236641338 0.999985704 0.0024422258523145693 1.061246279479707 0.9951187734070481 0.004974308 -0.0985590284768691 187.7255541414195
144 -0.0948699178644459 0.001975491 -0.9954877177806405 -10.1797670101629 -0.004395420848399151 0.999987452 0.002403303819137125 1.0640563202406161 0.9954799738949173 0.004603589 -0.09486004405571236 188.53612696068723
145 -0.09100241691055069 0.002016175 -0.9958486306651176 -10.256385047009749 -0.0037598139597843413 0.999990128 0.0023681380945383638 1.0716420500385682 0.9958435738398034 0.003959712 -0.09099393766437304 189.27702149184705
146 -0.08714040745550711 0.002375414 -0.9961932072047482 -10.334575346976923 -0.0037402733868528762 0.999989329 0.002711640844877897 1.06685730727165 0.9961890180456112 0.003962328 -0.08713059235536881 190.01826481493296
147 -0.08811349601560599 0.002747705 -0.9961066519640147 -10.433105075916437 -0.003986693642524376 0.999987214 0.0031110643204343624 1.062366796864502 0.9961024633208332 0.004245298 -0.08810141468089916 190.89899594349566
148 -0.08901688626959814 0.002762633 -0.99602628618502 -10.524092886324205 -0.004684528904196236 0.999983932 0.0031922762799818896 1.0488075047521281 0.9960191005122563 0.004950081 -0.08900251437296154 191.70948212468872
149 -0.09019969620574324 0.002958292 -0.9959193060024778 -10.62087607118728 -0.004805259864690356 0.999982656 0.0034055703394955785 1.0489474691884262 0.9959121067702655 0.005092832 -0.09018391640471302 192.51908193277472
150 -0.09164989575354654 0.003152395 -0.9957863020187329 -10.729178588301101 -0.004833614344172067 0.9999818 0.0036105513682482123 1.05132301107687 0.9957795599508996 0.005144154 -0.09163299093156192 193.4000625114222
151 -0.09384792156579966 0.003418726 -0.9955806747544964 -10.849595759048105 -0.004999443789357292 0.999979878 0.0039051024956461514 1.0486399282987429 0.9955739913661118 0.005343836 -0.09382894150666643 194.20759759329505
152 -0.0975743892238797 0.003482779 -0.9952221402184674 -10.959034419278126 -0.005288302688551356 0.999977945 0.004017901805629089 1.042379321601521 0.9952141840915236 0.00565508 -0.09755381912548293 195.04696948314256
153 -0.10140416660381782 0.004420022 -0.994835493595524 -11.081341118521385 -0.006030110136379495 0.999969029 0.00505748272259612 1.026983833131419 0.9948270367059963 0.006511818 -0.10137437230739192 195.96155458900492
154 -0.10560002615822116 0.005246877 -0.9943948435706147 -11.207369355759155 -0.006397571018809854 0.9999618 0.005955642788779498 1.0187135829634861 0.9943881059612287 0.006990627 -0.10556242528045531 196.80808089761888
155 -0.10962751022008992 0.005486546 -0.9939575976589007 -11.332467366162795 -0.006687818478849313 0.999958059 0.006257294091991095 1.012049885980764 0.9939502410977542 0.00733338 -0.10958621951215099 197.65809229494914
156 -0.1137779723669525 0.005400873 -0.9934915217066774 -11.469268286762022 -0.0066252275714092845 0.999958865 0.006194774791310676 1.011688311464176 0.9934841108562164 0.007286936 -0.11373751066480785 198.5851517576707
157 -0.11793370746475931 0.005153631 -0.9930080972994502 -11.602461034545577 -0.006185255728220676 0.999963322 0.005924315141579008 1.0180632456417231 0.9930022074784313 0.006840686 -0.11789750475252164 199.49393377663893
158 -0.12183699230455368 0.005301186 -0.992535966581911 -11.731869513200234 -0.005823528816807125 0.999964707 0.00605572030042843 1.0246216617992872 0.9925330386890896 0.006517873 -0.12180182085011083 200.40856060021517
159 -0.1259457342473992 0.005437804 -0.9920222287904839 -11.876785038417793 -0.006142610669774296 0.999961532 0.006261180300373483 1.018063440510445 0.9920181146419267 0.006882175 -0.12590748692374576 201.40542824967068
160 -0.12957549004224367 0.004813418 -0.9915578771989879 -12.007908626175468 -0.006619699136865235 0.999961734 0.0057192671375409345 1.006456738225052 0.9915474635663484 0.007304892 -0.1295386685623678 202.3367281606346
161 -0.13295419843341558 0.004782984 -0.9911106419862533 -12.135183408930764 -0.007165479461995561 0.999957583 0.005786904219226182 0.9928482620850992 0.9910962798963429 0.007871176 -0.1329142865081876 203.27701360003297
162 -0.13297287658672802 0.004595051 -0.9911090252134097 -12.278501280099816 -0.007910337405837697 0.999952482 0.005697347954814236 0.9886424018075378 0.9910881096217244 0.0085976 -0.13293021009483502 204.30658967287602
163 -0.13251740767523013 0.004463956 -0.9911706261903265 -12.401294650041923 -0.008694067354541514 0.999946154 0.005665857014033405 0.9847686131333399 0.9911425475867366 0.009368129 -0.13247146227244108 205.2691221179418
164 -0.13231937098520627 0.004272922 -0.9911979244269864 -12.54525229652457 -0.00940865048370353 0.999940243 0.00556661095622564 0.9809734625791329 0.9911624798522014 0.010062405 -0.13227126191047686 206.32458070040698
165 -0.1319728631062666 0.004248999 -0.9912442227295702 -12.679522322122146 -0.010292588323667027 0.999931031 0.005656576875627446 0.9726794398913499 0.9911998921695192 0.010948983 -0.13192002767694544 207.31286247780457
166 -0.13176462725610086 0.003930315 -0.9912732393554794 -12.820551263503782 -0.01056880765834588 0.999929732 0.005369492245169412 0.9789998709399879 0.9912246889884488 0.011184085 -0.1317138302995561 208.3133231310971
167 -0.1316126359619256 0.003004736 -0.9912966688810233 -12.976231999807297 -0.010639386632635568 0.999933527 0.004443486741710905 0.9883530186462591 0.9912441256496088 0.011131608 -0.1315719186754672 209.40985075722017
168 -0.1297083181082545 0.00327291 -0.9915467920493308 -13.125792789220064 -0.011224317720297543 0.999925634 0.004768865801773786 0.9712348263827131 0.9914886619158596 0.011747998 -0.12966193573884935 210.42753833246755
169 -0.1278656679708891 0.002919335 -0.9917871993986057 -13.280380804222677 -0.011599874593681708 0.999922867 0.004438790922522332 0.959913889709755 0.9917236583238673 0.012072177 -0.12782194195865257 211.45726827409865
170 -0.126110432854753 0.003149393 -0.9920112097950998 -13.450974069036075 -0.011602390733236172 0.99992188 0.004649473111980686 0.9577009589078562 0.9919483576749849 0.012096049 -0.12606404072457925 212.58835990931715
171 -0.12426288877581464 0.004158653 -0.9922406164066871 -13.57946099362896 -0.010725580490872274 0.999927165 0.005534082892139409 0.95773694077044 0.9921913609054724 0.011330037 -0.1242092335795975 213.64788618290498
172 -0.1225426253568048 0.004754502 -0.9924518625864575 -13.714650613877986 -0.010121901264507514 0.99993053 0.006040127863875498 0.9517459326993879 0.9924116341849842 0.010785673 -0.12248598854633755 214.72067652718698
173 -0.12410803623801349 0.005063826 -0.9922557900409776 -13.873322386232678 -0.009587657647124066 0.999934177 0.00630220381042096 0.9632276405115998 0.9922223907662873 0.010295563 -0.12405131701849176 215.85183432367532
174 -0.12535382310222856 0.005435305 -0.9920972108259976 -14.014504620261846 -0.010027961540044069 0.999926968 0.006745258093551128 0.9506296983394561 0.992061419255825 0.010794257 -0.1252901633007399 216.9052450492101
175 -0.12681989646031022 0.005311672 -0.9919115383569963 -14.177519609760031 -0.010105977802337249 0.999926843 0.006646683651066507 0.946196748573187 0.9918742775584303 0.010867167 -0.12675694000912194 218.06581875746514
176 -0.12789283256237743 0.005255249 -0.9917740700326466 -14.32166324495421 -0.010387068094772654 0.999924021 0.006637884206852737 0.9346976821616608 0.9917335996664661 0.011150563 -0.12782852863645366 219.1468758285085
177 -0.12858102879468822 0.005163456 -0.9916855636499204 -14.45871863838958 -0.011139400905055084 0.999915838 0.006650634307362794 0.9090429838487318 0.9916364417252984 0.011901929 -0.12851268855140924 220.24365217763798
178 -0.129124046058015 0.004561577 -0.9916179569705194 -14.609810856147615 -0.011107663508710036 0.999920029 0.006046157361546292 0.8713063587106602 0.9915662358986242 0.011795263 -0.12906305075764665 221.41144881091387
179 -0.1297673630581011 0.005515869 -0.9915291256651368 -14.752536297639898 -0.00945139591086894 0.999932216 0.006799575767314448 0.879495498363656 0.9914994216318491 0.010253697 -0.12970643446055907 222.48887210117599
180 -0.13053341284104428 0.005671754 -0.9914276873367861 -14.900793760630556 -0.0072226022617756435 0.999951662 0.006671460608562069 0.902035579157337 0.9914176018058836 0.008031537 -0.13048613812061768 223.57331885413078
181 -0.13136244454993543 0.005719435 -0.9913179091797366 -15.06930160590393 -0.006724243360771231 0.999955211 0.006660316751536448 0.8784800107165949 0.9913116018561489 0.007540779 -0.13131810272441863 224.76842562577056
