152 -0.03247061438957675 0.008620624 -0.9994355126112844 2.237121535893702 0.0008272471901210305 0.999962692 0.008598295270340619 0.400793919149544 0.9994723486132191 -0.000547588 -0.03247653437753893 67.51182277619871
153 -0.032751481921591274 0.008536863 -0.9994270673232152 2.205171009548459 0.0008380398499912985 0.999963404 0.008513981092838213 0.39689600929391 0.9994631745817265 -0.000558715 -0.032757437489473275 68.48703142660477
154 -0.0329786710612815 0.009004723 -0.9994154900772575 2.1724885966378107 0.0005060220094554277 0.999959435 0.008992926679590113 0.3901393031974911 0.99945592720173 -0.000209151 -0.03298189070433364 69.50100946326656
155 -0.033242007092193396 0.009093236 -0.9994059646764863 2.140247030319033 -0.0004877397635937025 0.999958343 0.009114485090822494 0.382282796284505 0.9994472127944352 0.000790434 -0.033236187251072094 70.48191362555451
156 -0.03323811871241587 0.008438962 -0.9994118329372984 2.1100340879005843 -0.0021670029318590933 0.999961393 0.008515671509982 0.37083895262724 0.9994451118506658 0.002448773 -0.033218548624473 71.46572315443898
157 -0.032550549030493 0.00792037 -0.999438707396104 2.083222812262182 -0.0037294474081817856 0.999960676 0.008045970826466074 0.3565006667243069 0.9994631324685093 0.003989255 -0.032519730699032655 72.48876136029637
158 -0.03391934417666819 0.008165211 -0.999391217935789 2.037907659713971 -0.0041684614891100685 0.999956772 0.008311309300841613 0.3396929767949777 0.9994158807298908 0.004447838 -0.0338838415860008 73.49686426249191
159 -0.034869593470454575 0.009167769 -0.9993498206825582 1.9976510602358208 -0.0034166876554387214 0.999950987 0.009292499654615741 0.3283776256902322 0.9993860307356708 0.003738492 -0.03483656103164697 74.50907462593526
160 -0.034941608952452706 0.010119452 -0.9993381217627894 1.967352573738383 -0.002260885923562392 0.999945375 0.010204652802458221 0.31997766796788785 0.9993867978216878 0.002615956 -0.03491682131524968 75.5675337521329
161 -0.03454924608255789 0.010590497 -0.9993468826661905 1.9460415113653429 -0.002432265701194969 0.99994 0.010680870744586068 0.3047379099343359 0.9994000372554104 0.002799693 -0.03452141421661483 76.59547451917696
162 -0.032517835595146316 0.010158743 -0.9994195271135801 1.9430224427741443 -0.0027351990179952236 0.999943695 0.010253065319584137 0.28846320675215 0.999467412283076 0.003067019 -0.03248821858880961 77.66977424614679
163 -0.0337897622307038 0.008803977 -0.9993901853375036 1.908318765382301 -0.001971572230243674 0.999958667 0.008875643973389026 0.28193522463284126 0.9994270178110952 0.002270276 -0.0337710078199396 78.71012481958135
164 -0.03503680585137976 0.007793236 -0.9993556359668377 1.8821760879155578 -0.0013979754769282379 0.999968234 0.007847025259885256 0.274707996883355 0.9993850445546613 0.00167201 -0.03502479727959854 79.76218275776432
165 -0.03557143772894892 0.007895413 -0.9993359467766948 1.8718014862340224 -0.0016753104926712534 0.999966915 0.007960031044688622 0.25780783927468476 0.99936573222271 0.001957347 -0.03555703382025454 80.87114383782283
166 -0.036289013038619214 0.008575815 -0.9993045392211259 1.824179776249554 -0.003086456612239529 0.999957448 0.00869350069638278 0.24450461712743987 0.9993365709838581 0.003399788 -0.036261000100157204 81.89303649191753
167 -0.03705352903699457 0.00871761 -0.9992752573557779 1.7850798092448497 -0.005016412792171636 0.999947727 0.008909486829867407 0.22403542916311014 0.9993006916235778 0.005342905 -0.03700786082435732 82.92905078053627
168 -0.03700011059821731 0.008757217 -0.9992768903507303 1.734508977243039 -0.005366898583753814 0.99994544 0.008961795596680741 0.2043941838559018 0.9993008494681971 0.005694605 -0.03695109218669454 84.01250442840724
169 -0.037282741066394245 0.007828816 -0.9992740895277035 1.6880914038048036 -0.0037477729481763537 0.999961184 0.007974027608876177 0.20940070808783906 0.9992977293831404 0.004042346 -0.037251952801569524 85.06208686452307
170 -0.03731224909213715 0.007363115 -0.9992765284343775 1.6543020419935897 -0.0031481517208403 0.999967026 0.007485752707986303 0.2026314981026449 0.9992986965490136 0.003425185 -0.03728783892488083 86.12634333124262
171 -0.03677929016793122 0.00757689 -0.9992946888018526 1.6386837602474924 -0.0032946302512623805 0.999964902 0.007703230926175573 0.18605487995608105 0.9993179816521707 0.003575626 -0.036753035646700495 87.2580357629156
172 -0.0370329134543379 0.007683892 -0.9992845050970528 1.627160165327058 -0.003456946280825969 0.99996347 0.007817225114532938 0.16246887786973585 0.9993080669034546 0.003743967 -0.03700499780596496 88.35287996084374
173 -0.03659915955560568 0.006721129 -0.9993074243027369 1.586445868376356 -0.0037686193459673 0.999969344 0.00686360474146013 0.14303493839750914 0.9993229207698754 0.004017211 -0.03657270856310592 89.46152957419969
174 -0.03671633003080375 0.006380297 -0.9993053606353229 1.5455886717082716 -0.003469167197491568 0.999972779 0.0065120218058893585 0.13064463163417228 0.9993197061945495 0.003705855 -0.036693196208022354 90.52987250032314
175 -0.03724371190329684 0.006834512 -0.9992828402962979 1.480013371264548 -0.0029268025082702575 0.999971577 0.006948306052414209 0.12345937896767012 0.9993019258640365 0.003183484 -0.0372226496110879 91.6117771912205
176 -0.03681677106799754 0.006674539 -0.9992997424199961 1.4428311812354457 -0.003159569784018469 0.999971919 0.0067954355570063706 0.10473956196607914 0.9993170383226749 0.003407544 -0.03679464919826353 92.76416248190706
177 -0.03703648121386291 0.006090567 -0.9992953536972311 1.4024281897644317 -0.003187851851981206 0.999975619 0.006212862681951372 0.09126473576780092 0.9993088296808855 0.003415708 -0.037016163135593944 93.87124723988607
178 -0.037324337943810626 0.005958301 -0.9992854407384912 1.332100375981798 -0.0029283971620230977 0.999977279 0.00607180554596572 0.07263831117540387 0.9992989138408953 0.003152931 -0.03730604118134816 94.93344635583816
179 -0.036817316115426296 0.005815641 -0.9993050905181864 1.288917476102022 -0.0023411311055461757 0.99997982 0.00590582162017074 0.059431354932765856 0.9993192709257301 0.00255694 -0.03680295813722985 96.06729794361138
180 -0.036692798049998365 0.005742643 -0.9993100928094949 1.244256855829161 -0.0021053235015283255 0.999980825 0.005823801197319283 0.04065363384617893 0.9993243745806901 0.002317562 -0.03668000461791267 97.15146724628022
181 -0.03697548537869 0.005838747 -0.9992991153865095 1.200761876410812 -0.0016801970125621647 0.999981154 0.005904901350969479 0.025253278219633968 0.9993147606169763 0.001897356 -0.03696497758959627 98.24590891875758
182 -0.03701432198602447 0.00543319 -0.9992999656105847 1.17747504213642 -0.0015202997421193583 0.999983756 0.005493220166433238 0.005484482942698099 0.9993135786295757 0.001722563 -0.03700546057632004 99.41609417127745
183 -0.034618363566436716 0.00443765 -0.9993907524622626 1.1323603868724699 -0.0016960015514624143 0.999988441 0.004499052384086463 -0.01114564649163019 0.9993991660115334 0.001850718 -0.03461043759812574 100.4722714875237
184 -0.033749396029826934 0.003769422 -0.9994232186697558 1.1170600944984823 -0.0012007486867467918 0.999992013 0.003812114256499385 -0.01921200676844026 0.9994296052187734 0.001328713 -0.03374459998805837 101.60987416309226
185 -0.03417132609761196 0.002728251 -0.9994122659727726 1.0725135691831518 -0.0011825344363070884 0.999995464 0.0027702755428220273 -0.03563486027720719 0.9994152904324146 0.001276503 -0.03416794433773383 102.69229812398868
186 -0.03512065380877105 0.002370814 -0.9993802676538096 1.0205737992706192 -0.001572358292843104 0.999995817 0.002427530263041126 -0.06207946360643235 0.9993818421077526 0.00165664 -0.035116779458273004 103.78581166819357
187 -0.037035371558670885 0.00293418 -0.9993096478724464 0.957360339140981 -0.0019501968931433227 0.999993573 0.003008465032918138 -0.09113462168020492 0.9993120519585392 0.002060271 -0.03702941114836131 104.9613949108341
188 -0.03625384290231738 0.002968177 -0.999338205654717 0.9393712207576919 -0.0025614794890946846 0.999992028 0.0030630442714259347 -0.10795728124191983 0.9993393305825689 0.002670832 -0.036245951671594126 106.01462953913394
189 -0.03582316081880721 0.003046991 -0.9993534991842482 0.9135116697670971 -0.0029511122063786838 0.999990669 0.003154720326562046 -0.12201290120050712 0.9993537876096384 0.003062216 -0.03581383421445222 107.07755407254814
190 -0.03598879216165868 0.002733057 -0.9993484568404749 0.8813503907175871 -0.0033400641973452346 0.999990346 0.002855094918182851 -0.1381205358325539 0.9993466119529377 0.003440639 -0.03597931599450231 108.2237524034873
191 -0.03607972904311499 0.002159658 -0.999346580617504 0.8408465794856668 -0.003226615761728913 0.999992201 0.002277544057895598 -0.14159862795578704 0.9993437057289986 0.003306681 -0.03607247864436179 109.307217798365
192 -0.0370510919206503 0.002239514 -0.9993108632482176 0.778831469321295 -0.002958689942839305 0.99999286 0.002350740738541482 -0.14114986815100594 0.9993089921331895 0.003043749 -0.037044201696521034 110.40057288117453
193 -0.03634968750005879 0.001819994 -0.9993374741225257 0.756006979820751 -0.0033127213789367776 0.999992628 0.0019416827041821775 -0.1817191543796728 0.9993336408097813 0.003381106 -0.03634339046318388 111.54580258593069
194 -0.03602694744646272 0.002096178 -0.9993486199706517 0.7123559324812352 -0.002515353156021403 0.999994442 0.00218821273096177 -0.19732683372713922 0.9993476527901127 0.002592549 -0.036021474533270925 112.62155510156711
195 -0.036481515787650395 0.001869579 -0.9993325790600753 0.6499079966403938 -0.0010275505454018345 0.999997651 0.0019083352122647097 -0.19680117487865711 0.9993338001330256 0.001096484 -0.03647950949708072 113.77668493447631
196 -0.03656925997954058 0.001491909 -0.9993300074006737 0.584287444602836 0.00012252875469083343 0.999998885 0.0014884236913120248 -0.2027972881330009 0.9993311133182671 -6.8017e-05 -0.03656940259888193 114.853958567691
197 -0.037013577085090135 0.001581579 -0.9993135110023791 0.5031891590923531 0.0010582452986989473 0.999998249 0.0015434661674538174 -0.21261305178984902 0.9993142022530006 -0.001000389 -0.03701518559451762 115.92945429800531
198 -0.03695732785834456 0.001033975 -0.999316309561646 0.46764783825856415 0.0016445479650037847 0.999998174 0.0009738610155191089 -0.2162871349217561 0.9993154912524843 -0.001607433 -0.03695896005628478 117.07695752426234
199 -0.036688604034035274 0.001078467 -0.9993261647384086 0.42353597719496905 0.0019669056978090602 0.999997559 0.0010069805939675572 -0.22558126188320515 0.9993248109692378 -0.001928636 -0.03669063588959913 118.14366890582457
200 -0.03658005270497446 0.001314453 -0.9993298619004503 0.3677168134022599 0.0019766386802359125 0.999997274 0.0012429774617004241 -0.24306673896659392 0.9993287709456049 -0.001929846 -0.03658255114499282 119.20874330473073
201 -0.03692889025633896 0.001561556 -0.9993166759950505 0.2969958703277181 0.0021679066945754165 0.999996551 0.0014825045777039246 -0.2571591736910792 0.999315544283689 -0.002111678 -0.03693214788897543 120.34740339430782
202 -0.03699977334234823 0.002428132 -0.9993123239997472 0.22138312876978816 0.002009367348974384 0.999995207 0.002355394808926023 -0.2782248649097401 0.999313253852488 -0.001920837 -0.03700447520441347 121.40797096057419
203 -0.038386645048949584 0.002358575 -0.999260177740358 0.180778903975793 0.0020096183986418135 0.999995374 0.002283111205926096 -0.29633533699299486 0.999260940354214 -0.001920491 -0.03839120788415444 122.48167616477897
204 -0.04036798840399584 0.002345849 -0.9991821270491918 0.11914308936749984 0.0018264392636267038 0.999995747 0.002273969519626581 -0.31983212474019695 0.9991832116089236 -0.00173315 -0.040372101076993835 123.62728192332969
205 -0.04160432189209432 0.002750456 -0.9991303797676248 0.06656442936290596 0.002454322047854484 0.999993475 0.002650632046199617 -0.32137925499572595 0.9991311512149317 -0.00234191 -0.041610800653476894 124.69395751190613
206 -0.04340169928574146 0.003789275 -0.9990505160913361 -0.006840656026571801 0.0029044970255944777 0.99998906 0.003666654783591964 -0.3291118774119799 0.999053479725875 -0.002742601 -0.04341223064915367 125.83105339928197
207 -0.044590766207523336 0.004107806 -0.9989968918379352 -0.07283521806874782 0.003158264682405319 0.999987129 0.003970906356328392 -0.34038751521339217 0.9990003446823368 -0.002978031 -0.04460316559023128 126.89050997401452
208 -0.04812377707606817 0.003967923 -0.9988334979964119 -0.13544811396395506 0.0031365292560043096 0.99998778 0.003821391114912873 -0.3603217164175132 0.9988364556435256 -0.00294897 -0.048135634396024654 127.96429093548224
209 -0.052065710190982314 0.003796246 -0.9986364458611213 -0.21618889243275696 0.0033276219969132726 0.999987883 0.0036278917973904517 -0.37443006633794496 0.9986381171314378 -0.003134196 -0.05207771204057019 129.10784563389345
210 -0.05527448103882116 0.004199034 -0.9984623673921893 -0.28425309892530193 0.0032390099738811334 0.999986649 0.004026134177211254 -0.39553125381288723 0.9984659439803779 -0.003011487 -0.055287344114461484 130.17446165861034
211 -0.058048711498823076 0.004558262 -0.9983033449805007 -0.3469266864676369 0.0032479768180546406 0.999985146 0.004377080379321889 -0.41420203675328615 0.9983084679996472 -0.002988382 -0.05806265505406641 131.23827524042105
212 -0.06081440868796329 0.005335093 -0.9981348327402604 -0.415431848004605 0.003634557890248004 0.99998027 0.005123510687681345 -0.42312338594896404 0.9981424734511488 -0.003316195 -0.060832599334299284 132.371307815113
213 -0.06195991862781978 0.005233903 -0.9980649155770116 -0.4992399697603277 0.003842216183736544 0.999980091 0.005005421769863754 -0.4476596168361011 0.9980712428575601 -0.003524645 -0.061978794498074176 133.45455806848338
214 -0.06314394073597068 0.005437071 -0.9979896194610687 -0.5889215741510919 0.0049639075236716365 0.999974501 0.005133812443177692 -0.4453272653727278 0.9979920849335081 -0.004629759 -0.06316932054484804 134.6066784906172
215 -0.06368164656972342 0.005146925 -0.997956991774176 -0.6631902166078512 0.005085271227882616 0.999975392 0.004832834105434846 -0.47107554006807706 0.9979573075474881 -0.004767119 -0.06370625340138082 135.68579063416087
216 -0.06602624032068133 0.005289822 -0.9978038653723545 -0.727345560908856 0.004008682252253182 0.999979284 0.005036094648633539 -0.48966216791029393 0.997809834270707 -0.003667364 -0.06604607762308007 136.7255474324509
217 -0.06824193840180069 0.006133468 -0.9976499477609441 -0.7922017897781461 0.0030635187499429483 0.999977676 0.005938225700918751 -0.5047222188684841 0.9976640982739292 -0.002651083 -0.06825920591517858 137.84102321399686
218 -0.06942058141575404 0.005955583 -0.9975697039316559 -0.8632697759729693 0.002469249368687004 0.999980142 0.005798139207433609 -0.530528599228064 0.9975844250922651 -0.002060738 -0.06943390941374025 138.90176379575166
219 -0.07062549276830322 0.005887837 -0.9974855248299854 -0.936074678528902 0.0028390805297637345 0.999979716 0.005701541968895562 -0.5277633722991071 0.997498861480218 -0.002429268 -0.07064077598634053 139.96581073741925
220 -0.07196924692846289 0.005547793 -0.9973914224156968 -1.017412174912748 0.0027608650201504255 0.999981808 0.005362984377909727 -0.5408867043655179 0.9974030304035713 -0.002367693 -0.07198325409875195 141.10751268966166
221 -0.07291207195220605 0.005318258 -0.9973241931298575 -1.086517937688182 0.002278402469567686 0.999984061 0.005165872964471819 -0.5649061571408751 0.9973357697565148 -0.001895651 -0.07292302756484238 142.1815944421635
222 -0.07394504646136807 0.006036249 -0.9972440493809742 -1.1603921420450312 0.002182561069987791 0.999980266 0.005890975853208511 -0.576838042905526 0.9972599291902144 -0.001740938 -0.07395676100803024 143.2609427311655
223 -0.07502684378510974 0.006085048 -0.9971629479464954 -1.2480863114155212 0.0021732306406797046 0.999980004 0.005938723663070954 -0.5805158040413261 0.9971791460405072 -0.001721501 -0.07503856773625223 144.37404713675602
224 -0.07610640163719397 0.006449475 -0.9970788431326605 -1.3354125325728627 0.002207455752915725 0.99997772 0.006299732481517629 -0.5825447581834231 0.9970972586328439 -0.001721558 -0.07611894279260298 145.41827429812167
225 -0.07717986922376058 0.006993675 -0.996992656155591 -1.426387517555991 0.0022087042100836837 0.999974143 0.0068436080629533875 -0.5871318778676982 0.9970147384142101 -0.001673873 -0.07719332110802538 146.54411288998728
226 -0.07804436903808207 0.006687594 -0.9969274557190569 -1.5104938757826822 0.0019550183334569823 0.999976605 0.006555000731071514 -0.598294523817853 0.9969479697926427 -0.001437431 -0.07805561800749809 147.60077213507418
227 -0.07922571028812739 0.007853389 -0.996825767540112 -1.6065792436613289 0.0015421983086822582 0.999968736 0.007755580257670705 -0.6160550258247808 0.9968555100830069 -0.000922862 -0.0792353450381574 148.66322756614352
228 -0.07900553308967154 0.00808132 -0.9968414207822069 -1.703376948991096 0.001205576790150922 0.999967184 0.008011110715445044 -0.668805620183565 0.9968734486472254 -0.000568847 -0.0790126837009996 149.79098732166614
229 -0.07880192542562144 0.007714252 -0.996860444885633 -1.7754155885535905 0.0010968805174025507 0.999970124 0.007651608124778001 -0.667872928632244 0.9968896893381377 -0.000490475 -0.07880803351482338 150.76433184394062
230 -0.08408271073302817 0.007691122 -0.9964290963721019 -1.8421318709654952 0.0012328334506836293 0.99997025 0.007614423366178459 -0.6797568633706601 0.9964580162916817 -0.00058819 -0.08408969144685219 151.78788462250375
231 -0.08961579345950699 0.007049866 -0.9959514593439275 -1.924586308697771 0.0014845414486629894 0.999974783 0.0069447663248600805 -0.7005293784688822 0.9959753039605265 -0.000856171 -0.08962399968660852 152.89766661645615
232 -0.09547969196925774 0.007281648 -0.9954047446262909 -2.018478074714424 0.00201878391480118 0.999972605 0.007121419945793677 -0.6968076365947071 0.9954293310861362 -0.001329556 -0.09549177628315138 153.93344727845795
233 -0.09564425008775218 0.006355918 -0.9953952877881488 -2.084482010363515 0.001761899099330514 0.999979129 0.006215892754775482 -0.7229306628742578 0.9954140210738672 -0.001159271 -0.09565345263800677 154.97782408752636
234 -0.09553282578738154 0.006719709 -0.995403598925394 -2.1392858209133765 0.0018777870776035262 0.999976652 0.0065703616994519575 -0.736014102130484 0.9954245090228763 -0.00124147 -0.0955432137729555 155.9488988830094
235 -0.09557177369719384 0.006159471 -0.9954034843255517 -2.223553172250866 0.0013024639580449745 0.999980773 0.006062741415680107 -0.7515003484009002 0.9954216897436798 -0.00071705 -0.09557795899353155 156.92471931345105
236 -0.09574902969122627 0.00600591 -0.995387387607909 -2.319501507491048 0.0006779055679732805 0.999981959 0.005968422620204087 -0.7705866543790463 0.995405275804571 -0.000103308 -0.09575137318289084 157.99223709023644
237 -0.09551150941174857 0.005943413 -0.9954105820445542 -2.399607764416602 0.0005562664099025179 0.999982338 0.005917334830182264 -0.770757278556268 0.9954281705079722 1.146e-05 -0.09551312917950842 158.9839055937697
238 -0.09558585049887172 0.006272481 -0.9954014275049239 -2.473647714876898 0.00042705978728148505 0.999980313 0.006260325402397154 -0.7953175744731682 0.9954210984178183 0.000173303 -0.09558664731685508 159.88713133645842
239 -0.09572129876211224 0.006946071 -0.9953839388771083 -2.556552828854127 0.000978393010984816 0.999975826 0.00688402650828983 -0.796639838694442 0.9954076936367703 -0.000314929 -0.0957257799635582 160.88385777376
240 -0.09549066800742893 0.006611971 -0.9954083652997717 -2.6243230981049983 0.0010604408387130918 0.999978048 0.006540595774048224 -0.813107466359902 0.995429760468526 -0.000431006 -0.09549558333244074 161.80198043484518
241 -0.09550381113516992 0.007186263 -0.9954031243107679 -2.702437593817904 0.001872291959833851 0.999973469 0.007039622066830755 -0.803557452242877 0.9954273033154544 -0.001191375 -0.09551473179139429 162.72604370155076
242 -0.09548808788700255 0.006844364 -0.9954070425995231 -2.7870481420184525 0.0018486494927934171 0.999975856 0.006698439896193339 -0.8254625572493579 0.9954288560838471 -0.001200538 -0.09549843589891994 163.744548293986
243 -0.09581960978697468 0.007381742 -0.9953713442112379 -2.8417297937626937 0.002414823038234958 0.999971283 0.007183392616439928 -0.8126112612398946 0.9953957857106297 -0.001715336 -0.09583468348633728 164.63152715740836
244 -0.09622522346608953 0.006822681 -0.9953362030024567 -2.9069150205071645 0.001969640238221407 0.999975855 0.006664066559196729 -0.8364604523652461 0.9953576374482005 -0.001319203 -0.09623633830669409 165.6127369278798
245 -0.09658058253992811 0.00635696 -0.9953048676105911 -2.967032438588126 0.0016413832098418416 0.999979262 0.0062275414661056485 -0.8540448148409618 0.9953238149968647 -0.001032217 -0.09658901381945142 166.50966780352783
246 -0.09680766895399387 0.005667998 -0.9952869678671762 -3.049002590238128 0.001699851586356279 0.999983268 0.005529404274985421 -0.8775689605865067 0.9953016555960006 -0.001156551 -0.0968156841539279 167.36573752467388
247 -0.09723075650893054 0.006327428 -0.9952417516384102 -3.145366193786598 0.0024342199171374706 0.999978312 0.006119728335570155 -0.8807001424048642 0.9952588880058806 -0.001827611 -0.09724404973193795 168.31610128411296
248 -0.09755282886835173 0.005775823 -0.9952135873933867 -3.20985707518921 0.0023674640220750485 0.999981677 0.005571431636955193 -0.885421391951732 0.9952275323882943 -0.001812624 -0.09756471542639138 169.1906804362127
249 -0.09766871500819904 0.005966199 -0.9952010981298407 -3.2833157855840103 0.0029040090904134896 0.999979482 0.005709846806528948 -0.899219945858708 0.9952147453192574 -0.002332399 -0.09768403736461126 170.0036558887964
250 -0.09772580261585717 0.005845189 -0.9951962126394786 -3.3625507888792727 0.003693595160655987 0.999977995 0.005510571911610325 -0.9051816544933282 0.9952065235219567 -0.003137326 -0.09774524203764692 170.9099894896708
251 -0.09761962108833352 0.006361379 -0.9952034683344545 -3.430600656266742 0.004371282665051423 0.999972666 0.005963084586880093 -0.9145091249015147 0.9952141988445046 -0.003768202 -0.09764476023458124 171.72621662709992
252 -0.09719325854977902 0.006804034 -0.9952422701872684 -3.4927396136422884 0.004876176956975408 0.999967885 0.006360144071516151 -0.931170982638053 0.9952535820553311 -0.004234815 -0.09722331554009625 172.63711073377755
253 -0.09743250369518874 0.007970369 -0.995210219349895 -3.563282579738314 0.0052702101860409795 0.999958043 0.007492432705088642 -0.931651128693066 0.9952281806953509 -0.004514961 -0.09747042093685285 173.40634652889568
254 -0.09733870104132382 0.007792485 -0.9952208064409148 -3.6216185951125666 0.0053338767450333184 0.999959071 0.007307899554169773 -0.9424673736442819 0.995237020793422 -0.004597043 -0.0973762806855847 174.17743297840386
255 -0.09734916236830324 0.008266245 -0.9952159616893168 -3.697773127329492 0.004853129117857857 0.999957561 0.007830909343920809 -0.9518899443736362 0.9952384576339836 -0.004067579 -0.09738514786984959 175.03963339039467
256 -0.09719616122751766 0.008290131 -0.9952307168843735 -3.7614247035991144 0.004544786654997541 0.99995858 0.007885661184857506 -0.9541792301584398 0.9952548673311852 -0.003756655 -0.09722981223607302 175.8112613897843
257 -0.0971920198754998 0.008658455 -0.9952279854461961 -3.829768523135789 0.004041020492483871 0.999957348 0.008304962060147261 -0.964123829373958 0.9952574444103428 -0.003214561 -0.09722286306018302 176.5814980813932
258 -0.09727925577009572 0.00890572 -0.9952172798198984 -3.8950261838431164 0.003884161168095888 0.999955746 0.008568458358897066 -0.9839102150727044 0.9952495464350138 -0.003032051 -0.09730954174415943 177.39725191443435
259 -0.09735489931908015 0.009979655 -0.9951996934846191 -3.9535429038304706 0.0037206849072397357 0.999946387 0.00966327981967864 -1.0023440581743712 0.9952427746706478 -0.002762057 -0.09738681148778375 178.12035333743927
260 -0.09728046333665458 0.00991955 -0.9952075732723679 -4.006887190397973 0.004231779684442546 0.999945413 0.009553121126699239 -0.9977718127055659 0.9952480113439244 -0.003282167 -0.09731713050433627 178.8426621707519
261 -0.09736312489938516 0.010504507 -0.9951934870514094 -4.071249375498299 0.004494321110702297 0.999938743 0.010114900029003237 -1.0035410790711992 0.9952387770589122 -0.003487901 -0.09740437189540183 179.65508913209396
262 -0.09716626642216314 0.010704189 -0.9952105991063014 -4.120409309175048 0.004768555511664982 0.999935692 0.010289437191967767 -1.0072581303506603 0.9952567393384758 -0.003745931 -0.09721106068950722 180.37557008669833
263 -0.09718051492272653 0.010913487 -0.9952069351720534 -4.177150405082678 0.005048700956363193 0.999932418 0.010472309119660973 -1.0077788626779598 0.9952539662642804 -0.004006798 -0.09722904621199374 181.1416364909329
264 -0.09715816604698857 0.010834399 -0.9952099808075301 -4.225738450861631 0.005501934100982806 0.999931315 0.010348666665092876 -1.0014523186047497 0.9952537465453783 -0.004470122 -0.09721110299899371 181.8158960603698
265 -0.09719210931120656 0.011190656 -0.9952027248345614 -4.275329259038831 0.0053017815952132764 0.999928419 0.010726019022548803 -1.002601558411156 0.9952515188189904 -0.004233863 -0.09724448311599994 182.48972105599478
266 -0.09732200558858173 0.011257739 -0.9951892732873714 -4.335540997777336 0.004592713340560933 0.999930457 0.010862239145890393 -1.0209985220464008 0.9952423497534573 -0.003513484 -0.09736694185866314 183.2534759993754
267 -0.09717838539285278 0.01083215 -0.9952080310169891 -4.380163409005462 0.004055988901069361 0.999936778 0.010487566733523425 -1.0323980773042147 0.9952587156841444 -0.003017388 -0.09721617689217953 183.92476528188698
268 -0.09710596013607169 0.010424482 -0.9952194544158512 -4.444458697586685 0.0035710642534890714 0.999942359 0.010125514126133774 -1.0521212942322444 0.9952676425986349 -0.002570745 -0.09713758957452712 184.63030225473253
269 -0.0968991996292923 0.01069042 -0.9952367861225114 -4.479244629516815 0.00442118610971067 0.999937072 0.010310448454281291 -1.062397954830119 0.9952843806597453 -0.003401053 -0.09694036589400618 185.32481184433726
270 -0.09685753406047057 0.010145728 -0.9952465439613527 -4.512610946231792 0.005386690915714238 0.999938742 0.009669327305386022 -1.0677476628532683 0.9952836786052837 -0.004424539 -0.09690625197632415 185.9247474899923
271 -0.09699401557692003 0.010436492 -0.9952302452739138 -4.576981487441713 0.005192666350930894 0.999936718 0.009979774231233593 -1.0547671465550543 0.9952714193061126 -0.00419992 -0.09704207041936572 186.51825626388
272 -0.09716992550880046 0.010835965 -0.9952088163782902 -4.650791483198559 0.004532815988675221 0.999935177 0.01044485218441962 -1.0574607155820428 0.9952574834798544 -0.003496173 -0.09721274406885726 187.19783786359625
273 -0.09702785169563521 0.010538615 -0.9952258709779928 -4.688614156270951 0.004863921979355013 0.99993702 0.0101143023673473 -1.0855588962078924 0.9952697819753076 -0.003859332 -0.09707300076725159 187.76245755170396
274 -0.09686503064768291 0.011138843 -0.9952351941116024 -4.73303604849867 0.006024794878810907 0.999925616 0.010604953289456527 -1.089883781313081 0.9952792910714522 -0.004968839 -0.0969249347077207 188.41225209878326
275 -0.09676133281648318 0.011966088 -0.9952356795398847 -4.774046721922684 0.0072449413149730645 0.999909704 0.01131789926655898 -1.0917952446665 0.9952812440130538 -0.00611529 -0.09683928863034474 188.96977577205934
276 -0.09704443920381213 0.012895627 -0.9951965033200111 -4.827951045431771 0.008320681949214015 0.999891626 0.012145091856614344 -1.097189192377288 0.9952452681735144 -0.0071021 -0.09714122257012982 189.52153565685168
277 -0.09706472682888366 0.012396215 -0.9952008701397044 -4.878356473443686 0.009609560601039869 0.999887497 0.011517344988405934 -1.0965952361649527 0.9952316792869877 -0.008445515 -0.09717292929253711 190.1573687072219
278 -0.09701495985834185 0.013220805 -0.9951951102786158 -4.906552662928035 0.010539330603091986 0.999869354 0.012255491617941474 -1.0840552781994202 0.9952271201209167 -0.009299724 -0.09714162446746719 190.69614027521115
279 -0.09684221362932957 0.013186249 -0.9952123935553162 -4.929803652954442 0.01010297831575825 0.999873743 0.01226490860229984 -1.111140368667261 0.9952484689546643 -0.008866849 -0.09696320652331462 191.22830016584211
280 -0.09685941943558585 0.013240968 -0.9952099926482708 -5.000427851444465 0.009359303326415276 0.999879411 0.012392193846494893 -1.1177283765052546 0.9952540663564545 -0.008114171 -0.09697166560540883 191.83479766688558
281 -0.09696644907961638 0.012211713 -0.9952127322146527 -5.066438707250482 0.008423469584483463 0.999898983 0.011448492570066287 -1.128841885106006 0.9952520044510796 -0.007273024 -0.09705951883383887 192.35128720859169
282 -0.09709898588461338 0.012662664 -0.9951941743896553 -5.132386085125818 0.007809802513516692 0.999897971 0.011960528910999439 -1.131539639487157 0.9952440872013503 -0.006610915 -0.09718797206833708 192.86379635262338
283 -0.09697250322898802 0.01222701 -0.9952119545678978 -5.178546414978764 0.007315961089247582 0.99990628 0.011571823766710383 -1.136484538944392 0.9952601721813953 -0.006158784 -0.09705286784486224 193.45284405925304
284 -0.09695738393855323 0.01140932 -0.9952231376776963 -5.219891853628646 0.006592865981027416 0.999919718 0.010820866729794033 -1.146334444835478 0.995266697763744 -0.00551221 -0.09702482052602263 193.9533580584698
285 -0.09716396160024496 0.011409281 -0.9952029909645399 -5.27308987761579 0.006032729446782344 0.999922674 0.01087439995098811 -1.153866901106304 0.9952501041249431 -0.004947191 -0.0972252775194653 194.53002221486594
286 -0.09705215223746966 0.011484141 -0.9952130391251189 -5.319179808964421 0.0067840372233826385 0.999917832 0.010876859165163616 -1.1610833253907855 0.9952561758576427 -0.00569594 -0.0971220869479014 195.02344818645008
287 -0.09710248034353962 0.011683393 -0.9952058108490343 -5.368805859997217 0.007967140489895847 0.999908184 0.010961241787154598 -1.1580372315602532 0.9952424999126003 -0.006864581 -0.09718664746761221 195.50706377695408
288 -0.09839209128896377 0.012296393 -0.9950717535364918 -5.418974354321871 0.00922240052444667 0.999891985 0.011444052985740095 -1.16224142039232 0.9951049909081449 -0.008050946 -0.09849486576408092 196.0655938451026
289 -0.09974834360832607 0.012874197 -0.9949294062829764 -5.463446502976732 0.009945392212051816 0.999879242 0.011941154328010796 -1.1783311776001844 0.99496299252929 -0.008703852 -0.09986433673848714 196.5320244728207
290 -0.10083913729863965 0.012610555 -0.994822819259005 -5.500351430395145 0.010668873693099866 0.999875879 0.011593170557431243 -1.1936358149058 0.9948455374584104 -0.009444594 -0.10096116104486051 196.9872418272251
291 -0.10203719389608182 0.012906672 -0.9946968525755766 -5.54859402709087 0.011048068979996644 0.999868863 0.011840456533733648 -1.1912214974883408 0.994719232349517 -0.009781312 -0.10216640601719815 197.53930095870004
292 -0.10313262202401527 0.012791396 -0.9945853625044911 -5.587618584739612 0.010526151418809939 0.99987535 0.011767931855693697 -1.209331355220169 0.9946119152904418 -0.009255498 -0.10325441122143553 198.01094078184443
293 -0.10312961071392601 0.012956451 -0.9945835381327804 -5.637699246565981 0.009940229836394494 0.999878652 0.01199471555041497 -1.222969156478986 0.9946182558036751 -0.008649379 -0.10324588623964685 198.58258149518426
294 -0.10314793355731011 0.013080924 -0.994580008909244 -5.680913224552235 0.010116439499536107 0.999875599 0.012101396293690357 -1.216446374359075 0.994614579563489 -0.008813375 -0.10326743419099493 199.07429037511687
295 -0.10316528082309553 0.012129554 -0.9945902667920444 -5.729870605090478 0.010493578635442575 0.999883268 0.011105643407366732 -1.228115315999529 0.9946088727703616 -0.009291094 -0.10328052026285837 199.56224431004813
296 -0.1031788164971818 0.012670499 -0.9945821182810024 -5.785231444556507 0.011714178533756954 0.999864995 0.011522561205675573 -1.222023695590217 0.9945938413603744 -0.010461828 -0.103313311468166 200.12119359853725
297 -0.10310247363748859 0.013016344 -0.9945855697824626 -5.831983096710414 0.011928711517068659 0.999858646 0.011848778781081306 -1.2381230855126368 0.9945992089009212 -0.010642486 -0.10324316724750933 200.60051821482287
298 -0.10316705651341825 0.01250938 -0.994585377805936 -5.876244192614797 0.012013687167746739 0.999863646 0.01132960250964553 -1.245126430031096 0.9945914886840328 -0.010779796 -0.10330327243295002 201.09343987202584
299 -0.10339437169783666 0.01270987 -0.994559230995795 -5.9289800933330294 0.011789406667284496 0.999863771 0.011552033191365616 -1.2592763865148389 0.9945705679262281 -0.010530848 -0.10353012834753145 201.6538579911996
300 -0.10318117212484704 0.012376437 -0.9945855769314945 -5.967045095572773 0.01212819943711093 0.999863904 0.011183905517196672 -1.259548360659316 0.9945886350404451 -0.010908564 -0.10331723298318124 202.13281801207216
301 -0.10318012810168745 0.012802102 -0.9945802969916842 -6.002045263283216 0.013231197821548224 0.999846363 0.011497250327952485 -1.252470796665551 0.9945746808419728 -0.011973201 -0.10333366262710572 202.61518921463636
302 -0.10306320732267651 0.012937219 -0.9945906715623577 -6.038412686350159 0.013855758297826672 0.999837067 0.011569676768108448 -1.256446531364467 0.9945782991454236 -0.0125884 -0.1032256699064957 203.1564892561412
303 -0.10294093346104483 0.012194196 -0.9946127214558835 -6.082365063369561 0.014178812522733087 0.999841247 0.01079081337773485 -1.250136042262951 0.9945864095297509 -0.012991611 -0.10309749058470319 203.66339827469187
304 -0.10302961380782633 0.011994097 -0.9946059722117732 -6.135846954796999 0.013780839294908883 0.999848537 0.010629783457629804 -1.2583357621105271 0.9945828205704397 -0.012611322 -0.10317929794066466 204.2246451111939
305 -0.10287263343880336 0.011288753 -0.9946304770645 -6.177048739565376 0.013585373684592995 0.999858277 0.009942979186084678 -1.2624146028778302 0.9946017592642685 -0.012489566 -0.10301141546656944 204.70394279772836
306 -0.1029537520931612 0.011679221 -0.9946175747883839 -6.2224969536225 0.013935851740195593 0.999849859 0.01029814827923489 -1.256338371321119 0.9945885165626155 -0.01280061 -0.10310105468767737 205.16876814868598
307 -0.1030828964466961 0.011431269 -0.9946070790041318 -6.273346299986041 0.013443831615024646 0.999858634 0.010098283310692058 -1.268633219063934 0.9945819121394734 -0.01233037 -0.10322200438170802 205.68825298881268
308 -0.10298270232746223 0.010929489 -0.9946230992172034 -6.320130637913586 0.012582972539650595 0.999873933 0.0096843544633294 -1.283734203147077 0.9946035550963537 -0.011517994 -0.1031072455664767 206.19022604362078
309 -0.10300184042328542 0.010907923 -0.9946213541296172 -6.369484952561965 0.011882421445112028 0.999882011 0.00973508579410694 -1.2954961826550244 0.9946101896113207 -0.010815778 -0.10311930015507129 206.6871136001381
310 -0.10303702116655172 0.011397322 -0.9946122226368023 -6.422763943915972 0.011424840472267122 0.99988195 0.010274149423108229 -1.303730512323222 0.9946119066559962 -0.010304668 -0.10315507000647034 207.24097041094623
311 -0.10305927084135368 0.011025587 -0.9946141072111424 -6.470323298670859 0.01101210626275022 0.999889929 0.009943025258352884 -1.310726600617932 0.994614256852581 -0.009928075 -0.10316934175898608 207.72707004361095
312 -0.10313201444421496 0.010882159 -0.9946081474248253 -6.5233898566055935 0.010999636809728718 0.999891484 0.00979940039598373 -1.308845150519491 0.9946068543620098 -0.009929697 -0.10324052284555126 208.2691441672509
313 -0.10316116088903321 0.01105282 -0.9946032422260072 -6.569093147745161 0.010866623728109901 0.999891107 0.009984486918277167 -1.3174812495712571 0.9946052946017983 -0.009777968 -0.10327003499610467 208.7759174541023
314 -0.10314827988788283 0.010626146 -0.9946092282262673 -6.6140608478666945 0.01072553169991287 0.999896681 0.009570318638528504 -1.3258067701973029 0.9946081613510291 -0.009680551 -0.10325159351553295 209.27878237601462
315 -0.10308889236131205 0.010495399 -0.994616774206738 -6.662767081137186 0.011323452064567504 0.999891916 0.009377422772045788 -1.3198666632467468 0.9946076910190353 -0.010295788 -0.10319659458007358 209.83796785350714
316 -0.10316527485611146 0.01006902 -0.9946132620054454 -6.709528958962005 0.011072814675058237 0.999898425 0.008974007595699036 -1.3297478075623308 0.994602593057591 -0.010087362 -0.1032662883960538 210.33221752463334
317 -0.10314832718852648 0.01019522 -0.9946137337040326 -6.753962205736439 0.010383150869856798 0.999904022 0.009172643226002253 -1.348313330663318 0.9946117899656828 -0.009381082 -0.10324428573189925 210.82310422635607
318 -0.10426641601159115 0.010435589 -0.9944946518836247 -6.8080121272842495 0.009985254795610755 0.999905534 0.009445476721163281 -1.362583015372616 0.9944992757486575 -0.008945436 -0.10436076855256468 211.42413284647117
319 -0.10558331708875539 0.010464486 -0.9943553983170426 -6.859777500879122 0.009946791586137317 0.999905717 0.009466720671018702 -1.368616996651413 0.9943607114137399 -0.008891118 -0.10567745034921354 211.96190199849065
320 -0.10700927198812833 0.009228381 -0.9942151939198204 -6.912903665158494 0.009972431579020724 0.999916587 0.008207950078257009 -1.374521527554008 0.9942080093863055 -0.009036416 -0.10709237507227792 212.49625413504236
321 -0.10827068838084936 0.009061928 -0.994080147801608 -6.967303192013724 0.009819841533685564 0.999919416 0.008045625484191516 -1.384842956083322 0.9940729496657642 -0.008890604 -0.10835095010785153 213.08477742788472
322 -0.10954896939808324 0.009541771 -0.9939356002176611 -7.017729257042859 0.0102882593183576 0.999911242 0.008465191536987451 -1.382491925786154 0.9939281536045315 -0.009298514 -0.10963741422769978 213.61215456037033
323 -0.1096005835188027 0.009483453 -0.9939304688933172 -7.074804154488355 0.010354212970519734 0.999911122 0.00839875841655122 -1.390278879086391 0.9939217789850788 -0.009370859 -0.10968903622134933 214.22008098367783
324 -0.10951666076459499 0.009233705 -0.9939420707610557 -7.122878858617925 0.010544539399602433 0.999911376 0.008127318031641002 -1.3945915456217959 0.99392902822791 -0.009590584 -0.10960432010657942 214.76800137823898
325 -0.10940796315742124 0.009790792 -0.9939487104127465 -7.171394460003754 0.010812833531492688 0.999904045 0.00865924189513178 -1.39538631248811 0.9939381169391805 -0.009800012 -0.1095033307398264 215.31248997501973
326 -0.10938824152873335 0.009806174 -0.993950728988286 -7.227163350849735 0.010647172732375141 0.999905529 0.008693159338123296 -1.405574980333298 0.9939420759342642 -0.009631835 -0.10948231460675834 215.9101430524691
327 -0.10939030118236782 0.009274032 -0.9939556099401792 -7.277225341691127 0.010990325954211245 0.999906635 0.008120010909979044 -1.4066923552623452 0.9939381140203203 -0.010035646 -0.10948201330645888 216.44852159968983
328 -0.11021254313385596 0.009066498 -0.9938666882037644 -7.335794565870444 0.011057629484356906 0.999907692 0.007895396591763951 -1.4119537536244948 0.993846529601284 -0.010119638 -0.11030262363817869 217.0305703367037
329 -0.11110515126550613 0.00915269 -0.9937665086565602 -7.39957218146765 0.010887035589610674 0.999908795 0.007992067852910383 -1.4228504791262169 0.9937490217875925 -0.009931212 -0.11119466347590619 217.66556685821325
330 -0.11186998894210906 0.008780802 -0.9936840563091426 -7.456287688143203 0.010779283683179361 0.99991285 0.0076223007470013395 -1.432295297643979 0.9936643866138449 -0.009858495 -0.11195488980044925 218.24298184417515
331 -0.11254723924049465 0.008954267 -0.9936060283067852 -7.51584369204576 0.010921731626797009 0.999910137 0.007773958154734753 -1.4378081630387363 0.9935863495042291 -0.009976961 -0.11263492103344479 218.87301389691845
