75 0.1627980099851666 0.00339538 -0.9866535766388191 11.094817580050956 -0.0026087479641276703 0.999992065 0.0030108378847433373 -1.365598833110204 0.9866559694433957 0.002083772 0.1628055752525947 153.67127929613716
76 0.16238437508908218 0.003471954 -0.9867214702190042 11.191724942508824 -0.0014411931028993144 0.999993577 0.0032814773708437247 -1.344688635308478 0.986726525872224 0.000889195 0.1623883353587096 154.10227486962498
77 0.1615654164597314 0.001672982 -0.9868605864063159 11.284465539816976 0.0014463499060549836 0.999997088 0.0019320434763666007 -1.25475004173337 0.9868609444976831 -0.001739497 0.1615625257477823 154.63690619322
78 0.16045110426516085 -1.0232e-05 -0.9870437897839284 11.347355193140407 0.0026625350994068497 0.999996366 0.000422448174358179 -1.227156491259208 0.9870401991182618 -0.002695821 0.16045054814280815 155.03262016636936
79 0.1592313241067479 -0.001402558 -0.9872403040008292 11.403310280980993 0.0009579914781800817 0.99999874 -0.0012661694607165907 -1.3138157265722814 0.9872408351747475 -0.000744154 0.15923246743840072 155.41375077520487
80 0.1579526797996733 -0.001212702 -0.987445937844244 11.470432864792127 -0.0012584845122692396 0.999998186 -0.001429425526055644 -1.413683250289373 0.9874458809268464 0.001468467 0.15795086776506825 155.89007684736245
81 0.15765488820137355 -0.000829772 -0.9874939228086459 11.565564587440504 -0.0023649533828324 0.999996462 -0.0012178454391685292 -1.4376061222237297 0.9874914391606064 0.002527377 0.15765236832490515 156.36822367481074
82 0.15724317682708144 -2.8346e-05 -0.9875599132717064 11.653442649936778 -0.002897583690107818 0.999995682 -0.0004900674234124935 -1.4389583838339663 0.9875556625963086 0.002938597 0.15724241563416144 156.83156309029528
83 0.15694976777171016 0.000539073 -0.9876064399497773 11.758145387299372 -0.003641386851711075 0.99999337 -3.285256310711978e-05 -1.4544009067099648 0.9875998738339719 0.003601413 0.15695068958146888 157.38514595324585
84 0.1563756653453508 0.000501861 -0.9876975240945911 11.833975157290242 -0.004033806379251306 0.999991856 -0.00013053816556269368 -1.4562031107680482 0.9876894148124875 0.004004593 0.1563764164996384 157.81323397482163
85 0.1557346437609582 0.000813909 -0.9877985918545638 11.919264837333202 -0.004103196451350774 0.999991566 0.0001770531265592643 -1.448920113926198 0.9877904047462538 0.004025558 0.15573667018305604 158.3371420018231
86 0.1590710705016803 0.000157977 -0.9872671213641759 12.010702416573698 -0.004270528290870413 0.999990742 -0.0005280660109242337 -1.473208565610038 0.9872578978864774 0.004300152 0.15907027242640343 158.80088355943226
87 0.16210032110494338 1.9559e-05 -0.9867742825159804 12.08961949739988 -0.004811918262071804 0.999988126 -0.0007706474628984823 -1.5081799524578399 0.9867625510349105 0.0048732 0.16209849059192616 159.25334275890685
88 0.1654269992586375 -0.000140139 -0.9862220280942557 12.191633567399272 -0.004143752655343785 0.999991064 -0.000837160638332526 -1.5192600488098997 0.9862133325807761 0.00422515 0.16542493980960235 159.8015818746745
89 0.16850039182449694 -0.000168819 -0.9857015723499848 12.27018576311136 -0.002872299877878465 0.999995656 -0.0006622718395072804 -1.4998169643155659 0.9856974020021685 0.002942824 0.16849917564519631 160.23621713173512
90 0.17180355834269379 1.9092e-05 -0.9851312283901937 12.370661245524074 -0.001888479144608625 0.999998169 -0.00030996369508101457 -1.4813159205663968 0.9851294179757395 0.001913653 0.17180327957306885 160.76257460278362
91 0.1686289638181222 0.00074333 -0.985679318669486 12.473628371152998 -0.0017668849500935763 0.999998337 0.00045185191844764776 -1.486439919761601 0.9856780161418025 0.001665386 0.16862999703766973 161.2288350462415
92 0.16533826331191684 0.001026326 -0.9862363838461076 12.570282785351976 -0.0020306002716528933 0.999997693 0.0007002245828455294 -1.506640489974362 0.9862348272487482 0.001886878 0.16533996673014534 161.6856667422348
93 0.16220511332476414 0.000615678 -0.9867568710320409 12.7021713324313 -0.003287396891962572 0.999994593 8.354918319660373e-05 -1.516087461702661 0.9867515867190231 0.003230309 0.16220625989439913 162.2314344342788
94 0.15887136880624209 0.000469829 -0.9872991779104323 12.783302416584725 -0.00459907864879203 0.999989389 -0.0002641929754521948 -1.4723263938822657 0.9872885783807788 0.004582639 0.1588718436589807 162.68037147188397
95 0.15582781205347737 0.000259587 -0.9877841997569052 12.88571508625763 -0.0048601750195417775 0.999988062 -0.0005039231397575248 -1.4254995996937567 0.9877722772880961 0.00487933 0.15582721332274124 163.22381404334575
96 0.1571244834888536 5.332e-06 -0.9875788052159614 12.98513814799896 -0.004835045622232813 0.999988019 -0.0007638598323889779 -1.4455990066606934 0.987566969209767 0.00489501 0.15712262720591025 163.6419438103193
97 0.15848513684403956 -0.000749682 -0.9873610781124456 13.081014208208812 -0.004821855686840677 0.999987199 -0.0015332432589420443 -1.440907246100857 0.9873495895379979 0.005003908 0.1584794934780969 164.1209613288625
98 0.15942962208173045 -0.001214895 -0.9872085486964212 13.194038534835794 -0.005358612535235633 0.999983446 -0.0020960075917938713 -1.4556706387436849 0.9871947532035003 0.005624234 0.15942047246862007 164.62008717642865
99 0.1603153960181672 -0.001074194 -0.9870652563746276 13.287677272382185 -0.006369535056454697 0.999977461 -0.0021227617519664474 -1.4852504782744091 0.9870452892969549 0.006627459 0.1603049407109402 165.01915486557786
100 0.16136178381965896 -0.001027205 -0.9868947862527636 13.402910676327672 -0.00693723716373599 0.999973572 -0.0021750882092941015 -1.4961860526639201 0.9868709387890395 0.007197299 0.16135039259268708 165.5074402656436
101 0.1620716246925802 -0.001216241 -0.9867782473110968 13.49095017991283 -0.007059257243244035 0.999972222 -0.002391938051752936 -1.494339428502766 0.9867537462372888 0.007353587 0.16205853665547548 165.89648449364185
102 0.1627062797297935 -0.001210396 -0.9866738067164088 13.57784176032082 -0.007060856481317868 0.999972213 -0.0023910717147612856 -1.494756599510055 0.9866492841082344 0.007355804 0.16269321253995328 166.28161947648675
103 0.17659035103286042 -0.000291343 -0.9842843908818231 13.682016622735723 -0.007881560667318929 0.999967478 -0.0017100154280123357 -1.515927114725674 0.9842528789168916 0.008059669 0.1765823125721143 166.91814688529564
104 0.19066354754088033 3.3741e-05 -0.981655443992688 13.774576204363045 -0.008237417240868843 0.999964846 -0.0015655546470688124 -1.5327429103259698 0.9816208818059388 0.008384799 0.19065712280772623 167.45371537613616
105 0.19382740681787936 0.000352673 -0.9810355809280968 13.876462813474632 -0.007109989599839951 0.999974177 -0.0010452702410074315 -1.551147289993827 0.9810098803326681 0.007177755 0.1938249087723221 168.04507904439524
106 0.19749985297448322 0.000615002 -0.9803027240180997 13.97475664108814 -0.0048080674077991175 0.999988383 -0.00034132136482334976 -1.53988623766079 0.9802911254992684 0.004780773 0.19750051571569968 168.53148103792512
107 0.2012500194611341 0.000388341 -0.9795398297379753 14.07202506512711 -0.0035662832019566536 0.999993584 -0.00033625526759710055 -1.5604161649235841 0.9795334152610052 0.003560988 0.2012501134355938 169.00844993671677
108 0.2004662752123768 -0.000739366 -0.9797003249909166 14.200882253692866 -0.0024568777471406828 0.999996191 -0.001257409593488901 -1.566997874315194 0.9796975232364056 0.002659072 0.20046369492854368 169.62211413030218
109 0.19971421459273409 -0.001694486 -0.9798527242727512 14.31283684339853 -0.001928558320686954 0.999995888 -0.0021223997584088905 -1.5840811661005654 0.9798522914209825 0.002313577 0.1997101253252757 170.1313447057361
110 0.1991208486218656 -0.002678515 -0.9799712813701873 14.444484916858345 -0.001111114582668496 0.999995005 -0.002959013316289978 -1.587225522107534 0.9799743126217834 0.001678062 0.19911687770109568 170.71091914337285
111 0.19833962916596143 -0.003696119 -0.9801263849755326 14.551114958238172 -0.001568065077414637 0.999990413 -0.004088343680619528 -1.6205156852812441 0.9801320991848265 0.002347782 0.19833193245834413 171.1903995405945
112 0.1974697016941744 -0.004325582 -0.9802994477101057 14.652944976575068 -0.0014823563502494583 0.999987804 -0.004711060362971706 -1.6420249525546122 0.980307869994279 0.002383445 0.1974608804118808 171.6555337599058
113 0.19383096568360011 -0.005817551 -0.9810176920580453 14.770269308025988 -0.0010627804523889997 0.999980585 -0.0061399891692645375 -1.6580016691292538 0.9810343662075783 0.002232727 0.1938210196710148 172.23805280760092
114 0.189754145001818 -0.006207464 -0.9818120149862257 14.857977130022375 -0.0007747868615072199 0.999978756 -0.006472064365336751 -1.674366645798204 0.9818313322055652 0.001988797 0.18974530412165833 172.72309294465668
115 0.18592348877451334 -0.006006613 -0.9825458651121787 14.959446098186472 -0.0004428561705528834 0.9999807 -0.006196997619943325 -1.692222693989908 0.9825641253082483 0.001587294 0.18591724052415828 173.27073956799896
116 0.18191984202424766 -0.00549485 -0.983298010400097 15.040242558385641 -0.0006397723718779646 0.999983513 -0.005706455480590876 -1.7142741162309438 0.9833131552799015 0.001667205 0.18191332767295926 173.71988461280984
117 0.17785692841751985 -0.005484865 -0.9840410711173688 15.11616237209943 -0.0010392258534465296 0.999982862 -0.005761553233847739 -1.7421291494614504 0.9840558074074791 0.002047373 0.17784818009546435 174.15143019948857
118 0.2029972144731232 -0.004739625 -0.9791678437136241 15.261952137113093 -0.001141760097214498 0.99998646 -0.005077102820369974 -1.75511240885351 0.9791786497453085 0.002148612 0.20298905396650702 174.7349435220558
119 0.2035304950953814 -0.004252075 -0.9790593742457447 15.352068191855853 -0.0014172348083556236 0.999988242 -0.0046375895188477175 -1.772656553640236 0.9790675813859496 0.002331448 0.20352207562326863 175.238776389854
120 0.20410080799483438 -0.00349913 -0.978943622661824 15.452577642959401 -0.0016836842805129652 0.999990878 -0.003925394096019601 -1.7876191695184218 0.9789484287046928 0.002449408 0.20409305509950793 175.78873864218002
121 0.20456703424263828 -0.003603858 -0.978845923148127 15.531355982851863 -0.0016968803465525247 0.999990414 -0.0040363333363276355 -1.8041660292158561 0.9788510859182912 0.002486685 0.2045589579367852 176.25260309018378
122 0.20493306309256096 -0.003365307 -0.9787702049300441 15.607131113645343 -0.0014999864945646221 0.999991835 -0.0037523383174730843 -1.8116085825331603 0.9787748411184395 0.00223712 0.20492634124890308 176.69277211469026
123 0.2049498756300181 -0.003622011 -0.9787657687060729 15.701286493943737 -0.0009202424545658855 0.999991998 -0.003893255659047393 -1.829508682153984 0.9787720375436707 0.001698624 0.20494490262075082 177.23375289257663
124 0.20495683100159454 -0.002728637 -0.9787672099760144 15.781934167666789 -0.0009107214149068903 0.999995149 -0.002978524986255108 -1.852381677709232 0.9787705904869795 0.001501853 0.20495335166205736 177.69069648341593
125 0.20567079118949208 -0.00338531 -0.9786153812749091 15.882989990492725 -0.00037650367013485737 0.999993669 -0.003538390818225141 -1.882642564374506 0.9786211645270098 0.001096196 0.2056682148781484 178.18924931009022
126 0.20591927570538576 -0.003547916 -0.9785625496457333 15.964668390634957 -0.00014082783048086843 0.99999331 -0.0036552508218488998 -1.9060919430588392 0.9785689712673582 0.000890495 0.20591739823269453 178.60469154146287
127 0.2063249901739419 -0.002861169 -0.9784793367528909 16.05738504700136 -0.0006532236387162065 0.999995099 -0.003061824692334843 -1.944418025689623 0.9784833017580871 0.001270896 0.20632211031859946 179.06480356313511
128 0.20647525739287828 -0.001610943 -0.9784504959835063 16.144031470092738 -0.001553346719439128 0.999996845 -0.0019742086546170085 -1.9699137175226609 0.9784505886199099 0.001927498 0.20647210372636185 179.5128256911941
129 0.20670101337359334 -0.001617367 -0.9784028188512962 16.232127598218938 -0.0028465637559601715 0.999993407 -0.0022544329846768394 -2.007608709176628 0.9784000145411745 0.003251079 0.20669504670301908 179.95351801407983
130 0.20676790819841975 -0.002273683 -0.9783873785245001 16.329750060404407 -0.0045884807308363374 0.999984049 -0.003293580392697836 -2.052839306351464 0.9783792608615361 0.005170318 0.20675417719608916 180.44214801190395
131 0.20678179353910484 -0.002204382 -0.9783846029533537 16.417729482467447 -0.005454450146059834 0.999979324 -0.0034058357261062735 -2.0744745174970953 0.9783718812662393 0.006040815 0.2067654944211544 180.87258846238734
132 0.20724495506579446 -0.002069455 -0.9782868937139769 16.523371457102176 -0.005704981607863118 0.999978202 -0.0033239107507948467 -2.081691789636195 0.9782724477628328 0.006269973 0.20722863184198478 181.3547561642443
133 0.20741476561511318 -0.001248329 -0.978252297217759 16.61061533974551 -0.006284615381923369 0.999976849 -0.0026085516669968776 -2.097849488631099 0.9782329058704007 0.006688992 0.20740211870530778 181.78108913006142
134 0.20728821252509988 -0.000936543 -0.9782794688269565 16.690087677433713 -0.006705129714853673 0.999974693 -0.002378066898723056 -2.122604907479717 0.9782569389467283 0.007052436 0.20727668691613965 182.2099987806765
135 0.20738320587495038 -0.000860544 -0.978259405461357 16.784881999720916 -0.006607021900726481 0.999975573 -0.002280283189974798 -2.133922146673325 0.9782374723173397 0.006936274 0.20737245444813715 182.6839021122796
136 0.20750207790045763 -0.000988078 -0.9782340785010172 16.86994961076275 -0.006771582747691214 0.99997408 -0.00244641925998401 -2.146700298864803 0.9782111390916504 0.00713183 0.2074900087398447 183.10329381376303
137 0.20745514500897216 -0.000524064 -0.9782443912065352 16.962797651376007 -0.00754558383721856 0.999969251 -0.0021358857867421308 -2.1704344146111736 0.9782154302425047 0.007824525 0.20744481112705762 183.56923566415054
138 0.20725484080055043 0.000205428 -0.9782869663857089 17.04098828978936 -0.007457065115251655 0.999971257 -0.001369833911097919 -2.1807278364156 0.978258566636579 0.007579055 0.20725041580085016 183.9839645591968
139 0.20720040014902352 0.000141177 -0.9782985100475259 17.121266938734266 -0.007541513523650459 0.999970507 -0.0014529637938776143 -2.196394580029132 0.9782694518221237 0.007678906 0.20719535398875324 184.39629178417385
140 0.20713004410254293 -0.000399569 -0.9783133370649256 17.21076176498231 -0.008295403153652374 0.999963249 -0.0021647271242258817 -2.2240194420527937 0.9782782488692573 0.008563884 0.20711911698513957 184.85910542880035
141 0.2069408149074093 -0.000797162 -0.9783531381224658 17.289024730913294 -0.008870210956106435 0.999957038 -0.0026909875447519876 -2.244547793452536 0.9783132520183779 0.009235074 0.2069248531270361 185.2675354121509
142 0.20685238400415829 -0.000632908 -0.9783719597749252 17.37751485988217 -0.008923410872252385 0.999956976 -0.0025335043431042193 -2.2587398845585342 0.9783314693176084 0.009254477 0.20683783669199138 185.7256192733779
143 0.20752620947817194 -0.000163517 -0.9782294441439506 17.457454197639798 -0.008864194413711956 0.999958616 -0.0020476413029194627 -2.2746339685781285 0.9781892962453541 0.009096155 0.207516172129753 186.1490951753732
144 0.20808116125387444 -3.5719e-05 -0.9781115622081893 17.544774114122987 -0.008483758214508344 0.999962317 -0.0018413316063444901 -2.2977138850610084 0.9780747700930766 0.008681209 0.20807301684502272 186.5666194167586
145 0.20856051499394332 -0.000666653 -0.97800923694272 17.64135128520604 -0.008323120005811981 0.999962345 -0.00245652216278245 -2.331174778143733 0.9779740474709493 0.008652422 0.20854711274721008 187.03082072694946
146 0.20887430795038844 -0.001882467 -0.9779406826680599 17.72595764446092 -0.008472713607809311 0.999957132 -0.003734498242424532 -2.366797550873491 0.9779057915894308 0.009065852 0.20884940457155948 187.44142809150225
147 0.20916384559779472 -0.002601308 -0.9778771487037973 17.820771785309066 -0.008481227803604807 0.999954024 -0.004474135485568332 -2.4010075642434687 0.9778438295397539 0.009229426 0.2091321673886844 187.89853243981824
148 0.20956931738722404 -0.002353301 -0.9777909607352065 17.916416047231202 -0.008662687546093069 0.99995339 -0.004263308327138217 -2.411394628278842 0.9777554190807237 0.009363756 0.20953916275430282 188.32981709514056
149 0.20965676529236343 -0.001784688 -0.9777734174729651 18.00475768917158 -0.008683995628039246 0.999955495 -0.0036872211127666685 -2.4193654734729932 0.9777364824602868 0.009264031 0.20963193635232463 188.76322053987104
150 0.20976059661164226 -0.0023302 -0.9777499998470938 18.103319915075232 -0.008899806321045846 0.999951183 -0.004292421591894768 -2.4325739591574482 0.9777122709150704 0.009602167 0.2097296180494198 189.23992413048595
151 0.20994132506554913 -0.003147235 -0.9777089212130357 18.20282020237589 -0.008498254178177787 0.999951169 -0.005043644301966664 -2.4545813508260466 0.9776770528524018 0.009367688 0.2099043274577953 189.66532516972265
152 0.21012073155039326 -0.003210599 -0.9776701748493729 18.306736900622088 -0.007920884597217641 0.999956198 -0.004986139769002199 -2.453595867351302 0.977643359308382 0.008791704 0.21008609699553302 190.1347226038459
153 0.210332545093535 -0.003763792 -0.9776226539554559 18.408871275235004 -0.00784544605200816 0.99995389 -0.005537690038107723 -2.48355489086264 0.9775984192132601 0.008834642 0.21029331839088614 190.5592859759211
154 0.21044598659076602 -0.003731507 -0.9775983647399371 18.50988259729112 -0.008255167279236671 0.999950279 -0.005593901426822269 -2.5037151693405617 0.9775706313260576 0.009247452 0.21040471877455785 190.9798779281379
155 0.2106911746924813 -0.003772701 -0.9775453933289535 18.623042797438544 -0.008444710821639377 0.999948215 -0.005679256992039079 -2.503421240145322 0.9775161967707505 0.009451658 0.2106484046580987 191.44662098529582
156 0.21041888443536724 -0.003667669 -0.9776044400942149 18.718309830415325 -0.008816086288384796 0.999945181 -0.0056490529461603175 -2.565509681634267 0.977571567265216 0.009807313 0.2103750151754736 191.8624716313263
157 0.209572044644751 -0.003753445 -0.9777860043382913 18.814755797373863 -0.009902298957276312 0.999933204 -0.005960853792374252 -2.553710148859146 0.9777430659610494 0.010931558 0.20952087881985954 192.32933627472005
158 0.2090138092836498 -0.004214654 -0.9779036064357127 18.903962832120573 -0.010855150705462302 0.999919103 -0.006629681221801036 -2.62483848579167 0.9778524393178516 0.012000986 0.20895115071416578 192.74726757333747
159 0.20848974552501034 -0.004242187 -0.978015352150254 19.004396776182663 -0.01078170610049507 0.999919859 -0.0066356036139508376 -2.583582566064793 0.9779651225495088 0.011928129 0.2084272986031409 193.2123763094822
160 0.20797491519255742 -0.003677103 -0.9781272476002926 19.09457888399405 -0.011061277063155385 0.999920149 -0.006110940365758904 -2.628593575381834 0.9780716141225013 0.012090259 0.20791763572068628 193.62891337174307
161 0.20758440776241258 -0.002824548 -0.9782130322168737 19.187682584491537 -0.011806188491180437 0.999915763 -0.00539257892154798 -2.647281016787774 0.9781458620061283 0.012668383 0.20753357442070264 194.0466905877432
162 0.20771331910683233 -0.00276153 -0.9781858469257257 19.300614645311008 -0.012819459764793203 0.999902452 -0.00554499323946181 -2.6784568812206544 0.9781057398666458 0.013691583 0.207657656552098 194.5138475918612
163 0.21012394560505426 -0.003018422 -0.9776700955954618 19.403939371706667 -0.01330482936557896 0.999893804 -0.005946550481232439 -2.6919947899808156 0.9775842206381334 0.014257247 0.2100614714537929 194.94465295133307
164 0.2122918504190708 -0.003557743 -0.9771998327486485 19.515589619501206 -0.013382493628864985 0.999889013 -0.006547629741134737 -2.703504585456168 0.9771146701397004 0.014467379 0.21222067705004724 195.42711615012107
165 0.2147193949266819 -0.003700569 -0.9766687704160878 19.620963079234862 -0.013200586356663872 0.999890484 -0.006690686818549249 -2.709357511544 0.976586568617698 0.01432922 0.2146470302955596 195.86267385760712
166 0.21719163138165123 -0.003460862 -0.9761228499729325 19.727371260291534 -0.013823456770491755 0.999882531 -0.00662088216391771 -2.731036705942456 0.9760310996572127 0.014931393 0.21711827752226884 196.3018830252436
167 0.21961691875860279 -0.003924101 -0.9755782952798105 19.842744838875813 -0.01425655221108073 0.999872222 -0.007231177785413049 -2.7502049191083167 0.9754820140874939 0.015496472 0.21953291265634792 196.79335018830616
168 0.21708605592818603 -0.003493437 -0.9761462186483261 19.93554489453802 -0.014123150413979926 0.999877687 -0.006719227902183311 -2.7845142770492206 0.976050296447872 0.015244911 0.21701016551434454 197.20813538642543
169 0.21472482128316336 -0.003429956 -0.9766685654264402 20.04343325234166 -0.014131696569245447 0.999878239 -0.006618380616939273 -2.8189487707928405 0.9765723456103117 0.015223114 0.2146502048964228 197.6712829906194
170 0.2124821441283568 -0.003404782 -0.9771590173981545 20.143438150988995 -0.01441393480075744 0.999874211 -0.006618224864623338 -2.85662466767543 0.9770586350147601 0.015490961 0.2124063397867329 198.08774134175945
171 0.21008804978736828 -0.002762352 -0.9776785667991401 20.24158136721149 -0.013832590015275146 0.999887518 -0.005797512034121042 -2.8712026793040675 0.9775846104086745 0.014741815 0.21002620793439913 198.50362828604432
172 0.20756533435795504 -0.003164231 -0.97821603911238 20.344945118407907 -0.012845692106776975 0.999899728 -0.0059600682004342645 -2.8911321099638565 0.9781368110479306 0.013802965 0.20750387438968643 198.9740045434034
173 0.21003009184587107 -0.003481245 -0.977688724072383 20.43448646354255 -0.012081797881996821 0.999908064 -0.00615581010309302 -2.9058961880522043 0.9776202690712711 0.013105143 0.20996872283753004 199.39146126249574
174 0.21267174842674297 -0.003733332 -0.9771165687794445 20.536513268970296 -0.011404755364037253 0.9999151 -0.006302711813259473 -2.9226943430160164 0.9770571416614693 0.012484184 0.21261111537685135 199.85667308176681
175 0.21499978424016203 -0.003485229 -0.9766078774644087 20.624124135267156 -0.011153427653867771 0.999919654 -0.006023843794636582 -2.94084282799062 0.9765504054082091 0.01218765 0.2149436375697693 200.26801864684109
176 0.2173852197811523 -0.002827817 -0.9760817942533635 20.712562005227756 -0.011092510623265177 0.999924071 -0.0053673266397212295 -2.960446390610078 0.9760228598620643 0.011993975 0.2173373461954061 200.6767391487388
177 0.22028196869945915 -0.00195459 -0.9754342799575367 20.81513836056349 -0.010699985303293968 0.999932984 -0.004420054945079883 -2.9837212557038177 0.975377550169923 0.011410791 0.22024629241329746 201.137916134407
178 0.2182603332606958 -0.001177501 -0.9758898710676485 20.897314681922634 -0.010857225820417536 0.999934452 -0.003634760481719224 -3.001633163632018 0.9758301837760944 0.011388781 0.21823324214482842 201.55570537599277
179 0.21656416042579002 -0.000861992 -0.9762680065531898 20.995153915490274 -0.01153362925091285 0.999927564 -0.003441370531861327 -3.0271781379755245 0.9762002558717552 0.012005191 0.21653853160665737 202.01937672384378
180 0.21465657591118606 -0.000550658 -0.976689433959625 21.08142961209054 -0.011985671805800025 0.999923055 -0.0031979656304163603 -3.0417431965402217 0.9766160441710338 0.012392743 0.21463345893777874 202.4293557010993
181 0.21272815926795924 -0.000799438 -0.9771110946513423 21.16414615598841 -0.01224089406659395 0.999919011 -0.0034830805813809472 -3.061231375708684 0.9770347442541719 0.012701662 0.21270114441217683 202.8387420752943
182 0.21116147410447986 -0.000160954 -0.9774511777931542 21.263478002373915 -0.014019550843872486 0.999896622 -0.003193332465558088 -3.1016326189488552 0.9773506454642436 0.014377735 0.2111373884675813 203.29230068723757
183 0.2119619445959029 0.001312845 -0.9772770390171314 21.35093449455402 -0.016182579470920458 0.999866706 -0.002166653974832558 -3.102544095277363 0.9771439288379501 0.016274112 0.21195493662220743 203.67699588315628
184 0.21270668143125737 0.002273845 -0.977113451658825 21.44762388487104 -0.017041276172400577 0.999853831 -0.001382931030127418 -3.1061697149432037 0.9769674828445406 0.016945419 0.21271433949748844 204.1043531652631
185 0.21364841561969306 0.002251959 -0.9769080216121255 21.535226261411296 -0.016970076969461307 0.999855009 -0.001406475774423035 -3.141777783204942 0.9767632116653092 0.016878696 0.2136556544944717 204.48207424493873
186 0.21447344614744349 0.001617033 -0.976728481066322 21.62134571885568 -0.0156969450069762 0.999875191 -0.0017914362307048356 -3.1521938237852014 0.9766036795571426 0.015715868 0.214472059800984 204.85799107843937
187 0.2152363162580527 0.000428933 -0.9765618993202161 21.7133675234925 -0.014015452498732353 0.999898268 -0.0026498523624690963 -3.182631357293219 0.9764614150677371 0.014257301 0.21522043132009994 205.28071238791384
188 0.21605188941659884 -0.001146114 -0.9763812105299147 21.8031349485543 -0.011859832313488753 0.999922457 -0.003798070539370355 -3.190883442895713 0.9763098514516304 0.012400298 0.21602154383010888 205.6715908973642
189 0.2170405765441032 -0.002141462 -0.9761602334667115 21.903163717917487 -0.009533562403860094 0.999945252 -0.004313343509826378 -3.2154031498616185 0.9761160279542008 0.010242455 0.21700827847069823 206.10556107988975
190 0.2177916112219367 -0.001881048 -0.9759934813426732 21.99089044197168 -0.00858601871617175 0.999955754 -0.003843189295230382 -3.21559302950735 0.9759575270817104 0.009216913 0.2177658245265954 206.4881440690046
191 0.2182769548995997 -0.001129058 -0.9758862105754239 22.082706773276634 -0.008766606029065758 0.999956712 -0.0031177376218374875 -3.2332379385805257 0.9758474866652995 0.00923574 0.21825760759204338 206.91288193952212
192 0.21880824846216032 -0.00151838 -0.9757666959835051 22.166238728073875 -0.009012779563182758 0.999952986 -0.0035770631700762956 -3.2584972508816588 0.9757262529004197 0.009577061 0.21878427637517264 207.28575667591264
193 0.21940440101754605 -0.002772236 -0.9756300645993551 22.25596181545029 -0.009016222620679804 0.999947499 -0.00486894610665427 -3.2958830579921825 0.975592341292637 0.009864766 0.21936788741971905 207.6753796639658
194 0.21982439062734352 -0.003973428 -0.9755313672702739 22.352565007672982 -0.008608216475103717 0.999944872 -0.006012625016571293 -3.3335685095035688 0.9755014788308943 0.009719307 0.21977806800052405 208.09889511110555
195 0.22018671974182397 -0.004490752 -0.9754474062086433 22.43765090817344 -0.008462662867164423 0.999942975 -0.006513792088285166 -3.313755364042515 0.9754210329382755 0.009689133 0.22013615975270112 208.4721032532731
196 0.22088776999051368 -0.005175896 -0.9752854984885135 22.53140375993656 -0.007536133517759383 0.999947007 -0.007013599514878265 -3.3354317123267707 0.9752701165652413 0.0088991 0.22083705799937306 208.87796781491295
197 0.22145999571851258 -0.004969698 -0.9751567941048956 22.613684402913986 -0.0064880512961428575 0.999957372 -0.006569538491110923 -3.361082622435149 0.9751478740672133 0.007781757 0.2214183122149081 209.2324880465325
198 0.221856517417503 -0.004564774 -0.9750686381129445 22.70741334199703 -0.006415039966243868 0.999960567 -0.006140913877246844 -3.385320757510588 0.9750582201262261 0.007617506 0.22181848589213607 209.64609145607199
199 0.22216916476733947 -0.004327631 -0.9749985300216385 22.81024627882232 -0.007070895267956705 0.999956701 -0.006049628445378812 -3.394933083833388 0.9749824948173805 0.008238153 0.22212894476027334 210.0890791422473
200 0.22243322830883297 -0.004713505 -0.9749365325711504 22.901114171655557 -0.007558502544081936 0.999949924 -0.0065589208709024615 -3.4394752782384956 0.9749186265532692 0.008827982 0.222386462914302 210.48882415279414
201 0.22296704040498935 -0.004446887 -0.9748158410388307 23.00295692442721 -0.007938182057001766 0.999948157 -0.006377213960403416 -3.403577110724428 0.9747936623913969 0.009160175 0.22292018096185345 210.9228822278235
202 0.2233195274649554 -0.005118834 -0.9747318535501871 23.091315575015646 -0.008761897464977523 0.999935269 -0.007258617486419604 -3.438563605050806 0.9747059138765967 0.010161492 0.22326022053401118 211.31576870860502
203 0.22342023237844752 -0.00577064 -0.9747051345725809 23.188335412402218 -0.009405105426224416 0.99992316 -0.008075763142457686 -3.4462305405306926 0.9746768408464461 0.010971493 0.22334879197156599 211.74939322059424
204 0.22404361807614587 -0.006240871 -0.9745591354484219 23.29802194093255 -0.009081434652971355 0.999922712 -0.008491045824524033 -3.465069382817518 0.9745368048355588 0.010752759 0.22396962642783907 212.21383492513155
205 0.2244338552807747 -0.006500684 -0.9744676420984654 23.397756952653932 -0.009039869884018111 0.999920834 -0.008752494049813882 -3.4868031264207153 0.9744473950420951 0.010773417 0.22435732225053062 212.63847504366473
206 0.2249558549586046 -0.00722836 -0.9743421447319074 23.50505265316401 -0.008921544341877427 0.999915284 -0.009477883152760425 -3.518923918258821 0.9743281119868652 0.010824742 0.22487230964208968 213.09842983743061
207 0.22527394774209555 -0.00741525 -0.9742672436068373 23.600794530179407 -0.008546690348051778 0.999917521 -0.009586676420942743 -3.5164498666394475 0.9742579757778712 0.010486389 0.22519199154528133 213.52113835321336
208 0.22584309034048855 -0.006925936 -0.9741390709511267 23.714097176206852 -0.008283921543397226 0.999924917 -0.009029800663332293 -3.5397773547926867 0.9741284695577809 0.01010901 0.2257687591790276 214.00416919399837
209 0.22646133738987767 -0.006397686 -0.9739991440594168 23.834021353122292 -0.00810511996409471 0.999931429 -0.008452516672681478 -3.5777058548998095 0.9739864318825551 0.009808548 0.22639395438134116 214.51704219411
210 0.22681874351782036 -0.007075424 -0.9739112874534581 23.942329608792342 -0.008015199232060554 0.999926187 -0.009131118435562037 -3.60018626247827 0.973904007030104 0.009877201 0.22674529070735824 214.99701057851877
211 0.22762309624729282 -0.007530543 -0.9737201945470095 24.063698433211595 -0.00827757232628433 0.999919001 -0.009668177021590256 -3.592512205230216 0.9737141300540202 0.01026074 0.22754232461736756 215.51317161981268
212 0.22802174594700056 -0.007421306 -0.9736277559351911 24.178288175201743 -0.010650337806750244 0.999892115 -0.010115789800853928 -3.5952038683779897 0.9735977885584276 0.012676085 0.2279181066882715 215.99916435128753
213 0.22848910050982635 -0.007020654 -0.9735211565857707 24.293180426009105 -0.012673967906215219 0.999867807 -0.010185284367741755 -3.6662896726641425 0.9734639699869034 0.014665602 0.2283699164998166 216.4935507061138
214 0.22921405146844756 -0.00643334 -0.9733547814590942 24.42776359007359 -0.01392861431410014 0.999854095 -0.00988851732505367 -3.647796899341512 0.9732763803032257 0.01582407 0.22909100006764083 217.03387748053544
215 0.22984160220577865 -0.005639598 -0.9732117105519162 24.550533826468556 -0.014302812596535893 0.999855643 -0.009171863837288371 -3.697996192057184 0.9731229458275782 0.01602774 0.22972776096640915 217.5517105826306
216 0.23037299565798566 -0.00641171 -0.9730812777068891 24.68763647182785 -0.013815359019926785 0.999855959 -0.009858859750359958 -3.741394772288202 0.9730043263344952 0.015714682 0.23025123210137008 218.11779308639794
217 0.23098682846744997 -0.006792045 -0.9729331695210629 24.819015940889493 -0.0140211198825269 0.999848558 -0.010308734607439942 -3.7743421832961648 0.9728558438408961 0.016022795 0.23085661475703612 218.65845146772125
218 0.23162688522439046 -0.006955231 -0.9727798361874284 24.956358303065574 -0.014465916012875535 0.999839248 -0.010593155432012938 -3.759458654295173 0.972697138557486 0.016525811 0.23148903753564704 219.20810684690548
219 0.23223310271855752 -0.005820865 -0.9726427416442799 25.10212510205528 -0.015140219214650908 0.999839308 -0.00959858057111276 -3.784821017341904 0.97254231736722 0.016955132 0.23210765513075288 219.81319031701761
220 0.2326223266240839 -0.005066268 -0.9725539497059896 25.23831503406938 -0.015934190034403894 0.99983236 -0.009019620284749999 -3.808333232473672 0.9724366074222317 0.017595024 0.23250260390050786 220.3893654624933
221 0.23332339317586484 -0.00484128 -0.972387143324345 25.395560572571405 -0.016397231964429344 0.999825835 -0.008912391178803731 -3.845435264853527 0.9722609351271364 0.018023927 0.23320337268071767 221.0210066712463
222 0.23379115853379204 -0.005927464 -0.9722687685408915 25.544492589547247 -0.016228767751658688 0.999818319 -0.009997779883399465 -3.8604904709333008 0.9721513876709137 0.018116117 0.23365248841439987 221.6165810290658
223 0.23634166525673939 -0.006687962 -0.9716469981686583 25.681009682249385 -0.016051994087374375 0.999812977 -0.010786289582769705 -3.922640227348352 0.9715374162799936 0.018146121 0.23619010839553983 222.13358684891654
224 0.23880878700547092 -0.00814106 -0.9710324849386474 25.829951007990196 -0.016104006104597855 0.999794138 -0.012342698948797422 -3.9039802190722677 0.9709330689919857 0.018585058 0.23862852150434172 222.71075377163888
225 0.2411339043176419 -0.007874338 -0.9704599088734714 25.966330797132134 -0.016090939012115193 0.999797187 -0.012110559009067472 -3.985018638573878 0.9703584507334998 0.018535878 0.24095829322880205 223.24903151028505
226 0.24340951510687933 -0.007232747 -0.9698966414932757 26.113482268116762 -0.015411472070298917 0.999817115 -0.011323601518094915 -3.99806371757823 0.9698011620681133 0.017703807 0.24325353197899788 223.84821101963232
227 0.24551117701777214 -0.006400391 -0.9693726303583858 26.250147058372043 -0.01505844862767639 0.999832368 -0.010415329980911214 -4.002586887963469 0.9692767946107698 0.017154328 0.24537364159557531 224.402535876746
228 0.24754771430075206 -0.006834394 -0.9688515989821552 26.39505935104534 -0.014843923478484523 0.999831001 -0.010845642806140952 -4.07556660086972 0.9687619868992187 0.017066373 0.24740442919293631 225.01398570852007
229 0.24954915521125637 -0.008387232 -0.9683258100254204 26.531725222244802 -0.014904166143758666 0.999810778 -0.012500923515362285 -4.0623814568228465 0.9682474293732741 0.017551684 0.24937692973803263 225.578363475128
230 0.2516159545199763 -0.008123014 -0.967793070643445 26.667602030939825 -0.015014885819944902 0.99981167 -0.012295468501555013 -4.098955226526609 0.9677106825974134 0.017625038 0.25144660161892035 226.1482845844255
231 0.2539171447789476 -0.007444849 -0.9671973209182588 26.822183794649433 -0.014823545533981564 0.999822979 -0.011587587901848391 -4.076039245621382 0.9671123753226316 0.017279581 0.2537618376960391 226.77121175656632
232 0.2560631640277172 -0.006457652 -0.9666384820573558 26.946136975513834 -0.014327128367928762 0.999842494 -0.01047473828274272 -4.115901244613658 0.966553872833541 0.016531348 0.2559303127548764 227.28708940549802
233 0.2582061334566402 -0.006941654 -0.9660649079146012 27.086346894121448 -0.014125683519173177 0.999840161 -0.01095980379035762 -4.134922548126745 0.9659865720748488 0.016476216 0.25806680622660855 227.85991495318044
234 0.25985504059245956 -0.007147678 -0.9656211827512192 27.20190257782009 -0.01436060728226492 0.999833417 -0.011265456193515851 -4.168689036146277 0.9655408485640881 0.016794292 0.2597091081490826 228.3880878591958
235 0.26192998780616567 -0.007003183 -0.9650614674359178 27.330955552285563 -0.014947850295184096 0.999824279 -0.011312484394447786 -4.2147200518827415 0.9649711097252167 0.017388673 0.2617792789572255 228.922566933627
236 0.26390148353985754 -0.006189205 -0.9645297819113453 27.470135696299792 -0.015083539489515045 0.999830655 -0.010542676702088529 -4.241938668543687 0.9644316949534952 0.017330751 0.2637634377614661 229.51797566510274
237 0.2658605803070904 -0.005757632 -0.9639942952562661 27.598899427525545 -0.01550241668556634 0.999827321 -0.010247071717833893 -4.242029325806913 0.9638868332991104 0.017668534 0.26572541495996227 230.06666542164555
238 0.26534379496862753 -0.006041672 -0.964134933391152 27.72568030457894 -0.01661295344956328 0.999803262 -0.010837309011843 -4.305693835138161 0.9640107267079862 0.018892741 0.26519122147592994 230.61445211971002
239 0.2652839698454667 -0.006234705 -0.9641501664002541 27.85444338177547 -0.0174168500313609 0.99978494 -0.011257349174514564 -4.3185829592454645 0.9640130026611324 0.019778853 0.2651183286997475 231.12034215835945
240 0.2652649391640816 -0.005345666 -0.9641607416936883 27.96664022229563 -0.017981933456222562 0.999783277 -0.01049045391627305 -4.292001118184597 0.9640078645866534 0.020120224 0.265111324268988 231.5527196961763
241 0.2653814753279666 -0.004623076 -0.964132407725609 28.101962261364875 -0.018701441260882457 0.999775685 -0.009941637275523395 -4.367184394585676 0.9639620987270928 0.020668992 0.2652354885467246 232.05450559481733
242 0.2651650901214321 -0.004838039 -0.9641908878005362 28.221299758024106 -0.01929829764824493 0.999760469 -0.01032380093991764 -4.345773675080815 0.9640098807790258 0.021344754 0.2650082086839896 232.50894478084268
243 0.2652622130273507 -0.005251519 -0.9641620087901326 28.36155750485558 -0.01908778413870489 0.999760588 -0.010696884552551921 -4.392801572968066 0.963987352382656 0.021241196 0.26509846608020254 233.03671524958284
244 0.26521714163667975 -0.005082127 -0.9641753153566487 28.485378105705188 -0.018175649446740723 0.999782069 -0.010269411655310085 -4.431547624338781 0.964017382531594 0.020248136 0.265066972233567 233.5129596522718
245 0.26538531178197716 -0.005078466 -0.9641290602576301 28.60179160029655 -0.01681846342594353 0.999809588 -0.009895845366356622 -4.438500248198726 0.9639957338903034 0.018841381 0.26524936673240035 233.95751538052585
246 0.2657014630200165 -0.005866605 -0.9640375072481238 28.739303749968837 -0.014353390329894617 0.999846572 -0.0100405033417585 -4.501712208242808 0.9639485013882126 0.016504983 0.2655764912117657 234.46898321879837
247 0.26568066906319376 -0.007242086 -0.9640338863383886 28.85267286526074 -0.01232919531020953 0.999864482 -0.010909091079876101 -4.48213604821394 0.9639822468733356 0.014784097 0.26555537464482637 234.92122923268622
248 0.2658516223420408 -0.008138376 -0.9639796067413724 28.987849012881526 -0.010941741022523694 0.999874477 -0.011458991200161346 -4.5155161061769675 0.963951862681779 0.013594006 0.2657292037467569 235.43111181998742
249 0.2658938173832639 -0.00785776 -0.9639702966241411 29.096129576038212 -0.010308154524719414 0.999886432 -0.010993847259508914 -4.522180111656911 0.9639472076843004 0.012859951 0.26578262120697155 235.88468474397715
250 0.2658695497284339 -0.007677168 -0.9639784458973781 29.19235643375893 -0.01027040603644214 0.999888979 -0.010795784998211055 -4.548022113907532 0.9639543047105645 0.012770721 0.26576118419536543 236.29855766989704
251 0.2658810203839828 -0.008206274 -0.9639709225371407 29.30815414071019 -0.010577205297677302 0.999878739 -0.011429346267225141 -4.562136137075942 0.9639478234833913 0.013234965 0.26576198026435555 236.77288389302927
252 0.26587860410323233 -0.007203064 -0.9639796071389488 29.40711504401271 -0.010868748199322265 0.999886128 -0.010469113815470393 -4.531059857326067 0.9639452461889125 0.013260765 0.2657700394004897 237.179000913832
253 0.26598382069710924 -0.00647076 -0.9639557746189894 29.534264346242857 -0.010759050503602558 0.999895257 -0.009680751509646115 -4.615629165990531 0.9639174495724477 0.012946172 0.26588634247256365 237.62499169854908
254 0.2659470971067639 -0.005832025 -0.9639699831430851 29.644288844096927 -0.010730858141447603 0.99990183 -0.009009920851159833 -4.623443700378831 0.9639278963720249 0.012740387 0.2658584069946221 238.00707714675397
255 0.2658291725023189 -0.006764668 -0.9639964160493505 29.75269922749458 -0.01058061974616351 0.999894675 -0.009934262569484046 -4.6521280511520855 0.9639620844914515 0.012840496 0.26572959972657056 238.384220054118
256 0.2657834016039435 -0.007173449 -0.9640060812382045 29.87814718244922 -0.009775629204259232 0.999900847 -0.010135763901005885 -4.696270555672113 0.9639832054998689 0.012117684 0.2656869237990732 238.8205402760122
