582 -0.07578385210636887 0.009997028 -0.9970741528943214 -55.13666066459885 0.01923547460193242 0.999778319 0.00856212497676219 -2.473596183118175 0.9969387161395311 -0.018530324 -0.0759593505107401 511.1397293644036
583 -0.06130327184187806 0.009244901 -0.9980763700522668 -55.15508513427854 0.019617759259156254 0.999775099 0.008055684617791284 -2.4671322484400404 0.9979263766868722 -0.019086182 -0.06147084842572745 512.4659752657142
584 -0.04691336550092465 0.00873215 -0.9988607939975983 -55.2064562722037 0.020512203695715554 0.999759358 0.007776611179138771 -2.4402550467935624 0.9986883328891599 -0.020124009 -0.047081191646626636 513.8764262027997
585 -0.03237337292132053 0.007808346 -0.999445343242091 -55.23201082087674 0.02144427567927724 0.99974472 0.007116075604837996 -2.412520181790268 0.9992457692011804 -0.02120201 -0.0325325534392886 515.198139589879
586 -0.018007093433948074 0.006191188 -0.9998186905090728 -55.25820847114343 0.02175616047773628 0.999746489 0.005798904357238176 -2.411588699462187 0.9996011270645259 -0.021647795 -0.018137224989959205 516.5159214935561
587 -0.003313658686835197 0.004261007 -0.9999854314956224 -55.28791635842882 0.021769595402578477 0.999754243 0.0041878838474635445 -2.4251936242993635 0.9997575226400558 -0.021755401 -0.0034056048799171457 517.9264025122848
588 0.008671406624660594 0.002721542 -0.9999586994991942 -55.273497853017616 0.021043646482728596 0.999774342 0.002903526220683102 -2.4222485361392603 0.9997409522290118 -0.021067955 0.008612178716896873 519.280726585883
589 0.021121558674736973 0.001570598 -0.9997756812281119 -55.23359973993489 0.02083406193515379 0.999780925 0.0020107521764347424 -2.395865292110863 0.999559814328886 -0.020871859 0.021084209530228354 520.6398257708012
590 0.03431020013339747 -0.000749698 -0.9994109500131916 -55.17924204496636 0.020973120685500894 0.999780039 -2.9958613861674234e-05 -2.3629227721027846 0.9991911416934492 -0.020959738 0.034318376280534885 522.0915733066835
591 0.04724529544050271 -0.002218189 -0.9988808547770845 -55.11056586176138 0.02085791878069696 0.999781689 -0.0012336467496791986 -2.336733815556027 0.9986655245913011 -0.020776292 0.04728124793576183 523.4573904279878
592 0.06080525865669145 -0.004070908 -0.9981413472970051 -55.01405349207904 0.02101517871169605 0.999775243 -0.0027973592408629296 -2.303728614315504 0.9979283957216522 -0.020806024 0.06087714358465082 524.8314925716846
593 0.07470373420793835 -0.006193086 -0.9971865415006115 -54.91959957168689 0.02126084129007042 0.999763305 -0.004616343100932777 -2.2691538686103194 0.9969791014102755 -0.020856167 0.0748177215965889 526.2990598566691
594 0.07591662565845433 -0.009709753 -0.9970668913086469 -54.79664401037552 0.021546229823983538 0.999735079 -0.008095208029468257 -2.2816810472401694 0.9968813499571118 -0.020868472 0.07610572187756917 527.6423368634701
595 0.07739619425443503 -0.012177688 -0.996926042428849 -54.67815441703052 0.02207630338491414 0.999701173 -0.010497696248720928 -2.273655854659023 0.9967559705284371 -0.02119596 0.07764190492293624 529.0796758737284
596 0.0789025273684705 -0.014001421 -0.9967840040570524 -54.53262263193646 0.02297859783115433 0.999661235 -0.012222917517282623 -2.2417056654626903 0.9966174666051029 -0.02194028 0.07919753146693562 530.4328916174393
597 0.08034811402801029 -0.01622186 -0.9966348537412699 -54.38392442171877 0.02370021486572852 0.999615976 -0.01435968506772557 -2.2190533159087162 0.9964850627757027 -0.022466686 0.08070172063481998 531.7935691396679
598 0.08222261366854039 -0.019184124 -0.9964293311189765 -54.2246898776883 0.02400212681085496 0.999562833 -0.017263863294890353 -2.2193465114626036 0.9963249170956296 -0.022496943 0.08264712855925047 533.254543303741
599 0.11691072904747013 -0.021184968 -0.992916450520816 -54.03769518791145 0.024420417013367203 0.999531497 -0.018450730109064183 -2.212033120460714 0.9928421443088998 -0.022090346 0.11737330218616351 534.5868451832765
600 0.1515623503992477 -0.023082 -0.9881781598320456 -53.838976017492314 0.02589208289450355 0.999476974 -0.019374706554349634 -2.1561235804584316 0.9881085232638115 -0.022649515 0.15208072061362216 535.9247011802543
601 0.18624427312498648 -0.02415238 -0.9822065636282955 -53.64295276450735 0.02818635907808808 0.99941768 -0.019230952308868215 -2.0532644140950245 0.9820990783337668 -0.024103172 0.18681658698564083 537.3589502920325
602 0.22059843115304067 -0.025754795 -0.9750246266321643 -53.428576225902425 0.02957551989995568 0.999368274 -0.019706386584174174 -1.9995761690235376 0.9749162118116089 -0.024489662 0.22122078519437724 538.7093776995137
603 0.2549218393589768 -0.027385932 -0.9665737768521457 -53.21670498487646 0.0289817799734546 0.999366173 -0.020671454240342717 -2.0480036374140314 0.9665272435273552 -0.022743423 0.2555539560462529 540.1677897281609
604 0.2683509120175187 -0.028645079 -0.9628952420756236 -52.892354695868505 0.028220553359615295 0.999362556 -0.02186510802967056 -2.0797138219896865 0.9629077779454018 -0.021305915 0.2689882331993963 541.4249915448431
605 0.28188065986485583 -0.030147153 -0.9589757255891292 -52.556285037945216 0.028123290847642375 0.999336372 -0.023149422880929874 -2.0825185480002157 0.959037211915788 -0.020444179 0.28254143359326367 542.6914037671586
606 0.2957749773755262 -0.032429133 -0.9547070300877072 -52.216279874369874 0.029325357105739518 0.999260795 -0.024857316050516356 -2.0307819839700674 0.954807407611454 -0.020644953 0.2965073348684424 544.0654982668195
607 0.3098520444613533 -0.033951766 -0.9501783984606934 -51.84159933520841 0.030411854120693728 0.999204777 -0.025786306397923387 -1.9741773316670468 0.9502982844190526 -0.020906747 0.31063817835778396 545.3500486492428
608 0.323998931995746 -0.036379544 -0.9453577208910213 -51.45637518406678 0.03236621389997672 0.999101663 -0.027354982270565743 -1.8830145416853465 0.9455036334939596 -0.021734665 0.32488533959933796 546.642439595371
609 0.3268511304628474 -0.039913509 -0.9442326246436694 -51.066889109961046 0.03446745942084223 0.998946542 -0.030295218483832397 -1.8658973186058332 0.9444471043234878 -0.022643273 0.3278825244812881 548.0638340431583
610 0.32945205553028944 -0.042712462 -0.9432056983821933 -50.67107488159383 0.03653853754974249 0.998804678 -0.03246769058908081 -1.835642050772548 0.9434650388762248 -0.023766809 0.3306189046535699 549.3910173016621
611 0.33227642921110867 -0.04599236 -0.9420600183076422 -50.25440621854657 0.038665860571197655 0.998634961 -0.035116472724406 -1.807398372804344 0.942389158417154 -0.024757185 0.3336011929418533 550.7271292293265
612 0.33574872960010005 -0.048196941 -0.9407177292973602 -49.809765612405805 0.040284936747732855 0.998511071 -0.03677996303611835 -1.787321401401548 0.9410897486149037 -0.025547929 0.33719043421351413 552.1794673925234
613 0.3392133945274041 -0.051146688 -0.9393179914621588 -49.33723619158279 0.04228245831374918 0.99834066 -0.03909117331175352 -1.7507304042517116 0.939758728113303 -0.026456424 0.3408131315488311 553.531716829417
614 0.35986608693495886 -0.052970479 -0.9314990753399124 -48.939251409997865 0.04342639031903507 0.998255964 -0.039989745230999456 -1.7361015613731596 0.931992783491198 -0.026060689 0.36153878378683196 554.8753774528803
615 0.3804145077285057 -0.053992876 -0.9232386324817399 -48.5146108648822 0.04482110808886742 0.99819757 -0.039908380541090284 -1.695803265657366 0.9237293274580547 -0.026198851 0.3821488577417601 556.1163277189737
616 0.40123148502241907 -0.054805118 -0.9143356570562629 -48.05517662597064 0.047481487664222666 0.998110835 -0.03899062046456721 -1.5776727930421082 0.9147452127018871 -0.027769752 0.4030757212245285 557.3575366731893
617 0.4230907573433053 -0.055307812 -0.9043977319046566 -47.52438473453024 0.04917463446974846 0.998065864 -0.03803139310274542 -1.5050138342187447 0.9047519364818062 -0.028382697 0.42499218376945397 558.7136079560157
618 0.4445487997350412 -0.055913062 -0.8940078820647843 -46.979037849759706 0.04865377779278344 0.998083844 -0.03822890791206183 -1.5635817470716251 0.8944323199015956 -0.026502246 0.4464173566306253 559.9664263963064
619 0.4435041622925564 -0.05451517 -0.8946128512674827 -46.51013388073256 0.046634133197070146 0.998200039 -0.03770861614725552 -1.5602832179708308 0.8950582748341909 -0.024995567 0.4452481408396923 561.1870386364623
620 0.4435663888233497 -0.053503786 -0.8946430588010443 -45.97336145800232 0.046444643285246404 0.998247478 -0.0366724326723462 -1.456340498533364 0.8950372918700006 -0.025284719 0.445273994221674 562.5213982155495
621 0.4434625121042558 -0.053353447 -0.8947035321020081 -45.422269127949875 0.04581254834855088 0.998271169 -0.03682232016638989 -1.3963960856505477 0.895121338641728 -0.02465933 0.4451400979608809 563.7465850758315
622 0.4437385370579281 -0.054343045 -0.8945070958038728 -44.834982383727734 0.04433396514406367 0.998268685 -0.03865399337452373 -1.4049587836297457 0.8950589987928139 -0.02250478 0.4453795283885346 564.9754995876729
623 0.4447559988131028 -0.056793315 -0.8938493281913941 -44.19554185508254 0.04430100875604842 0.998160948 -0.04137803594985719 -1.348620656139195 0.8945554888164982 -0.021195297 0.4464540708428238 566.3205825285136
624 0.4440042628543285 -0.060074769 -0.894008522119594 -43.6519911270689 0.046001371528478927 0.997962429 -0.04421384774480116 -1.3290400594530434 0.8948430520422932 -0.021494481 0.44586309442482275 567.4895350480737
625 0.44421004996135516 -0.063327474 -0.8936817460963626 -43.0428676574593 0.047753235333261645 0.997754383 -0.04696615649300581 -1.3014272202491552 0.8946491261726379 -0.021813356 0.44623661607363746 568.776506505672
626 0.443833587953088 -0.068017976 -0.8935240911354847 -42.45042270178289 0.049263635115427 0.997459279 -0.05145950353786409 -1.2976082607199473 0.8947540670934534 -0.021178789 0.446056744416495 569.9518245319776
627 0.443539732275515 -0.071017266 -0.8934366530676577 -41.84170524562301 0.05057885599971271 0.997250473 -0.05415970937731179 -1.276945703239182 0.8948263996301132 -0.021167021 0.44591217948568185 571.1294915152436
628 0.4440609313988314 -0.073026245 -0.8930157095037599 -41.170793439404385 0.053410858558106705 0.997058175 -0.05497522500582763 -1.1466083590222063 0.8944032473963947 -0.023284386 0.44665497579746055 572.4238687819432
629 0.4428433979435427 -0.076565004 -0.8933238638660199 -40.51876087522997 0.054448382890685224 0.996804808 -0.058442698150792644 -1.1470556153235698 0.8949441871759052 -0.022759077 0.445597268598111 573.5070663597745
630 0.4425526792990662 -0.076808738 -0.8934470015422012 -39.90367721195166 0.05088211749306992 0.996870699 -0.060496440350652846 -1.0113674856761934 0.895297791773312 -0.018687614 0.44507599021884503 574.6203097444267
631 0.4433109619045356 -0.079742033 -0.892813865571437 -39.25272011123916 0.0509421009383967 0.996666567 -0.06372327857787322 -1.0643466027257684 0.8949191548033203 -0.017232586 0.445895440849875 575.8862001688733
632 0.44320899745911924 -0.08129678 -0.8927242679813421 -38.63783571278874 0.05301712430171564 0.996513087 -0.06442710358771428 -0.990151417194566 0.8948491319177801 -0.018775002 0.44597368771444873 577.0377697728142
633 0.44380007177038017 -0.083366005 -0.8922396565008024 -37.96452436987897 0.05583606422479111 0.996301231 -0.06531608807478528 -0.8773936630402108 0.89438460988101 -0.020831866 0.4468133873237733 578.1786182460908
634 0.4480898563329977 -0.084366705 -0.8899987296716002 -37.217319795212575 0.057169507604929545 0.996203588 -0.06565103572945177 -0.8575691290564054 0.8921586895322009 -0.021463226 0.4512119263058769 579.4251490315652
635 0.4513730676922475 -0.085846482 -0.888196337717736 -36.520649855391746 0.05896309741375727 0.996055597 -0.06630686531287344 -0.814757725648604 0.8903851455265664 -0.022441674 0.454654445534875 580.5541345144433
636 0.45565537486545643 -0.086494889 -0.8859440236267704 -35.737679536686485 0.061060575506249576 0.995960759 -0.06583140051450707 -0.7455407134998668 0.8880595621690079 -0.02409982 0.45909630095190573 581.7957241379926
637 0.4590436189835289 -0.087370784 -0.8841070643132283 -35.00150369817339 0.06220290697405596 0.995871021 -0.06611889778270161 -0.7332506544110355 0.8862334654413144 -0.024642571 0.46258295398667226 582.9182655758383
638 0.46264579977805775 -0.087666025 -0.8821981255644723 -34.434005899695975 0.06250757923774562 0.995847939 -0.06617919504674136 -0.6537763120423508 0.8843368516478529 -0.024526542 0.4662046565704664 584.0616799967961
639 0.467867156470558 -0.087278712 -0.8794786806385689 -33.73576985320807 0.061301608831850075 0.995919999 -0.06622287317842604 -0.6529695994732583 0.8816702538977843 -0.02292995 0.4713085840330989 585.3094727233087
640 0.47193748237477695 -0.087509057 -0.8772782778175873 -33.105983764196964 0.06041248243488333 0.995932726 -0.06684562944441123 -0.6403790736541257 0.8795597447818131 -0.021451601 0.47530462236728316 586.4438263987172
641 0.4759564822479684 -0.087869337 -0.8750682295614901 -32.458882604660126 0.06064309685204247 0.995907057 -0.06701902241673062 -0.564747822722035 0.8773755425594866 -0.021168709 0.4793370879906933 587.5752017895943
642 0.4813653244787087 -0.08895794 -0.8719942138623121 -31.68674892992516 0.061527483951991174 0.995811877 -0.067624503262028 -0.4533303429956015 0.8743579317401843 -0.021099519 0.4848226657048007 588.8035449181513
643 0.4855986185050909 -0.089195742 -0.8696195147257557 -30.988301016600364 0.061932673284965774 0.995791571 -0.06755362183593648 -0.3670878259421757 0.8719852786241019 -0.021053916 0.48907914195188085 589.922987175823
644 0.4898447100526164 -0.090022583 -0.8671494073663742 -30.269798388391685 0.06270003141539508 0.995716508 -0.06795102666100884 -0.2623585190125417 0.869552106338838 -0.021084844 0.4933908823862716 591.0352351184528
645 0.4954481114246472 -0.089921344 -0.8639706716394876 -29.423312084221873 0.062328635503762816 0.995743748 -0.06789352034518964 -0.2147226788487422 0.8663984710388484 -0.020212397 0.4989440336953037 592.2462005344549
646 0.49963739282204456 -0.091258708 -0.8614141414388925 -28.668978789975824 0.062296289267247194 0.99564566 -0.06934617998361207 -0.15553921162600792 0.8639916941347914 -0.01901496 0.5031468805475043 593.3501096282736
647 0.5052148109506384 -0.09177009 -0.8581003707370009 -27.780274454521532 0.06101827929716638 0.995639929 -0.07055425015372853 -0.15854193547217577 0.8608337617610288 -0.016714756 0.5086116907313945 594.5482299708301
648 0.5092249386857248 -0.092444342 -0.8556541388573936 -26.997179754828707 0.06008396785948708 0.995607184 -0.0718070461233808 -0.14282602611713013 0.8585335626090282 -0.014845157 0.512542430088265 595.6456923881412
649 0.5126697858319949 -0.093615756 -0.8534669188783545 -26.227552535763703 0.05999470747305366 0.995514175 -0.07315847488977952 -0.0818863266131693 0.8564872011174277 -0.013697359 0.5159864885413359 596.7519935460315
650 0.5168927223184996 -0.093656911 -0.8509114509144874 -25.352770445803202 0.059459265190819205 0.995524466 -0.0734549821314483 -0.04051710616233173 0.85398273378906 -0.012626224 0.5201481222409647 597.965763390662
651 0.5101768972746151 -0.094092954 -0.8549070414179636 -24.745069329809066 0.05863910924409704 0.995490053 -0.07457217899081169 -0.021408570969912777 0.8580681720939756 -0.012085984 0.5133935530682382 599.0724859493326
652 0.5035500376866391 -0.093515576 -0.8588900951340862 -24.113249269817338 0.05782843032602669 0.995543574 -0.07449069765692387 0.0026248219718940646 0.8620285563395529 -0.012158472 0.5067138633729664 600.1754606081363
653 0.4981186143785912 -0.092641211 -0.8621458413646146 -23.349290522272653 0.05678688779542032 0.995627113 -0.0741748005784344 0.020937853306371323 0.8652474188998435 -0.01201073 0.5012012037538386 601.3761026420383
654 0.49137141529095163 -0.092275277 -0.8660481542547334 -22.684009901339248 0.056142615953025145 0.995659441 -0.07423129247416872 0.056922671522691815 0.8691387334308672 -0.012147073 0.4944191639519816 602.4820405356537
655 0.4842752359774158 -0.093075375 -0.8699508434317618 -22.020487037673806 0.05620292949326454 0.995581076 -0.07522999162993904 0.13251076919449778 0.873108656752326 -0.012461764 0.4873663695541198 603.5944442858636
656 0.47806210389661896 -0.093961482 -0.8732856724418603 -21.237095308605927 0.05632472774771075 0.995494539 -0.07627678538816979 0.21821837687292023 0.8765181976280783 -0.012722537 0.48120056844240416 604.8094068783149
657 0.4774785656539168 -0.094988878 -0.8734937505017157 -20.643031439382447 0.0566206686344275 0.995399208 -0.07729499898809655 0.31166062439249886 0.8768171528600331 -0.012551095 0.48066012056724383 605.9583002457051
658 0.4781494630362716 -0.094574034 -0.8731717147108624 -19.90768190250166 0.05617087407700563 0.995443055 -0.07705814379594782 0.3713933112821599 0.8764804183156534 -0.012201508 0.4812828680356746 607.2013994711705
659 0.47768311892262005 -0.093821452 -0.8735080840771409 -19.27287764901748 0.05532668824220797 0.995520242 -0.07667076109131027 0.4038230582448672 0.8767883417462549 -0.011703981 0.48073404409104425 608.3498961960004
660 0.4773864746333772 -0.093121768 -0.8737450945089488 -18.61298896240197 0.05465603010254798 0.995589954 -0.07624540385274343 0.4441180616964542 0.8769919457188459 -0.011356914 0.4803708442556148 609.4938161298732
661 0.4782240875215567 -0.091135077 -0.8734964914175158 -17.81110388056655 0.05465552006817148 0.995761735 -0.07396851276552496 0.5192708318200596 0.8765355079774867 -0.012367881 0.48117828254366657 610.7283318936358
662 0.47214589623022263 -0.088101823 -0.8771067901160842 -17.21786044527355 0.05221107021225097 0.996041259 -0.07194313043480777 0.4865842221184513 0.8799728727946932 -0.011827031 0.47487668416243073 611.9185465695623
663 0.46606773862895035 -0.086439311 -0.8805163873481097 -16.604206579182005 0.05094188617994731 0.996186719 -0.0708303948542002 0.518272541901053 0.8832812614985448 -0.011843404 0.4686938734373665 613.1030642818541
664 0.46058883910867626 -0.085458309 -0.8834901239259807 -15.873784266240914 0.050284756381718344 0.996268091 -0.07015221481338506 0.583381043458103 0.8861881095864661 -0.012114758 0.46316721398318944 614.3927277248939
665 0.4535661760355173 -0.084768386 -0.8871820805408654 -15.267231043033952 0.049136142696355606 0.996330711 -0.0700767690442235 0.6218244585722941 0.8898670481975569 -0.011808253 0.4560671020383651 615.6030073158397
666 0.4458274200774881 -0.0850028 -0.8910737539683242 -14.67689973406473 0.04947679763727384 0.996299107 -0.07028610204021189 0.741114176687613 0.8937505011118042 -0.012752004 0.4483831269613065 616.8287930395422
667 0.43228993757088946 -0.084989079 -0.8977205954356197 -13.966827483214352 0.05120955283752769 0.996255658 -0.06965806119922177 0.9147281367160436 0.9002793969672452 -0.015859392 0.4350235480124441 618.041065499982
668 0.41693463949870135 -0.084624543 -0.9049885044140791 -13.403329520956063 0.05112465611888336 0.99626365 -0.06960609545136065 0.9950717597877738 0.9074975345357148 -0.017246034 0.4197032269144032 619.1853579790023
669 0.4002788071033031 -0.083065952 -0.9126209093719962 -12.885501512269517 0.05012885322972681 0.996376958 -0.0687026591013998 1.0297491923339712 0.9150212974107027 -0.018248421 0.4029925801829352 620.3649130174277
670 0.3827770817404489 -0.082456938 -0.9201535521179269 -12.317713322982424 0.04868056318245574 0.996425378 -0.06904106537659316 1.0579956163268442 0.9225572654378589 -0.018366255 0.3854228486870145 621.6855910024256
671 0.363616272950785 -0.080880927 -0.9280309700337482 -11.890690064252816 0.04754468628322796 0.996536585 -0.06822270234093618 1.0860561408364915 0.9303347296752834 -0.019316057 0.3662023775863952 622.9261343119267
672 0.35421644493109894 -0.079220258 -0.9318019427261229 -11.38148514234722 0.04650647403149501 0.996664775 -0.06705575472611962 1.157195463883145 0.9340063480275669 -0.019582572 0.35671930781934236 624.1370498872045
673 0.3450111563250826 -0.076217774 -0.9354988791250989 -10.77608554903604 0.04368475041536793 0.996921352 -0.0651111414467683 1.1324193658654078 0.9375814331952727 -0.018402965 0.3472785430911344 625.4665340607945
674 0.3343892100650505 -0.074988581 -0.9394469487695901 -10.310152415003103 0.04265706890560757 0.997012038 -0.0644000752607242 1.2013240567355599 0.9414691875874935 -0.018539363 0.33658886090631196 626.7054266216248
675 0.322687816569843 -0.074565718 -0.9435637374263983 -9.88808654443385 0.04200559889766632 0.997038015 -0.06442613000001628 1.2931649506145297 0.9455728970083767 -0.018845433 0.3248641968490888 627.969729679743
676 0.31041507790469036 -0.073246412 -0.9477749954513107 -9.408741820501362 0.03943729673293342 0.997160927 -0.06414658422231251 1.2935637763260632 0.9497827008019492 -0.017465617 0.31242242781831964 629.3685807855449
677 0.2902042795491304 -0.070857039 -0.9543378624713815 -9.012333358691752 0.03712662178211078 0.997337864 -0.06275985340558944 1.2273827206880639 0.9562442625321147 -0.017218163 0.29206239853475147 630.5443259082763
678 0.2696053515522577 -0.070700949 -0.9603719749451207 -8.549913501767797 0.037059576592351984 0.997324107 -0.06301756145916475 1.2907101093436206 0.9622575236603486 -0.018601107 0.27150406316356895 631.8371977769478
679 0.24803683877214566 -0.067844879 -0.9663719776598119 -8.202544659523287 0.03809891328808267 0.997456067 -0.060248386337952084 1.3686943968207452 0.9680011360135525 -0.021873903 0.24999066631684702 633.0298424473664
680 0.22628008693999857 -0.066744513 -0.9717728604700089 -7.86035368191445 0.038317732206668245 0.997487338 -0.05958827295642434 1.427753616096119 0.9733083133987805 -0.023752493 0.2282690197327275 634.2261909877777
681 0.2038663337951605 -0.065241551 -0.9768224296306076 -7.463986382885182 0.03913814293346288 0.997522492 -0.05845582883579237 1.5129164440656337 0.978216092572036 -0.026313841 0.20591468637980548 635.5489959915611
682 0.19737639879175528 -0.064486039 -0.9782045328653011 -7.114021474355443 0.03942545930687945 0.997549032 -0.05780624505621891 1.561299200984553 0.979534681168703 -0.027156574 0.1994350270218595 636.7823431315768
683 0.1900910791974787 -0.062935482 -0.9797471648938008 -6.800091670778411 0.03956261872897449 0.997623654 -0.05640784378286716 1.593549243185047 0.9809690011098432 -0.028038736 0.1921292499282437 638.0326689297515
684 0.18223306369539294 -0.062111253 -0.9812916506922729 -6.436264565257428 0.03947271209382182 0.99766045 -0.05581695014700744 1.6303856748377914 0.9824627295603522 -0.028562549 0.18425842003076404 639.4117323198745
685 0.17360240302968794 -0.060629849 -0.9829477240389702 -6.187524527419313 0.0393916544290153 0.997731835 -0.05458463746286307 1.65485048989408 0.9840276943738206 -0.029243913 0.1755969535834932 640.6888264155024
686 0.16455526822267336 -0.059280073 -0.9845849058345348 -5.96234193712602 0.039336429128528846 0.997792712 -0.05350092986805546 1.6816034366122838 0.9855831822847392 -0.029926195 0.16652391344943296 641.972215070634
687 0.13596526980528167 -0.057639933 -0.9890354306675729 -5.652792460000896 0.03947203663215805 0.997828603 -0.05272606667390804 1.6996015113688878 0.9899269690910798 -0.031870329 0.13794520014951184 643.3130240574352
688 0.10686884678905784 -0.057305285 -0.992620347136648 -5.446077418076108 0.03925374202926453 0.997802538 -0.05337826962066178 1.7105046203113539 0.9934979585663472 -0.033259589 0.108883452806462 644.5420002791711
689 0.07666610487875475 -0.057082228 -0.9954214829977073 -5.291854043907133 0.03950800599043353 0.997749676 -0.05417288118389109 1.7456241776613897 0.9962737707678948 -0.035173894 0.07874878657061807 645.7861397580037
690 0.04474762773055918 -0.055822063 -0.9974374906472598 -5.150087580054464 0.03814911387930321 0.997804822 -0.054131152758483535 1.817983274369129 0.9982696504830492 -0.035629116 0.04677896044293206 647.175365327773
691 0.012622543927106433 -0.05312724 -0.9985079704434724 -5.100466164120835 0.0353733024465352 0.997986204 -0.05265231024717328 1.8011012746379382 0.999294451411087 -0.034655918 0.014476411167631764 648.4493373815645
692 -0.009431265177457016 -0.051149713 -0.9986464634326635 -5.0330067251739035 0.035506736548710005 0.998043956 -0.05145418102864553 1.7415850296685287 0.9993249330127532 -0.035943955 -0.007596657871273171 649.6739360151398
693 -0.03269293455347205 -0.050952452 -0.9981658276201744 -4.961427462964933 0.036991182149656035 0.997953755 -0.052153199412324325 1.7795048457475768 0.9987806690569251 -0.038628375 -0.030741244958762848 651.0292194730384
694 -0.05552058780680835 -0.050324238 -0.9971885157060683 -4.953438945875076 0.03903265593996408 0.997856167 -0.0525311572507003 1.833228724830182 0.9976942994112995 -0.041839477 -0.053437272150457515 652.2537839347623
695 -0.07846475074693077 -0.049288565 -0.9956977052937339 -4.970812543833873 0.03768017001004763 0.997916742 -0.05236775047272347 1.8720437478427798 0.9962045415952642 -0.041627081 -0.07644408703519145 653.4787057936549
696 -0.10244476123590646 -0.046800947 -0.9936371283392911 -4.979987367640497 0.0359130272132636 0.998067392 -0.05071227606107319 1.8769429654919882 0.9940901997439144 -0.040879724 -0.1005660123617571 654.8353927152908
697 -0.10944883672953809 -0.044428721 -0.992999013782244 -4.98508037336412 0.037019321331233354 0.998125313 -0.04873836911162453 1.8977584492236712 0.9933028350047366 -0.042094507 -0.10759893309516005 655.9777776384983
698 -0.11793280599354411 -0.041249219 -0.9921644800892443 -5.001627508582985 0.03893544391914097 0.998176494 -0.04612719755895897 1.9480222816720465 0.9922579724528723 -0.044070275 -0.11611169818952721 657.2565210206217
699 -0.12591246445403126 -0.038069255 -0.9913106387727424 -5.072445401594317 0.04063642317860401 0.998226803 -0.04349633804432505 1.982789692814193 0.9912087226807752 -0.04576005 -0.12414219871866061 658.403121029214
700 -0.13430617621412827 -0.035708109 -0.9902963105477984 -5.17385532230429 0.04168175083515789 0.998262515 -0.04164832547489131 2.000654145249458 0.9900628684315051 -0.046870911 -0.1325844442276201 659.5505395898605
701 -0.14442318033349383 -0.034562358 -0.9889122245888132 -5.307383479899496 0.04221684878138238 0.99826462 -0.04105467556788537 2.0236144708666677 0.9886150331137601 -0.047678005 -0.14271343781448642 660.8324779540776
702 -0.15310334294018518 -0.033315932 -0.9876484267025157 -5.3886262815001995 0.04226218579294009 0.998296416 -0.040226517991888006 2.01810819554899 0.9873060696470517 -0.047898996 -0.15143451404224695 661.9789631904732
703 -0.16240025142702558 -0.032623127 -0.9861855250740779 -5.507046704620295 0.04203915889297809 0.998317047 -0.03994724382794629 2.014667903697094 0.9858290256915613 -0.047945852 -0.16075549095073388 663.12851624561
704 -0.17320314126708053 -0.030892663 -0.9844015013340646 -5.655684986969343 0.04155917363837937 0.998388446 -0.03864384294861985 1.9991193586901146 0.9840088952163564 -0.047604148 -0.1716401415288048 664.4166724531386
705 -0.18280415411602308 -0.028911233 -0.9827241640782806 -5.824281565102625 0.042993650813092074 0.998376223 -0.03736929134698918 2.059740694797858 0.9822088310901824 -0.049082161 -0.18126432151752808 665.5617617844065
706 -0.19256078281320566 -0.026774619 -0.9809197039209047 -6.019721412582243 0.04447980072888654 0.998362066 -0.03598238416430981 2.111195628966433 0.9802764363906764 -0.050559909 -0.19105445094798534 666.7010449925785
707 -0.1935575557772854 -0.023962174 -0.980796251421616 -6.1925896671771365 0.04430217585489198 0.99846846 -0.03313684748311449 2.058476954430363 0.980088154327334 -0.049865295 -0.19219953795140154 667.9609898487564
708 -0.19297342407278628 -0.021526728 -0.9809678162550717 -6.357225899468398 0.04586237724610865 0.998468733 -0.030932701149196554 2.0936055926550368 0.9801315731961087 -0.050958705 -0.19169066327858764 669.0773781346232
709 -0.19237830794754462 -0.018909546 -0.9811386325193571 -6.532338330035694 0.04806931945708189 0.998432511 -0.028668119337763216 2.1498838863037157 0.9801428097368887 -0.05267779 -0.19116778795719708 670.1889444274858
710 -0.19321032735891663 -0.015770371 -0.9810306139083401 -6.740975279788703 0.048779903762416046 0.998479941 -0.025657895185011548 2.1298628058211033 0.9799440239552106 -0.052811949 -0.1921473582846157 671.4360804023516
711 -0.19260885230930963 -0.012204393 -0.9811997158817161 -6.9484233365374966 0.049620143136773716 0.99852229 -0.022160255982343835 2.112910433349055 0.9800202401070248 -0.052955531 -0.19171864868818372 672.5429466871403
712 -0.19023398970873978 -0.010565981 -0.9816819187733812 -7.088818433956817 0.04942188650544929 0.998571167 -0.020324919950989607 2.116853620122077 0.9804940115584464 -0.052383063 -0.189439986704867 673.5416443327703
713 -0.1894775429930994 -0.007986542 -0.9818525737436335 -7.26957963006217 0.04976105119786343 0.998603845 -0.017725668945720675 2.1473113192667466 0.9806233214248814 -0.052216633 -0.18881558364636633 674.6709397141404
714 -0.1874903917404736 -0.006944113 -0.9822418906958833 -7.445148522232064 0.05003865373182734 0.998609133 -0.016611204868445275 2.1771839693702 0.980991073363066 -0.052264503 -0.18688214274475468 675.6651896454838
715 -0.186182195074411 -0.006270985 -0.9824952241986078 -7.66400678808733 0.04833517325430137 0.998710372 -0.015533964968113174 2.1445954832967598 0.9813255832965734 -0.050381225 -0.18563898052277142 676.6557690229791
716 -0.1871200233143932 -0.006252324 -0.9823171609034888 -7.961311826713652 0.045085683229265074 0.998871312 -0.014945988645786761 2.049267211784242 0.9813018790983208 -0.047085134 -0.18662693218189846 677.7764491273758
717 -0.18727878465362036 -0.005692839 -0.9822903080317775 -8.101392866130457 0.043476733615351475 0.998955239 -0.01407848641222149 2.00438429978261 0.9813441958983339 -0.045343376 -0.18683561772134244 678.791590758432
718 -0.1892336876160158 -0.004862426 -0.9819200416113694 -8.301113395239538 0.04267827319302499 0.999002035 -0.013171887610679578 1.9852486110723628 0.9810041673731584 -0.044399216 -0.1888373193933912 679.93750368446
719 -0.1895825891191151 -0.003573251 -0.9818582762915096 -8.472818027538942 0.04219026474821658 0.999040121 -0.011782108672544436 1.9761282651226593 0.980957910886678 -0.043658543 -0.18924985676055875 680.9521124805913
720 -0.18999594828401573 -0.002591747 -0.981781453633459 -8.665381581538952 0.04232642096263906 0.999045154 -0.010828399111920904 2.0000067904164025 0.9808720677604672 -0.043612647 -0.1897048323072369 681.964603660452
721 -0.1926587906566495 -0.001196429 -0.9812650812113962 -8.945451692912844 0.04233282734256582 0.999058115 -0.009529630115192186 2.028272749863265 0.9803522438519325 -0.043375692 -0.19242667955473414 683.1041330699571
722 -0.1920999896438617 -1.658e-05 -0.9813753582299787 -9.065102309103196 0.04222001081074051 0.999074017 -0.008281263551484331 1.9991578588607466 0.9804667584184917 -0.043024509 -0.19192140781318534 683.941858052675
723 -0.1917316243052232 0.001183163 -0.9814466788970417 -9.200575978503885 0.04249636091609267 0.999071411 -0.007097513979096623 1.987909104396857 0.9805269208372785 -0.04306873 -0.1916038654226439 684.780877575501
724 -0.19337612225357312 0.001752987 -0.9811231326050218 -9.408558149107748 0.04282972918778729 0.999060211 -0.006656562838507848 1.986237330590825 0.9801894149004963 -0.043308459 -0.19326946949010454 685.7431195402115
725 -0.19304525645361276 0.002545354 -0.9811865520920656 -9.570939955672685 0.04373430530004625 0.999025102 -0.006012951718297717 2.002466152315116 0.9802146903815991 -0.044072284 -0.1929683765304393 686.5675670167036
726 -0.19262807119322845 0.003138743 -0.9812668212691678 -9.733805413297855 0.04410949225758825 0.999011763 -0.0054634329007504185 1.993345402268333 0.9802799497056985 -0.044335592 -0.19257615736222866 687.3824795011767
727 -0.1957571677612907 0.003838391 -0.9806448892575772 -9.933409105872048 0.04346747375542886 0.999043472 -0.004766608242125709 1.999066305291476 0.9796885777473912 -0.043559254 -0.1957367648343793 688.2164608807332
728 -0.19683061985650765 0.004251237 -0.9804282911578245 -10.062318961057034 0.042467646640036494 0.999089041 -0.004193645779515088 1.9885650915443092 0.9795173332647046 -0.042461921 -0.19683185583695803 688.917686293106
729 -0.19776011747218 0.005389682 -0.9802356288906063 -10.189392503866955 0.04182824619525298 0.999120475 -0.0029452280143869164 1.9894820940119458 0.9793576125616517 -0.041583986 -0.19781162321775408 689.6069460133135
730 -0.20173594531694955 0.006578465 -0.979417853534946 -10.349036239118995 0.041051785887551887 0.999155497 -0.0017446188573143574 1.997303210792413 0.9785792554193005 -0.040558804 -0.20183563599043858 690.3834440071228
731 -0.2037070983948961 0.008688059 -0.9789933274020475 -10.432238121213118 0.040155538983766774 0.99919331 0.0005118341654991518 1.995200093571261 0.9782080299641954 -0.03920774 -0.20389164375394928 691.0345831389942
732 -0.20056867783715776 0.01154113 -0.9796116616586519 -10.635151713538107 0.04037365866680876 0.999178502 0.0035054278022809294 2.008030494419169 0.9788473697526625 -0.038847428 -0.20086986893976402 691.6802086818889
733 -0.1952045784592264 0.014149478 -0.9806604740725093 -10.747986440407281 0.04072354678981606 0.999150527 0.006310069265916025 2.024515116296926 0.9799167131232182 -0.038704218 -0.1956149741787637 692.2027784602521
734 -0.18900205065010023 0.016343221 -0.9818406812237124 -10.83451584914788 0.04051376962891323 0.999139942 0.008832369194515797 2.024557048776262 0.981140590862717 -0.038108731 -0.1895016226575009 692.7148677117765
735 -0.1749203132006198 0.018602563 -0.9844068406642845 -10.978590047239992 0.038799986601530806 0.999175093 0.011987230605014656 2.004458541778719 0.9838177903479709 -0.036098162 -0.17549780003235188 693.3029296456488
736 -0.1582201831672867 0.021405064 -0.9871718168762523 -11.026043234443744 0.03734005608772922 0.999179581 0.015680707445853363 1.995015730338632 0.9866975698696343 -0.034380046 -0.1588896429435563 693.7789864570365
737 -0.15804052814604888 0.023053091 -0.9871634850508697 -11.080224295225758 0.036530034384152 0.999179572 0.017485403224113676 1.9827967339350039 0.9867566812808253 -0.033297714 -0.15875299776769364 694.2386277029847
738 -0.15691735389565936 0.023164986 -0.987340026710132 -11.227231992638597 0.03441618688624287 0.999245936 0.01797457880066138 1.985593321395069 0.9870118896121532 -0.031159956 -0.15759627819457062 694.7777211266682
739 -0.153043895240249 0.022023112 -0.9879739616731086 -11.273228632806815 0.03178264903821389 0.999344149 0.017353218560831944 1.9727243632300133 0.987708170123227 -0.028744626 -0.1536434744008705 695.2078330386237
740 -0.1565930039245875 0.019369722 -0.9874732626348791 -11.366911657803943 0.02982695150981421 0.999444395 0.014874598993071109 1.9646418843509632 0.9872127351969937 -0.027124059 -0.1570837395675062 695.6233908076829
741 -0.16044756443700803 0.016569704 -0.9869052765194686 -11.481243887613644 0.029350874114944664 0.999497024 0.012009352731378362 2.0005268025512852 0.986607878438311 -0.027039661 -0.16085319863986544 696.1145781334841
742 -0.1633926084049657 0.013655078 -0.9864666210916889 -11.571197019050118 0.029968929692402297 0.999511458 0.008871770635700235 1.9888810673539352 0.9861058352285288 -0.028113768 -0.16372201242866888 696.4813089061485
743 -0.16637119419754637 0.011709949 -0.9859936631868279 -11.673711498794852 0.03099114575773752 0.999497596 0.006641048818429785 1.9861421549890361 0.985576061875374 -0.029452195 -0.1666505131065681 696.9139448733774
744 -0.1681598585816651 0.009999188 -0.9857090232595374 -11.723470807910601 0.03167603445574181 0.999486972 0.0047350897790841605 1.9742052295120267 0.9852506737569541 -0.030427101 -0.1683903229397222 697.2298445452021
745 -0.16935701720249127 0.009387914 -0.9855100543221375 -11.8073365390794 0.032366138771268205 0.999468239 0.00395885331371926 1.983595437414694 0.9850231640061123 -0.031226696 -0.16957081047344721 697.6133382113952
746 -0.17006786989168252 0.007464634 -0.9854040787385279 -11.883049113785042 0.03293278275850173 0.999455787 0.001887310905123954 1.9894491441227637 0.9848818974775432 -0.032131127 -0.1702211472539722 698.0586526888416
747 -0.16998212384871872 0.007506857 -0.9854185528742476 -11.967991069498716 0.033068073242722686 0.999451277 0.0019096011779156292 2.004284851859936 0.9848921668772325 -0.032261295 -0.17013708789787946 698.3843634844351
748 -0.1690881996050703 0.006895989 -0.9855767987975415 -12.024729469974421 0.03216937493503333 0.999481344 0.001474213523376408 1.994189269803792 0.9850757903895824 -0.031456118 -0.16922234034028608 698.6910339322831
749 -0.16820512282015543 0.005926749 -0.9857341984641673 -12.098817841735126 0.030761186466300196 0.999526473 0.000760604648577413 1.9753591650276132 0.9852719352438529 -0.030194416 -0.16830778757442683 699.0563111048842
750 -0.16861492930023717 0.005060436 -0.9856690101972503 -12.174096846938916 0.029195556676275762 0.999573709 0.0001374417879496009 1.980751941589262 0.9852495240476524 -0.02875398 -0.1686907933944821 699.3712348541067
751 -0.16866156785224173 0.003646879 -0.9856672742298964 -12.237214589040821 0.027399215976388863 0.999624081 -0.0009898743435887841 1.980936335904917 0.9852931328478581 -0.027173465 -0.16869808635483197 699.6774467777406
752 -0.1686794124811482 0.003047059 -0.9856662572561021 -12.313041015402563 0.024796662473814575 0.99969185 -0.0011530943117611888 1.964457096557882 0.9853590109909957 -0.024635737 -0.1687029910630427 700.0524938082075
753 -0.1684402544305102 0.00234672 -0.9857090716441312 -12.369849738948432 0.02303292294702401 0.999733496 -0.0015558111100747044 1.9402956717657531 0.985442725694298 -0.022965822 -0.1684494158212062 700.34522766819
754 -0.16832704102525667 0.00176304 -0.9857296273458328 -12.447372657184292 0.023025619475141902 0.999732577 -0.0021438597376934204 1.955935587745564 0.9854622405876123 -0.023057905 -0.1683226211107282 700.7019894475901
755 -0.16900591006842364 0.00193954 -0.9856131294964843 -12.510375844337975 0.023820112735631775 0.999714019 -0.002117214775499619 1.959754151716378 0.9853271565155579 -0.023835238 -0.1690037773365939 700.9378012055422
756 -0.16926418439415483 0.002035559 -0.9855686140176448 -12.563527600581459 0.024795465511568075 0.999690138 -0.002193714079971074 1.965788212715953 0.9852587577962021 -0.024808949 -0.16926220875092046 701.1620606021017
757 -0.1690758676015149 0.00269424 -0.9855993568770097 -12.612985158082346 0.025246352407343884 0.999679983 -0.0015981856971274816 1.960147305576864 0.9852796422167018 -0.025153003 -0.1690897798226588 701.4457305931658
758 -0.16861623984307045 0.002167966 -0.9856793918965403 -12.641504022895962 0.02536002075280623 0.999676094 -0.002139485937085175 1.948922407882018 0.9853554853275712 -0.025357602 -0.16861660334780867 701.643596567253
759 -0.1683060047084546 0.001971291 -0.9857328257336716 -12.67382463566471 0.025342608899853843 0.999676114 -0.002327873237438352 1.937452163632764 0.9854089719209236 -0.025372836 -0.16830144943145453 701.8254420722441
760 -0.16801891715457334 0.001123696 -0.9857831307995789 -12.713315001011686 0.025158543320415165 0.999678516 -0.0031485391500217226 1.928127782689878 0.9854626791865014 -0.025329881 -0.16799317184787382 702.0395346887947
761 -0.16804034731406026 0.000404603 -0.9857800357069854 -12.739464122706107 0.025507967908542095 0.999666863 -0.003937896357593951 1.926604691317729 0.9854500419116369 -0.025806971 -0.16799468771290654 702.168495107674
762 -0.16826871055224618 -0.000347139 -0.9857411020841648 -12.765029366608257 0.025918903053555077 0.999652638 -0.004776465524153948 1.923713962207698 0.9854003507900956 -0.026353057 -0.16820126283963668 702.2796004291457
763 -0.16834819918412158 -0.000789361 -0.9857272747462636 -12.800186962319621 0.025980499862990593 0.999648729 -0.005237609275693036 1.9151848163699718 0.98538515198069 -0.02649143 -0.16826855507865068 702.4317734797223
764 -0.16832435994732237 -0.001642593 -0.9857302934992845 -12.818020971490862 0.02624994887692763 0.999636504 -0.0061482351696946925 1.911008213586872 0.9853820830411419 -0.026910267 -0.1682200566927994 702.505123698144
