476 0.08221039888902203 -0.023525239 0.9963372991332272 -14.900133582289236 0.00704931709845913 0.999710077 0.02302321802925046 -1.2346862123430267 -0.9965900646319049 0.00513075 0.08235240045746495 168.10474949467098
477 0.08156594601749137 -0.024343026 0.9963706207848921 -14.856267836309584 0.006901557137608269 0.999691506 0.023859178504816825 -1.2185598220044067 -0.9966440514279399 0.004930412 0.0817087888945924 168.10326814272054
478 0.08100647595534896 -0.023957884 0.9964255972331211 -14.817326583552397 0.007187370619583118 0.999699121 0.023452280382226104 -1.2167462275783083 -0.9966876599635438 0.005261893 0.08115429738736557 168.09892216514154
479 0.08057051659963392 -0.023506954 0.9964716832915331 -14.758671268046914 0.006857810585189238 0.999711279 0.023028882879672898 -1.18770785619349 -0.9967253198376843 0.004978165 0.08070846057400947 168.13083871983156
480 0.08136658714591866 -0.023734702 0.9964015970517784 -14.820692800624396 0.00702414611533192 0.999705243 0.02323980206402491 -1.182353642684578 -0.9966594903350526 0.005107927 0.08150931932944805 168.10323848254663
481 0.08220447018854105 -0.024538694 0.9963133435697825 -14.875339954024554 0.007582163873041575 0.999683299 0.023996099888770845 -1.197377002551797 -0.9965866428463966 0.005581625 0.08236449178945535 168.10847566096223
482 0.08099702061937863 -0.024522452 0.9964126314099964 -14.859129354104788 0.007355671355901309 0.999684776 0.024005049419837443 -1.1861132816224997 -0.9966872013375419 0.005384946 0.08115186783930733 168.12396169563624
483 0.08032266621009226 -0.024287361 0.9964729768553654 -14.846584792409416 0.007027355930610006 0.999692056 0.02379936723536784 -1.1698030851126884 -0.996744142564149 0.005090942 0.08046860740470488 168.12757415980167
484 0.08012988487568946 -0.02410783 0.9964928567760956 -14.87246833979442 0.006729985707829062 0.999697784 0.02364419520904834 -1.1549673027311282 -0.9967617108415335 0.004811776 0.08026791379469722 168.14583200475766
485 0.08089242807474295 -0.024019021 0.9964333908173751 -14.993151879995242 0.007373247318461835 0.999696668 0.02349910783763174 -1.179092005437209 -0.996695565469738 0.00544605 0.08104498874473495 168.1214275903158
486 0.08219273418013273 -0.023393885 0.9963418488952669 -15.159172776039915 0.00825046308918329 0.999706178 0.022792260259836123 -1.209650778952629 -0.9965823020637712 0.006346924 0.08236159487120767 168.0867254536968
487 0.08104714503587096 -0.022017858 0.9964670462227114 -15.270715577262553 0.008996888583363264 0.999731405 0.021358228867729215 -1.202646543613754 -0.9966696627214074 0.007234079 0.08122346864898099 168.1095848171168
488 0.08055023072172238 -0.022250179 0.9965021780314984 -15.341989817766294 0.009982090950190071 0.999718689 0.021515115996748924 -1.2120390773572907 -0.9967005664101437 0.008214128 0.08074967425040028 168.10173839995787
489 0.08070290905933983 -0.022671245 0.996480334026883 -15.453195152175315 0.011259331107857649 0.999698237 0.021832585510506927 -1.2355190732408938 -0.9966746050421034 0.009457749 0.0809338195218968 168.10760304660622
490 0.08111789387124263 -0.023223652 0.9964339163100181 -15.553577180211862 0.011908663160439713 0.99967973 0.022329837625543858 -1.232985340655048 -0.9966333687443057 0.010054846 0.0813684765928232 168.08220080624557
491 0.08214233098420752 -0.022409526 0.9963686323310622 -15.709378494061761 0.012461407069908883 0.999692109 0.02145693468409118 -1.2201722318841361 -0.9965426988064168 0.010653633 0.08239629476529381 168.0433503565294
492 0.08127863652855244 -0.021804561 0.9964528816305992 -15.729946088976654 0.01284425810037975 0.999700566 0.02082794779934113 -1.233552908844713 -0.9966086535379709 0.011105831 0.08153436264415619 168.06565346002992
493 0.08103907224340998 -0.021763634 0.9964732877769564 -15.788500333154307 0.013431805158282364 0.999694639 0.02074163729329445 -1.2557128015479573 -0.9966204173061851 0.011703552 0.0813066502474647 168.05258034335014
494 0.08110920964613039 -0.022260226 0.9964566109903809 -15.82247348688934 0.013727081444869319 0.999680697 0.021214897792886406 -1.2685067970609554 -0.9966106883718705 0.011957717 0.08138887911940604 168.03910771538293
495 0.08189027214999736 -0.021539459 0.9964085684915083 -15.906501491872323 0.01325398308006106 0.999701558 0.020521359124846754 -1.2469974196813998 -0.9965532177024775 0.011525882 0.08215131651574951 168.04068333695764
496 0.08213205099847572 -0.020555336 0.9964094560940598 -15.941325939131707 0.013157956615719698 0.999722507 0.0195390985376761 -1.239747014083866 -0.9965345929170379 0.011505926 0.08237972658099642 168.02362070519314
497 0.08250684509301265 -0.019213441 0.996405270764207 -16.001222332393237 0.012519580433759649 0.999755227 0.01824135931000833 -1.228062403657149 -0.9965118566593998 0.010969539 0.08272719365864206 168.03321169934895
498 0.08233153524313282 -0.018824655 0.9964271929714364 -16.015074479078663 0.012530030268540516 0.999762118 0.01785234373883873 -1.245549162440696 -0.9965262246056554 0.011015452 0.08254782342490868 168.02413365239818
499 0.08229549429299343 -0.018605006 0.996434295352221 -16.027433340582874 0.012904427195292164 0.999761806 0.01760135941933077 -1.27874404137654 -0.9965244235802876 0.011409902 0.08251597924703465 168.01340967715703
500 0.08243999598117074 -0.018632703 0.9964218330934326 -16.127458696859108 0.011986020158703373 0.999771432 0.01770366361725994 -1.261700579484296 -0.9965239499515879 0.010483643 0.08264448519854048 168.0157882885453
501 0.08214949880858886 -0.018071869 0.996456154425074 -16.156562478957504 0.010195726723875533 0.999798498 0.017291933958549208 -1.208992823866144 -0.9965678632713227 0.008739071 0.08231720156992203 168.00588788870957
502 0.0824532682642409 -0.018031055 0.9964318037334472 -16.252121439668745 0.008384317833523695 0.999813481 0.01739845887614649 -1.1512043210896983 -0.9965596630782678 0.006919842 0.08258906751627883 168.0184386509616
503 0.08256458086979848 -0.018446246 0.9964149865704401 -16.325856727143552 0.007700410430971105 0.999810647 0.01787103966622816 -1.1376328600352923 -0.996555965786771 0.006197289 0.08269099066346881 168.00523125396563
504 0.08253299089188329 -0.019150173 0.9964043241143368 -16.453376432678404 0.007438124652983101 0.99979935 0.018599317212003832 -1.1392714656272482 -0.9965605746670552 0.005876322 0.08265887122837462 167.9755082752869
505 0.08264502622262687 -0.019438595 0.9963894518997776 -16.55624242348156 0.007249811266491019 0.999795024 0.018903702138395005 -1.143730592875304 -0.9965526776496635 0.005661339 0.0827690119406358 167.98283893158208
506 0.08218084242771799 -0.018959755 0.9964370709492159 -16.655563991127188 0.007111704089261378 0.999804726 0.018437297558594724 -1.1463946138711338 -0.9965920590732682 0.005571173 0.0822996313964807 167.96654768305166
507 0.08218093161790685 -0.018246257 0.9964503839606772 -16.727619806603045 0.007278164738687594 0.999816717 0.01770764187254714 -1.144388501221652 -0.9965908505789843 0.0057971 0.08229866834815863 167.94983064832687
508 0.08252158514625357 -0.017988468 0.996426918403593 -16.836332311865267 0.007197967754311197 0.999821764 0.017453638248917425 -1.134124612011774 -0.9965632835399801 0.005731947 0.08263635708888373 167.94296808477688
509 0.08228200769176905 -0.018156973 0.9964436740079703 -16.96263525696252 0.007585752999792578 0.999816472 0.017592032391010082 -1.144951430645482 -0.9965802157961378 0.006111268 0.08240464116058174 167.93293948841261
510 0.08234959666888983 -0.017827908 0.9964440319426953 -17.126903020896567 0.007985047032667822 0.999819695 0.01722839186269768 -1.155523231464787 -0.9965715140015079 0.006537902 0.08247710534245326 167.9356025427396
511 0.08217493811200172 -0.017156683 0.996470234670316 -17.21443303044073 0.007243844789206939 0.999835683 0.016617256673279148 -1.122927215841788 -0.9965915949139507 0.005852753 0.08228571491027172 167.92204560673343
512 0.08276054946794087 -0.016798402 0.9964278725551005 -17.352935819933307 0.007045843350134059 0.999842797 0.01627076451417965 -1.0920692360789848 -0.9965445536897356 0.005674098 0.08286589851383233 167.83910870586124
513 0.08350743402871996 -0.016893478 0.9963639489101072 -17.512209929852386 0.008094844370600424 0.999834804 0.01627388099179368 -1.1068557067757538 -0.9964742751678896 0.006706421 0.08363038928809786 167.77142750746398
514 0.08344730318779761 -0.016725139 0.9963718272138786 -17.651297489274477 0.008986292931517387 0.999831119 0.016030593737863943 -1.115556588923387 -0.996471672498496 0.007615979 0.08358350688179919 167.68767970090377
515 0.08320430681570853 -0.017093262 0.996385901317654 -17.018546606080573 0.009513891732186756 0.999820939 0.016357722218441433 -1.0493665292249932 -0.9964870944773201 0.008118474 0.08335203188455864 167.89876137572097
516 0.08215594011729867 -0.01696122 0.99647514683004 -16.725707609969092 0.010217617939001207 0.999816957 0.016175694014877097 -0.9598089016960012 -0.9965671087935177 0.008852673 0.08231420530256475 167.9607822651733
517 0.08307670190182487 -0.01724033 0.9963940148292185 -16.823525484025616 0.010574656553125214 0.999809299 0.01641773601532611 -0.927223086321026 -0.9964870484395142 0.009172593 0.08324316951132699 167.96577658325145
518 0.08396256109668711 -0.017921566 0.9963077366954952 -16.885714301395545 0.01110599493084727 0.999792984 0.01704831537276633 -0.9207525362118836 -0.996407017617804 0.009633568 0.08414421643196658 167.98439494600882
519 0.08409559193609595 -0.018031813 0.9962945277055946 -17.061347347414248 0.011435038404648353 0.999787882 0.017129826030443253 -1.0178045827885112 -0.9963920768785779 0.009952123 0.08428394858040478 167.94456574650354
520 0.08368024454877722 -0.017176397 0.9963446128189847 -17.110682972485606 0.011498997770593508 0.999801507 0.016270223544665344 -1.0730177541404613 -0.9964263092460589 0.010095468 0.08386114559664672 167.93682779070153
521 0.08214255074593325 -0.015968144 0.996492659199011 -17.21438259542644 0.011996869657056554 0.999815033 0.015032460962468581 -1.1635640103848053 -0.9965483809294946 0.010719988 0.0823189252127728 167.91960463061292
522 0.08375982425053997 -0.015524472 0.996365034875319 -17.29431416764708 0.01240852623076272 0.999817362 0.014535134744760626 -1.09127602310906 -0.9964087115702649 0.011145962 0.08393716259124383 167.91269052198425
523 0.08411870876024796 -0.015887015 0.996329084949041 -17.345760217403303 0.012414667050299928 0.999811999 0.014894397960372861 -0.9797007821595711 -0.9963784013549714 0.011116196 0.0843001259181 167.935467539587
524 0.08393041206072213 -0.016356298 0.9963373714613392 -17.393145959446507 0.012364345418881968 0.999805398 0.015371671308559277 -0.9207714374151337 -0.9963949062368858 0.011028909 0.08411631415100838 167.92026452126973
525 0.08332997595915972 -0.016485718 0.996385635938268 -17.41850232619102 0.012536355158240206 0.999801371 0.01549378886504683 -0.87258795028108 -0.9964431517114003 0.011199947 0.08352009556424556 167.9053265750963
526 0.08213615279716897 -0.016354487 0.996486920199481 -17.44009201360359 0.013167297889197585 0.999795886 0.01532347078636765 -0.8436736086706 -0.9965341315100774 0.011862429 0.08233473207528422 167.90798368323556
527 0.08211057330386068 -0.016236655 0.996490955471151 -17.48457629192921 0.013493725024335945 0.999793744 0.015178591016614878 -0.847256845623156 -0.9965318728893646 0.012200052 0.08231273109500345 167.8976965080603
528 0.0819555249480183 -0.016623617 0.9964973394255504 -17.523236661128344 0.014096051028559476 0.999780206 0.015519072408853352 -0.887789635612019 -0.9965362981684309 0.012774804 0.08217183952582383 167.913963868709
529 0.0820601265348143 -0.017384902 0.9964757401294203 -17.571421689305907 0.014845175616970444 0.999758242 0.016219664154862222 -0.9495884538734563 -0.9965168120328665 0.01346187 0.08229837034621831 167.89923739747894
530 0.08215825915014507 -0.017634822 0.9964632623085191 -17.62686857924198 0.015201389547232698 0.999749297 0.016439623973477396 -0.9667597265668064 -0.9965033553533158 0.013796975 0.08240573548048989 167.88602684728522
531 0.08212425854232125 -0.017502221 0.996468403620536 -17.65474450990976 0.015267759883490712 0.999750546 0.01630157247265112 -0.9493526923402849 -0.9965051437694137 0.013875086 0.08237099173126315 167.89071818881928
532 0.08213849453870324 -0.018139617 0.9964558302288343 -17.645800036218134 0.01515770186842128 0.999741438 0.01694996945337183 -0.92078952209332 -0.9965056508383946 0.013711736 0.08239221218378345 167.90279059921733
533 0.0818120514250787 -0.019235286 0.9964621374329605 -17.633428584919837 0.014388071528959424 0.999732341 0.018117115673412593 -0.90301142075881 -0.9965439130415467 0.01285497 0.08206691255938592 167.92165580390457
534 0.081888000117957 -0.01990557 0.9964427343451515 -17.646361932843927 0.013887395023802701 0.99972625 0.018829891930463485 -0.9013155808144058 -0.9965447787858196 0.012296052 0.08214201978874203 167.9087752262333
535 0.08209856374041939 -0.019866753 0.9964261833787296 -17.65092892264368 0.01372190654527225 0.99972906 0.01880201611204202 -0.896947486520254 -0.9965297463924035 0.012129249 0.08234892956085776 167.89550935942117
536 0.08214452815505646 -0.019364192 0.9964322875688357 -17.655356601116644 0.01360999677952046 0.999739787 0.01830647849161449 -0.9126028757195608 -0.9965274934746816 0.012057663 0.08238669965177325 167.89237648847143
537 0.08200936170341434 -0.019142814 0.9964476992708545 -17.66038365739442 0.013291085880769124 0.999747613 0.018112329563922603 -0.939598265543961 -0.9965429302268148 0.011758491 0.08224309293782668 167.88932147252928
538 0.08191665573231167 -0.019147745 0.9964552295479762 -17.66133863966708 0.013019719018524984 0.999750669 0.018140743668546414 -1.010527002966622 -0.9965541367384148 0.011487538 0.08214552992423499 167.8999834390667
539 0.08207749899977002 -0.019517386 0.9964348230813236 -17.65853132338753 0.012727440837183272 0.999747222 0.01853389214432197 -1.075620719206132 -0.9965446783111067 0.01116085 0.08230515767357209 167.89521774225258
540 0.08233333321524555 -0.019912826 0.996405892364315 -17.659550084210757 0.012300771562877287 0.999744513 0.018963130265216094 -1.1291951429414322 -0.9965289322702616 0.010695264 0.0825572410559851 167.88664384341376
541 0.08216235360938225 -0.020284371 0.9964125105616547 -17.644151780631407 0.011951013292004552 0.999741019 0.01936667162636173 -1.2381843596522872 -0.9965473001997377 0.010316928 0.08238349418340352 167.8887216638531
542 0.08210693949429398 -0.020067225 0.9964214760156466 -17.634020228421402 0.01164344168901061 0.999748347 0.01917478499900154 -1.312455289089141 -0.9965555080792241 0.010027393 0.0823199289495404 167.8796662668413
543 0.08184144165001873 -0.019334347 0.996457806980644 -17.623380457216776 0.011285713701005116 0.999765689 0.018471606979506987 -1.365388771648986 -0.9965814624692779 0.009733995 0.08204046705888839 167.88287874297217
544 0.08198388759905725 -0.018516072 0.9964616385998286 -17.632405588269133 0.011048176564338066 0.999782852 0.017668797321742844 -1.36594205063528 -0.9965724160028278 0.009560527 0.0821706540637391 167.8678872017068
545 0.08200543250750474 -0.018341186 0.9964631001234747 -17.626977720219628 0.010621939553527363 0.999789945 0.01752827226555484 -1.3547703741967472 -0.9965752772049334 0.009146957 0.08218302588737417 167.8546073925472
546 0.08217413247515107 -0.019059069 0.9964357294284792 -17.639218604757666 0.01011544541293236 0.999781574 0.018288863917597663 -1.297282471095396 -0.9965666512136377 0.008576519 0.08234897458014828 167.84860419079112
547 0.08166832103057843 -0.019232834 0.9964739751142286 -17.630489010791457 0.009709759718229651 0.999781695 0.018500889344249937 -1.2164636106721378 -0.9966122643752864 0.008164586 0.08183723804075826 167.85844024418157
548 0.08138141577631296 -0.018689461 0.9965077865955795 -17.62546489890744 0.009394162080582438 0.999794143 0.017983907174881353 -1.2418447608860248 -0.996638758723927 0.0078978 0.08154023519510385 167.86722380552703
549 0.08130396463337904 -0.018401576 0.9965194670772896 -17.629157764248358 0.00904151458845521 0.999802027 0.01772451265041204 -1.2708207766135489 -0.9966483409537283 0.007568972 0.08145424693307074 167.88564629160587
550 0.08164655986287692 -0.019042739 0.996479409492192 -17.636742538243944 0.008781104404247128 0.999792392 0.018386569748431045 -1.2923834053259442 -0.9966226630310422 0.00724899 0.08179682536423008 167.89288969407656
551 0.08219055815723039 -0.020259119 0.9964106990371291 -17.651812792134532 0.008696441795392317 0.999769882 0.01961007802727074 -1.3238053565444536 -0.9965786898202942 0.007053465 0.08234782668414381 167.91045100615972
552 0.08187524593789038 -0.02085694 0.9964243233120439 -17.648003680837586 0.00872090150463362 0.999757719 0.02021012507006335 -1.347384358842824 -0.9966044295708278 0.007035009 0.08203730114377968 167.8957813155751
553 0.08183385514711859 -0.020768599 0.9964295685280152 -17.67986304402489 0.008722755904611568 0.999759488 0.02012163000805504 -1.3502899957653647 -0.9966078128941726 0.007044981 0.08199533290852924 167.86668861907683
554 0.08174566699845988 -0.02076737 0.9964368327647646 -17.713662032085782 0.008858072133399654 0.999758534 0.02010990170768163 -1.370253373560092 -0.99661385681887 0.007182612 0.081909887496733 167.84826628558955
555 0.08198325229687033 -0.020814934 0.996416320710191 -17.724600319835975 0.008548851560534105 0.999759785 0.02018139420947122 -1.4122652994210407 -0.9965970417669077 0.006863679 0.08214150218945854 167.83089878525095
556 0.08220079416782192 -0.021187135 0.9963905529071995 -17.72069821982007 0.008014288997519872 0.999755727 0.020597524436218564 -1.4503052093327187 -0.9965835642821433 0.006292229 0.08235051506343502 167.83422680512604
557 0.08207038939914671 -0.021441974 0.9963958513985659 -17.72258230862201 0.007875453210878236 0.999751273 0.020865501304625243 -1.4854409145578198 -0.9965954188540024 0.006134629 0.08221884132201608 167.82454279081958
558 0.08217782604087592 -0.021683334 0.996381773601547 -17.792770134176713 0.0075445516480009646 0.999748178 0.021134347656926886 -1.560163636615759 -0.996589125296095 0.00578048 0.08232072263824644 167.78413185172363
559 0.08242466128312373 -0.021674089 0.9963615856867013 -17.83137148983956 0.007170069379440658 0.999750504 0.021154660453610297 -1.6084081744017802 -0.9965715051960999 0.005400316 0.08255950191225266 167.7729897881064
560 0.08230464252914442 -0.021236002 0.9963809403584327 -17.857495561945385 0.007103485803656742 0.999760056 0.020721248335661246 -1.631588702545066 -0.9965819017654481 0.005372323 0.08243574332260653 167.75411688319687
561 0.08221668996224994 -0.020702092 0.9963994373970837 -17.880189285075158 0.006308613154249053 0.99977501 0.020251678276309963 -1.596047200696281 -0.996594509840904 0.004620873 0.08232879386845733 167.75058147459845
562 0.0825650596599431 -0.020621978 0.9963722922753647 -17.94208278748885 0.0051926942393727355 0.999781215 0.020262236422678277 -1.5830812217579897 -0.9965721479289342 0.003500904 0.08265407927006577 167.73242543416865
563 0.08269538288247413 -0.020404284 0.9963659664129604 -17.988870011680735 0.004285277904438078 0.999788415 0.020118705961768908 -1.5987215008319609 -0.9965656575460267 0.002605981 0.08276532339799778 167.71886896138574
564 0.08255027693673381 -0.019356333 0.9963989085735635 -18.01379021241302 0.0035172890503486444 0.999810795 0.019131210707289736 -1.5987088802180118 -0.9965806944615219 0.001925336 0.08260273909364924 167.72811253478895
565 0.0823894612643985 -0.018080415 0.996436187519963 -18.03076676628043 0.0032156369930542617 0.999835037 0.017876205655537054 -1.5959136304780301 -0.9965950214675916 0.001731366 0.08243400957564317 167.72772239085236
566 0.0822302464932824 -0.017517193 0.996459399491759 -18.061949287042857 0.0031570225164760245 0.999845079 0.017316186122082786 -1.588930097284234 -0.9966083584228898 0.001721931 0.08227280930866629 167.72052995552008
567 0.08205717679362176 -0.017551755 0.9964730577133774 -18.08695239612002 0.002872179941608981 0.999844924 0.01737462951497568 -1.5701070916752322 -0.9966234849495453 0.001436337 0.08209486351600304 167.72276376175557
568 0.08204036227950036 -0.01718942 0.9964807587687757 -18.115328585263782 0.002668894879580118 0.999851454 0.017027834934087188 -1.5350848104386543 -0.996625434147987 0.001262532 0.08207405164184363 167.7095681845589
569 0.08217224390601972 -0.016359437 0.9964838637635308 -18.166051120274815 0.002255465019078722 0.999865758 0.016228967919009428 -1.4575642750152593 -0.9966155907831057 0.000913963 0.08219811181894099 167.70054459414922
570 0.08214324471441865 -0.015763805 0.9964958549490539 -18.189744953726038 0.002255325162029753 0.999875279 0.015631353653923274 -1.4049624473297 -0.9966179817176898 0.000963412 0.08216855198387976 167.6891852446555
571 0.08222778550303109 -0.015752061 0.9964890689274927 -18.198077262338135 0.0027335102522772527 0.999874888 0.01558001974505553 -1.384103186253554 -0.9966098133213833 0.001442803 0.08226055668105332 167.68636757577372
572 0.08245960095623117 -0.015363007 0.996475986470578 -18.238301059664437 0.002605033193815891 0.999881081 0.015199934870587023 -1.375992011058795 -0.9965910037729535 0.001342472 0.08248981605257802 167.68582987052255
573 0.08288505581650335 -0.014613308 0.9964519653380424 -18.297315849955538 0.0019377529346531774 0.999892954 0.014502588106033661 -1.357041412925623 -0.9965572298100485 0.00072883 0.08290450034558677 167.66442097895143
574 0.08303566046919814 -0.014556923 0.9964402513930205 -18.341099317182206 0.0015345854161872463 0.999893989 0.014479497237518622 -1.3102578448740454 -0.9965453945891248 0.000326808 0.08304919650325401 167.65894824836923
575 0.08297047282721093 -0.015429885 0.9964325466218752 -18.36453170336308 0.0015820825155416457 0.999880906 0.015351547658406673 -1.2657318335943724 -0.9965507498506498 0.000302713 0.08298500385677615 167.648375306289
576 0.08223874841323743 -0.017283809 0.9964627729390102 -18.36332416364611 0.0017538380922652256 0.999850568 0.017197824986024964 -1.235518117862962 -0.9966111138915382 0.000333307 0.08225677217433389 167.64116692954767
577 0.08294993554064715 -0.019250218 0.996367772577022 -18.402111775999074 0.0016910501056986577 0.999814693 0.01917603010598848 -1.211429914575538 -0.9965522810377959 9.4257e-05 0.08296711738370523 167.66538355234306
578 0.08314372437333296 -0.020426292 0.9963282025402416 -18.41392534018419 0.0013585619677365427 0.999791303 0.020383918524610814 -1.1728774229111272 -0.996536639922817 -0.000341221 0.083154123596046 167.68228528613378
579 0.08284992508370272 -0.020516946 0.9963508136424803 -18.407154092043825 0.0012689621204509936 0.999789412 0.02048223535373094 -1.1145317260593661 -0.9965612273759487 -0.00043262 0.08285851369778902 167.71562019985737
580 0.08267133762462317 -0.019957582 0.9963770092883086 -18.39297540658108 0.0013482520655427536 0.999800782 0.019914294204784178 -1.055146538011025 -0.9965759544336735 -0.000302974 0.08268177572798356 167.73821556707458
581 0.08224343759726882 -0.017951069 0.9964505888372358 -18.374249870664343 0.001198639405038504 0.999838828 0.01791317683724411 -0.9920896302930029 -0.9966115489695017 -0.000278857 0.0822516985476944 167.75972362005317
582 0.08219353813967155 -0.016626012 0.9964776957151011 -18.378662999513345 0.0015996964142888763 0.999861751 0.01655052410559932 -0.9485505905521552 -0.9966151023948666 0.000233715 0.08220877153738249 167.7550827680416
583 0.08238396172144014 -0.016041841 0.9964715465869101 -18.377841383081226 0.0024827539975982135 0.999870643 0.015891298813132868 -0.9390088064324731 -0.9965975707378324 0.001164806 0.08241313179446559 167.738861320797
584 0.08217645147130087 -0.016330231 0.996483995725706 -18.373185849032243 0.0031544733853883455 0.999865 0.016125500590325918 -0.9114964964010048 -0.9966128038625132 0.001818246 0.08221687102902074 167.7322762171251
585 0.08208275600967113 -0.017015414 0.9964802540467302 -18.37277735864504 0.003508405059443139 0.999852983 0.01678400810289875 -0.8805643337862634 -0.9966193418734297 0.002118378 0.08213038561728014 167.71202855036805
586 0.08222578428157912 -0.018452412 0.9964428878221253 -18.37057649498883 0.0035234656366626674 0.999827714 0.01822433923604665 -0.8610839081686019 -0.9966074984884393 0.002012422 0.08227663374564399 167.69854583663528
587 0.08180929366072108 -0.018083731 0.9964839280254604 -18.350592159777122 0.003523881465673213 0.999834373 0.017855230170959288 -0.8752729776861159 -0.9966417724304848 0.002050768 0.08185946917569084 167.70563400933162
588 0.08184311422255366 -0.014539816 0.9965391601319865 -18.348277048309335 0.003967059129995697 0.99989041 0.014262908434720695 -0.8826413730742142 -0.9966373297451927 0.002786009 0.0818918252941899 167.69716139507514
589 0.08177147093370865 -0.01166403 0.9965828504485861 -18.35167396401293 0.004352142749867778 0.99992616 0.011346059298093692 -0.8806965315394859 -0.9966416037187958 0.003409487 0.08181619641290852 167.69571881102013
590 0.0819804637442467 -0.010257321 0.9965811512323185 -18.376932682603996 0.004276915738554982 0.99994145 0.009940080778197413 -0.845167375142226 -0.9966247596831845 0.003447401 0.08201953254712141 167.6751099835749
591 0.0822075098809864 -0.010928437 0.9965553140265773 -18.42169182077927 0.004349874649960933 0.999934286 0.010606662807765328 -0.8298350148802209 -0.9966057418630323 0.003462943 0.08224964495604806 167.6484802952621
592 0.08224234805354912 -0.011905228 0.996541249270675 -18.455848549193007 0.004132132523609508 0.999924126 0.011604625934954928 -0.8423058920288762 -0.9966037938476628 0.003163449 0.08228530248116024 167.64351265094325
593 0.0822495985371482 -0.012018757 0.9965392884673188 -18.474888219922473 0.004012102869339661 0.999923171 0.011728428105116493 -0.860000609624185 -0.9966036854158595 0.00303356 0.08229149961230899 167.6335702159842
594 0.0817847469778038 -0.010055743 0.9965992859873832 -18.480540206198366 0.0032019392770238388 0.99994659 0.009826754109860544 -0.8660048959891209 -0.9966448724889722 0.002387372 0.08181257626629429 167.62873097651203
595 0.08184686171470013 -0.007906649 0.9966135539322294 -18.52423502570157 0.0014953412315468336 0.99996838 0.007810459522809654 -0.8406747818592162 -0.9966437957648641 0.000851015 0.08185609668562005 167.62428440900663
596 0.08217773816275328 -0.006195225 0.9965984340306022 -18.57172885459309 0.0001308865623883962 0.999980737 0.00620545725312383 -0.827766891479782 -0.9966176813954133 -0.000379509 0.08217696634034626 167.6092930708762
597 0.08068170522403005 -0.00680316 0.9967166999443082 -18.562838337031508 -0.002026057580896605 0.999973521 0.0069893940892341595 -0.8155045992551331 -0.9967378579587926 -0.002583322 0.0806657860495515 167.6142098224912
598 0.08015227296242503 -0.01037726 0.9967286122448531 -18.562175270850695 -0.003401214205759495 0.999937138 0.010684175257781474 -0.8303574579111273 -0.9967768279977376 -0.004246449 0.0801119387022636 167.60675141443016
599 0.08045447741034446 -0.013656136 0.9966647317622233 -18.5829512670029 -0.0038848910394967805 0.999894252 0.014013989790044505 -0.869133904292746 -0.9967507131869658 -0.004999422 0.08039291653173453 167.59537062238732
600 0.08081008138583881 -0.013739727 0.9966348132035462 -18.601680637531075 -0.0037310532594655 0.99989381 0.01408717981691218 -0.9072480367097 -0.9967225343363755 -0.004856884 0.08075023654595957 167.5998269916704
601 0.08219428693644346 -0.011405538 0.996551059270414 -18.63943072154619 -0.0031757613042607187 0.999926438 0.011706102591663258 -0.9881628841464718 -0.9966112653694901 -0.004126983 0.08215201871198301 167.59083756188437
602 0.08272804452502763 -0.008427075 0.9965365297896929 -18.649141502722053 -0.002349435063440013 0.999959819 0.008651063184159428 -1.0482939325055092 -0.9965693904150381 -0.003056983 0.08270492145615871 167.60363274758828
603 0.08234931986193937 -0.006870369 0.9965798445338231 -18.64777113259569 -0.0019908458735616854 0.999973108 0.007058269767851212 -1.0980774272631497 -0.9966015379556388 -0.002565281 0.08233342724872045 167.60551102790694
604 0.08266440357393663 -0.006754281 0.9965545526090014 -18.653789554799996 -0.0025319122154315496 0.999972382 0.006987469059353501 -1.1136158229933077 -0.9965742249726854 -0.003100804 0.08264501911541745 167.60610313010312
605 0.08313537901013203 -0.006518106 0.9965169453291605 -18.66255132557083 -0.0033988012845754026 0.999970938 0.006824246406124093 -1.130823870949185 -0.9965324662727616 -0.003954299 0.08311080981967463 167.6208414676754
606 0.08218142697154392 -0.006446684 0.9965965349125153 -18.65719092963939 -0.003521568981511462 0.999970957 0.006758908168259525 -1.1677745104920347 -0.9966111639687519 -0.00406504 0.08215633782650825 167.6206421896383
607 0.08372573063135319 -0.007433278 0.9964611128280034 -18.703862413382673 -0.0028212870293994464 0.999966402 0.007696480118845202 -1.246077227154532 -0.9964848428540481 -0.003455696 0.08370194588597046 167.631854975243
608 0.08368692472540795 -0.008299289 0.9964575361672106 -18.70838724787986 -0.0031181485632176265 0.999958241 0.008590321403055467 -1.2859606634889784 -0.9964872178092621 -0.003826 0.08365755148230947 167.63560485740004
609 0.082893272028953 -0.006498374 0.9965372433263255 -18.702760995560997 -0.005205610493396188 0.999962273 0.006953718336427893 -1.2677227612660906 -0.9965448342799371 -0.005764001 0.08285631669089114 167.62955162457405
610 0.08326066059119105 -0.007079192 0.9965026583551023 -18.73513901683721 -0.005809399604759321 0.999954327 0.007589105699536358 -1.283630292126553 -0.9965108698390499 -0.006420956 0.08321573240247421 167.61314807118663
611 0.08217839152618356 -0.007778805 0.9965872782301312 -18.732048394102236 -0.005804936333609566 0.99994884 0.008283717082792273 -1.317698844726129 -0.996600729474283 -0.006465869 0.08212903193571965 167.58529831358678
612 0.08152914587149651 -0.009379992 0.9966268181086468 -18.747434479901592 -0.005654167928142001 0.999935268 0.009873669619319425 -1.329695972461339 -0.9966549198615119 -0.006440087 0.08147083229754568 167.58580704678138
613 0.0819449054204375 -0.011423814 0.9965713864097107 -18.77294035919885 -0.005049823919796115 0.99991671 0.011877393515963005 -1.3425002869466731 -0.9966240670439137 -0.006005802 0.08188039272605133 167.58058397125296
614 0.08178902123473794 -0.012669737 0.9965691316739494 -18.778158720335327 -0.004841687690338327 0.999902345 0.013109473600527648 -1.3509813949098641 -0.9966379056470946 -0.005897287 0.08171969104891809 167.56352550683962
615 0.08127048524240804 -0.014052914 0.9965930084203618 -18.776868862801308 -0.005817973552603876 0.999876872 0.014573666030791356 -1.345032767731032 -0.9966751020282063 -0.006982561 0.08117871915241784 167.53766937150078
616 0.08220142285932308 -0.015068395 0.9965018163291132 -18.80324824890708 -0.006671305299300811 0.999854971 0.015669415104121082 -1.336741731137768 -0.9965934072798561 -0.007936016 0.08208897521305154 167.48851623357902
617 0.08179610559818876 -0.015847701 0.9965230796114813 -18.805785396891213 -0.006794138391447795 0.999841472 0.016458146175662682 -1.326809823128893 -0.9966259263445976 -0.008116728 0.08167546738513687 167.521547903403
618 0.08111162676612395 -0.015073373 0.9965910380884578 -18.80439574991484 -0.007114521370370301 0.999851409 0.015701729639944807 -1.3070769327586902 -0.9966796317559983 -0.008363861 0.0809923344681674 167.53962669388926
619 0.08181662200261759 -0.014723977 0.9965386314949429 -18.82768021893842 -0.006385852814181841 0.999862596 0.015297373152320723 -1.3189021239920662 -0.9966269419171723 -0.007615329 0.08171135560424349 167.53827883216098
620 0.0821215062249668 -0.014387259 0.9965184722235291 -18.865573069083844 -0.004127973320218338 0.999882308 0.014776004454178898 -1.374908075338357 -0.9966137761562197 -0.00532703 0.08205245168464753 167.53459158974982
621 0.08218553818302582 -0.014397859 0.9965130400325771 -18.891318118580433 -0.0028565448595415685 0.99988813 0.014682210829352631 -1.395768374090393 -0.9966129528873171 -0.00405325 0.08213521611169827 167.53819855939415
622 0.08244007812080087 -0.014433763 0.9964914953337265 -18.9262702771364 -0.003567894780042419 0.999884433 0.014778081740200047 -1.3928380720189528 -0.9965896368901224 -0.004773683 0.08237905230304153 167.53752280421554
623 0.08238797280419378 -0.014705362 0.9964918333704184 -18.956687719819033 -0.003783156920456326 0.999879312 0.01506813572925836 -1.3948738969950787 -0.9965931517357766 -0.005011318 0.08232239707585529 167.5378349317628
624 0.08239763449566467 -0.014769211 0.9964900905485802 -18.97532227452505 -0.0034420346934285343 0.999880003 0.015104067359970537 -1.4178463881854306 -0.9965935887827604 -0.004674492 0.08233691126974928 167.5474582623172
625 0.08242363584849632 -0.014633855 0.996489936915853 -19.005890501212715 -0.0041131861193167175 0.999878676 0.01502383750998743 -1.435736930649916 -0.9965888952097408 -0.005337068 0.08235344345589717 167.5481093705834
626 0.08219198833192132 -0.014650265 0.9965088293146713 -19.021431732208477 -0.004240088353739113 0.999877759 0.015049516379703733 -1.463156242366042 -0.9966074945829839 -0.005462235 0.08211982233817214 167.5542352746406
627 0.08238431950112186 -0.014781748 0.996491005331115 -19.040926576052833 -0.003784596108061941 0.999878147 0.015144880648192095 -1.4837227606210257 -0.9965934477870618 -0.005019017 0.08231833790120519 167.53321348477084
628 0.08246007030557155 -0.014733128 0.9964854600717767 -19.0580843859877 -0.004140011951374534 0.999877027 0.0151258618931727 -1.4700127024731562 -0.9965857696712399 -0.005372742 0.08238893459007261 167.51407942829007
629 0.08241753457012285 -0.014695926 0.9964895279399876 -19.07235621495447 -0.004161405699687894 0.999877479 0.015090071520929749 -1.4713482912886602 -0.9965891998506656 -0.005390483 0.0823462803240475 167.4962296526449
630 0.082497431536772 -0.014788297 0.9964815507835034 -19.082602370163528 -0.0039476312818269455 0.999877204 0.01516550999398442 -1.487401697373306 -0.9965834586800008 -0.005184857 0.0824289220550013 167.48055780147263
631 0.08219079749086602 -0.014826981 0.9965063133503447 -19.083480345411903 -0.003939026739811665 0.999876684 0.015202014905049716 -1.5044162399532182 -0.9966088285185526 -0.005174731 0.08212225836918131 167.46575206372154
632 0.08226749222925754 -0.014824982 0.9965000149091224 -19.091550535245915 -0.004046139725952956 0.999876146 0.015209244259613505 -1.508870932564735 -0.9966020710673453 -0.005283205 0.08219731899557281 167.47087014288368
633 0.0823461915228816 -0.014828455 0.996493462448335 -19.10183978192971 -0.003973470920657921 0.999876469 0.01520714835070671 -1.5171538962742162 -0.9965958642940359 -0.005211789 0.0822770981520704 167.4739486980356
634 0.08241960798706724 -0.01486648 0.9964868269986199 -19.11048369005893 -0.003878511614943694 0.999876375 0.01523784023269167 -1.5232898489063937 -0.9965901687973914 -0.005120782 0.08235175829342242 167.47823982369974
635 0.08243111365821795 -0.014935767 0.9964848392626632 -19.121528799408367 -0.003970306071141238 0.999874836 0.015315009327429872 -1.5266242678654727 -0.9965888561919384 -0.005218783 0.08236149640526177 167.4824666988705
636 0.08219121280928693 -0.014931537 0.9965047186820462 -19.132239799530353 -0.003993100129515606 0.999874801 0.01531138311988458 -1.52307066876463 -0.9966085791271719 -0.005237604 0.08212129922466078 167.48617452735553
637 0.08223404107879106 -0.014982267 0.9965004236579779 -19.153858178109058 -0.003977803668379003 0.999874097 0.015361248990786934 -1.5208486279958642 -0.9966051069798232 -0.005227101 0.08216409066993297 167.48944615100777
638 0.08227786450824648 -0.015032994 0.9964960419706395 -19.175474115471534 -0.0039624805880303995 0.99987339 0.015411115350585087 -1.5186274440207783 -0.9966015511278039 -0.00521659 0.08220787975393236 167.49271983483874
639 0.08237102438562582 -0.015050484 0.9964880821915078 -19.19616397422644 -0.004088282921137588 0.999872445 0.015439542791400097 -1.518491592456808 -0.9965933474721564 -0.005345696 0.08229898727900735 167.49746512740316
640 0.08221890592840195 -0.015048595 0.9965006734220175 -19.215491748630917 -0.003964278822460439 0.999873144 0.015426607554625342 -1.5312187144052118 -0.996606409788722 -0.005218765 0.0821488183344845 167.50518917450657
641 0.08219175039019211 -0.015114727 0.9965019122265468 -19.23261770946752 -0.003940009775564026 0.999872247 0.01549082054459595 -1.5398039807179258 -0.9966087458702171 -0.005199445 0.08212169796541502 167.51215613982356
642 0.08219333621862003 -0.015176962 0.996500835867075 -19.242996474584604 -0.003992945188533991 0.999871 0.015557636765983587 -1.557239333194078 -0.9966084041871793 -0.005257707 0.08212213224677183 167.4944220610572
643 0.08222649541874469 -0.015189112 0.9964979153586491 -19.252361597313396 -0.003945276716788997 0.999871058 0.015566073789825987 -1.569136338569887 -0.9966058590428257 -0.005211404 0.08215596804594255 167.47625012727062
644 0.08222689951555903 -0.015206094 0.996497622091943 -19.268840772853892 -0.003965155825288112 0.999870688 0.015584754316733125 -1.5984718904439161 -0.9966057464921654 -0.005232754 0.08215597154024928 167.4581153491973
645 0.08223154232937709 -0.015225074 0.9964969496653678 -19.281434398044297 -0.003976084200139187 0.999870333 0.015604724004886614 -1.621196220794077 -0.9966053202154885 -0.005245356 0.08216034380332794 167.44044172371702
646 0.08219220361242334 -0.015236789 0.9965000157178344 -19.295199886497965 -0.004027121045769637 0.999869883 0.01562047521956244 -1.648955845491596 -0.9966083599655545 -0.005296907 0.0821201484523933 167.4233574132977
647 0.08225744563869034 -0.015215391 0.9964949591929727 -19.29248889786418 -0.0038977559517123523 0.999870892 0.015588685736172276 -1.6705395491044905 -0.9966034916621864 -0.005166379 0.08218751882471767 167.41160906803464
648 0.08226973817988167 -0.015202402 0.9964941427640326 -19.29059987599986 -0.003953816460777724 0.999870802 0.015580340119770848 -1.6889271580627698 -0.9966022565067904 -0.005221745 0.08219900136612888 167.4009863219086
649 0.08216625070212738 -0.015270402 0.9965016414845553 -19.292913650557953 -0.0039864819732979805 0.999869573 0.015650717007797285 -1.7082481148071713 -0.9966106637110337 -0.005258497 0.08209465909278874 167.390983420182
650 0.08222027848935416 -0.015183073 0.9964985195755413 -19.296764509408796 -0.003932951330792019 0.999871217 0.015558965482609674 -1.724962912946469 -0.996606420111123 -0.005198443 0.08214997627244618 167.3804990421041
651 0.08219193265708717 -0.015272282 0.9964994951949282 -19.298919852188163 -0.00398914574375075 0.999869527 0.01565295901343833 -1.7413602780309398 -0.9966085353770197 -0.005261729 0.08212028598242996 167.36927379414502
652 0.08231050429774936 -0.015376387 0.9964881068438658 -19.308448527111455 -0.003959427436000434 0.999868033 0.015755592270248208 -1.7808626919267092 -0.9965988682036172 -0.005242373 0.08223876023762577 167.35616334411648
653 0.08222224596602246 -0.015470411 0.9964939377383146 -19.32739095087472 -0.003911738811928484 0.9998668 0.015845538128064357 -1.841757673645714 -0.9966063416086702 -0.005200879 0.08215077793449749 167.34046394464397
654 0.08220318434349899 -0.015501219 0.9964950320152468 -19.348439744403613 -0.003987771070311662 0.999865911 0.01588261687536718 -1.9037125740554797 -0.9966076133942031 -0.005279396 0.08213034697961696 167.32441850827243
655 0.08223041849986992 -0.015564388 0.9964918006543457 -19.369634837729592 -0.0040140030409557305 0.999864761 0.015948306170726227 -1.991736439009599 -0.9966052612564399 -0.005311357 0.08215682170212436 167.3042522107441
656 0.08219330571716676 -0.015632657 0.9964937933371243 -19.38082817883405 -0.004096994211404355 0.999863223 0.016023445971635318 -2.027989881544004 -0.9966079848445817 -0.005399649 0.08211801684895502 167.28991488243568
657 0.08219134116782487 -0.015768955 0.9964918083769071 -19.40218341904684 -0.0040327924681128205 0.999861368 0.01615490349879075 -2.078960065970647 -0.9966084090544377 -0.005346438 0.08211635386567023 167.2906618611693
