0 3.2679489658793415e-07 0.0 -0.9999999999999466 3.407977 0.0 1.0 0.0 1.536793 0.9999999999999466 0.0 3.2679489658793415e-07 4.758829
1 -0.007369769578440631 0.001110818 -0.9999722263265247 3.386774479828381 0.0008624960673626608 0.999999018 0.0011044919689350142 1.5378664853601198 0.999972470822176 -0.000854332 -0.007370721009928741 6.232487796924789
2 -0.015363261442640892 0.002471516 -0.9998789239781039 3.360763501521107 -0.0007676528154636293 0.999996621 0.002483601479832617 1.5258568269863582 0.9998816837334252 0.000805716 -0.015361312268311672 7.823209103172758
3 -0.022646276994571876 0.003156795 -0.9997385558910574 3.3302932474472993 -0.003298679262511372 0.999989335 0.0032323096903283314 1.509717941806343 0.9997380978789271 0.003371016 -0.022635622432221003 9.291769654075035
4 -0.029780334683242874 0.00527514 -0.9995425474031118 3.29984784355109 -0.005047715811661852 0.999972529 0.005427800589212167 1.4888892379374081 0.9995437223052878 0.005207049 -0.02975288853083717 10.872784698898855
5 -0.0363593939563157 0.005588292 -0.9993231533645646 3.26687282298133 -0.004525530293541215 0.99997319 0.0057565844048853105 1.4867878752891557 0.9993285318555366 0.004731773 -0.03633312963504399 12.330696043380726
6 -0.038951001814395626 0.004605919 -0.999230506229118 3.2361458354439576 -0.005766217813645506 0.999971691 0.004834108005446428 1.465018640243187 0.9992244840492015 0.005950074 -0.03892334028121228 13.808837032729912
7 -0.04145159979010952 0.003762618 -0.9991334284767919 3.201525336295076 -0.0069964284334453055 0.999967299 0.004056023243055698 1.449899193248768 0.9991160163472128 0.007158494 -0.041423919529931574 15.283754018140396
8 -0.04415800668148822 0.002941127 -0.9990202299894104 3.166854200554704 -0.005740139469575371 0.999978413 0.0031976696071245357 1.497402361598181 0.9990080682745649 0.005875718 -0.04414017022382377 16.871770029300283
9 -0.0467222257871467 0.002592978 -0.9989045548436308 3.13203028904198 -0.0033229850691929917 0.999990694 0.002751225842103561 1.4553220961959759 0.9989023933901997 0.003447889 -0.04671317386408777 18.343852998569716
10 -0.04905916216896672 0.003158673 -0.9987908792482364 3.0952135711881477 -0.0015004927146019253 0.999993638 0.003236179491429446 1.4659666502811548 0.9987947476559975 0.001657443 -0.049054109785035 19.703216305298376
11 -0.0502933177353673 0.00363397 -0.9987278786826002 3.0988173370142498 -0.0008596847926869156 0.999992852 0.0036818643409767095 1.4379827522182183 0.9987341198895805 0.001043764 -0.05028983381337802 21.37141726880639
12 -0.053089057695455806 0.002476793 -0.9985867097422827 3.0712158146038138 -0.00157640273439885 0.99999547 0.0025640951423076784 1.4360548444728491 0.9985885373215656 0.0017103 -0.053084912632372416 22.821309789259946
13 -0.056844779323802185 0.000919836 -0.9983826045965363 3.0289649452467686 -0.003159856587551073 0.999994401 0.0011012332707755845 1.4152986521500142 0.9983780275288352 0.003217346 -0.056841554887686954 24.38689742063483
14 -0.06001147701239736 -0.00238228 -0.9981948442870379 2.991840580153852 -0.004221916530780656 0.999988813 -0.0021327397889930304 1.39063449501601 0.9981887586556326 0.004086306 -0.06002086344954888 25.834583278900396
15 -0.06313970879092268 -0.003298863 -0.9979992459439533 2.9642769684377286 -0.006107713397922227 0.999977087 -0.0029189890550633 1.431783817456835 0.9979860086557059 0.00591119 -0.06315841015461236 27.39322137680813
16 -0.06528821850497318 -0.004854394 -0.9978546404532429 2.922803372096706 -0.0058893464786331584 0.999972625 -0.004479365455764491 1.4206287225090848 0.9978490689546569 0.005584262 -0.06531502011000917 28.85760646007307
17 -0.06700681646955853 -0.005037912 -0.9977397982569034 2.893315997960303 -0.00431091554481523 0.99997938 -0.004759704907186623 1.415619064705705 0.9977432049562805 0.003982239 -0.06702715333621379 30.319043355074825
18 -0.06830356173279505 -0.005826725 -0.9976475695391706 2.8528163732458114 -0.0032959639416316033 0.999978806 -0.005614683978116425 1.4118609360644778 0.9976591397270277 0.002904707 -0.06832131911697592 31.774555353092822
19 -0.06979830897452098 -0.006304339 -0.9975412030547371 2.809341685982708 -0.003680754492365423 0.999974851 -0.006062176419839146 1.392973260019741 0.9975543338655467 0.003248575 -0.06981975784200814 33.34089223554027
20 -0.07107027417686743 -0.006884602 -0.997447551929438 2.762934398690335 -0.004136500522207838 0.999969616 -0.006607275318748214 1.374107956352945 0.9974627339244336 0.003656361 -0.07109659249611378 34.789279703908775
21 -0.07456055698951883 -0.006763146 -0.9971935537778306 2.6941074635731317 -0.005414294975802754 0.999965008 -0.006377113077315083 1.363879962977517 0.9972017891214108 0.004923619 -0.07459456572672138 36.2650961267873
22 -0.07775423783418384 -0.008113585 -0.9969395404513297 2.633610609924106 -0.006680707083908174 0.999948673 -0.007617027451939314 1.3549467285955012 0.996950172827197 0.006068005 -0.07780445153955813 37.844903988482145
23 -0.0809107294025334 -0.007610172 -0.996692299064007 2.577254062649355 -0.007112600564315068 0.999949799 -0.0070576488585645135 1.3496648077758702 0.9966959745809932 0.006518035 -0.0809607959009019 39.30719494217327
24 -0.08326559002048046 -0.005532401 -0.9965120338232449 2.5303211373642203 -0.004551458503718081 0.999976271 -0.00517132785267192 1.374566098331436 0.9965169968821191 0.00410499 -0.08328879466813156 40.87172489654686
25 -0.08532498019840448 -0.004338852 -0.9963437267488772 2.4904877949846624 -0.0029937841342897982 0.99998712 -0.004098336447124818 1.39057667743216 0.9963486759507418 0.002633147 -0.08533687098786111 42.327212528650705
26 -0.08615555492366678 -0.003085816 -0.9962769184655136 2.450534901884436 -0.0034379408035078857 0.99999017 -0.0028000117904145617 1.3824154936836401 0.9962757656768767 0.003183905 -0.08616531661165394 43.81520638567181
27 -0.08658309403275612 -0.003457203 -0.996238633935141 2.36266453471202 -0.00501406404436473 0.999982826 -0.0030344246661156062 1.3669175497979458 0.9962320147550071 0.004732475 -0.08659894118064948 45.40346897154494
28 -0.08694992857546695 -0.004511621 -0.9962024667502902 2.300718087502916 -0.007064473620838319 0.999967394 -0.003912074864725563 1.343371609328692 0.9961876342570789 0.006697492 -0.08697896644643119 46.88219805722426
29 -0.08683459631788673 -0.005655928 -0.996206687426402 2.2492171082353902 -0.007762247529457126 0.99995737 -0.005000624579989659 1.335489441943634 0.9961925019150899 0.007298576 -0.08687479806646575 48.36105922392979
30 -0.08605366497512493 -0.007047182 -0.9962655792225436 2.225405593071582 -0.006382671521386115 0.999958362 -0.006521992268115597 1.3492000154017423 0.9962700574178767 0.005797595 -0.08609506146860638 49.949891379558025
31 -0.09046556971807138 -0.007757863 -0.9958693674654687 2.137103074409569 -0.005151647769306321 0.999959925 -0.007321748894458291 1.338425636172975 0.9958862591022021 0.004468002 -0.09050191023629092 51.4190695779116
32 -0.0943501437292331 -0.008167162 -0.9955055737136735 2.070230662461283 -0.004719372257731491 0.999958782 -0.007756412901162778 1.312771809716068 0.9955278891636531 0.003966342 -0.0943847985724475 52.88291600374765
33 -0.09753485795801853 -0.008228694 -0.9951980905419455 2.024417317047719 -0.004698588436594271 0.999958482 -0.007807567649832219 1.277771476891926 0.9952210177646833 0.003914517 -0.09756947211960787 54.45158187714149
34 -0.10094028123321473 -0.009669467 -0.9948454965581759 1.9742386960409326 -0.004687079107632238 0.999946293 -0.009243477177536999 1.252760027625635 0.9948814455745072 0.00372988 -0.10098018222360108 55.90555479492882
35 -0.10412139269992361 -0.010455986 -0.9945096316517571 1.9345323647552208 -0.0042095429587091894 0.999940412 -0.01007236029696227 1.228090519952516 0.994555687325662 0.003137682 -0.10415920276982771 57.36518980017733
36 -0.10050778860998064 -0.01228212 -0.9948604590682191 1.848209859877888 -0.003783301572691675 0.999921291 -0.011962383030270753 1.2241941033556811 0.9949290783773048 0.002561545 -0.10054634503933539 58.97477860182774
37 -0.09700171333065011 -0.013854976 -0.9951877749060383 1.7711888357820378 -0.003971505852901694 0.999900531 -0.01353348067911236 1.2070992245145928 0.9952762910104166 0.002639624 -0.09704709049061727 60.47793296985638
38 -0.09303732611275906 -0.013814176 -0.9955667852756275 1.7016931478204158 -0.003908415396904594 0.99990111 -0.013509069685870012 1.190786760497907 0.9956549506216719 0.002634241 -0.09308211753764002 61.973409534831845
39 -0.08872732738952735 -0.014065923 -0.9959566315356352 1.649945049813919 -0.0038000785267948735 0.999897788 -0.01378304439341768 1.174740486734387 0.9960487043575251 0.00256178 -0.08877171054670674 63.57644431680107
40 -0.08490935702671495 -0.011842969 -0.9963182952290621 1.5934398177669389 -0.003957606470010796 0.999925481 -0.011548567665033342 1.1500864185336273 0.9963808199089612 0.002962454 -0.08494989954672175 65.07285571335711
41 -0.085539190026006 -0.01153176 -0.9962680687231024 1.532574454483752 -0.005175458334337489 0.999924669 -0.011129721480055222 1.1228744293274722 0.9963213642465497 0.004204116 -0.08559242809435438 66.6713188472993
42 -0.08702470942371125 -0.011108732 -0.9961442143642629 1.458234573573492 -0.00596348377937668 0.999925718 -0.010629922365079212 1.1053701101934297 0.9961883035332862 0.005015424 -0.08708449126523385 68.16670058982109
43 -0.0886779003080409 -0.012132142 -0.9959864662207109 1.3856217971507327 -0.00659420471427343 0.999911057 -0.011592830150498156 1.0943210807789283 0.9960385267082612 0.005539711 -0.08875001493555858 69.66298679943179
44 -0.09059987796188093 -0.013734996 -0.9957926550789653 1.314921073388099 -0.006840974115940306 0.999889882 -0.013169098976034873 1.0885305167563157 0.9958638779875776 0.005619073 -0.09068386208365291 71.2725611089076
45 -0.09364296995506824 -0.014146472 -0.9955053349164446 1.216980942775808 -0.006792365926301259 0.999884856 -0.013569778055127308 1.0898166796447109 0.9955826728832413 0.005491122 -0.09372827575625876 72.77530948894753
46 -0.09728821689835937 -0.014898717 -0.9951447282982168 1.112378029404546 -0.007139904236519639 0.999872665 -0.01427148320246056 1.083227706618549 0.9952306391653353 0.005716791 -0.09738220398679683 74.24001990319545
47 -0.10092749283659724 -0.014784812 -0.9947839219124884 1.005084203862072 -0.008570634964628364 0.999865392 -0.013990785466575483 1.053863497994393 0.9948568665793495 0.007113875 -0.10104062209754033 75.8064575083468
48 -0.10508798934285281 -0.010547373 -0.9944069924064245 0.873460013871775 -0.00967147175665276 0.999907304 -0.009583641725754986 1.019235395766162 0.9944158974675502 0.008610254 -0.10518025690202368 77.26520464318887
49 -0.10988582854097428 -0.0094596 -0.9938992002333017 0.760804318062396 -0.007273468305829249 0.999935589 -0.008712895205133445 0.99835659445216 0.9939176032770343 0.00627167 -0.10994755452812209 78.72340760465923
50 -0.11563542716938532 -0.008924237 -0.993251632596607 0.627901867203315 -0.004957264027649273 0.99995237 -0.008407311733538047 0.9768798971040282 0.9932793534396457 0.003951627 -0.11567415861466206 80.28987945241953
51 -0.11590398037064344 -0.01104212 -0.9931990431660338 0.500167171227076 -0.0022207267492905048 0.999938585 -0.010857894956263972 1.0049136877119151 0.9932579401653023 0.000947151 -0.11592138352694216 81.7440448020771
52 -0.11726476713671546 -0.014408906 -0.9929961517945284 0.346330724421185 -0.0019721758750783974 0.999896146 -0.014276130577912867 0.9822418089641638 0.9930987284462542 0.000284276 -0.11728100533669945 83.19959292413586
53 -0.11848534848341923 -0.015517687 -0.9928345396830429 0.19469182737081386 -0.0023911812670166965 0.999879439 -0.015342432318816742 0.935779746647562 0.9929529216251617 0.000556194 -0.11850816969279032 84.76459192608343
54 -0.11920681318161522 -0.01688941 -0.9927257847582718 0.06346156926888408 -0.004690280744308996 0.99985373 -0.01644746896184912 0.9503246917694921 0.9928583666025766 0.002695513 -0.11926859271829779 86.22493168251597
55 -0.1201732807807574 -0.014888166 -0.9926412875565587 -0.08139116400518798 -0.007403221409812166 0.999873178 -0.01410036961245012 0.9464503805824318 0.9927253265540715 0.005654256 -0.12026826062663024 87.80145433901403
56 -0.11741849768789457 -0.012646277 -0.9930019981849854 -0.22328225112378308 -0.008560362795074779 0.999894654 -0.01172182903693163 0.9139277830013729 0.9930456263194861 0.007124098 -0.11751438424862641 89.2536364532014
57 -0.11535471066090809 -0.013146272 -0.9932373665169449 -0.39258926835092783 -0.008639671292926579 0.999887874 -0.012230884261983694 0.9119110454610979 0.993286790011225 0.007170355 -0.1154553555802739 90.70684430777148
58 -0.11447770138756135 -0.012340236 -0.9933491704721085 -0.56458720180257 -0.007695084478849104 0.999903862 -0.011534850100499426 0.903724952058704 0.9933960144817804 0.006323423 -0.11456165509332152 92.27121663692441
59 -0.1144036530067766 -0.01219586 -0.9933594839932599 -0.7850378982023061 -0.0068403503054503215 0.999910608 -0.011488498445428616 0.897086597945804 0.9934107984924827 0.005480601 -0.1144768506451437 93.72496951848916
60 -0.11442307732607848 -0.009824833 -0.9933835270262372 -0.998394263754082 -0.007376466109728664 0.999931931 -0.009039939176596847 0.851367511374995 0.9934047251045572 0.006293283 -0.11448776052517638 95.17731195698322
61 -0.11609465413650123 -0.007549685 -0.9932094613343702 -1.0137778421525607 -0.007954486392069814 0.99994611 -0.006671105033051208 0.76017844410253 0.9932063014143425 0.007125992 -0.11614845219553144 95.23850688926808
62 -0.1162466114276738 -0.004689662 -0.9932093089710861 -1.2105202586317911 -0.006771892915582246 0.999969352 -0.003928988695670552 0.8090884095385563 0.993197295011443 0.006269176 -0.11627480671491647 96.75031489933869
63 -0.11566164509601529 -0.003957887 -0.9932807857845386 -1.393824898004405 -0.006802121656438945 0.999971769 -0.0031924816117699533 0.8320253734960861 0.9932653797137112 0.006387169 -0.11568530144420477 98.26706318429214
64 -0.11517362159091402 -0.00331194 -0.9933398555994463 -1.5905010020050252 -0.006743799817145543 0.999974004 -0.002552143702473032 0.861240265493695 0.9933224845210289 0.006404946 -0.11519296246978801 99.89682691261108
65 -0.11445898932991752 -0.006825277 -0.9934045273438993 -1.7763875789383512 -0.008896307007582855 0.999943343 -0.005845179389961625 0.8352062495225371 0.9933881390377435 0.008168598 -0.1145132238406034 101.41818371385818
66 -0.10878497468245164 -0.007775121 -0.9940348973682875 -1.9379919653506779 -0.01300199744262396 0.999895001 -0.006398047604476622 0.7352255683907878 0.9939802701638198 0.012228428 -0.10887464423626476 103.14180917229496
67 -0.10298111788916721 -0.010212188 -0.9946308864610236 -2.092749968484027 -0.015259943777348099 0.999845834 -0.008685762237967378 0.6787687366808561 0.9945662492049013 0.014283542 -0.10312107985550795 104.97589238689432
68 -0.09733328280740958 -0.010068806 -0.9952009098117747 -2.263779188577704 -0.010593748745727731 0.999902656 -0.009080279159200842 0.816490135027818 0.9951954605255335 0.009659095 -0.0974304741749453 106.69553262908707
69 -0.0912558701582147 -0.009289393 -0.9957841497810019 -2.421227697456036 -0.00418942039485643 0.999951223 -0.008944338260962966 0.8231438716203741 0.9958186659357529 0.003355535 -0.09129033637783926 108.4150857582564
70 -0.08890345418552859 -0.007793895 -0.9960097545127863 -2.580004133774879 -0.0009702557603665235 0.999969588 -0.007738276799720696 0.9337122703000262 0.996039775081049 0.000278425 -0.08890831286139528 110.04410996120676
71 -0.08656621171026947 -0.007166349 -0.9962203240698961 -2.7381129346421083 -0.001599137195461764 0.999973839 -0.007054392958506612 0.9356017399890312 0.9962448158509947 0.000982421 -0.08657540767931163 111.56581068899229
72 -0.08437574460348196 -0.006378152 -0.9964135952661193 -2.905332343338824 -0.004222141656060913 0.999972825 -0.006043406153833384 0.8762044471405851 0.996425063693674 0.003697082 -0.08440038089245619 113.09237668008623
73 -0.08461476814405672 -0.004029584 -0.9964055921232684 -3.0899241982857277 -0.0067681989538295245 0.999971077 -0.0034692480940144562 0.8079405888920181 0.9963907532173778 0.006450322 -0.08463959409878094 114.62764202417104
74 -0.08478551748064614 -0.003669689 -0.9963924672387203 -3.2734423286391316 -0.007622516625650653 0.999966345 -0.0030342324190615953 0.7889289620301991 0.9963700682064729 0.007337759 -0.08481063621971445 116.04639775212169
75 -0.08580163761840946 -0.001422258 -0.9963112246292001 -3.501105451353592 -0.00625751972577932 0.999980027 -0.0008886024070993195 0.8414822908089999 0.9962925887366255 0.006158193 -0.08580882360671646 117.57494854621511