0 3.2679489658793415e-07 0.0 -0.9999999999999466 -0.056219 0.0 1.0 0.0 1.57742 0.9999999999999466 0.0 3.2679489658793415e-07 15.254058
1 1.4347427825710436e-05 -0.001003677 -0.9999994959644449 -0.047263037699467 5.279071005495972e-05 0.999999495 -0.0010036761417314317 1.568175952837509 0.9999999989301379 -5.2776e-05 1.440075241402994e-05 15.602851825898979
2 -5.085089328898008e-05 -0.001411019 -0.9999990034266016 -0.037906056711153005 -0.0004828023491645355 0.999998888 -0.001410993631870182 1.542872786967191 0.9999998823065542 0.00048273 -5.153175893574313e-05 15.99657614396731
3 -0.00021422877616910315 -0.000971855 -0.999999504495874 -0.031163730226294 -0.0019098285467595657 0.999997704 -0.0009714448710262697 1.5166967357036178 0.9999981530864255 0.00190962 -0.0002160843964164887 16.32876161653297
4 -0.00032252886173014616 -0.001412837 -0.9999989500744804 -0.023743037357854 -0.0024791949400790633 0.99999593 -0.0014120327924136075 1.510022126455418 0.9999968751092333 0.002478737 -0.0003260302316368287 16.70413222982167
5 -0.0003108269954829002 -0.002415095 -0.9999970349377084 -0.016670267061651995 -0.0028381373714927087 0.999993058 -0.002414203153608548 1.5042363297135461 0.9999959240475318 0.002837378 -0.0003176796163694889 17.01804234318567
6 -0.0003424865298372517 -0.003791713 -0.9999927528254243 -0.009636955587276001 -0.0027224645817066524 0.999989109 -0.003790766404400411 1.5022786595094502 0.9999962358225829 0.002721146 -0.0003528061164952946 17.32328496225275
7 -0.00045838188653578863 -0.004109631 -0.9999914506459914 -0.005814089541682992 -0.0010616554499765004 0.999990994 -0.00410914283451819 1.5225706317122751 0.999999331423728 0.001059763 -0.00046274132322721167 17.66668868397386
8 -0.00023613655434459455 -0.003414224 -0.9999941435088018 0.0012836438002059927 0.0010120898144710024 0.999993659 -0.0034144617928953385 1.546716523166771 0.9999994597292745 -0.00101289 -0.0002326800536739945 17.94885015256768
9 -7.213467205123198e-05 -0.003243618 -0.9999947370541676 0.002226342999169007 0.0020020517167840656 0.999992735 -0.0032437562281746723 1.5502122113511638 0.9999979933775957 -0.002002275 -6.56396455130202e-05 18.217382678713225
10 5.97988855594301e-05 -0.003399961 -0.9999942184105308 0.005546575598255998 0.002489602551148653 0.999991122 -0.003399801750298702 1.5486566213935677 0.9999968988257789 -0.002489384 6.826336475770663e-05 18.51886679263952
11 0.00013844198043782335 -0.00399656 -0.9999920039181491 0.0020750541551020144 0.0031484536355961554 0.999987059 -0.003996103616107989 1.555278129928689 0.9999950344535445 -0.003147876 0.00015102337830199907 18.855542544571193
12 0.0005042899670223525 -0.004488233 -0.9999898009774182 0.005289996285240003 0.0034723906605349988 0.999983907 -0.004486455925246822 1.5611223345680967 0.9999938437701724 -0.003470093 0.0005198669188662275 19.1794686632008
13 0.0010980173846160725 -0.004889733 -0.9999874427116654 0.010698236578758005 0.00220370766826321 0.999985629 -0.00488730484644481 1.547995213559995 0.9999969685364569 -0.002198314 0.0011087774084097475 19.531425665424216
14 0.0016617261562526333 -0.00510313 -0.999985598254829 0.016894915080181996 -9.564011513760144e-05 0.999986974 -0.005103295996447928 1.5221367836835888 0.9999986152556971 0.000104119 0.0016612167778076875 19.831945934990408
15 0.002079685534732087 -0.005384731 -0.9999833398158937 0.021529622728566993 -0.0019163498008182153 0.999983645 -0.005388718006240166 1.502630853924135 0.999996001554014 0.001927524 0.002069331674496808 20.127000431254984
16 0.002606876137668422 -0.005643416 -0.9999806778431372 0.027845459406151997 -0.0027606745911088163 0.999980224 -0.0056506094994235945 1.493520797998323 0.9999927913939176 0.002775352 0.0025912452964726366 20.45704248119091
17 0.003115848506386643 -0.006153708 -0.9999762114170805 0.034563249296638995 -0.0025155103795390017 0.999977853 -0.006161556196694188 1.4969370632733279 0.9999919813468444 0.002534649 0.003100300213353605 20.743086310747206
18 0.0035127800829126967 -0.005457426 -0.9999789384303437 0.03921817940288001 -0.002096491187760358 0.99998287 -0.005464811666069671 1.496968107469688 0.9999916320522642 0.002115644 0.003501278397360527 21.06411312177442
19 0.0037108166693756335 -0.004337708 -0.9999837067927625 0.042290921762863 -0.0022204652350262103 0.999988091 -0.004345966967599846 1.492366292931878 0.9999906495539068 0.002236556 0.00370114069977593 21.342294713832008
20 0.003962153488054307 -0.002958743 -0.9999877733023637 0.04527936815999599 -0.0024120103903258303 0.999992686 -0.002968314495643822 1.486047228911485 0.9999892418328887 0.002423742 0.003954987430344732 21.61498322760808
21 0.0053684234718926966 -0.002658185 -0.9999820568971236 0.05462425863071301 -0.002825363916041997 0.999992435 -0.002673380346160985 1.488075528569868 0.9999815983569961 0.002839666 0.005360872722396696 22.045815784772657
22 0.006776892831248018 -0.002690239 -0.999973418145544 0.06331794198893802 -0.0031491400527394516 0.999991365 -0.002711629532834485 1.4870991669436588 0.9999720780195299 0.003167433 0.0067683627212682795 22.43450683206307
23 0.008198641854222132 -0.002759713 -0.9999625826524762 0.07353311386669999 -0.0036770173662568216 0.999989348 -0.002789934492971071 1.485722086176052 0.999959630256383 0.003699754 0.008188407085523786 22.819889765260513
24 0.009474452470768564 -0.002603712 -0.9999517261733498 0.08113667367781499 -0.004613206720736155 0.999985854 -0.0026475112778416576 1.482623613421784 0.9999444753960999 0.004638068 0.009462307523618771 23.237155983451682
25 0.010800666964436823 -0.00215096 -0.999939357659527 0.08946707731455598 -0.005149611540257677 0.999984306 -0.002206678560988429 1.483933971997034 0.9999284108238548 0.005173133 0.01078942079967879 23.614729474646005
26 0.012425356669906247 -0.000944098 -0.9999223567072104 0.09826681006173199 -0.005097119633618016 0.999986502 -0.001007496311321655 1.48238669782657 0.9999098112225878 0.005109242 0.012420376160335403 24.12740053705865
27 0.013991403316584942 0.000218612 -0.9999020919076359 0.106886775766113 -0.005248839112992147 0.999986214 0.000145184771890217 1.4723334708734162 0.9998883392396652 0.005246294 0.01399235732323658 24.59813185342887
28 0.015646212450303957 0.00087843 -0.999877204742829 0.116347125217366 -0.0053559052806522464 0.999985341 0.0007947146924597391 1.458937596795217 0.9998632456812793 0.005342813 0.01565068737540376 25.064948048648738
29 0.017648841868839662 0.00120277 -0.9998435236915126 0.13022001218804902 -0.005845073114913398 0.999982313 0.0010997618803093609 1.4416512168673157 0.9998271621574562 0.005824749 0.01765556022543343 25.529827570482738
30 0.019754930815546475 0.001156727 -0.9998041832511148 0.14722316001560998 -0.007082827472207883 0.999974399 0.001016976455994089 1.4189973596885228 0.999779764111403 0.00706135 0.019762617826717642 26.029140072150888
31 0.01655055480757623 0.00131691 -0.9998621624504631 0.14515611791340602 -0.008738002547992717 0.999961136 0.001172402322341941 1.4081920440065239 0.9998248478414337 0.008717394 0.016561418154665677 26.597887995555134
32 0.013629475376204892 0.001173085 -0.9999064265438944 0.14692936887257396 -0.00988585189812707 0.999950595 0.0010383855706250983 1.404730435942426 0.9998582436221704 0.009870774 0.013640398308783764 27.16746277245248
33 0.010818106030724747 0.000993834 -0.9999409882859968 0.15081607645854797 -0.010462365669272512 0.99994488 0.000880648433946804 1.407546524270341 0.9998867478267494 0.010452221 0.010827907766827226 27.773033496370303
34 0.007733894154211974 0.000317093 -0.9999700432020223 0.15190065302029399 -0.011030860334447714 0.999939131 0.00023176863737372645 1.410300362248509 0.9999092496949347 0.011028738 0.0077369209326938505 28.344081015970254
35 0.004496230320082015 -0.000377447 -0.9999898210357182 0.15188134987201998 -0.011894581955089434 0.999929164 -0.00043090557098373136 1.4068681878462779 0.9999191477751628 0.011896398 0.004491421785746224 28.91811228275725
36 0.0013808084500289738 -0.001132196 -0.9999984060438049 0.145565717068473 -0.012898474250643626 0.99991615 -0.0011499130058875615 1.402558827747985 0.9999158574161169 0.012900041 0.001366088787708363 29.614938451694638
37 -0.0016004041647504229 -0.001804459 -0.9999970909674922 0.142210186922051 -0.013606608861136123 0.999905837 -0.0017825174935301293 1.4024567969754593 0.9999061455260686 0.013603717 -0.0016248054408700523 30.278333227656315
38 -0.004765021178768227 -0.001691368 -0.9999872167391044 0.13695126020645698 -0.014099676564305186 0.999899276 -0.001624033440981765 1.403115656754562 0.9998892411485549 0.014091758 -0.004788388995621717 30.94625708105633
39 -0.007921241839778883 -0.001594846 -0.9999673542497369 0.132303732242945 -0.01438315557250564 0.999895461 -0.001480794827659097 1.407818228099485 0.9998651805976583 0.014370956 -0.00794335263404083 31.65518098621057
40 -0.011307562266852512 -0.002136468 -0.9999337845892223 0.124897447415334 -0.014712726340732833 0.999889821 -0.0019699979224880497 1.414480130006823 0.9998278223770516 0.014689477 -0.011337749595400987 32.335644565089595
41 -0.012250583154296538 -0.003762554 -0.9999178802679219 0.114458460966202 -0.015413478269266727 0.999874819 -0.0035735521834230157 1.407342983950332 0.9998061549623656 0.015368434 -0.012307043581033798 33.111351024520886
42 -0.013378674071093345 -0.005256188 -0.9998966868192818 0.102101733123928 -0.016341994112235823 0.999853772 -0.00503730510333042 1.392797563002173 0.9997769497883275 0.016272913 -0.013462614522600697 33.85776707554179
43 -0.014393863243908633 -0.00626819 -0.9998767555558747 0.092504339701861 -0.016708432852331145 0.999842237 -0.006027444462704103 1.3879363712333561 0.9997567933182111 0.016619615 -0.014496324547822327 34.61352085863223
44 -0.015537731064697002 -0.00666985 -0.9998570357395719 0.083499777895017 -0.015981994074279787 0.999851659 -0.006421454174800505 1.3968215323903719 0.9997515470231331 0.015879934 -0.01564202362261517 35.4235367250934
45 -0.016640930299892477 -0.005813964 -0.9998446260915841 0.07392940974322 -0.014885231616042131 0.999873715 -0.00556639027472739 1.414824446602351 0.9997507232116959 0.014790289 -0.016725370858522264 36.206306103975486
46 -0.010646057178571791 -0.005303922 -0.9999292626117735 0.08984763523710901 -0.014041994793302384 0.999888122 -0.005154201193010779 1.4131191081449457 0.9998447298913292 0.013986129 -0.010719344378383669 37.00452777046951
47 -0.004911310308140284 -0.005744647 -0.9999714385772966 0.101899570653122 -0.013735672818758253 0.999889547 -0.005676714697958117 1.400504898181776 0.9998935999580953 0.0137074 -0.004989674215124509 37.8659303117421
48 0.0008807468955087841 -0.006713082 -0.9999770786798753 0.112366467123287 -0.012826904899635321 0.999895125 -0.006723828755507045 1.3975146252819939 0.9999173438789732 0.012832533 0.0007945468518707567 38.695300316609256
49 0.005999759337238051 -0.006288883 -0.9999622253037961 0.11108112459744297 -0.011743218980503777 0.999910826 -0.006359018446479287 1.401834064162682 0.9999130465657979 0.011780928 0.005925372678038177 39.542272015548704
50 0.01110974190179357 -0.005935669 -0.999920667236079 0.10873397695125898 -0.011514973837496355 0.999915316 -0.006063576024962128 1.3925712234864112 0.9998719814345242 0.011581425 0.011040452134749966 40.45883736601205
51 0.011496401814913987 -0.005839399 -0.9999168636537219 0.10874552765177899 -0.012715048764696597 0.999901246 -0.005985496393593901 1.3594803263288977 0.999853069014225 0.012782804 0.011421017749028208 41.30372196293526
52 0.011406286128838252 -0.005575602 -0.9999194014829025 0.099885813972436 -0.013688111840570269 0.999889886 -0.005731580389822864 1.335727836774303 0.9998412531390772 0.013752385 0.011328710455135931 42.16315798272112
53 0.011093840828288905 -0.004595728 -0.9999279006658279 0.08654415629012599 -0.01360175949319555 0.999896226 -0.004746489120480288 1.3347968212785513 0.9998459476368415 0.013653435 0.011030179192392872 43.09595450329154
54 0.011134743242899129 -0.003300643 -0.9999325596463573 0.07756835643304796 -0.012100293040411847 0.999920888 -0.003435347419594364 1.3649333943366169 0.9998647907790139 0.012137729 0.011093923592092292 43.98904447064483
55 0.011077696374882661 -0.002176319 -0.9999362717868303 0.066003529498041 -0.010428372836250447 0.999942997 -0.0022918633684863893 1.392093240387676 0.9998842598699021 0.010453097 0.01105436884497748 44.89636788593654
56 0.010411915806597552 -0.002180347 -0.9999434175123081 0.061082484757399996 -0.008874961174766707 0.999958034 -0.002272789068467314 1.4147591397721402 0.9999064094238154 0.008898123 0.010392128361307366 45.87252699815353
57 0.01037226473931042 -0.004176467 -0.9999374846134046 0.06831067199457001 -0.007970310570791903 0.999959166 -0.004259232936760896 1.426291261114024 0.9999144414938866 0.00801399 0.010338554228073102 46.80229096426801
58 0.010173884592490657 -0.003917092 -0.9999405723933814 0.071569964788476 -0.009160228667854486 0.999950002 -0.004010329828079211 1.3980139920335801 0.9999062868321816 0.009200485 0.01013749404638013 47.816401006313285
59 0.0101455859946858 -0.0033486 -0.999942925482719 0.0783671822033 -0.010262468093548732 0.999941379 -0.0034527200181195183 1.3707507230707912 0.9998958690966839 0.010296913 0.010110626059355294 48.77976988341323
60 0.01025058528792572 -0.003801314 -0.999940235720227 0.08672434918191399 -0.01037316505320025 0.999938562 -0.0039076441642618975 1.359072467085554 0.9998936557826833 0.010412601 0.010210523793452674 49.7585299520687
61 0.010154560426134768 -0.006135521 -0.9999296176729022 0.07920769735529297 -0.007860194521002312 0.999949791 -0.006215467765355897 1.336651440451646 0.9999175477492027 0.007922757 0.010105824174310387 50.70252122216015
62 0.010375052439097922 -0.009886719 -0.9998972998116473 0.07740534768890799 -0.0037133670384084153 0.999943844 -0.009925708800494194 1.3504214168670141 0.9999392828196823 0.003815966 0.010337756835210309 51.73110544274472
63 0.010714770085513945 -0.015339338 -0.9998249340101105 0.07931669684139099 -0.0012736331267059803 0.999881311 -0.015353851895231833 1.328584110960442 0.9999417841133917 0.001437923 0.010693962338707732 52.70585438688218
64 0.010428369557016617 -0.016397852 -0.9998111622338202 0.07734781184864999 -0.00017521450858258285 0.999865486 -0.0164005703131225 1.3310353678239057 0.9999456076635503 0.000346212 0.010424093357226586 53.770888247074545
65 0.010376450047039484 -0.016111774 -0.9998163527986189 0.07954957816304 0.0012519660663470023 0.999869609 -0.01609963904238566 1.348211593468599 0.999945379647205 -0.001084679 0.010395268967942234 54.77868030300067
66 0.010524546081389606 -0.019183072 -0.999760592794617 0.09806538044653701 -0.000565419134600798 0.999815694 -0.019190080594560836 1.2835223739653252 0.9999444553890664 0.000767251 0.010511760629211803 55.79977572604214
67 0.010566958575348364 -0.024250279 -0.9996500707111763 0.10824277369348101 -0.00028768119101130337 0.999705771 -0.024254671071096703 1.254654256940975 0.9999441271164845 0.000543878 0.010556873490409568 56.91133333249479
68 0.010970459992370406 -0.023445766 -0.9996649164820024 0.12689878731551502 0.000890172701282836 0.99972491 -0.023437403988845282 1.25266296695223 0.9999394268074251 -0.000632755 0.010988313757696155 57.9592195126467
69 0.0112405216860909 -0.020255774 -0.9997316409848409 0.141888599802056 0.000232970482018965 0.999794831 -0.020254434585631757 1.249566082287127 0.999936795904379 -5.237e-06 0.011242934322480462 59.02618683117902
70 0.011306543408103109 -0.018336349 -0.9997679434737892 0.15331936697131 -0.0017926778035239818 0.999829875 -0.018357758212681676 1.218566782999051 0.999934471828553 0.001999824 0.011271748548875892 60.18867728302196
71 0.011066661251272945 -0.01958458 -0.9997469541854197 0.147243939624258 -0.00812816361351421 0.999773387 -0.019675072366566394 1.1145776066503217 0.9999057261781825 0.008343844 0.010904967327468878 61.26999016283922
72 0.01122146090607863 -0.017981383 -0.9997753493692334 0.155237889102396 -0.012925264778003393 0.999752161 -0.018126038357179155 1.0682202654648 0.9998534971797024 0.013125762 0.010986265674326583 62.35447843969164
73 0.011444778388562657 -0.013956149 -0.9998371086417498 0.166408689095154 -0.01327957345600849 0.999812294 -0.014107809218794377 1.125027723986594 0.9998463231174239 0.013438871 0.01125729833394337 63.52451579584155
74 0.011436079113484626 -0.01253392 -0.999856048527965 0.164500424377692 -0.011467965395447593 0.99985403 -0.01266506203558161 1.084979605255513 0.9998688424408118 0.011611153 0.011290671040022158 64.61684504908051
75 0.011287052085205591 -0.011818078 -0.9998664587390271 0.159091846950288 -0.007636752777744677 0.999899974 -0.011904682467785645 1.089149980572921 0.9999071371826803 0.007770101 0.01119567222819676 65.71998321152473
76 0.011964512999743406 -0.012907542 -0.9998451113979008 0.185087362169161 -0.004024562834688411 0.999907962 -0.012956512306583696 1.095460779971035 0.9999203231408529 0.004178957 0.011911464771166759 66.89605430949237
77 0.012390391197553616 -0.014168792 -0.9998228460864577 0.20431562025320502 -0.002544267863424355 0.999895919 -0.01420135785462218 1.054910576692394 0.9999199988208981 0.002719777 0.012353051737679125 67.98610633266736
78 0.012739540849889897 -0.014253023 -0.9998172610221195 0.200647885638527 -0.003954893041648928 0.999889865 -0.014304451143380019 1.0718793388100791 0.9999110277276843 0.004136403 0.012681769234778902 69.08767230824792
79 0.012995236184598 -0.014134884 -0.9998156476205903 0.195434069755004 -0.00785700243902762 0.999867768 -0.014237743981631851 1.022832512829204 0.999884689137815 0.008040577 0.012882460027843596 70.28107333184992
80 0.013370616652108322 -0.013760411 -0.9998159220482062 0.19328659902693301 -0.009680714927240978 0.99985666 -0.013890432035784873 1.021807030985385 0.9998637460917907 0.009864656 0.013235489750925674 71.39713963746877
81 0.013922584474427142 -0.012725122 -0.9998221002881091 0.20711570572522 -0.008025981009164794 0.999885382 -0.012837689731167055 0.9870592326955738 0.9998708643890972 0.008203287 0.013818856465708063 72.59392375277073
82 0.014645726738038344 -0.011624931 -0.9998251663909152 0.22574983582889 -0.003784672129051077 0.999924606 -0.011681525995113353 1.026630086528942 0.9998855826178917 0.003955094 0.014600625702585319 73.70556869031522
83 0.015083108136010829 -0.01193809 -0.9998149736952803 0.233039267324425 -0.0009823287218097246 0.999928063 -0.011954260120022682 1.028270061752393 0.9998857612906 0.001162454 0.015070296770867454 74.81417944766275
84 0.015125253556582442 -0.012802232 -0.9998036451942062 0.23092731463496 -0.0005032264836527184 0.999917805 -0.012811306207373958 1.0604297884496283 0.9998854802537575 0.000696902 0.015117567423794137 75.9334096640425
85 0.014537009792402902 -0.014767343 -0.9997852776999281 0.20972528541828903 -0.002478920591653581 0.999887329 -0.014804894162487108 1.024510821659585 0.9998912588461963 0.002693607 0.01449876520212334 77.14674020515545
86 0.013545704718345413 -0.014797794 -0.9997987494001928 0.20644932976891198 -0.003891409240036851 0.999882134 -0.014851750932937195 0.999680305113824 0.999900680074262 0.004091803 0.013486524522259425 78.26754267770764
87 0.012585967321632452 -0.012200562 -0.999846357650363 0.196967314683586 -0.004217085567804468 0.999916018 -0.01225449637865189 1.016676691721072 0.9999119009876571 0.004370672 0.01253345912949701 79.4840041124419
88 0.011913252527034833 -0.008580552 -0.9998922187245459 0.200327879669488 -0.003275730002878954 0.99995748 -0.00862014141843106 1.0415340502425958 0.999923669428393 0.003378071 0.011884639085568803 80.61434346436171
89 0.011502725179065386 -0.004492937 -0.9999237474318441 0.21502636167591904 -0.0021883711859499353 0.999987397 -0.00451839665324826 1.079082851068353 0.9999314471395374 0.002240178 0.011492748677101384 81.75633475553164
90 0.011159487440437073 0.000491542 -0.9999376106259755 0.22716798194661897 -0.003205000444311889 0.99999476 0.0004558018787166156 1.0506691210498549 0.9999325945850909 0.003199714 0.011161005010482531 82.99255422347895
91 0.009279519839265506 0.004325394 -0.9999475898119887 0.218876956294496 -0.005247260430589757 0.999977087 0.004276826780336211 1.016318930628416 0.9999431767228836 0.005207299 0.009302003291614942 84.06514162911635
92 0.007684394044034955 0.004291938 -0.9999612635227734 0.21363367663643001 -0.007232324707887698 0.999964873 0.00423637553100491 0.9756758580985061 0.9999443201957344 0.00719949 0.007715165051539682 85.14154807396145
93 0.005665430928184238 0.00481462 -0.999972361213553 0.196642321383654 -0.007103006127237812 0.999963376 0.004774333301626008 1.006925100814687 0.9999587242459353 0.007075761 0.005699421635181774 86.31967252902332
94 0.004082350411240962 0.004766937 -0.9999803056184378 0.190921682929494 -0.0059025133893472565 0.999971333 0.004742797897152838 1.064187531625246 0.9999742474605182 0.005883035 0.004110370671850422 87.41226986535733
95 0.002080261949328127 0.004391941 -0.9999881918016188 0.171238812802106 -0.0056532295449801115 0.999974427 0.00438012021251209 1.0921438342364749 0.9999818569009291 0.005644051 0.002105036451588567 88.50857297364362
96 0.0004899888917403933 0.003113474 -0.9999950331466014 0.16292586808159004 -0.006241593830438313 0.999975684 0.0031103558187434753 1.114873917353453 0.99998040088734 0.006240039 0.0005094094235792658 89.6917799977428
97 -0.0012261801046729696 0.004088089 -0.9999908919210504 0.15005381736163398 -0.007659713145673555 0.999962269 0.004097364859770207 1.105571678792283 0.9999699122958182 0.007664668 -0.0011948202167566995 90.78309348880933
98 -0.0029529629590609343 0.005283714 -0.9999816811770379 0.14437127798412502 -0.010678924431748523 0.999928853 0.005314969602769003 1.1059403079238819 0.9999386186017165 0.010694424 -0.0028963285575659753 91.8759124551206
99 -0.004598746462541119 0.004801251 -0.9999778999226486 0.14038329674543504 -0.013491248771000561 0.999897164 0.004862907674046551 1.106869940611092 0.9998984135206826 0.013513314 -0.004533498618258581 92.87861960235563
100 -0.0061172665598158565 0.005267414 -0.9999674160561444 0.12839322299426803 -0.01459440584528369 0.99987915 0.005356229206481857 1.0665059821928042 0.9998747835981103 0.014626695 -0.006039651562040975 93.93879465058941
101 -0.007574228787317598 0.005995067 -0.9999533440363905 0.11529019103473698 -0.012996895502865289 0.999896972 0.006093175337097815 1.100161487018332 0.9998868496628168 0.013042441 -0.007495530986712724 95.00069872144385
102 -0.009046038509659642 0.006010745 -0.9999410178595944 0.10006637070083399 -0.010524990284380361 0.999925969 0.00610587030342047 1.1600177852359588 0.9999036925044145 0.010579604 -0.008982106044974684 96.16688122115279
103 -0.010606920750246333 0.005726314 -0.9999273486739071 0.08048073187912497 -0.010493001556045264 0.999927907 0.005837623943437664 1.142035680593171 0.9998886892627767 0.010554158 -0.010546069591086836 97.2421459481254
104 -0.012096735763841363 0.005985068 -0.9999089193575033 0.06598373370043303 -0.010906699562286666 0.999921809 0.006117093139226496 1.119806967908874 0.9998673478059049 0.010979703 -0.012030512829757227 98.3229849260155
105 -0.01376328928550761 0.006287686 -0.9998855122918643 0.04141025469613202 -0.010535237213350613 0.99992381 0.006432943057637727 1.1137729326311538 0.9998497792963484 0.010622569 -0.013695998280666945 99.51519855204175
106 -0.015241748260145923 0.006743508 -0.9998610972016153 0.018824915457107988 -0.01010607291664427 0.99992514 0.006897995775517564 1.110567094892144 0.999832764555395 0.010209807 -0.015172456445830257 100.54624714772429
107 -0.016538627544190963 0.006806862 -0.9998400569671533 0.0005360781849940432 -0.010133655630475096 0.999924326 0.006975059200307722 1.094218841440676 0.999811874199043 0.010247393 -0.016468397714783225 101.58439017971841
108 -0.017878813271625146 0.006967587 -0.9998158831502567 -0.01819516458806497 -0.00991781784445739 0.999925285 0.007145700731193726 1.0877671286317427 0.9997909706294403 0.010043749 -0.01780837445644783 102.7331289363686
109 -0.01909411453813765 0.0056886 -0.9998015076528545 -0.03482812091461204 -0.009385362490326976 0.999938735 0.005868621914697132 1.0892920572931448 0.9997736390393681 0.009495556 -0.0190395556461827 103.78678909867618
110 -0.020267110360527706 0.005391854 -0.9997800618967934 -0.05022040161904798 -0.00850458521725061 0.999948349 0.005565163285268492 1.1003404948927182 0.9997584285310125 0.008615505 -0.02022020789934506 104.84122010223643
111 -0.020232358208994612 0.003643578 -0.9997886659072801 -0.06289847559895698 -0.008668111273319132 0.999955136 0.00381959764975773 1.0933443466389137 0.9997577283448543 0.008743559 -0.020199867947820686 105.93898834038238
112 -0.020453553875569873 0.002889878 -0.9997866278561449 -0.08205648908763699 -0.009245191252741734 0.99995252 0.00307949538040208 1.0740250195723469 0.9997480576116118 0.009306205 -0.02042586550493062 106.93437126995488
113 -0.020337595970736366 0.00257726 -0.9997898474762446 -0.08961125471822698 -0.008066517452238815 0.999963706 0.0027417964307015234 1.111678154099669 0.9997606275978432 0.008120584 -0.020316068599595945 108.04268418640069
114 -0.02047060541431772 0.002042257 -0.9997883689431357 -0.09321093531101698 -0.006499282975983172 0.999976513 0.002175713402852342 1.1440837077296537 0.9997693305702021 0.006542446 -0.020456851312455334 109.04327797989978
115 -0.020549273138753026 0.002729046 -0.9997851171845756 -0.09489735272797797 -0.006593004776696468 0.999974161 0.002865072438181546 1.125421346218399 0.9997671027846075 0.006650464 -0.020530749946107516 110.04537816872337
116 -0.02047464139817237 0.003547603 -0.9997840788587292 -0.09887228493049696 -0.006626795606300479 0.999971257 0.0036839780640907285 1.1102836673488912 0.9997684104237754 0.006700793 -0.020450544121436258 111.15555798198857
117 -0.020641291135794333 0.004282407 -0.9997777742267779 -0.109736951638192 -0.005585990683450196 0.999974724 0.004398577665404308 1.127136523930044 0.9997713403003121 0.005675542 -0.020616847680019167 112.15853324009265
118 -0.020412585835947787 0.004595702 -0.9997810793854949 -0.10601089680497902 -0.005170920773415713 0.999975575 0.004702170820583494 1.1283842418638108 0.9997782696710747 0.005265773 -0.020388323326207904 113.16782527094685
119 -0.020377951850899925 0.005247219 -0.9997785786461107 -0.11108782916139802 -0.005088147181650163 0.999972733 0.005351947353488775 1.116572554551682 0.999779400434459 0.005196082 -0.020350698345365577 114.27972620513236
120 -0.02020883413934533 0.005098872 -0.9997827781837646 -0.10961693951593099 -0.00504409892773203 0.999973749 0.00520180340315564 1.101689373358413 0.9997830561193493 0.005148126 -0.020182584345502123 115.28577872841089
121 -0.020576014545474974 0.00634664 -0.9997681468819972 -0.12064427898377603 -0.0054892907613202455 0.999964062 0.00646085715616908 1.0665815536831722 0.999773222009319 0.005620956 -0.020540436293639493 116.26550667359035
122 -0.02062449045818156 0.006382345 -0.9997669209738508 -0.12423112097813299 -0.005959204600016991 0.999961076 0.006506519131706777 1.0282896531221402 0.9997695325083987 0.00609201 -0.020585653064637385 117.34855910317336
123 -0.02056251040226231 0.006753508 -0.9997657593514988 -0.12039947173943896 -0.0045854472188753635 0.999966031 0.006849171112635542 1.050096606539996 0.999778053340822 0.004725209 -0.02053084429085722 118.32166072371648
124 -0.020373676501150906 0.007497682 -0.999764320978868 -0.11287974940740302 -0.003899441004228172 0.999963679 0.007578641726365616 1.0499245656293141 0.9997848307789184 0.004052927 -0.020343699530391793 119.29076882872081
125 -0.020370504723205413 0.006578916 -0.9997708535756877 -0.11191214982224 -0.004386718583283322 0.999968136 0.006669594816390104 1.016441485656964 0.9997828764729981 0.004521576 -0.020340995694531752 120.3618697846486
126 -0.020526431684775238 0.006178294 -0.9997702204656292 -0.11413092878181706 -0.003944000702528623 0.999972625 0.006260518890221139 1.0039541318804268 0.9997815315226026 0.0040716 -0.020501503354001888 121.31595259152705
127 -0.020447788668915504 0.005826029 -0.999773946955589 -0.10720050758562799 -0.0028430020629374195 0.99997864 0.0058853683164840735 1.0111837130064174 0.9997868801605723 0.002962702 -0.02043078909807207 122.26710415374241
128 -0.020388751418546396 0.005230516 -0.9997784454654026 -0.10974902130385498 -0.0036974310017813114 0.999979082 0.005306967976990953 0.9920393781320227 0.9997852913477521 0.003804814 -0.02036898518835813 123.32136268259569
129 -0.02031564583488761 0.005773113 -0.9997769480495737 -0.11250440200211102 -0.0044229428531644644 0.999973024 0.005864120177154232 0.9833824863905879 0.9997838327508555 0.004541089 -0.020289563063979187 124.26815696772383
130 -0.02021426348780313 0.00542346 -0.9997809604246263 -0.11643420652968997 -0.005214690603307977 0.999971113 0.005529926502646441 0.9727899086857441 0.9997820714053096 0.005325331 -0.020185398137174376 125.2089443759377
131 -0.0199055550202128 0.006078852 -0.9997833849683958 -0.108898845667068 -0.005058921355387924 0.999968103 0.006180697471663534 0.9788832491280822 0.999789066011336 0.005180856 -0.01987416756609317 126.21450185552439
132 -0.0196881459819626 0.006059272 -0.9997878086314353 -0.10310109174107501 -0.0042712338047911904 0.999972 0.006144499647119279 1.0088756048052319 0.9997970464540555 0.004391301 -0.01966171491911531 127.11482157647086
133 -0.01950787609258253 0.007416618 -0.9997821940780427 -0.10038061300775301 -0.004093674757537218 0.999963511 0.00749783990614701 1.022549344921408 0.9998013222057549 0.004239051 -0.019476802506303723 128.1121356116155
134 -0.01931746018677555 0.00733791 -0.9997864725484348 -0.09804670067080001 -0.005713733805243614 0.999955928 0.007449552653528285 0.9808705426085319 0.9997970743515122 0.00585642 -0.019274681894014992 129.00291907583315
135 -0.01917926934042876 0.008507652 -0.9997798639048039 -0.09420954676082899 -0.006853504627009417 0.999939184 0.008640481902418782 0.9499356449081641 0.9997925712907559 0.007017714 -0.019119796141706426 129.8884765797618
136 -0.01888473124554197 0.008155481 -0.9997884047493394 -0.085522270241321 -0.005577444951155271 0.999950313 0.008262152415060956 0.967766376486556 0.9998061109089909 0.005732293 -0.018838306217632494 130.77035958855888
137 -0.01886936434350337 0.008266168 -0.9997877867194233 -0.08270374719732798 -0.0027961594590939108 0.999961476 0.008320376568690366 1.029802235696068 0.9998180475377902 0.002952566 -0.01884552419667575 131.74593480110195
138 -0.01907624812134179 0.007133039 -0.9997925867664843 -0.08187841282050001 -0.0019043686644526913 0.999972477 0.0071706578667374505 1.0439626905514139 0.9998162179263579 0.002040763 -0.019062138838297552 132.61947834734997
139 -0.01973052803979752 0.005831071 -0.9997883297855659 -0.09781648058859 -0.002456130626510571 0.999979692 0.005880658101302507 1.01383844442811 0.9998023174847313 0.002571639 -0.019715806403949036 133.5841668971177
140 -0.02017586659686103 0.004390397 -0.9997868071540724 -0.10528677507256298 -0.0035043378484728013 0.999983905 0.0044619804482443695 0.9711302666183831 0.9997903051028258 0.003593615 -0.02016015582617597 134.44713090984055
141 -0.019849740375311006 0.00414656 -0.9997943754754156 -0.09475284454400598 -0.00492854413261768 0.999978844 0.004245175704423182 0.931928862187772 0.9997908271888257 0.005011796 -0.01982888364289012 135.22978320276644
142 -0.019688775995475104 0.003703011 -0.9997992998280423 -0.08615646904945 -0.005584387486027135 0.999977135 0.0038136419305473 0.9185701263971258 0.999790561382192 0.005658352 -0.019667646486533307 136.10533420354767
143 -0.019741437847219028 0.004291986 -0.9997959067399248 -0.08638334292852098 -0.00612027059781236 0.999971531 0.004413587807362909 0.905272298799641 0.9997863863857829 0.006206152 -0.019714607680652026 136.88004205148326
144 -0.019653788554438525 0.004631702 -0.9997961169531906 -0.08280805952849701 -0.005739006335955268 0.999972272 0.004745334465173799 0.9192401369435891 0.9997903739650358 0.005831101 -0.019626662460358234 137.6498160007856
145 -0.01981133467339381 0.004494675 -0.9997936330672347 -0.08221987499646596 -0.004523960721871907 0.999979255 0.004585153350082548 0.96061433941004 0.999793501272267 0.004613865 -0.019790589666209273 138.50687824247257
146 -0.019777509470410497 0.004702415 -0.9997933470882338 -0.079516634990966 -0.0027408017035304285 0.999984927 0.004757533370306582 0.994923220871004 0.9998006492227949 0.002834328 -0.019764322959732888 139.23287098180447
147 -0.019825919288166564 0.005258279 -0.9997896197280344 -0.07488323547751703 -0.0015980624311520667 0.999984726 0.005290994920964898 1.017651657330068 0.9998021698595283 0.001702625 -0.019817213443263156 139.95604169452858
148 -0.02008582382072619 0.005061143 -0.9997854490963461 -0.07950736239376496 -0.0012452733184431192 0.999986285 0.0050871770234967905 1.016244897237417 0.9997974837052506 0.001347187 -0.020079246034053134 140.76603741487259
149 -0.02015157694636571 0.003862629 -0.9997894749291156 -0.076669782478331 -0.001675718621588348 0.999991002 0.0038971837715036034 0.9969812800918271 0.9997955323474873 0.0017539 -0.020144922015812316 141.47885399396083
150 -0.020125459222318422 0.002613393 -0.9997940468522313 -0.07332227336226897 -0.0013064916948122946 0.999995661 0.00264021847986535 0.995567965319769 0.9997966087988774 0.001359358 -0.020121957372181337 142.1847224855557
151 -0.020165171975191926 0.001720556 -0.9997951816827993 -0.06770713869341098 -0.001462945876879519 0.999997398 0.001750411221400907 1.0187693189017049 0.999795591702634 0.001497943 -0.020162602392203344 142.91001280637875
152 -0.020328530982305876 0.001841006 -0.9997916587424781 -0.066604647486996 -0.0029866337762585234 0.999993731 0.0019021047639708898 1.006717272311314 0.9997888928590353 0.003024679 -0.020322904577967364 143.54010138022446
153 -0.020385048362326526 0.002059654 -0.9997900814453259 -0.061194030066878985 -0.005183263833768391 0.999984222 0.0021657375224635607 0.975219087550635 0.9997787676749645 0.005226324 -0.020374050135868974 144.16449977789068
154 -0.020464715405433327 0.001330519 -0.9997896902941282 -0.05511145162400495 -0.00649893481894872 0.99997781 0.0014637962008343084 0.9663380468310829 0.9997694532916751 0.006527525 -0.020455614998150337 144.87350160610472
155 -0.02018534662886716 0.002414948 -0.9997933382603318 -0.04220503050050196 -0.005962852151835328 0.999979007 0.002535783964903514 0.998517964909668 0.9997784735255183 0.006012805 -0.020170523478462304 145.48599890216627
156 -0.016835926566889425 0.003458858 -0.9998522833400294 -0.019411044713138027 -0.0045952967561534 0.999983187 0.0035366888816981104 1.0009683869167714 0.9998477059314146 0.004654161 -0.01681974845342173 146.11565991523298
157 -0.013814490163634003 0.003715253 -0.9998976727892405 -0.005913570648335954 -0.003275020054684007 0.999987565 0.00376083448541179 1.0044068559987478 0.9998992118983464 0.003326639 -0.013802150677698206 146.65215026430158
158 -0.01072279698536902 0.002905868 -0.9999382868580805 0.011484378771066017 -0.0024352907609883592 0.999992736 0.0029321404206525885 0.9981645643131002 0.9999395434206395 0.002466582 -0.01071564229183711 147.1839297834759
159 -0.007492642546907775 0.003046273 -0.9999672893607066 0.029169049062401017 -0.0012841832061322258 0.999994506 0.003055978763596363 0.996998336609632 0.9999711054751306 0.001307039 -0.007488689436397994 147.79549038330464
160 -0.004168327863333195 0.001860124 -0.9999895827984394 0.05156219611142705 -2.462488370028179e-05 0.999998269 0.001860243197055898 0.9996616414005328 0.9999913123377416 3.2379e-05 -0.004168274770942194 148.30613004091367
161 -0.004475864714613533 0.001828055 -0.999988312435504 0.04704640853910503 0.0011296439414638882 0.9999977 0.0018230156159429716 1.027640087702962 0.9999893456988705 -0.001121471 -0.004477919157558718 148.78475191464352
162 -0.004347170834103807 0.001754973 -0.9999890105450189 0.05133324436731504 0.0009490246737319611 0.999998017 0.0017508637434089339 1.030338950829579 0.9999901004798507 -0.000941402 -0.004348827817828036 149.32822586837233
163 -0.004504897759995973 0.002437746 -0.9999868813791413 0.04754041765293997 0.00020609075911636168 0.99999701 0.0024368423151594856 1.015122401369112 0.9999898314363884 -0.00019511 -0.004505386136120711 149.76584239847082
164 -0.004370276565536803 0.002484001 -0.9999873652710146 0.049495854173866996 0.00017533166924541444 0.999996901 0.002483258110580456 1.014342343850672 0.9999904346011612 -0.000164477 -0.004370698159478086 150.18237074603417
165 -0.004180199063654968 0.0024713 -0.9999882096364291 0.05334590635384702 -0.0004935542955337911 0.999996819 0.002473384657292137 0.9989544342470501 0.9999911407240467 0.000503888 -0.004178966346989074 150.65120461952694
166 -0.003601532083103483 0.002463127 -0.9999904807508456 0.06866854913297799 -0.000844550949344846 0.999996602 0.0024661836104711904 0.99217964372652 0.9999931582004555 0.000853425 -0.003599439519224671 151.0484434296772
167 -0.0032778472278191303 0.003024388 -0.999990054356386 0.07923452191828001 2.2175574073155417e-05 0.999995426 0.0030243314080670007 1.009317536847838 0.9999946271072133 -1.2262e-05 -0.003277899552487078 151.49384675299058
168 -0.0029857164616759213 0.00397201 -0.9999876540210612 0.08882650811846302 0.0008783830133958442 0.999991736 0.003969403683355176 1.0235595144356122 0.9999951573773613 -0.000866521 -0.002989180890666892 151.8429865920452
169 -0.0025937796512264847 0.004039692 -0.9999884770182882 0.10086189877399893 0.0013935467843514122 0.999990884 0.004036086789621087 1.0294573011083112 0.9999956655795704 -0.001383062 -0.002599385611330964 152.16830503016092
170 -0.0023122396614040468 0.003509827 -0.999991167760847 0.10989511697040202 0.002185023357121518 0.999991471 0.0035047757458094822 1.039481487438581 0.9999949398136495 -0.002176901 -0.0023198891849614176 152.46843436297684
171 -0.001795901679614615 0.003770908 -0.9999912779070783 0.12002668338872798 0.0027474987112065543 0.999989134 0.003765965055279101 1.065265808050876 0.99999461277877 -0.002740712 -0.0018062425105676962 152.87119390122214
172 -0.001410558741831843 0.003459493 -0.9999930210065348 0.12619735996108 0.0017193513513097385 0.999992546 0.0034570661120006626 1.0581490679329448 0.9999975267236618 -0.001714463 -0.001416496669683405 153.1878829467686
173 -0.0011018482716424792 0.003588549 -0.9999929538609438 0.132080866931383 0.0007159274160820707 0.999993308 0.0035877610964812094 1.051876114246435 0.9999991364282745 -0.00071197 -0.001104409719514484 153.54020884151532
174 -0.0008893152289627009 0.00384985 -0.9999921936552852 0.13990501655662696 0.0005005745393420939 0.999992466 0.003849405917030633 1.05310056668903 0.999999479690397 -0.000497147 -0.0008912361449811914 153.81172544397953
175 -0.0008419481214928982 0.003339446 -0.9999940698708266 0.14274716213199 -0.0007143697781793247 0.999994167 0.0033400477531382723 1.0395419765647582 0.9999993902715129 0.000717177 -0.0008395573179588702 154.0677480596354
176 -0.0011482869046790982 0.002104257 -0.9999971263508758 0.155581706843436 -0.002267203446970411 0.99999521 0.002106856656489588 1.0261637699804993 0.9999967710561842 0.002269616 -0.0011435105070111723 154.38418441888368
177 -0.0017151322552837007 0.001544934 -0.9999973354633758 0.16390560596257 -0.004020745253791681 0.999990713 0.001551820100411344 1.006542271473734 0.9999904462199234 0.004023396 -0.001708904001864615 154.6396011030261
178 -0.002297051944675913 0.002027615 -0.9999953060067658 0.17208348432572895 -0.005665406706159731 0.999981869 0.0020406011714701505 0.9896180358235719 0.9999813135216583 0.005670068 -0.002285523328734998 154.88991010415387
179 -0.002924471500372631 0.002405292 -0.9999928305348577 0.17929456645697195 -0.006094284440719676 0.999978494 0.002423080298133774 0.992236909426943 0.999977153747156 0.006101327 -0.002909750120126326 155.18306806940993
