22 -0.05653933502639221 -0.008113585 -0.9983674035199951 3.592604576398753 -0.0065172405081241344 0.999948673 -0.007757353318229347 1.421530317681139 0.9983791011559658 0.006068005 -0.056589311310134574 28.185832674815053
23 -0.05722767930924361 -0.007610172 -0.9983321480683793 3.5584532056660882 -0.006943056300909005 0.999949799 -0.007224504370591783 1.401950365065212 0.9983370110666712 0.006518035 -0.05727764444640557 29.591714544686837
24 -0.05711341451701214 -0.005532401 -0.9983523676128618 3.525932674243581 -0.004414327953145138 0.999976271 -0.0052888670802894505 1.382983431615434 0.9983579372758276 0.00410499 -0.05713648108330298 31.09898111046693
25 -0.056704692693184615 -0.004338852 -0.9983815662882959 3.4976050145169486 -0.002874970229874186 0.99998712 -0.004182541243537733 1.3649233708153983 0.9983868546003429 0.002633147 -0.05671643659495073 32.49704149521132
26 -0.05647757279397877 -0.003085816 -0.9983990993999571 3.4725065543737292 -0.003353116950611008 0.99999017 -0.002901053207097405 1.338759350822282 0.9983982375377669 0.003183905 -0.056487364457145216 33.90358037537958
27 -0.055846755472699565 -0.003457203 -0.9984333667403216 3.435520816802907 -0.004918189458850052 0.999982826 -0.003187472939834663 1.3172848186518369 0.9984272389712334 0.004732475 -0.05586279904113063 35.41333816330443
28 -0.055571543503903024 -0.004511621 -0.9984445144279352 3.412801615582231 -0.006937924368212891 0.999967394 -0.004132350753226997 1.2906511758691432 0.9984306026549483 0.006697492 -0.0556010335594703 36.82141832790013
29 -0.05481412393245195 -0.005655928 -0.9984805571508606 3.395837766350004 -0.00759774049902092 0.99995737 -0.0052471966046735204 1.3000377591246721 0.998467669323797 0.007298576 -0.05485476028604798 38.22899682355291
30 -0.05338865028834871 -0.007047182 -0.9985489420252117 3.399541042765761 -0.006165712036242937 0.999958362 -0.006727471589044576 1.2865044660062768 0.998554773188327 0.005797595 -0.05342987796646333 39.74588111641975
31 -0.06473889605954075 -0.007757863 -0.9978720818308727 3.345738377678913 -0.004961008414167694 0.999959925 -0.007452239738968234 1.2769094896001247 0.9978899055427569 0.004468002 -0.06477478862075706 41.12053094319511
32 -0.0755542564493833 -0.008167162 -0.997108244499612 3.3074121920493305 -0.004572216447802183 0.999958782 -0.007844058410976884 1.2452599704117129 0.9971312097036464 0.003966342 -0.07558848417016131 42.48903833419395
33 -0.08566146337263236 -0.008228694 -0.9962903199510093 3.282323760858149 -0.00460515918318186 0.999958482 -0.007863037250373408 1.230009562706234 0.996313658273332 0.003914517 -0.08569580169577377 43.96110519381445
34 -0.09598173345351677 -0.009669467 -0.9953361287729798 3.254676899767125 -0.004640960860827211 0.999946293 -0.009266718037208205 1.186685035641942 0.9953722761688122 0.00372988 -0.09602145481532054 45.31878010429193
35 -0.10606844172612234 -0.010455986 -0.9943038557381128 3.234515113660558 -0.0042292565583747195 0.999940412 -0.010064098709595633 1.1763694849968598 0.9943498372916649 0.003137682 -0.10610634190050093 46.68136752730155
36 -0.10543308512950082 -0.01228212 -0.9943505484228244 3.14362340362233 -0.003842492663809457 0.999921291 -0.011943501525156327 1.167700098552648 0.9944189759599023 0.002561545 -0.10547198088754012 48.139121587375826
37 -0.10490533551468412 -0.013854976 -0.994385694935353 3.062128572438807 -0.0040789028796270775 0.999900531 -0.013501500262197158 1.1525015721632719 0.9944738477283008 0.002639624 -0.10495141449553766 49.49044077789069
38 -0.10392204753432023 -0.013814176 -0.9944895052390115 2.9818320254868795 -0.004055954321508713 0.99990111 -0.013465508131306734 1.135006801977728 0.9945771753464749 0.002634241 -0.1039678007008045 50.83339003068054
39 -0.10259393542961881 -0.014065923 -0.9946238660612164 2.91421587523982 -0.003991728896462074 0.999897788 -0.013728765784945116 1.117319108733159 0.9947153116214125 0.00256178 -0.10263959699652622 52.283379735741754
40 -0.10176007276376252 -0.011842969 -0.9947384741277219 2.8459606477247266 -0.004152501300275121 0.999925481 -0.011479930184305931 1.0933708165039449 0.9948003036615752 0.002962454 -0.10180166771860638 53.62725856100926
41 -0.0974073520987442 -0.01153176 -0.9951777858979152 2.784939786077797 -0.005307742728711577 0.999924669 -0.011067246103700563 1.0687696978261272 0.9952304431062455 0.004204116 -0.09746122159987287 55.143244310725606
42 -0.09390692906228552 -0.011108732 -0.9955190025990296 2.7196849771751657 -0.006036804174897255 0.999925718 -0.01058845520500715 1.0490424997162981 0.9955626775661475 0.005015424 -0.09396701417398762 56.55702202158852
43 -0.09057310083985418 -0.012132142 -0.9958159088416471 2.657758042765563 -0.006616253916581873 0.999911057 -0.011580260395317543 1.0343966560319051 0.995867832000878 0.005539711 -0.09064531440784164 57.97173240007929
44 -0.08750750999860415 -0.013734996 -0.9960691670209286 2.600502246948556 -0.0068000511523486126 0.999889882 -0.01319027668477846 1.020656907836458 0.9961406503564895 0.005619073 -0.08759127256875406 59.499905224115565
45 -0.08556344196397832 -0.014146472 -0.9962322897137922 2.5287125341463215 -0.006682051986506926 0.999884856 -0.013624437331200574 1.0102179168694272 0.9963103172137534 0.005491122 -0.085648117521696 60.922536011727345
46 -0.08639373658993785 -0.014898717 -0.9961496622922795 2.4459482863817175 -0.006983321366683062 0.999872665 -0.014348752140671077 0.9957424943811871 0.9962365964027089 0.005716791 -0.08648677803406817 62.33955985110521
47 -0.08721819053456388 -0.014784812 -0.9960795135659353 2.360178282440036 -0.008377147183349708 0.999865392 -0.014107489739040966 0.9713662051298201 0.9961540092822028 0.007113875 -0.08733030450498137 63.85811681298593
48 -0.08856611667201648 -0.010547373 -0.9960144552307226 2.255453768908544 -0.0095110483626623 0.999907304 -0.009742869890872132 0.9374247392876482 0.996024890728184 0.008610254 -0.0886582236911938 65.26956217103432
49 -0.09055484048476901 -0.0094596 -0.9958465425974582 2.14476868421337 -0.007102814489251121 0.999935589 -0.00885256518658995 0.9484615386803752 0.995866141427965 0.00627167 -0.09061619727209334 66.67790756360455
50 -0.09349882377646807 -0.008924237 -0.9955793929290061 2.025623112711605 -0.004768904593231182 0.99995237 -0.00851556846049461 0.9597505772186199 0.9956079689951566 0.003951627 -0.09353692861127112 68.19564715511669
51 -0.09376848098944747 -0.01104212 -0.9955327940277082 1.928271768719503 -0.0019784997967257655 0.999938585 -0.010904634277711156 0.9882540502315711 0.9955920637978911 0.000947151 -0.093784568895292 69.63289253792325
52 -0.09513344661830525 -0.014408906 -0.9953602415331307 1.818035357094876 -0.0016539268581569507 0.999896146 -0.014316490767912613 0.9964932312533401 0.9954631542046318 0.000284276 -0.0951473976276776 71.073034425668
53 -0.09635732276234102 -0.015517687 -0.9952258373570047 1.7081548019450978 -0.0020490945276204695 0.999879439 -0.015391854629188774 0.9891169764796081 0.9953446979289272 0.000556194 -0.09637750335349274 72.62250664383707
54 -0.09708102940699974 -0.01688941 -0.995133167853489 1.6065844974671366 -0.00432302833350215 0.99985373 -0.01654779123445675 0.9589185312492652 0.9952670919504125 0.002695513 -0.0971398426100687 74.06689166949155
55 -0.09804913832238873 -0.014888166 -0.9950702033775257 1.494208710440863 -0.0070875390022739435 0.999873178 -0.014261658435878125 0.915163453871938 0.9951563356316863 0.005654256 -0.09814222408401871 75.62757095585413
56 -0.09944183412321345 -0.012646277 -0.9949630111842688 1.405841642873116 -0.008346985203646424 0.999894654 -0.011874717898310749 0.888871501185932 0.9950083661982215 0.007124098 -0.09953691603189399 77.10543068953312
57 -0.10152806472279005 -0.013146272 -0.9947458105419811 1.298773649799555 -0.00846870935588139 0.999887874 -0.012349874968009477 0.8802286014091538 0.9947966291805918 0.007170355 -0.10162801244687997 78.58568708382376
58 -0.10480316987487166 -0.012340236 -0.994416418899439 1.1726850534619442 -0.007582441466411144 0.999903862 -0.011609206406385617 0.8817727669185339 0.9944640778823426 0.006323423 -0.10488666363093524 80.17514457280998
59 -0.10887982840243277 -0.01219586 -0.9939801020280574 1.007839080702336 -0.006776380379895089 0.999910608 -0.011526346245834493 0.886170805510941 0.9940318226379855 0.005480601 -0.10895273965397646 81.65557958965198
60 -0.11304812537741522 -0.009824833 -0.993540937123634 0.8508757754517771 -0.007363947773255381 0.999931931 -0.009050139544632069 0.8673450872607069 0.993562224703171 0.006293283 -0.1131127791764332 83.13499204399669
61 -0.11703219200068846 -0.007549685 -0.993099425454822 0.66237311892088 -0.00796078037002136 0.99994611 -0.006663593026581649 0.8495114771722051 0.9930962147508421 0.007125992 -0.1170859870527839 84.68266953305141
62 -0.119495764221321 -0.004689662 -0.9928236341004386 0.49738017265063195 -0.0067847122937995 0.999969352 -0.003906810069760998 0.8573447960522059 0.9928115279502908 0.006269176 -0.11952392004802884 86.12125641206113
63 -0.12122217485393219 -0.003957887 -0.9926175093553155 0.338207551960691 -0.0068198928030343536 0.999971769 -0.003154339871606296 0.853011429019128 0.9926019710511972 0.006387169 -0.12124574455764539 87.56368682473055
64 -0.12304511797402685 -0.00331194 -0.9923955515697627 0.166942682478039 -0.0067638210669285406 0.999974004 -0.0024985992128347964 0.85401175940321 0.9923780277043748 0.006404946 -0.1230643205286191 89.11935287766207
65 -0.12464114788969417 -0.006825277 -0.9921784110927439 0.004682352111527982 -0.00895578623915595 0.999943343 -0.00575363305334507 0.8260858789467299 0.9921614674290963 0.008168598 -0.12469521147254063 90.56627896685356
66 -0.12673737491511006 -0.007775121 -0.9919058350984082 -0.14986411732874197 -0.01311553664910018 0.999895001 -0.006161951724353173 0.8138445179012419 0.9918495957736013 0.012228428 -0.1268260422636341 91.99787577406273
67 -0.12870662263855065 -0.010212188 -0.9916301307609214 -0.2978029568593801 -0.015479778469069904 0.999845834 -0.008287629835534696 0.8272587405456651 0.9915618902971048 0.014283542 -0.12884486360931943 93.53994905790354
68 -0.1308357158818447 -0.010068806 -0.9913529312419146 -0.46583789066996595 -0.010893907866554154 0.999902656 -0.00871789845614495 0.806086377081561 0.9913442077998089 0.009659095 -0.13093266823200617 94.96605574230877
69 -0.13253904569048539 -0.009289393 -0.9911342533485873 -0.6240883637423971 -0.004557326170964082 0.999951223 -0.008762602829228932 0.822154815074126 0.9911673080897009 0.003355535 -0.13257491586366457 96.39147156505206
70 -0.13478013071027314 -0.007793895 -0.9908448776758453 -0.804397517012296 -0.0013263865034676438 0.999969588 -0.00768524709511925 0.7933267515004778 0.9908746419949821 0.000278425 -0.13478636982530023 97.94080564748371
71 -0.13703581335207424 -0.007166349 -0.9905401702902976 -0.9519449750452781 -0.00195524846777158 0.999973839 -0.006964101034032598 0.809438881939312 0.9905641635737685 0.000982421 -0.13704624098537657 99.35501520670414
72 -0.13943819097304036 -0.006378152 -0.9902102352564892 -1.1062881634013149 -0.004550407770343111 0.999972825 -0.0058002609620289546 0.7888961287005328 0.9902203214575276 0.003697082 -0.1394634246829066 100.7741560280786
73 -0.14266910284022857 -0.004029584 -0.9897622391753274 -1.288393816484662 -0.006959278364478752 0.999971077 -0.0030680032695777812 0.7676164196014421 0.9897459755504421 0.006450322 -0.1426930196891345 102.30909691536198
74 -0.14583011832377882 -0.003669689 -0.9893028400516184 -1.4699595860130812 -0.007794504116485258 0.999966345 -0.0025602796056875057 0.77617789138356 0.9892789403658843 0.007337759 -0.14585381373936526 103.72749551989244
75 -0.1498288823749388 -0.001422258 -0.9887109200096933 -1.685354880537338 -0.006301777135854374 0.999980027 -0.0004835000376867019 0.8274370118254349 0.988691859765371 0.006158193 -0.1498348524675995 105.25712614394217
76 -0.14790851451666823 -0.000375879 -0.9890009758253905 -1.846502350594597 -0.00574189651172511 0.999983401 0.0004786678479238005 0.8315964765985572 0.9889843788859323 0.00574954 -0.14790821754087774 106.6360324393616
77 -0.14644365984944033 0.001159152 -0.9892183337497127 -2.028745377580897 -0.00627978252670961 0.999978074 0.0021014169460958146 0.8141578436766991 0.9891990796978499 0.006519815 -0.14643316948091173 108.01715398032198
78 -0.14513605784677583 0.002264507 -0.9894091150658613 -2.223592647311608 -0.0071084535346706765 0.999969185 0.0033314125251259377 0.7916035795066111 0.9893861701465158 0.007516677 -0.1451154882897504 109.51445514186406
79 -0.14373890755316257 0.004229394 -0.989606607636256 -2.419472614934094 -0.00629147986479126 0.999966753 0.005187499736744876 0.8030237134438061 0.989595646669418 0.006971736 -0.14370751988590333 110.89210765824816
80 -0.14205236474691982 0.004477991 -0.9898490157980264 -2.6076719148671224 -0.004955617357141458 0.999974018 0.005234971993662938 0.8223903645077569 0.9898467396054685 0.005648954 -0.14202648230660905 112.27455386702175
81 -0.14236201200370055 0.005975628 -0.9897966206535318 -2.79811003025151 -0.004242759987074972 0.999968906 0.006647274404024599 0.8324065248521639 0.9898055651026083 0.005145789 -0.1423322317984508 113.77597533515241
82 -0.14238569721748612 0.006557756 -0.9897895277311362 -2.98085804937962 -0.004939531686903616 0.999960893 0.007335719156070257 0.8120865957268449 0.9897989260626091 0.005933598 -0.1423477368975385 115.16031889744696
83 -0.14213346165849092 0.007348202 -0.989820227325779 -3.1612883605096127 -0.006196630493395045 0.999946245 0.008313181169056924 0.7778653840591779 0.9898281067883969 0.007315131 -0.14208028759796462 116.54434694517477
84 -0.14149675085658678 0.008518601 -0.9899020669283614 -3.3492253268068497 -0.005876559731350756 0.999938127 0.009444963250284606 0.776461804948692 0.9899212776584863 0.00715365 -0.1414379360663205 118.03983878122733
85 -0.14004360049447245 0.01052335 -0.990089415136977 -3.51293352126733 -0.004078053843436709 0.999928909 0.0112047527695735 0.8059411583609718 0.9901369392994933 0.005606792 -0.13999072998191467 119.4232251953729
86 -0.14291597308485543 0.010698714 -0.9896769987345466 -3.692440231231818 -0.0025405796351420113 0.999934314 0.011176475033850997 0.8264410101048739 0.9897315649311565 0.00411165 -0.14287940414589725 120.79489295406904
87 -0.14599992743400522 0.011451924 -0.9892183148958124 -3.883120705151194 -0.0015348986270581364 0.999929171 0.011802458346251895 0.831086293941906 0.9892834104153982 0.003241508 -0.1459720082352552 122.28124037609052
88 -0.14806549471823188 0.011686482 -0.988908507131493 -4.0475265200339425 -0.0011491175917017766 0.999927472 0.011988751547953877 0.825021249045847 0.9889768895360149 0.002911492 -0.1480413265316676 123.65463313679975
89 -0.15065174035336604 0.012385308 -0.9885093107871579 -4.232678710449378 -0.0015994527691413202 0.999917155 0.012772001770999806 0.7995171232673609 0.9885856036532955 0.003505198 -0.15061944966583057 125.14589309665962
90 -0.15295547248505104 0.012062873 -0.9881594558448589 -4.409777202229028 -0.0013037081611439376 0.999922165 0.012408263156857073 0.7931769275307881 0.9882322216739283 0.003186183 -0.15292784116201305 126.52324643252636
91 -0.15530814620384717 0.011725477 -0.9877964840257958 -4.605346993586711 -0.0016731065798545814 0.999924999 0.012132504470235825 0.780200187413471 0.9878646569490616 0.003536965 -0.15527687955134978 127.92986890593068
92 -0.15787361962159144 0.011994656 -0.9873864740910434 -4.818094477561132 -0.0031311503371331292 0.999915115 0.01264749362983635 0.7333087312603497 0.9874543611954109 0.005088361 -0.15782266139958936 129.44515102188296
93 -0.15984309862394408 0.011377297 -0.9870768672060457 -5.007982423913147 -0.004053200943388215 0.999917586 0.012181660744631121 0.6996700900133171 0.9871341120495047 0.005947975 -0.15978381059457591 130.8467868194196
94 -0.16153449801877523 0.013818445 -0.9867703164497575 -5.194848519042006 -0.003953009551141968 0.999884881 0.014649205321554658 0.690214779326317 0.9868591488048248 0.006267064 -0.16146127767874452 132.24593150222958
95 -0.16303961344161647 0.013850944 -0.9865222940662869 -5.395318828226614 -0.0026554984801233418 0.999891669 0.014477517996774707 0.7100289096005741 0.9866159496260256 0.004980118 -0.16298516993214088 133.75048118336733
96 -0.15940573358797075 0.016226804 -0.9870797858019229 -5.586883417945943 -0.0003699337307411026 0.999863852 0.016496705691264178 0.7026051576263921 0.9872130847673396 0.002994823 -0.15937802708391796 135.18074655274063
97 -0.1548899453497358 0.014400898 -0.9878267661295147 -5.762905348649593 0.0014022533382726608 0.99989595 0.01435697582743205 0.6891729256258449 0.987930736017377 0.000838568 -0.15489402224535687 136.61178519392547
98 -0.15068139526604954 0.017028039 -0.9884357155113982 -5.927266876463915 0.0003877029454018448 0.999852585 0.017165617021618503 0.728069301637983 0.9885823013477998 0.00220332 -0.15066578407005188 138.16615851712135
99 -0.1464230547716341 0.01777809 -0.9890622975929885 -6.082259534151445 -0.005500401412374669 0.999808406 0.018785539904174777 0.6470939735359659 0.9892067706021095 0.008190876 -0.14629721354431763 139.61228477522545
100 -0.142033097675731 0.018299131 -0.9896927510403103 -6.248681451232308 -0.00806034405437087 0.99977458 0.019642299425477457 0.6463460334248158 0.9898290914599893 0.01076712 -0.141853582699791 141.1771894998127
101 -0.137357223260454 0.017888194 -0.9903600381347057 -6.415851602471846 -0.008609844702394679 0.999777582 0.01925243220309269 0.6258503572127779 0.9904841567205304 0.011171306 -0.13717265828534522 142.62834524308371
102 -0.13256671044774687 0.015646256 -0.9910505844880821 -6.581985609093952 -0.009107018600889897 0.999813966 0.01700279767506449 0.6061748589857021 0.9911322466339816 0.011279522 -0.13239955763141378 144.08804516671228
103 -0.12811086685960463 0.010997499 -0.9916988761131414 -6.772233740888044 -0.010952827902721477 0.999861846 0.01250294444559912 0.5485244616800221 0.9916993705603788 0.01246367 -0.1279727136634674 145.6671937604816
104 -0.12355334471755725 0.008042223 -0.9923053424960423 -6.947317413280574 -0.01098528174877245 0.999894801 0.009471524758600216 0.5399832550311783 0.992277125852704 0.012070992 -0.12345200023993899 147.1356385768745
105 -0.11896965385084184 0.005524633 -0.9928825209848945 -7.123840217004416 -0.008978859951880521 0.999937645 0.006639759401502147 0.5868581441483232 0.9928572914515986 0.009704883 -0.11891263064039494 148.60806704682528
106 -0.11964085651486608 0.00595571 -0.9927993733337447 -7.31773605907788 -0.007483394203872524 0.99994819 0.006900408474955099 0.6049196538007773 0.9927890329627744 0.00825508 -0.11959008915817698 150.23756203308977
107 -0.11990512673890949 0.006258019 -0.9927656311469002 -7.490634039125847 -0.007810714962463095 0.999943238 0.0072466330549457334 0.57541306414331 0.9927546291864556 0.008623118 -0.11984944059381597 151.75879766008336
108 -0.12055211604895699 0.007636133 -0.9926776299553728 -7.675566952288557 -0.008261888167133635 0.999928064 0.008695241200456562 0.543719616414786 0.9926726187653947 0.009249621 -0.12048035563105823 153.28527658463145
109 -0.12100650852683115 0.007850938 -0.9926206664354201 -7.870707483100307 -0.007809974951029804 0.999930243 0.008860834888194623 0.536460513074571 0.9926209899769572 0.008824561 -0.12093675126885124 154.94003172367513
110 -0.12182059065110143 0.008018656 -0.9925197455869271 -8.06421489865496 -0.007881503535103595 0.999928024 0.009045873373046827 0.51463521977492 0.9925208443072794 0.008924521 -0.12174862359159094 156.48215252122722
111 -0.12269707614106769 0.0068235 -0.9924207107394458 -8.25242014174572 -0.008558115614162351 0.999931909 0.00793321917617127 0.5200490698928908 0.9924072686818256 0.009466634 -0.1226303257726497 158.12487459218437
112 -0.12358200837821973 0.00582597 -0.9923172607943463 -8.429572608580823 -0.010138092786126684 0.999923165 0.007133211234959688 0.4975346739596609 0.9922825740630795 0.010941741 -0.12351344881477283 159.65565654110998
113 -0.12458830713100588 0.005726216 -0.9921919999100686 -8.612829202982894 -0.01253422112467754 0.99989447 0.007344575572792501 0.448625199203996 0.9921293498519052 0.013351402 -0.12450338536031601 161.1961898431374
114 -0.12562385877294513 0.005349735 -0.992063519579224 -8.800728410264036 -0.013798674493860175 0.999879307 0.00713919212126174 0.43074149134835316 0.9919819772077259 0.014586015 -0.12553487755169343 162.7448480990239
115 -0.12690459027436146 0.006513992 -0.9918935392323458 -9.013197375534316 -0.013757942638799597 0.999870685 0.008326594285447627 0.449528731307115 0.9918195116858689 0.014703098 -0.12679856109775145 164.42642320198684
116 -0.12775387779497924 0.006914488 -0.9917817991649799 -9.216405289802207 -0.011058357102878507 0.999903609 0.008395566814404048 0.5129806563810808 0.9917442513273435 0.012040043 -0.12766510018188998 165.96230054247783
117 -0.12868641891809593 0.007033361 -0.9916603944568576 -9.44040358259719 -0.007330267014078228 0.999940784 0.008043327740999162 0.611098736000244 0.9916582440596732 0.008304203 -0.12862724248277788 167.6325029708154
118 -0.12973557319701554 0.005899731 -0.9915310756588517 -9.65616948806014 -0.007685475698725649 0.999946276 0.006955398720480337 0.5851329331033708 0.991518842683806 0.008522751 -0.1296832609714604 169.18769948936335
119 -0.1308992929766627 0.003258235 -0.9913903162397072 -9.879564053629771 -0.010237560209606634 0.999936838 0.00463805059715092 0.4892163239316787 0.9913428105998521 0.010756536 -0.13085766843828736 170.75321003549297
120 -0.13222271497177568 0.001485233 -0.9912189206868589 -10.126481909335668 -0.013036431619045726 0.999909782 0.003237237697710946 0.38068663971132 0.9911343018383411 0.013349994 -0.13219142347805107 172.45596399239682
121 -0.1330564346737439 5.8239e-05 -0.9911084612472665 -10.364329213159836 -0.013409157689546607 0.999908365 0.0018589368846556196 0.35680306177517385 0.9910177493149994 0.013537273 -0.1330434610474831 173.96651965079195
122 -0.13393777998179546 0.001765351 -0.9909881710452322 -10.60395257156745 -0.012618499522553298 0.999914304 0.003486715152144095 0.36952422660583517 0.9909094024691031 0.012971787 -0.13390402574935586 175.4861132476064
123 -0.1347419494894009 0.002625637 -0.9908772442544618 -10.86278206869755 -0.011081512164753192 0.999929959 0.004156516407908556 0.40676549632709014 0.9908187556884782 0.011540475 -0.13470341639124903 177.14569034584264
124 -0.13542525332001806 0.004077701 -0.9907791742469267 -11.102775957548713 -0.010791951889964626 0.999926138 0.005590451893251383 0.4059220025332859 0.9907287899842921 0.01144953 -0.13537124472677795 178.68295137539045
125 -0.13634550707933152 0.003790717 -0.9906540935078242 -11.371575207056102 -0.012452089901630672 0.999907123 0.005539927128605704 0.338013737708303 0.9905830843765271 0.013091058 -0.13628564182879804 180.3613648684074
126 -0.13728395866337628 0.002900167 -0.9905274872225738 -11.583020165480775 -0.012485712265300606 0.9999112 0.004658122087752429 0.2886009501078819 0.9904530384792053 0.013006927 -0.1372355572349279 181.85537138247895
127 -0.13825701338105223 0.001891765 -0.9903945772571363 -11.797215628974925 -0.010129917969493939 0.999943166 0.003324118492419279 0.3179783237725218 0.9903445779804753 0.010492199 -0.1382299926182325 183.35066227771335
128 -0.1393200034866127 0.001577993 -0.9902461548667415 -12.01562431548256 -0.008054603776888023 0.999963844 0.0027266994199546834 0.3401171692902798 0.9902146532609295 0.008355924 -0.13930225558123596 184.84770044769542
129 -0.14060265266410787 0.002347354 -0.99006332344954 -12.260993411195395 -0.007124668178297336 0.999968898 0.0033826402225609706 0.323979594757968 0.9900404708193341 0.007529481 -0.14058155562884986 186.47779867544784
130 -0.1418703679616257 0.003125466 -0.9898803110162565 -12.491455145116447 -0.007145914700728334 0.999965725 0.0041814672908007675 0.277200528353579 0.9898594517213376 0.007666827 -0.14184317114748357 187.97219096158307
131 -0.14330450893646693 0.003986621 -0.9896706145765004 -12.743236684147433 -0.0072443582608025135 0.999960871 0.005077056611309293 0.2732502708999618 0.989652129565368 0.007897094 -0.14327002091436591 189.58432116443763
132 -0.14466587024442693 0.003492439 -0.9894744003366259 -12.977260004247167 -0.007289683485586661 0.999962871 0.004595245590629745 0.2717004746658189 0.9894537111238749 0.007877731 -0.14463504010494072 191.0619172313878
133 -0.14633553846452618 0.002242104 -0.9892324720254043 -13.215781796923752 -0.00725535449580404 0.999968103 0.003339709287391363 0.2841031331373203 0.989208405712487 0.007665951 -0.14631460339307747 192.54250145306867
134 -0.148045152352396 0.000445917 -0.9889805028267535 -13.430156802516624 -0.0055773192323382665 0.99998362 0.0012857736387182224 0.27655973630059094 0.9889648760797924 0.005706213 -0.14804024044875105 194.16272212699158
135 -0.1494681502179499 -0.000789009 -0.9887662255988106 -13.62090276010587 -0.003822169835008928 0.999992671 -0.00022018436430824398 0.2704379856310608 0.9887591535700211 0.003746322 -0.14947006988088984 195.64571620074963
136 -0.15073790236419646 -0.001184092 -0.9885730536237434 -13.855082549068094 -0.0012396067053254145 0.999998723 -0.001008761501940509 0.29784788095053116 0.9885729853280423 0.001073383 -0.15073917809171328 197.12009547383173
137 -0.15182960320720992 8.541e-05 -0.9884066799101687 -14.102682225060564 0.003255920786087972 0.999994614 -0.0004137317882593588 0.3976145036565899 0.988401320102249 -0.003280991 -0.15182906395581758 198.72791083469772
138 -0.15237247908649762 0.001205107 -0.9883224048903251 -14.31502019455423 0.0031685467455384022 0.999994713 0.0007308357311290966 0.336630566162724 0.9883180603469869 -0.003020186 -0.1523754920797238 200.20328920771442
139 -0.15230041449777626 0.002683228 -0.9883306040766519 -14.514911700654814 -0.004232582747138658 0.999985374 0.0033671050217022012 0.304347851738602 0.9883251834150992 0.004696003 -0.1522868298814279 201.6790903489949
140 -0.15220771307437064 0.004365525 -0.9883388859202012 -14.734550389325468 -0.012559509151810864 0.999900958 0.006350803974447738 0.22774677784224706 0.9882687234587598 0.013379693 -0.15213781025161302 203.2851079565244
141 -0.15222726072337134 0.004421095 -0.9883356287564741 -14.96707655191695 -0.013315645999435488 0.999890061 0.006523707931789077 0.14943142064207704 0.9882558148835683 0.014153414 -0.152151654791747 204.70016560509512
142 -0.15217790001854178 0.0022756 -0.9883504987641313 -15.198293605250448 -0.009164271096628677 0.999951112 0.003713346772151806 0.2422898423450459 0.988310630858364 0.009622602 -0.1521496062966457 206.10971563568643
143 -0.1525568042140451 -0.000480244 -0.9882945875795348 -15.462250807198032 -0.008758704506571425 0.999961267 0.0008661128764441958 0.20465287315062186 0.9882558913132434 0.008788312 -0.15255510158428415 207.64962870775003