0 0.14315579920348176 0.0 -0.9897001652795722 2.120008 0.0 1.0 0.0 1.454245 0.9897001652795722 0.0 0.14315579920348176 12.154231
1 0.13832390431181993 -5.9481e-05 -0.9903870424002779 2.1565921846754215 0.00026525409827481426 0.999999965 -2.3011559821428357e-05 1.4474163480223983 0.9903870084952527 -0.000259521 0.13832391573325897 12.49109403449394
2 0.13327879061069176 0.000279954 -0.9910785465214754 2.1897781871558815 0.0005225895307204757 0.999999801 0.00035275154908001886 1.4424923281619337 0.9910784488034685 -0.000564941 0.1332786170244276 12.79148079602329
3 0.1285339747649414 0.000270635 -0.9917050690699504 2.2269442892943787 0.0002014076203821143 0.999999935 0.00029900368034526623 1.430349101290319 0.9917050852281283 -0.000238169 0.12853391232366268 13.089438016461196
4 0.12369251423919614 0.000152559 -0.9923205829602613 2.263411289556656 9.96793912421989e-05 0.999999981 0.00016616482636702822 1.420936323511295 0.9923205891547273 -0.000119467 0.12369249687173835 13.41869257165843
5 0.11907742912583608 -7.611e-05 -0.9928849681627663 2.3025303325475717 0.00046769162653003484 0.99999989 -2.0564548297748595e-05 1.4181344614651876 0.9928848607429063 -0.000461916 0.11907745153060517 13.710528724962588
6 0.11639101788414273 -0.000260284 -0.9932034352174807 2.344818131568523 0.00028041077174890836 0.999999934 -0.0002292051449186549 1.411054896056723 0.9932034295522822 -0.000251827 0.11639108367096151 14.044689501408914
7 0.11341328211156303 -8.3997e-05 -0.9935478950204966 2.382838659245222 -9.260925021028253e-05 0.999999991 -9.511379277733218e-05 1.4007922095187642 0.9935478950452005 0.000102799 0.11341327305621159 14.408860054197044
8 0.11027426781100713 0.000201114 -0.9939011748576407 2.418779692975867 0.0001775825845445696 0.99999996 0.00022205097493249338 1.3991495790754873 0.9939011793819147 -0.000200986 0.11027422706139431 14.73703328527805
9 0.10706898855459279 0.000601917 -0.9942514111401716 2.4526764331611703 0.0001308612563997896 0.9999998 0.0006194889349411081 1.393420336431182 0.9942515848917092 -0.000196437 0.10706888866263507 15.094376568096038
10 0.1040989046725427 0.00056069 -0.9945667919193156 2.4894311938234837 0.00011464390645248538 0.999999828 0.0005757515845556257 1.389490850612618 0.9945669434041774 -0.000173956 0.10409882208721319 15.415639738716404
11 0.09563931194426857 0.000455036 -0.9954159502257662 2.515479675637408 0.0002594042420421752 0.99999985 0.000482055156524152 1.3836981405945263 0.9954160213829063 -0.000304318 0.09563917919766249 15.769351177945934
12 0.08706694866686483 0.000246005 -0.9962024325076473 2.539589288263972 0.0005499715111256257 0.999999805 0.00029501014951048 1.3799342717288678 0.996202310508456 -0.000573569 0.08706679627855388 16.151243821872423
13 0.07845467326470432 0.000194009 -0.9969176624174046 2.5632568217093605 0.00036922613202954946 0.999999907 0.0002236658017925353 1.3713742334248429 0.9969176136166255 -0.000385636 0.07845459409094636 16.498815109940036
14 0.06977930646828964 -3.8331e-05 -0.9975624525560381 2.5861909475820912 -0.00013593194742661844 0.99999999 -4.793346345515881e-05 1.35869876127014 0.997562443940084 0.000138945 0.06977930083221554 16.843494275617026
15 0.061079558341758385 0.000317858 -0.9981328505414783 2.608153846032832 -0.00014295513992270613 0.999999942 0.00030970499477354175 1.3509863152887822 0.998132890959426 0.000123771 0.06107960001176562 17.21469600118868
16 0.05757540273016074 0.000866985 -0.9983407837430402 2.6303800543749296 -6.76269222132943e-05 0.999999624 0.0008645256952300244 1.3545006887214162 0.9983411582011682 1.774e-05 0.05757543951481025 17.574970535287036
17 0.05405276331528459 0.001098229 -0.9985374772563741 2.65213674790009 2.4762275556655108e-05 0.999999393 0.001101177305139484 1.3508823251915358 0.9985380807206764 -8.4248e-05 0.05405270284350767 17.93192427457969
18 0.05046955236569714 0.001216275 -0.9987248598922344 2.673573750844986 -7.394482472806519e-05 0.99999926 0.001214090618458497 1.337668437339328 0.9987255971068497 1.2576e-05 0.050469605324274976 18.31586693209479
19 0.04705567993535177 0.001054326 -0.9988917117849007 2.697585440878556 -0.00024470164383990186 0.999999425 0.0010439676964504455 1.337553980782159 0.9988922377254744 0.000195306 0.047055910958105455 18.66709699047452
20 0.04365129078119157 0.001044412 -0.999046282459811 2.7209238879047595 -0.0003793484419002713 0.999999399 0.001028833528884453 1.3113574479011412 0.9990467564133052 0.000334076 0.04365166072454576 19.043936051904613
21 0.04126041540013419 0.00114812 -0.9991477663639369 2.732299246718668 -0.000418067649847244 0.999999272 0.001131834392098156 1.3039542338636259 0.9991483385292703 0.000371011 0.04126086580753995 19.40095464716351
22 0.039095730797358494 0.000995756 -0.99923497306286 2.7467267732088994 -0.0005055579684752798 0.999999395 0.0009767368437916877 1.295933358344106 0.9992353416736992 0.000466985 0.039096211154568405 19.75452402127774
23 0.03694952398926306 0.000988996 -0.9993166438154484 2.7613185488830725 -0.0007079685773865275 0.999999285 0.0009634942519357842 1.279725748180559 0.9993168823827309 0.000671884 0.036950198331647754 20.131842055184816
24 0.03469870979873698 0.001132296 -0.9993971774308478 2.7745455330936144 -0.0003673961377505011 0.999999305 0.0011202223137891044 1.2710432314713969 0.9993977506342073 0.000328305 0.0346991023314218 20.478627515001044
25 0.032528812733710055 0.00148477 -0.9994696950850136 2.7887111956185566 0.00012386254204609638 0.999998883 0.0014895873874395148 1.264570523788787 0.9994707908751723 -0.000172252 0.03252859270432985 20.822314121769754
26 0.028698032807969193 0.001994799 -0.9995861360305259 2.8045844491324994 2.300275462913187e-05 0.999998007 0.0019962811725867855 1.255118726009323 0.9995881265104648 -8.0282e-05 0.028697929142097636 21.24618469261818
27 0.02492047892803925 0.002234648 -0.9996869394797666 2.8059883936005203 -0.0003638319877682301 0.999997456 0.002226272928791665 1.2463319432483109 0.9996893707181358 0.000308238 0.024921227972759242 21.641278519623626
28 0.02128050450325525 0.002508399 -0.9997703975260418 2.8088099125049313 4.669762708415376e-05 0.999996849 0.0025099611446065674 1.2483226773559828 0.9997735432056036 -0.0001001 0.021280320122957528 22.03225196039096
29 0.017628812488301275 0.002193112 -0.9998421950094283 2.812703020965847 0.0004721444530535449 0.999997465 0.002201777721013356 1.250442317503592 0.9998444888539361 -0.000510885 0.01762773171201859 22.447091139416028
30 0.014022110286682538 0.002036096 -0.9998996120192479 2.8165079576524277 1.9646096445905876e-05 0.999997926 0.002036571772704423 1.2417900457199678 0.9999016855782861 -4.8201e-05 0.014022041200393149 22.833310596117542
31 0.01178444665174955 0.001818828 -0.9999289064594319 2.8174870215591294 2.793437880255395e-05 0.999998345 0.0018192829935172032 1.253740312474702 0.9999305607330289 -4.9371e-05 0.011784375913736957 23.251957775704355
32 0.009323005604408952 0.001958906 -0.9999546209345815 2.815592194252843 0.0001911064678733114 0.999998059 0.0019607726874530836 1.230527326492642 0.999956521094933 -0.000209378 0.009322612788118157 23.643208373112145
33 0.007010683276574489 0.00232591 -0.9999727195882713 2.816244621896068 0.00018940651393390765 0.999997274 0.002327295392080774 1.2397093343936298 0.9999754064212745 -0.000205717 0.007010223688266828 24.032978636851176
34 0.004519780192464409 0.002746327 -0.9999860149447479 2.814760454699475 -0.0009218121238004633 0.999995815 0.0027421870288454942 1.2211098227378852 0.9999893607472299 0.000909406 0.004522292959813696 24.451236225890888
35 0.0019053552738096916 0.002694753 -0.9999945539422244 2.8112872689846746 -0.00173255567719624 0.999994877 0.002691452664023849 1.199865186621715 0.99999668398902 0.001727418 0.001910014299528467 24.847883373914854
36 -0.0019647639017674034 0.00242559 -0.9999951276583622 2.814622440381106 -0.002289374164370243 0.999994427 0.002430085674177569 1.203617642398481 0.9999954492004907 0.002294138 -0.001959199465797815 25.26503918491169
37 -0.006051348160778655 0.002344518 -0.999978941905307 2.814294807731242 -0.0025170134904045705 0.999994048 0.0023597853452912614 1.2054158268922741 0.9999785225547216 0.002531241 -0.006045411107882934 25.71428275516
38 -0.009976645319983818 0.002449301 -0.9999472321786185 2.8160806104189864 -0.00265891625757715 0.9999934 0.002475942136166539 1.190943472168524 0.9999466964459857 0.002683478 -0.009970067828399175 26.14191639523272
39 -0.014251093458904612 0.002414702 -0.9998955327252282 2.812607425237453 -0.0030663146253903867 0.999992276 0.002458639096415944 1.181694948562506 0.9998937463983109 0.003101033 -0.01424357906630477 26.577799790499142
40 -0.01874927074901899 0.002335832 -0.9998214880105276 2.80522744152821 -0.0034903438426285454 0.999991025 0.0024016803659111254 1.149934546969937 0.9998181242738943 0.00353475 -0.018740949223145606 27.049979451266175
41 -0.0217210230385885 0.002227222 -0.9997615896142573 2.8072089915890444 -0.003748182514185081 0.999990309 0.002309165191955355 1.1652312940222127 0.9997570445651272 0.003797446 -0.021712464889933315 27.444840975824256
42 -0.024841866058936776 0.002411538 -0.9996884846468359 2.8059738138270256 -0.003773308889457193 0.999989741 0.0025060304113133426 1.1705920170054753 0.999684271688686 0.003834388 -0.024832511602852846 27.879548115293893
43 -0.027793222107602003 0.002835183 -0.9996096732913344 2.8062431388501534 -0.004183390833312102 0.999986891 0.0029525687144668234 1.1588456095526178 0.9996049401050822 0.004263819 -0.027780996840819597 28.29496265111778
44 -0.030618159495873064 0.002962557 -0.999526764150115 2.8083442982402715 -0.00469360276643242 0.999984156 0.003107689409603529 1.14756843587796 0.9995201338946995 0.004786533 -0.030603768873991966 28.720891489016854
45 -0.03368395588301981 0.002672411 -0.9994289618525122 2.8054917656579734 -0.00517324286250076 0.999982562 0.0028482459221441797 1.1256180922847823 0.9994191451777982 0.005266229 -0.03366954404640677 29.19325719389775
46 -0.03503376410194965 0.002754826 -0.9993823327158378 2.7915730022653653 -0.005523712207370094 0.999980393 0.0029501097797762716 1.132192964950535 0.9993708639887846 0.005623654 -0.035017860134621326 29.60596163974376
47 -0.03646613331945314 0.00301467 -0.9993303417774649 2.775509688981733 -0.005761771153518638 0.999978194 0.0032268745765699535 1.1096682123620971 0.9993182796611685 0.005875585 -0.03644796828327218 30.03089163293417
48 -0.03776054376926878 0.002871814 -0.9992826898903898 2.7611048819472006 -0.005772461545288218 0.999978559 0.0030919417033103587 1.117836340345932 0.9992701436876381 0.005885075 -0.03774315674302768 30.507441929745845
49 -0.03869508456629488 0.002614511 -0.9992476440511392 2.7529262201647526 -0.006078601206691958 0.999977459 0.0028518098478419046 1.126883985387588 0.9992325761431985 0.006184379 -0.038678319299810714 30.958336337519604
50 -0.03940510381269703 0.002857152 -0.9992192322840217 2.7479490395399098 -0.006204669039993351 0.999975933 0.00310400272315441 1.110018946070532 0.9992040526763454 0.006322138 -0.039386428207437894 31.42161393936723
51 -0.037847572056118634 0.003380568 -0.9992778056024795 2.738604173930042 -0.006126302762048676 0.9999747 0.0036149589353411415 1.08889345710726 0.9992647440987091 0.006258696 -0.03782590454614964 31.903367187117716
52 -0.036477257497528934 0.003266176 -0.9993291455661929 2.727438143051984 -0.006215956633200454 0.999974572 0.0034951788993136355 1.110276196838152 0.9993151508174162 0.006339282 -0.03645602768547897 32.35847276489833
53 -0.03472365955250498 0.003106162 -0.9993921250189243 2.721450243324585 -0.006621596727624506 0.999972506 0.003338031764579304 1.0862220585095321 0.9993750160523533 0.00673348 -0.034702137229608125 32.870070532164334
54 -0.03277094843581909 0.002902582 -0.9994586737649571 2.7187098589703105 -0.00704164906292924 0.999970293 0.003134953818966518 1.06341160126088 0.9994380819603118 0.007140572 -0.03274953615230128 33.35091359426663
55 -0.03114165703491835 0.002845885 -0.9995109291302662 2.710424277876207 -0.006907842705804962 0.999971451 0.0030624227346101613 1.0639577275050247 0.99949110978058 0.006999833 -0.031121108883760153 33.846031349652485
56 -0.029800293198702473 0.003385106 -0.9995501407520971 2.6979720575471653 -0.0072641240850928514 0.999967125 0.0036030877466543816 1.055667284105894 0.9995294763871393 0.007368229 -0.02977472377327111 34.396121556150725
57 -0.02809098497708494 0.003771554 -0.9995982555464047 2.6916067453667782 -0.007504703433986828 0.999963904 0.003983832096454155 1.0495379046322961 0.9995771990862008 0.007613598 -0.028061667088063326 34.9106392077408
58 -0.026216484074782234 0.003467793 -0.9996502745034438 2.6870366766562745 -0.007839542977723511 0.999962519 0.0036744731825478043 1.044085534957915 0.9996255485281453 0.007933133 -0.02618831566702568 35.43681409810347
59 -0.0246118960291386 0.003378591 -0.9996913720512092 2.677731094599863 -0.007651418462323239 0.999964362 0.0035678882269959203 1.027079416978251 0.9996678001470172 0.00773687 -0.024585167439075413 36.02943192222271
60 -0.02322924505696272 0.003259516 -0.9997248514453204 2.665144027826875 -0.007116021099001982 0.999968813 0.003425656596664593 1.0165987631090858 0.9997048386141273 0.007193639 -0.023205326249851298 36.58297784000985
61 -0.023966449495408482 0.003409191 -0.9997069500124621 2.6556092969220817 -0.0067911208933623774 0.999970557 0.0035728969169953628 1.0022533597209993 0.9996896964137107 0.00687476 -0.023942591060943375 37.10299219754374
62 -0.024582442287979935 0.003484351 -0.9996917340265734 2.64693106622568 -0.006820372070383882 0.999970068 0.0036530345416467764 0.9817227162817009 0.9996745397123913 0.00690807 -0.024557941904639988 37.691154550695416
63 -0.025619064366329977 0.004035393 -0.9996636331860648 2.6335587723579357 -0.00544397251929076 0.999976461 0.004176172317483082 0.9822591714459743 0.9996569549642569 0.005549131 -0.025596492902166427 38.235647053141854
64 -0.026499386544598443 0.003576521 -0.9996424316900654 2.6253639509713205 -0.0030947101596395014 0.999988514 0.0036597963982540134 0.9773505435468189 0.9996440388178084 0.003190586 -0.026488014291768967 38.84433863151526
65 -0.027261639164268305 0.003254963 -0.9996230326238651 2.619913036239684 -0.0008644604238098076 0.999994248 0.0032797476538727133 0.971111206394351 0.9996279591108949 0.000953546 -0.0272586685295641 39.396891321890024
66 -0.028451416935182064 0.003178746 -0.9995901218498517 2.6098361360471505 0.0009403400550898576 0.999994586 0.0031532676038501083 0.969798026092425 0.9995947343828185 -0.00085024 -0.02845425196333518 39.932314454806715
67 -0.029610187473520073 0.003403739 -0.9995557270091915 2.5995528031645834 0.002322299574867742 0.999991738 0.00333642936770286 0.9602378395517479 0.9995588248116082 -0.002222475 -0.029617847695852843 40.524731920914846
68 -0.030473393091610984 0.003510665 -0.9995294129451788 2.5944959486245858 0.0025743076982129736 0.999990791 0.003433800219591469 0.9519535185120619 0.9995322633018701 -0.002468457 -0.030482149676318068 41.05683200245157
69 -0.03164972921755998 0.003597377 -0.9994925479541918 2.5845062763735425 0.0026944381071565544 0.999990196 0.003513846353714489 0.941156790288473 0.9994953900649342 -0.002581858 -0.03165911227551186 41.588202057950994
70 -0.03295925209311484 0.003519244 -0.9994505000018897 2.572245095838848 0.0027362183933572694 0.999990371 0.0034309123310621572 0.9280741331247351 0.9994529506611943 -0.002621634 -0.032968563853741764 42.17595575327571
71 -0.03361672537011384 0.003251515 -0.9994295089769902 2.561717839206452 0.0028391586715422264 0.999990984 0.0031578434522440443 0.9194397346457072 0.9994307653894728 -0.002731383 -0.03362565397300981 42.74908271300933
72 -0.03427546299986004 0.003593552 -0.9994059633160012 2.5511031657283008 0.0031821081114797593 0.999988859 0.0034865149724198404 0.9130512516073229 0.9994073574718909 -0.003060716 -0.03428651671820977 43.32041814918516
73 -0.035271935740242344 0.004135452 -0.999369194937889 2.533999061247195 0.0036165079455415462 0.999985419 0.004010359787652458 0.9066733879439631 0.9993712075471447 -0.003472774 -0.03528637740766628 43.94695810857745
74 -0.035965290650082894 0.003951652 -0.9993452264601617 2.52269946929845 0.003288222649215717 0.999987237 0.0038358518722488195 0.8907335953868699 0.999347629660828 -0.003148112 -0.03597782568532645 44.51392113163284
75 -0.03664237791913379 0.003769872 -0.9993213318169668 2.5107829585305748 0.0034412099783332688 0.999987432 0.0036462048078164154 0.8814574268099319 0.9993225176797264 -0.003305269 -0.036654890874121146 45.133741144000034
76 -0.036780246194857695 0.00415745 -0.9993147296761701 2.5001423214304017 0.0038188195842025524 0.999984629 0.004019683721165266 0.8737645798771317 0.9993160813618529 -0.003668358 -0.036795557058282566 45.73223673412872
77 -0.03671416145891415 0.004316773 -0.999316483853676 2.4921611903313554 0.003763285654195345 0.999984177 0.004181396730035612 0.8607605190381228 0.999318721947724 -0.003607197 -0.036729825296791016 46.32710936636261
78 -0.0364932930666101 0.004441149 -0.999324029784274 2.4858490994819826 0.0034416396113784364 0.999984753 0.004318403078978603 0.8425077130418809 0.9993279715225324 -0.00328172 -0.036508021657191074 46.974136042011885
79 -0.03648682725963586 0.004689624 -0.9993231298644092 2.4771436531858084 0.003729018473585757 0.999982666 0.0045565670553693325 0.833678387270098 0.9993271761068201 -0.00356024 -0.03650368218067848 47.56233906521244
80 -0.036629665213935805 0.004737886 -0.9993176767963714 2.4657818147876767 0.0038962675330369706 0.999981838 0.0045982180628460845 0.8242699450384808 0.9993213126991514 -0.003725178 -0.036647459316075964 48.148009662861114
81 -0.03665964762564808 0.004290737 -0.9993185981540453 2.450722260734993 0.002933456706824442 0.999986936 0.0041859944289164685 0.807724896135697 0.9993235032808323 -0.002778001 -0.03667175474686671 48.86129744819149
82 -0.036772245844048666 0.004376574 -0.9993140884785361 2.4361312818376004 0.0022306764277194354 0.999988278 0.004297443483099907 0.7938076195721001 0.9993211826628712 -0.002071119 -0.03678157761995793 49.517718547107776
83 -0.03723895422609033 0.004346885 -0.9992969348493511 2.414450310677561 0.0020824839543357133 0.999988705 0.004272290014039226 0.788463243286599 0.9993042202188741 -0.001921924 -0.03724758534675416 50.22532546499497
84 -0.037364568997451345 0.003919836 -0.9992940132060648 2.398698901539598 0.0014742560254510711 0.999991435 0.0038674480869506454 0.7775803312757917 0.9993006136330534 -0.00132871 -0.037370027783815346 50.875622832935605
85 -0.03729737677617957 0.004232005 -0.9992952497164593 2.3858152792277223 0.0010468342788068207 0.999990649 0.0041958776987824605 0.7668923715444829 0.9993036622940346 -0.000889601 -0.03730145822353842 51.522791419474146
86 -0.03728817118306357 0.004524574 -0.9992943115728576 2.372715000180275 0.0011991135135646224 0.999989232 0.004482975731974991 0.75635906707123 0.9993038352538947 -0.001031105 -0.03729319513106348 52.288721873578794
87 -0.03730828076877224 0.004764758 -0.9992924443971106 2.3591936865067207 0.001377368889737893 0.999987928 0.004716650703073867 0.7484757087023219 0.9993028542692358 -0.001200424 -0.037314392500142415 52.999437107955224
88 -0.03686687309600624 0.004360431 -0.999310673055091 2.354675228348048 0.0010330013942093888 0.999990112 0.004325285792867039 0.7329615837255962 0.9993196523247764 -0.000872829 -0.03687101249027552 53.70796001680382
89 -0.03671435787121714 0.004296888 -0.9993165629859674 2.34164148355433 0.000570089591798988 0.999990683 0.004278842033066009 0.7190432035523912 0.9993256379139884 -0.000412605 -0.036716466203831524 54.46803921671074
90 -0.0366753292069848 0.004397438 -0.9993175580913769 2.327056637134704 0.0005351867585832776 0.999990261 0.004380755849065904 0.7129689945654 0.9993270905180011 -0.000374156 -0.03667732522493458 55.17346279495959
91 -0.03689394872960824 0.004609585 -0.9993085552164405 2.310122152819853 0.0005704821589205655 0.999989296 0.00459166323784022 0.6998613545366078 0.999319024034973 -0.000400683 -0.03689618374561098 55.93707194695642
92 -0.03703244082450445 0.004443549 -0.9993041848843698 2.2937776702982746 0.0005431030771834604 0.999990056 0.0044264730029487205 0.6863024194986621 0.9993139166219552 -0.000378803 -0.03703448607670613 56.75068248529216
93 -0.03754347842381222 0.004927405 -0.9992828468768076 2.272228058762323 0.0010087903839617186 0.99998752 0.004892978294608138 0.680306893609634 0.9992944858467736 -0.000824368 -0.037547980272113736 57.51097342349968
94 -0.03792474775602189 0.00498372 -0.9992681700901199 2.252037788682692 0.001407038064507779 0.999986838 0.0049339031817723375 0.6732084422679501 0.9992796073815007 -0.001218891 -0.037931261140002 58.32020503519355
95 -0.038126327127828964 0.00467636 -0.9992619847643982 2.235753476947604 0.0012063285985481765 0.999988537 0.0046337338967936854 0.6567001569786062 0.9992721994808904 -0.001028771 -0.03813153090607017 59.07558142866101
96 -0.038054285153204796 0.004448047 -0.9992657735984616 2.213697866919696 0.0013276229213452777 0.999989436 0.004400708727265714 0.641837719646769 0.9992747915521311 -0.001159183 -0.03805978806230947 59.88040962945399
97 -0.03818538258054989 0.004363338 -0.9992611456750443 2.1882148191328348 0.001274047565601454 0.999989867 0.004317833730546951 0.6226313997864151 0.9992698604577729 -0.001108228 -0.03819055461728538 60.735251478828786
98 -0.03825060992549375 0.004656352 -0.9992573291822272 2.163374174888523 0.0009575785047323523 0.999988855 0.004623106082999129 0.5980598877564 0.9992677190300104 -0.000780031 -0.03825464238467461 61.53595468980731
99 -0.038104580820142786 0.004675499 -0.9992628183691457 2.143430094876155 0.0009320202333807074 0.999988785 0.004643355802959533 0.579819833399393 0.9992733221264966 -0.0007544 -0.03810851123252769 62.33457427869914
100 -0.038124176590152443 0.004745453 -0.9992617409060507 2.119930139767263 0.0013355198162558583 0.999988073 0.004697949232893 0.568707405166295 0.9992721166668722 -0.001155429 -0.03813005989597283 63.1805382525171
101 -0.03807115372750507 0.004673362 -0.9992641028816482 2.103614693222072 0.0015982715581507215 0.99998807 0.004615854658239085 0.5572812346683409 0.9992737528297458 -0.001421364 -0.03807816890132415 64.04124478074272
102 -0.03785630375811848 0.00391392 -0.9992755287577455 2.0900760661036903 0.0017377770490968314 0.999991075 0.003850889227051891 0.5437763801456039 0.999281682109931 -0.001590738 -0.03786276760696261 64.94879026761917
103 -0.03776742399735232 0.00385425 -0.9992791231632944 2.074274832780108 0.002107159194767096 0.999990646 0.0037773551633290296 0.5345328967919643 0.9992843345283945 -0.001962979 -0.03777519233692994 65.80401203348532
104 -0.037840746850503114 0.004169154 -0.9992750856729755 2.053688647570994 0.0025092339262793237 0.99998854 0.004077109844116154 0.52703947544362 0.9992806317968107 -0.002353134 -0.03785077480834133 66.65666733665529
105 -0.03811360289225954 0.004473202 -0.9992634007978066 2.0276282578792815 0.002339902372858577 0.999987639 0.00438719599211567 0.5063095027165809 0.999270673609806 -0.002170967 -0.038123598350009 67.55632731189381
106 -0.03778696670179159 0.004235467 -0.9992768418211769 2.009906854789853 0.0020619697001493507 0.999989219 0.004160513582229483 0.483611300876983 0.9992836898025945 -0.001903265 -0.03779529264981593 68.43068090002647
107 -0.03769080083968564 0.003890376 -0.9992818762715757 1.9863239379210502 0.0027438677042639532 0.999989055 0.00378963599888502 0.48191274732105494 0.9992856821649961 -0.002599063 -0.03770106262438777 69.30253368248589
108 -0.03799453275884313 0.003996687 -0.9992699545802999 1.9517370677418138 0.003344418728155159 0.99998691 0.00387239199710696 0.4768109209227429 0.9992723500000815 -0.003194847 -0.03800740217332359 70.22067255808784
109 -0.038128176962185824 0.004226349 -0.9992639188310728 1.919610575387078 0.003361567417588656 0.99998594 0.004101138205364863 0.46062768061261383 0.9992672026420925 -0.003202724 -0.038141847873610676 71.0880751678277
110 -0.0381086782461528 0.003906323 -0.999265965236538 1.890866809418057 0.0030644479525190854 0.999988114 0.0037922786419694408 0.43865507246010804 0.9992689012912517 -0.00291768 -0.038120195911008056 71.95215259079423
111 -0.03720836916396248 0.003814024 -0.9993002505388834 1.859735021600241 0.0031128752934500258 0.999988307 0.0037007442792321406 0.4284046128987219 0.9993026800364923 -0.002972999 -0.037219806753322496 72.8984358154398
112 -0.03633109436252754 0.004273284 -0.9993306713175282 1.827964755255028 0.0035357125803685465 0.999985148 0.004147539789676837 0.42644910840806294 0.9993335526355622 -0.003382661 -0.03634566353489202 73.7951922694657
113 -0.03562437605326823 0.004417378 -0.9993554874696129 1.7895950238912826 0.0036482925175119365 0.999984142 0.004290105340973623 0.4164833333729998 0.999358591262857 -0.003493109 -0.0356399268491481 74.73669571626577
114 -0.034590913486776474 0.004228303 -0.9993926103783218 1.7594664996888787 0.003402158337671974 0.999985754 0.004113056690186276 0.40000027644887726 0.9993957646700254 -0.003257818 -0.034604806953041176 75.6276902114059
115 -0.03361151609234483 0.004168174 -0.9994262819673336 1.727895762454136 0.003461472494209075 0.999985791 0.004054095790117693 0.39034106302780713 0.9994289790577856 -0.003323223 -0.033625466260375846 76.51619433247438
116 -0.036009586575339675 0.004557516 -0.9993410519057714 1.6945669339180758 0.0035550947922744166 0.999983858 0.004432346099037092 0.3786635880640741 0.9993451211611274 -0.003393145 -0.036025207598028554 77.50040153338722
117 -0.03811702643956469 0.004643851 -0.9992624920115176 1.668487975890986 0.0035705519521774466 0.999983451 0.0045110023142076565 0.3668897611140458 0.9992669027622797 -0.003395973 -0.03813297601519276 78.43487902750375
118 -0.03997156621430151 0.004388619 -0.9991911798493917 1.6484085636651977 0.0033210147877252936 0.999985415 0.0042592535923410245 0.3492308793116009 0.9991952982672302 -0.00314808 -0.039985558416540806 79.36603117531524
119 -0.042031452052326654 0.004619402 -0.9991056088152257 1.6205255920851942 0.0035701681777638465 0.999983622 0.004473267389783823 0.3438632360388819 0.9991099089674425 -0.003378957 -0.04204725554848772 80.33835960029336
120 -0.04423545861236029 0.004978465 -0.9990087281126007 1.5885736183842698 0.003514663796722752 0.99998217 0.004827689326953672 0.3297770671640602 0.9990149502827662 -0.003297624 -0.04425216681197697 81.26256849320043
121 -0.04453538580104405 0.005122505 -0.9989946746295877 1.5576187270622373 0.0036482307716082974 0.99998102 0.004964923966300725 0.3133295562961631 0.9990011459194887 -0.003423448 -0.04455322822285321 82.22136539351075
122 -0.044587938771056296 0.005260071 -0.9989916149581629 1.5316713528019315 0.003796137365037468 0.999979811 0.005095841999207922 0.2959717514296939 0.9989982502934331 -0.003565097 -0.04460700685894815 83.22024663092861
123 -0.044571890516083956 0.005486232 -0.9989911146606024 1.5082595551059983 0.004049290243493957 0.999977698 0.005310982356826432 0.2832622231956059 0.9989979731937382 -0.003808485 -0.044593112000674444 84.16978399286899
124 -0.04446641479238975 0.006143806 -0.9989919881254912 1.485770774031863 0.004718193947011652 0.999971228 0.0059398156096996495 0.28241250985398103 0.9989997378363104 -0.004449316 -0.044494122980407336 85.15774804530618
125 -0.044211057472763625 0.00648529 -0.9990011629264108 1.4685572502750401 0.0045695645636978635 0.999969781 0.006289350473097342 0.2585935402354701 0.9990117621804179 -0.004286941 -0.04423935551141468 86.09716615178863
126 -0.044370141848564866 0.006785604 -0.9989921156172663 1.4360201851843288 0.004181980104481533 0.999969432 0.0066065005425232975 0.23895402837760393 0.9990064072583951 -0.003884634 -0.04439716281270101 87.07160524968491
127 -0.0442923676345023 0.006516496 -0.9989973580267831 1.4105567953672051 0.004135574878242787 0.999971354 0.006339490322826209 0.2310106752176282 0.9990100515356237 -0.003850638 -0.044318047742705244 88.08323572695905
128 -0.04424380662907862 0.006632963 -0.9989987439155371 1.3850398616463444 0.004545706513579512 0.999968943 0.006438084363391396 0.23799278002542712 0.9990104215762546 -0.00425631 -0.04427258391185804 89.04869946439172
129 -0.04427787660442509 0.007108356 -0.998993964409152 1.3568188755384674 0.004570381687402894 0.999965663 0.006912700126033624 0.23210171718903405 0.9990087994879698 -0.004259704 -0.04430884433416863 90.01049046005483
130 -0.04420836121405016 0.007613756 -0.9989933194903323 1.330569117175237 0.0041927035161917975 0.999963566 0.007435611003914939 0.21255840157068984 0.9990135349443918 -0.003859766 -0.04423867289012009 91.00855743262048
131 -0.04403425956403305 0.007545124 -0.9990015291038983 1.3067016744960493 0.003808231040977694 0.999965482 0.007384543507450609 0.18189640737288904 0.9990227636349788 -0.003479255 -0.04406147331841927 91.99152470206276
132 -0.04391445359186827 0.007395065 -0.9990079248691498 1.2802978010186865 0.003929884170842062 0.999966145 0.007229408662175281 0.1677284146489968 0.9990275651525107 -0.00360851 -0.04394202869356359 93.0099976014424
133 -0.04392350508382439 0.007457462 -0.9990070630573276 1.2506476446582053 0.004377607846967719 0.999963976 0.007272133535840198 0.16558137822352426 0.9990253056645576 -0.004053843 -0.043954568221052454 93.98488451367503
134 -0.04406101636931272 0.007750357 -0.9989987779695535 1.2160487076870412 0.004263794060299237 0.999962259 0.007569776338067521 0.14320900431000716 0.9990197429123208 -0.003925993 -0.04409239921322099 94.95603821752155
135 -0.04419948687003698 0.008124406 -0.9989896896866364 1.1800861543452883 0.00456614583164505 0.99995813 0.007930256364968823 0.13551636310040505 0.9990122901895129 -0.00421102 -0.044234733295142575 95.96259776564224
136 -0.04398652950047532 0.008239043 -0.998998149701885 1.1478819422456408 0.004658162806682471 0.999956814 0.008041847109791262 0.13221386547661496 0.9990212647295997 -0.004299763 -0.04402300866512783 96.93853761492292
137 -0.04388215051053681 0.008478991 -0.9990007325347623 1.1111009614275391 0.004223529059500441 0.999956622 0.008301581033466655 0.10912867866163412 0.9990277869862273 -0.003855017 -0.043916058566702415 97.9113692779552
138 -0.044020913565702244 0.008335676 -0.9989958333479246 1.0641032414126896 0.0037401234387381315 0.999959558 0.008178908167743762 0.08338048865016212 0.9990236090680643 -0.003376324 -0.04405030980853559 98.9178812147293
139 -0.04432145227731283 0.008412139 -0.9989819041755785 1.0242407207815027 0.004006706384234168 0.999958002 0.008242594835676274 0.06943859873610969 0.9990092865499566 -0.003637304 -0.04435329591564795 99.88460612131297
140 -0.044203320420521906 0.008387352 -0.9989873462738014 1.0007914757950873 0.004212772936925332 0.999957431 0.008209089891641432 0.0532789414587429 0.9990136729593742 -0.003845637 -0.044236772608608116 100.84746054495326
141 -0.044149366630096984 0.008185147 -0.9989914101577761 0.9654933163598559 0.003718248585785901 0.999960856 0.008028765594348496 0.03350064634014882 0.9990180222821702 -0.003360033 -0.04417807254900299 101.85455767134991
142 -0.044240337564282986 0.008543238 -0.998984387132569 0.9236013707205366 0.003662357929373141 0.999958102 0.008389375891048552 0.03168648338868585 0.9990142037999865 -0.00328749 -0.04426977230989278 102.82245410626138
143 -0.04432264939627868 0.008695654 -0.9989794231995816 0.8810647171755701 0.0035520741861845132 0.999957169 0.008546566270634168 0.02808251049439603 0.9990109539673269 -0.003169643 -0.044351638291297214 103.82261039474069
144 -0.04441154094305178 0.00897378 -0.998973016295558 0.8391365119222777 0.0028489613841641676 0.999956727 0.008855959178220131 -0.0013774901636089965 0.9990092582560022 -0.002452728 -0.04443518484011137 104.78468464467235
145 -0.04422504793576137 0.008777733 -0.9989830315210352 0.8086900102670653 0.0026955921585053158 0.999958808 0.008666972920419543 -0.006878050691775828 0.9990179572167861 -0.002309554 -0.04424688754430425 105.74456095003569
146 -0.04438366031347173 0.008575432 -0.9989777539539962 0.7611177272221427 0.0024296588370350306 0.999961127 0.008475925806303498 -0.02509060439282318 0.9990116054648776 -0.002050982 -0.04440277078638728 106.72819829608437
147 -0.04433241298349924 0.008922503 -0.9989769893287046 0.7237036996806049 0.002143570072096524 0.999958663 0.008836143382531437 -0.045258119732731306 0.9990145356189754 -0.001749649 -0.044349706716350086 107.67718137164037
148 -0.04425042107983528 0.009115697 -0.9989788811421547 0.6881589104011282 0.002109705288483364 0.999956993 0.00903117205068613 -0.0544628321024192 0.9990182428720246 -0.001707918 -0.044267750204875306 108.62683898411619
149 -0.04433644428832762 0.00923633 -0.9989739589116032 0.6437830934379751 0.001925842601282258 0.999956192 0.009159939337183867 -0.07108959922717917 0.9990148002519735 -0.001517747 -0.044352290358179884 109.61234805605835
150 -0.04423733053870041 0.00937164 -0.9989770926295607 0.6099992157345459 0.0017068860791491103 0.999955249 0.009305230667457254 -0.09019186888717723 0.999019591936855 -0.001293501 -0.044251348007391667 110.56305937607786
151 -0.04464379297344702 0.009208151 -0.9989605303266811 0.5596021859633048 0.0012669436895286156 0.999957237 0.009160718414776628 -0.08028959103075706 0.9990021658041277 -0.000856658 -0.04465354977106624 111.46441334522206
152 -0.044891768464303 0.008620624 -0.998954660528477 0.5161766482312188 0.000934065929486264 0.999962692 0.00858734768766806 -0.06546492533831882 0.998991420094844 -0.000547588 -0.04489814589141064 112.40308823867201
153 -0.04537029908741946 0.008536863 -0.9989337607804936 0.4626618364854087 0.0009454932297765898 0.999963404 0.008502718823519134 -0.03516173858675198 0.9989697899487728 -0.000558715 -0.04537671016682264 113.30869794864535
154 -0.04579610794440876 0.009004723 -0.9989102217158841 0.41052700896357286 0.0006213384746900544 0.999959435 0.008985695690285022 -0.022911526082841194 0.9989506142128363 -0.000209151 -0.04579984603576228 114.25302471474265
155 -0.04625907866146279 0.009093236 -0.9988880872789746 0.35739213739910003 -0.0003689582196808903 0.999958343 0.009120065700418277 -0.041400137842142026 0.9989294077152218 0.000790434 -0.04625379667951106 115.16396691240419
156 -0.046453047166345116 0.008438962 -0.9988848275750274 0.3193086577080779 -0.0020541884130813046 0.999961393 0.008543586655273504 -0.04056924396593686 0.9989183624041826 0.002448773 -0.046433918924122464 116.09303825596953
157 -0.04596467738240224 0.00792037 -0.998911666023034 0.3148961654145934 -0.0036210974192028914 0.999960676 0.008095312099689497 -0.03720911358013179 0.9989365026180713 0.003989255 -0.04593418972485108 117.06277492743371
158 -0.04487840710959472 0.008165211 -0.9989590867357183 0.22398693528553415 -0.004077054152126527 0.999956772 0.008356528161926929 -0.10810390289488225 0.998984137431012 0.004447838 -0.044843177150436245 117.9968144399966
159 -0.04337269517367365 0.009167769 -0.9990168977351822 0.15630473964261227 -0.003337485720177212 0.999950987 0.009321238835770395 -0.12029094196284507 0.9990533875797962 0.003738492 -0.04333997207479774 118.93651203648741
160 -0.040989925558049686 0.010119452 -0.9991083142719367 0.137166232486029 -0.0021990761193801034 0.999945375 0.010218150918794121 -0.1117745036320692 0.9991571394777733 0.002615956 -0.040965433009325355 119.9245678482456
161 -0.03814166712974071 0.010590497 -0.999216220608968 0.0669879566868512 -0.0023938523362625635 0.99994 0.010689545701101345 -0.09614009703759985 0.9992694749100451 0.002799693 -0.038114026533983957 120.80962873398374
162 -0.0336561530973636 0.010158743 -0.9993818410229456 0.08663098347261133 -0.0027235190049059188 0.999943695 0.010256174059834266 -0.08760174860914294 0.9994297598951432 0.003067019 -0.03362659065143454 121.7449473764558
163 -0.029217214462832986 0.008803977 -0.999534314048082 0.011138278973315208 -0.0020121575266868184 0.999958667 0.008866531175675332 -0.07774368657468189 0.9995710603350813 0.002270276 -0.029198291740360365 122.6491807180945
164 -0.024753762253033 0.007793236 -0.9996632013619738 -0.05618603130047406 -0.0014786302664216938 0.999968234 0.00783222786942462 -0.0769404251704 0.9996924848514582 0.00167201 -0.02474145176654314 123.56658137936944
165 -0.019577191961069752 0.007895413 -0.9997771728025684 -0.07829611053186092 -0.0018024590524470376 0.999966915 0.00793220655577707 -0.12268084545005808 0.9998067239685431 0.001957347 -0.019562313319682206 124.54346662772281
166 -0.02941899037453982 0.008575815 -0.9995303785181352 -0.13598010721019183 -0.003146142345260366 0.999957448 0.008672079169415174 -0.15113307816478394 0.9995622169646673 0.003399788 -0.029390757913304175 125.41833860236156
167 -0.03930679862357461 0.00871761 -0.999189161049857 -0.18870451685605016 -0.0049963091621105715 0.999947727 0.008920776178654744 -0.20906982103997884 0.9992146982347224 0.005342905 -0.0392611878812746 126.30850203286425
168 -0.04888660764493147 0.008757217 -0.9987659442363243 -0.2476417987873758 -0.005259893784414799 0.99994544 0.009025015130273166 -0.2563904566893682 0.9987904848652558 0.005694605 -0.048837877761803754 127.25951069684038
169 -0.05879779005164412 0.007828816 -0.99823921415054 -0.31826839606441404 -0.0035751482257856616 0.999961184 0.00805290218131722 -0.19436751404194919 0.9982635116802929 0.004042346 -0.05876751811639212 128.17837882336306
170 -0.06845149525347095 0.007363115 -0.9976272735895602 -0.36694104664820004 -0.002913215686848029 0.999967026 0.007580272239468486 -0.1882327308686651 0.9976501920334656 0.003425185 -0.06842778815535776 129.11351399917035
171 -0.059659480737256396 0.00757689 -0.9981900308112723 -0.424005638476568 -0.003117315636564582 0.999964902 0.007776676566281443 -0.22543945125631892 0.9982139189360583 0.003575626 -0.05963376665054866 129.97941200249872
172 -0.051649958386767884 0.007683892 -0.9986356896309201 -0.5197205389571873 -0.0033421986727497047 0.99996347 0.007866968546503228 -0.2628637100041551 0.9986596573623215 0.003743967 -0.05162239047069753 130.8087641047654
173 -0.04264126557909082 0.006721129 -0.9990678401472848 -0.5492567649064551 -0.0037270464791858467 0.999969344 0.006886267956141511 -0.3092466860844012 0.9990834962792776 0.004017211 -0.04261490877676156 131.7100130822152
174 -0.03417897809997482 0.006380297 -0.9993953622773448 -0.6050226587222189 -0.0034856900210686504 0.999972779 0.006503192609907262 -0.3223889630374228 0.999409649053619 0.003705855 -0.03415580792842398 132.5716697936087
175 -0.026125614534549778 0.006834512 -0.9996353041245413 -0.6763282641365835 -0.0030039127863809934 0.999971577 0.006915319073784648 -0.32275897721299684 0.9996541542193293 0.003183484 -0.026104341242010026 133.44871022721006
176 -0.03551365327127126 0.006674539 -0.9993469018633478 -0.7023516518920703 -0.0031684283431823784 0.999971919 0.0067913097016427965 -0.3445693619213679 0.9993641689044115 0.003407544 -0.03549150886649473 134.35465832340753
177 -0.04554403566538545 0.006090567 -0.9989437650222803 -0.7614643848626659 -0.003134834398267371 0.999975619 0.006239781681309342 -0.352818022940538 0.998957413523744 0.003415708 -0.04552383307030965 135.2156063330392
178 -0.056174088601970304 0.005958301 -0.9984032101533941 -0.8486631481827136 -0.002813301513030192 0.999977279 0.006125982951604341 -0.34491296553651885 0.9984170261145966 0.003152931 -0.05615604933310896 136.08926165266016
179 -0.06600312634770099 0.005815641 -0.9978024684344258 -0.8780935958522949 -0.0021675523556156364 0.99997982 0.005971711701706397 -0.31825062825384 0.9978170623527742 0.00255694 -0.06598918887866104 137.03771164310342
180 -0.07620842214663254 0.005742643 -0.9970753729852021 -0.9269628495867742 -0.0018732169647663385 0.999980825 0.005902550773597512 -0.3116681534788357 0.997090149827394 0.002317562 -0.0761962038886618 137.9368045987896
