54 0.1618048871076378 0.002051935 -0.9868206363404636 11.734833195786152 -0.002759569268109199 0.999994869 0.0016268532842380905 -1.2181732938633432 0.9868189108516734 0.002459967 0.16180971851099862 140.47386507813818
55 0.16187201883919217 0.002146777 -0.986809425007306 11.87525156390766 -0.0008373569904532866 0.999997572 0.0020381111042511923 -1.210404024122779 0.9868114047024399 0.000496398 0.16187342264016674 141.1605722591088
56 0.16207965623867346 0.001918091 -0.9867758129969448 12.039075916366595 0.00219859953158779 0.999994927 0.0023049102678297374 -1.140044838292706 0.9867752287775995 -0.002543104 0.16207461687951216 141.98043061053622
57 0.16211760216226517 0.001114281 -0.9867708148258985 12.181301199697963 0.00358328423488647 0.999992104 0.0017179124904659982 -1.1690176883791188 0.986764938334633 -0.003814384 0.16211232864537353 142.65922129333694
58 0.1618721677642871 0.000828946 -0.9868113877587238 12.305561795611812 0.0030841752551067107 0.999994338 0.0013459344374494838 -1.3052615580083349 0.9868069157868127 -0.003261369 0.16186869512764823 143.33774468748962
59 0.16203511149644434 0.000375107 -0.9867849218335599 12.426453527182376 0.001030503132629549 0.999999318 0.0005493446884658906 -1.31219449266071 0.986784455440001 -0.001105898 0.16203461403986508 144.0781038696613
60 0.16195366160007799 0.001421192 -0.9867973408484229 12.519552962916098 -0.0008494347435201522 0.999998793 0.0013007957668968845 -1.301029476703214 0.9867979982022413 0.000627551 0.1619546734770257 144.6797600773045
61 0.1619460263529551 0.002051784 -0.986797483974839 12.621334914055502 -0.0023021220564605122 0.999995903 0.0017014193524075773 -1.2643401949469788 0.9867969317093145 0.00199619 0.1619500864795283 145.27800831489319
62 0.16198162772905356 0.00286597 -0.9867896120966227 12.73965797090014 -0.004703338179554464 0.999986666 0.0021322457582301085 -1.290273475457736 0.9867825652435726 0.00429582 0.16199294747671372 146.01221184095965
63 0.16175995260495102 0.00245426 -0.986827084481954 12.833900008825118 -0.006074771333592356 0.999980437 0.0014912005106626474 -1.2615997306532178 0.9868114380401289 0.005753533 0.16177169745591702 146.60849302095653
64 0.1645809206347274 0.002225425 -0.9863610741457236 12.929252759378468 -0.0067878283900201924 0.999976331 0.001123549190514091 -1.356121229421535 0.9863402287841367 0.006510335 0.1645921304728311 147.41201319637702
65 0.16756091217474506 0.001854438 -0.9858599812823219 13.021209885283897 -0.005670671145725959 0.999983501 0.0009171930843399556 -1.3611484810627081 0.9858454157791813 0.005436802 0.1675686629454332 148.07357950295977
66 0.17140689712311744 0.002709692 -0.9851965959997404 13.149063485525048 -0.004403450771948461 0.999988336 0.0019842519630448923 -1.3407599790058238 0.9851904812848072 0.003998151 0.17141683034048577 148.7239935132296
67 0.17650729835131013 0.002877054 -0.9842951269391871 13.354409736310249 -0.0032826570091957306 0.999991888 0.002334277323737507 -1.324945665809974 0.9842938576345297 0.002819086 0.17651531102100795 149.49498696238018
68 0.18096623379914287 0.002752681 -0.9834854575374947 13.514494376673387 -0.002928025477532203 0.999993159 0.0022601133349483414 -1.3412706092234838 0.9834849505554906 0.002470667 0.18097305624234508 150.1283965980551
69 0.1814647732287058 0.0008359 -0.9833970905281174 13.665223438164489 -0.0029692841954384835 0.999995546 0.00030209212284374083 -1.361122927220962 0.983392962905263 0.002865167 0.1814664462339577 150.83981581537978
70 0.1811457770576979 -0.0001705 -0.9834562416394443 13.756827730979992 -0.0025894062029602804 0.999996436 -0.0006503180586826922 -1.3636512199834159 0.9834528469266153 0.00266437 0.18114468988944615 151.41408796483253
71 0.18118646199595648 -0.000641398 -0.9834485520250895 13.864048028669274 -0.002459620302262979 0.999996364 -0.0011053398946540252 -1.3765312116585098 0.9834456855369176 0.002619182 0.18118422593903422 151.97359879312202
72 0.18148706997392167 -0.000133261 -0.9833933214192624 13.99680332606528 -0.0021957563158646505 0.999997443 -0.0005407420914266769 -1.38697275121392 0.983390879443766 0.002257429 0.18148631378103947 152.64519510940593
73 0.18154809600669286 0.00147679 -0.9833809578385962 14.097152703210455 -0.0026698344479082364 0.999995927 0.001008847404454968 -1.4325411605303517 0.9833784424119293 0.00244231 0.18155130001756728 153.17466660662487
74 0.1818321844710688 0.002165934 -0.9833271910437156 14.174033884050019 -0.00301539519813747 0.999994101 0.001645052804133195 -1.4837369785446521 0.9833249533276669 0.002665997 0.1818376433322032 153.70215781606908
75 0.18309004418186303 0.00339538 -0.9830902848013442 14.30450447479044 -0.0026702222027551116 0.999992065 0.0029564546498229327 -1.51903354777777 0.9830925212419077 0.002083772 0.1830976571391469 154.33372733287328
76 0.18428512843084136 0.003471954 -0.982866693149917 14.413533233387952 -0.0015138042412903385 0.999993577 0.0032486194012619238 -1.5216182005609658 0.9828716594918883 0.000889195 0.18428920013962585 154.82254356715995
77 0.18507449853000482 0.001672982 -0.9827230692274865 14.518705839513789 0.001399822412799414 0.999997088 0.0019660155792720533 -1.447853132084794 0.9827234962144658 -0.001739497 0.1850716171888033 155.41661366195228
78 0.18557074255443246 -1.0232e-05 -0.982630906962897 14.594044112363903 0.002650895777543515 0.999996366 0.000490211375014859 -1.437855043315608 0.982627331647403 -0.002695821 0.18557009504295086 155.87243622652133
79 0.18596211456730527 -0.001402558 -0.9825559141168988 14.698443858211634 0.0009919970623413156 0.99999874 -0.001239707467035349 -1.4693388214015373 0.9825564140701487 -0.000744154 0.18596327189169704 156.45316850923143
80 0.18629516278945008 -0.001212702 -0.9824930745517999 14.814166161035729 -0.001216840421752075 0.999998186 -0.001465039245259741 -1.520287330589392 0.9824930697884392 0.001468467 0.18629334986741358 157.12935414562773
81 0.18705009633585715 -0.000829772 -0.9823500256113102 14.92781725922575 -0.002327561574782639 0.999996462 -0.0012878699982022098 -1.5288738147403906 0.9823476182586747 0.002527377 0.18704750347290522 157.67086734741292
82 0.18769261078061197 -2.8346e-05 -0.9822278161497213 15.034268382381075 -0.0028810516942798917 0.999995682 -0.0005793949046686239 -1.5155682323299913 0.9822235910330648 0.002938597 0.18769171856693959 158.19798030919546
83 0.18845269784358792 0.000539073 -0.9820821200436042 15.157968530284744 -0.0036384737578166056 0.99999337 -0.0001492856603860818 -1.5159990908275858 0.9820755278071546 0.003601413 0.18845340920045608 158.81486878926987
84 0.18893362104648448 0.000501861 -0.9819897324580588 15.276136073737947 -0.0040272884277534155 0.999991856 -0.0002637840738945797 -1.54311219031884 0.98198160278042 0.004004593 0.188934103778803 159.37566102452357
85 0.18934802362452585 0.000813909 -0.9819097022062151 15.404002551593504 -0.0041068484042588674 0.999991566 3.694742803494238e-05 -1.561813718911691 0.9819014507227249 0.004025558 0.1893497695194856 160.032407851686
86 0.18969222546996603 0.000157977 -0.9818435893733322 15.514727491435927 -0.004252043663415763 0.999990742 -0.0006605984252356764 -1.567223503625904 0.9818343951708499 0.004300152 0.18969114098588755 160.56861472722017
87 0.18973256252476717 1.9559e-05 -0.981835807788165 15.612496571964181 -0.004788392532381345 0.999988126 -0.0009054014738040572 -1.5857064174821298 0.9818241323064669 0.0048732 0.18973040346174946 161.09456472791916
88 0.19007050481423754 -0.000140139 -0.9817704334424242 15.734089193647739 -0.0041214905196217295 0.999991064 -0.000940659289918622 -1.5779607757725858 0.9817617922248975 0.00422515 0.19006822827197908 161.71527491042102
89 0.19015802804023066 -0.000168819 -0.9817534803351053 15.843760520140485 -0.002857025124379723 0.999995656 -0.0007253399317065264 -1.558099477048169 0.9817493377698738 0.002942824 0.19015672035284376 162.3568160609474
90 0.19047615394626186 1.9092e-05 -0.9816918226137077 15.976322365122378 -0.0018822538235726111 0.999998169 -0.0003457622239867806 -1.5400141270576988 0.9816900178182573 0.001913653 0.19047584085461058 163.0891502815504
91 0.19058058895628277 0.00074333 -0.9816712717626976 16.0887488817377 -0.0017765272887724287 0.999998337 0.00041231465571682486 -1.54612673705178 0.9816699465049227 0.001665386 0.19058159285509732 163.712636290671
92 0.19057119413690954 0.001026326 -0.9816728406664208 16.194918881284458 -0.00204788657516663 0.999997693 0.0006479293980907896 -1.566893683315778 0.9816712409048477 0.001886878 0.19057285708366423 164.3270664103176
93 0.19072038167911368 0.000615678 -0.981644211173181 16.321388374481536 -0.0032884375661829386 0.999994593 -1.171172979665995e-05 -1.6077034572125908 0.9816388958649972 0.003230309 0.1907213746971957 165.03247435873794
94 0.1906717385928758 0.000469829 -0.9816537407003318 16.451687037278354 -0.004588148234181952 0.999989389 -0.0004125749958808054 -1.6317344964925358 0.981643131364445 0.004582639 0.1906718709032608 165.75826948045216
95 0.19091425274730534 0.000259587 -0.9816066831459032 16.612788931544102 -0.004839140728005153 0.999988062 -0.0006767250297741 -1.6283147935947677 0.9815947895702788 0.00487933 0.1909132297126701 166.57658543371187
96 0.19078452657603365 5.332e-06 -0.9816319392942466 16.745848493730193 -0.004806115140375486 0.999988019 -0.0009286577787664957 -1.620001179223474 0.9816201736433957 0.00489501 0.19078226686608518 167.2942409559841
97 0.19072063060984978 -0.000749682 -0.9816440690146433 16.881100248430123 -0.00476908220902407 0.999987199 -0.0016902609382515772 -1.6142284893104668 0.9816327713277853 0.005003908 0.19071461419948652 168.0080984843179
98 0.19061327096179922 -0.001214895 -0.9816644558858496 17.030180805352728 -0.005289546922315793 0.999983446 -0.002264656593009527 -1.626883829089719 0.9816509570688516 0.005624234 0.1906036890525606 168.8160127939909
99 0.19044571899758378 -0.001074194 -0.981697139986597 17.16871174723946 -0.006301592927259689 0.999977461 -0.0023166831613597163 -1.658948327944616 0.9816775022052244 0.006627459 0.19043465756988395 169.52222651841635
100 0.19044001817205541 -0.001027205 -0.9816982957553597 17.330116950174002 -0.006869967865429549 0.999973572 -0.0023790354583518455 -1.670538619836357 0.981674795143574 0.007197299 0.19042792756315008 170.31702303821857
101 0.19009867327156538 -0.001216241 -0.9817642361164126 17.463195968426824 -0.006988299475059238 0.999972222 -0.0025919396051227307 -1.666658585978611 0.9817401175789174 0.007353587 0.19008489301459783 171.01392989731949
102 0.189682577588114 -0.001210396 -0.9818447199447009 17.595048491209766 -0.006992683473428507 0.999972213 -0.0025836594271187985 -1.6650694823449563 0.9818205646198552 0.007355804 0.18966884332280426 171.70720688419408
103 0.18919500189363436 -0.000291343 -0.981939491755973 17.73713251353996 -0.007858989391273824 0.999967478 -0.0018109216063967256 -1.701774558190179 0.9819080854392253 0.008059669 0.18918656008971846 172.4908110372457
104 0.18893259358246395 3.3741e-05 -0.981990058077758 17.869112421755464 -0.00824016451064269 0.999964846 -0.001551029654992679 -1.7297973981625392 0.9819554846179224 0.008384799 0.18892622979239812 173.1725647471452
105 0.18844059172178557 0.000352673 -0.9820845269487835 18.00814098806756 -0.007115618944550898 0.999974177 -0.0010062350731893392 -1.7526082891481272 0.9820588130311756 0.007177755 0.1884382347580062 174.00469570343944
106 0.18846105205104718 0.000615002 -0.9820804725184497 18.14702436317875 -0.004811007608614526 0.999988383 -0.00029701559197816286 -1.737574807984886 0.9820688805968313 0.004780773 0.1884618216081877 174.729919246748
107 0.1885612251989663 0.000388341 -0.9820613589423387 18.285957630367086 -0.003570334781950914 0.999993584 -0.00029009141031150637 -1.7587266511591944 0.9820549462178573 0.003560988 0.18856140214733583 175.44508204380082
108 0.18874973172297915 -0.000739366 -0.9820249452327244 18.44410386349497 -0.0024717218722696216 0.999996191 -0.0012279731822547903 -1.7909550008677608 0.982022112857335 0.002659072 0.188747185089387 176.2385455934561
109 0.188971104714887 -0.001694486 -0.981981186356419 18.586024310513395 -0.0019516867175962025 0.999995888 -0.002101151324189565 -1.837812281969529 0.9819807087458476 0.002313577 0.18896702043317026 176.92728474995306
110 0.18934963765733084 -0.002678515 -0.9819060746248879 18.74804266194197 -0.0011405337041095278 0.999995005 -0.0029477988892714847 -1.831209408762227 0.9819090661724148 0.001678062 0.18934563673976187 177.68611795862137
111 0.18954199788338588 -0.003696119 -0.981865657847993 18.884164716846715 -0.001604665796677192 0.999990413 -0.004074117060031947 -1.8636636823017958 0.981871302804357 0.002347782 0.18953425024092838 178.3452938299784
112 0.18964365321737425 -0.004325582 -0.9818434575136165 19.015138759006152 -0.0015198889174214173 0.999987804 -0.004699085844224123 -1.881562612672396 0.981851809163203 0.002383445 0.18963476503189108 178.99061718192513
113 0.189807175267955 -0.005817551 -0.9818041513486948 19.159159327972386 -0.0010879454047968222 0.999980585 -0.006135580175081039 -1.8902386520731347 0.9818207845795445 0.002232727 0.18979716097514426 179.70249904022262
114 0.18953323249715776 -0.006207464 -0.9818546848163744 19.270229500099777 -0.0007762430563653442 0.999978756 -0.006471889874470252 -1.903365983162253 0.9818740000460267 0.001988797 0.18952438727084756 180.31882768267235
115 0.1895104984586728 -0.006006613 -0.9818603218895606 19.406075635657814 -0.00042022183234499856 0.9999807 -0.006198573602128204 -1.9144973096901379 0.981878604782421 0.001587294 0.1895043169360723 180.99489726453749
116 0.18931590288489855 -0.00549485 -0.981900858077735 19.52005622948979 -0.0005968021637590224 0.999983513 -0.005711109350828135 -1.9349147283563182 0.9819160515615785 0.001667205 0.1893095027125808 181.57307719330913
117 0.18906712442533696 -0.005484865 -0.9819488474933242 19.62901750313071 -0.0009734549489616981 0.999982862 -0.005773029664160317 -1.9613243974491212 0.9819636825889109 0.002047373 0.18905854472115016 182.13380282573337
118 0.18885110663984217 -0.004739625 -0.9819942946715843 19.749256394344393 -0.0012148810386379133 0.99998646 -0.0050601040730560145 -1.98506548317016 0.9820049818594841 0.002148612 0.18884279109994445 182.74388136116391
119 0.18879574432016882 -0.004252075 -0.9820071729161829 19.85576715764566 -0.001486761232927227 0.999988242 -0.00461576993399863 -2.0132320709916662 0.9820152526151291 0.002331448 0.18878720247458733 183.26630051529605
120 0.1887765940824193 -0.00349913 -0.9820138256160355 19.95812376203437 -0.0017448261383303323 0.999990878 -0.003898601455972547 -2.0393879334643636 0.9820185099068726 0.002449408 0.1887687670233705 183.83760544929112
121 0.18865412015324956 -0.003603858 -0.9820369828635483 20.038132870443672 -0.0017621636754420467 0.999990414 -0.004008262577903122 -2.0626240581076374 0.9820420138810679 0.002486685 0.18864596112299356 184.323319947984
122 0.18843113325056227 -0.003365307 -0.98208063947377 20.11426635110331 -0.0015629266640222494 0.999991835 -0.0037265617632800995 -2.07598708973368 0.982085161875496 0.00223712 0.18842433433096967 184.78587519694406
123 0.18852461946192353 -0.003622011 -0.9820617849037232 20.20377267182869 -0.0009853339796963706 0.999991998 -0.003877293224705311 -2.082896392695861 0.982067969552699 0.001698624 0.18851954213358613 185.2930618815188
124 0.18938489146437937 -0.002728637 -0.9818991377852782 20.291605246436006 -0.0009579154306252427 0.999995149 -0.00296368396039221 -2.102160510581095 0.981902462606293 0.001501853 0.1893813588699759 185.76197610390582
125 0.19095621271595725 -0.00338531 -0.9815927178018006 20.406095935434124 -0.00042958110667115916 0.999993669 -0.0035323398291948332 -2.120108248411337 0.9815984617254602 0.001096196 0.1909535498742435 186.26927689557743
126 0.19205933284298116 -0.003547916 -0.9813769022878506 20.497285472082506 -0.0001925082351839515 0.99999331 -0.003652893596568529 -2.1350939996506106 0.9813832967150345 0.000890495 0.19205736474009008 186.69554674259228
127 0.19331984113892087 -0.002861169 -0.9811316186142799 20.600659179482804 -0.0006938045054191095 0.999995099 -0.0030528850088120158 -2.173550358821775 0.9811355450470212 0.001270896 0.1933169089112817 187.1656103349226
128 0.19432396574138783 -0.001610943 -0.9809360842299384 20.685727175836774 -0.0015777127240305094 0.999996845 -0.00195479114055421 -2.2150531901426804 0.9809361377452938 0.001927498 0.19432081116849964 187.56736607635287
129 0.19545655598069417 -0.001617367 -0.9807110275662237 20.770980318344982 -0.0028722542837165133 0.999993407 -0.0022216094681147586 -2.252851859344739 0.9807081549509512 0.003251079 0.19545062189319096 187.9445627418894
130 0.19643068398651717 -0.002273683 -0.9805150772453132 20.859124089338348 -0.004622984987007811 0.999984049 -0.003244971036900082 -2.3005492355040813 0.9805068151201374 0.005170318 0.19641703942113095 188.3954956851221
131 0.1973495270296482 -0.002204382 -0.980330712370379 20.936952027279535 -0.0054869982778758975 0.999979324 -0.0033531467739514377 -2.31950273031701 0.9803178342988893 0.006040815 0.19733335118828818 188.78877857079826
132 0.19872024300084712 -0.002069455 -0.980054071383028 21.035986636714433 -0.005733703007738675 0.999978202 -0.003274117842160615 -2.3191928145960463 0.9800394838711506 0.006269973 0.19870404616050022 189.2319041516706
133 0.1997958026374028 -0.001248329 -0.9798367615350381 21.116020274226408 -0.006304724630408364 0.999976849 -0.002559566297797758 -2.3252568826872535 0.9798172723575834 0.006688992 0.19978330701248287 189.61999196834654
134 0.20057434993037895 -0.000936543 -0.9796780350350869 21.20015552031613 -0.006721280692043659 0.999974693 -0.002332027556993507 -2.354865036657134 0.9796554266426644 0.007052436 0.2005629791011623 190.02533033393186
135 0.20157459741586362 -0.000860544 -0.9794727868242242 21.301389720038454 -0.006620436697702726 0.999975573 -0.0022410372051512276 -2.366210622752699 0.9794507902677724 0.006936274 0.20156397632885417 190.47475036502036
136 0.20259952077481808 -0.000988078 -0.9792611801024057 21.393074181581625 -0.00678375186091955 0.99997408 -0.0024124698534739343 -2.380524258005193 0.9792381805266414 0.00713183 0.20258756666863398 190.86947742705942
137 0.20345631777821632 -0.000524064 -0.9790838844929822 21.491061532592237 -0.007554248054091643 0.999969251 -0.0021050367872684846 -2.4123163897239728 0.9790548815465848 0.007824525 0.20344610231673554 191.31138411208025
138 0.20416144541344486 0.000205428 -0.9789372103675023 21.573095928174496 -0.007461357897861987 0.999971257 -0.0013462553238927427 -2.4246058072577608 0.9789087967728554 0.007579055 0.2041571102073092 191.70299342270908
139 0.20501142977458556 0.000141177 -0.9787595691715636 21.66270116238611 -0.0075447449314503135 0.999970507 -0.0014360898067588945 -2.4416404659821067 0.9787304997306164 0.007678906 0.20500644863013726 192.09055295440092
140 0.2058453405171951 -0.000399569 -0.9785844554438784 21.761435104696044 -0.0082982382890419 0.999963249 -0.0021538333970537154 -2.474480038816434 0.9785493529311546 0.008563884 0.20583445947999843 192.5284880494737
141 0.20656021988903273 -0.000797162 -0.9784335640747481 21.847947910192147 -0.008871257079110358 0.999957038 -0.0026875368291756256 -2.499194496549261 0.9783936717645455 0.009235074 0.20654427362556133 192.9126244216501
142 0.20737676163555707 -0.000632908 -0.978260946361236 21.945331245860636 -0.00892205163215941 0.999956976 -0.002538286927169903 -2.515127259436618 0.9782204637070945 0.009254477 0.2073621926225958 193.3460776097012
143 0.20807398539815178 -0.000163517 -0.9781130760863442 22.028141259907173 -0.008863046344736607 0.999958616 -0.002052604930461546 -2.5323635984700084 0.9780729338149577 0.009096155 0.20806392556848466 193.72903943353853
144 0.20865429886940587 -3.5719e-05 -0.9779894587148791 22.119783325465967 -0.008482677737604508 0.999962317 -0.0018463027722207146 -2.5477263735674374 0.9779526713787069 0.008681209 0.2086461329017743 194.13474564857384
145 0.20915803967052582 -0.000666653 -0.9778816239203001 22.22021275431732 -0.008321617517266216 0.999962345 -0.002461607130253943 -2.572927218574855 0.9778464426438701 0.008652422 0.20914461592552833 194.58741555569233
146 0.20949623593822486 -0.001882467 -0.9778076408306188 22.30748170425757 -0.00847033675349793 0.999957132 -0.0037398861326210417 -2.600951685214075 0.9777727655975941 0.009065852 0.20947131037370806 194.98717897961194
147 0.20981017665198215 -0.002601308 -0.9777386777844022 22.404657793563818 -0.008478268547451007 0.999954024 -0.00447974059931644 -2.6279472473596766 0.9777053795669322 0.009229426 0.20977847642582645 195.43359995150857
148 0.21023905497536788 -0.002353301 -0.97764717636205 22.49277784496712 -0.00865976514774266 0.99995339 -0.004269241267417845 -2.654388694964989 0.9776116553718276 0.009363756 0.21020887600348992 195.8267332756017
149 0.21035190914066734 -0.001784688 -0.977624104382914 22.58517823533501 -0.008681371819077965 0.999955495 -0.0036933945011541833 -2.6799304599450053 0.9775871870329463 0.009264031 0.21032705394611248 196.28759208707072
150 0.21047918613786828 -0.0023302 -0.9775955617199806 22.68814715175239 -0.008896648987511038 0.999951183 -0.004298961789515095 -2.708907397421955 0.9775578555673895 0.009602167 0.21044817985325096 196.79160675328623
151 0.2106853006920657 -0.003147235 -0.9775488727742109 22.782737147726248 -0.008494413504475842 0.999951169 -0.005050110012331951 -2.720472932057758 0.9775170325779815 0.009367688 0.2106482788432048 197.24656295652062
152 0.21088813781800667 -0.003210599 -0.9775049288596601 22.889124760162954 -0.007916968037377544 0.999956198 -0.004992356126480499 -2.721662091687919 0.9774781405150542 0.008791704 0.21085348222362027 197.7437926234911
153 0.21112532780891802 -0.003763792 -0.9774517527786271 22.98559786736911 -0.0078409524058224 0.99995389 -0.00554405087303101 -2.7403932431739397 0.9774275498572534 0.008834642 0.21108608146479552 198.19313865438428
154 0.21126220776636975 -0.003731507 -0.9774223015585634 23.09516912519159 -0.008250493494233718 0.999950279 -0.00560079254059558 -2.754410985472341 0.9773946026129747 0.009247452 0.21122091680715016 198.64170539922867
155 0.21153276307725524 -0.003772701 -0.9773636259125146 23.21783764992038 -0.008439817851852847 0.999948215 -0.005686525782082059 -2.762553292596228 0.9773344661901286 0.009451658 0.21148996792049227 199.13568713990668
156 0.21128398184925187 -0.003667669 -0.9774178365637048 23.318977786431653 -0.008811083424690691 0.999945181 -0.005656852969267448 -2.77309832525318 0.9773850025718693 0.009807313 0.21124008351408816 199.5818128924247
157 0.21046174301259446 -0.003753445 -0.9775948889517186 23.41607845506654 -0.009896870481027303 0.999933204 -0.0059698624150903495 -2.806330687059771 0.9775519971531494 0.010931558 0.21041053813497038 200.0805167450561
158 0.2099280576599019 -0.004214654 -0.977707751098648 23.50888857945006 -0.010848947209501384 0.999919103 -0.006639827888315486 -2.834218394934027 0.9776566425889066 0.012000986 0.20986535127655853 200.5299729973057
159 0.20942854404679329 -0.004242187 -0.9778147513558535 23.612413577477994 -0.010775330953794347 0.999919859 -0.00664595099253158 -2.839434863848159 0.97776458172729 0.011928129 0.2093660489332901 201.02549262369337
160 0.20893826948442587 -0.003677103 -0.977921917840238 23.706252974526997 -0.01105525242190512 0.999920149 -0.006121832757410966 -2.851216426709027 0.9778663408097058 0.012090259 0.20888093524137494 201.47338350936997
161 0.2085722968785578 -0.002824548 -0.9780028730631649 23.80566021186015 -0.011800735965649742 0.999915763 -0.005404500419412105 -2.874315975355731 0.977935754228346 0.012668383 0.20852139572087408 201.92974375259485
162 0.20872563002380476 -0.00276153 -0.9779703397503126 23.929195524450346 -0.01281371383155272 0.999902452 -0.005558258407982083 -2.9100667428762286 0.977890290344873 0.013691583 0.20866988458809266 202.43296378941952
163 0.2087608697730166 -0.003018422 -0.9779620583590597 24.04016058273129 -0.013313105927055454 0.999893804 -0.005927997777329119 -2.931530450321754 0.9778760963962302 0.014257247 0.20869851539210799 202.89122907750792
164 0.20855447320281276 -0.003557743 -0.9780042814760256 24.151537607305286 -0.01340742736173673 0.999889013 -0.0064964207447914925 -2.936817929632455 0.9779188473942895 0.014467379 0.2084836259297606 203.3552945713007
165 0.20860910514394493 -0.003700569 -0.9779920996177809 24.258694142637623 -0.013242158270002127 0.999890484 -0.006608026529597415 -2.935496159611766 0.977909447005191 0.01432922 0.20853725584938992 203.77127718871833
166 0.20870983164692933 -0.003460862 -0.9779714868826258 24.367213151918786 -0.01388041106373652 0.999882531 -0.006500632770418497 -2.957617453731817 0.9778791032471699 0.014931393 0.20863727702598125 204.19049658399527
167 0.20876589107862026 -0.003924101 -0.9779577720680143 24.48440251651319 -0.014336002022173732 0.999872222 -0.007072358809601837 -2.9736553130336376 0.9778605636120664 0.015496472 0.20868295972566955 204.66224953658207
168 0.20865295674672082 -0.003493437 -0.9779835067631416 24.58300703283848 -0.014180617307120114 0.999877687 -0.006597082234320378 -2.999350407828854 0.9778869331334576 0.015244911 0.2085778970537913 205.07780901021553
169 0.20871233082558244 -0.003429956 -0.9779710622143069 24.698119925678977 -0.014172145168917696 0.999878239 -0.00653131772516265 -3.025258435597326 0.9778743851818777 0.015223114 0.20863830779141945 205.54088911160756
170 0.20889161383835966 -0.003404782 -0.977932871174661 24.806326703208295 -0.014438146257451127 0.999874211 -0.0065652379581897105 -3.0564965874102983 0.977832211039671 0.015490961 0.20881617871173583 205.95664631339196
171 0.2089205521014532 -0.002762352 -0.9779287149641862 24.91140719677299 -0.013839502382881147 0.999887518 -0.005780991792996687 -3.05953264111625 0.9778346848015393 0.014741815 0.20885882247646956 206.372705667955
172 0.2088211923051553 -0.003164231 -0.9779487189255357 25.02365445592211 -0.012838028792248176 0.999899728 -0.005976557151516825 -3.0610616468367384 0.9778695698409736 0.013802965 0.20875963065874303 206.8494871744962
173 0.20886649382702943 -0.003481245 -0.9779379675702713 25.129174578534283 -0.012089114739774604 0.999908064 -0.006141428408385906 -3.067882386351718 0.9778694395885263 0.013105143 0.2088052063235728 207.2729217195017
174 0.20908919589346744 -0.003733332 -0.9778894465750337 25.248616006359484 -0.011427778155585749 0.9999151 -0.00626087114875032 -3.0776168317587143 0.9778297976365469 0.012484184 0.20902878105069353 207.74322598607893
175 0.20899939685906538 -0.003485229 -0.9779095590397919 25.35108232852124 -0.011190203583151762 0.999919654 -0.005955248631237945 -3.093639544370042 0.9778517433285356 0.01218765 0.20894360412323065 208.16108804330887
176 0.2089683122167478 -0.002827817 -0.9779183234511197 25.454833589566913 -0.011138337939620583 0.999924071 -0.005271566667274604 -3.1138682671480833 0.9778589788209705 0.011993975 0.2089209481210376 208.57599697157403
177 0.20945205619752286 -0.00195459 -0.9778169646743796 25.572060148342086 -0.01074834042804523 0.999932984 -0.00430113348445273 -3.137717327502026 0.977759842768416 0.011410791 0.20941701116854483 209.11357583178557
178 0.21025763164771097 -0.001177501 -0.9776453047304 25.68788249242549 -0.010886640684929977 0.999934452 -0.0035456862343185925 -3.168572986601824 0.9775853974870677 0.011388781 0.21023103045359626 209.59412343688413
179 0.2113898547837736 -0.000861992 -0.9774014454126622 25.822229685824837 -0.01155169629926331 0.999927564 -0.0033802289041812363 -3.210034473614054 0.9773335599264865 0.012005191 0.2113645851978708 210.11878897616594
180 0.21231190530933292 -0.000550658 -0.9772017963830238 25.943406795234566 -0.011993312397226685 0.999923055 -0.003169190835560826 -3.2387402545409736 0.977128351325112 0.012392743 0.21228896453782597 210.59075995669699
181 0.21321180317820163 -0.000799438 -0.9770056745084842 26.061036462197134 -0.012239168442114073 0.999919011 -0.0034891393969755653 -3.269049305243688 0.9769293374930209 0.012701662 0.21318475053228386 211.06222146428502
182 0.21447576736637147 -0.000160954 -0.9767292963394755 26.216834581079443 -0.014008638428877052 0.999896622 -0.003240868320142311 -3.3216892554505204 0.9766288462872337 0.014377735 0.21445134086302764 211.6640747307012
183 0.2154807138400044 0.001312845 -0.9765072139569532 26.25178850211136 -0.016174670220630693 0.999866706 -0.0022249294445345104 -3.371649142234957 0.9763741298839502 0.016274112 0.21547322644994243 211.78435803988407
184 0.21643085972833465 0.002273845 -0.9762952999453473 26.506397370822086 -0.017035879188017404 0.999853831 -0.0014478992055362663 -3.4134643595876257 0.9761493029920438 0.016945419 0.21643796116115543 212.8100016464072
185 0.2175767770923509 0.002251959 -0.976040610967099 26.649676806152712 -0.016964281406517272 0.999855009 -0.0014747348283580593 -3.4203670871479566 0.9758957730702068 0.016878696 0.2175834333397061 213.35499787565024
186 0.21860795558820936 0.001617033 -0.9758114298275199 26.790762357840137 -0.01568921753330757 0.999875191 -0.0018578965292156146 -3.3991093025264965 0.97568663530867 0.015715868 0.21860604072137058 213.89882405008512
187 0.21957499328745675 0.000428933 -0.9755955295936208 26.940126142526164 -0.014003535485165641 0.999898268 -0.0027121246657948197 -3.4218545438228096 0.9754951169421422 0.014257301 0.2195586618553998 214.51576439223328
188 0.22059556208928424 -0.001146114 -0.9753646934264417 27.083115972096408 -0.011842020010467327 0.999922457 -0.0038532485512611865 -3.4296631567590294 0.9752934764101693 0.012400298 0.22056488458504658 215.0793214800917
189 0.22178798396160201 -0.002141462 -0.9750925614723095 27.238606681835634 -0.009512460889756696 0.999945252 -0.004359682575934312 -3.435751291206598 0.9750485136449507 0.010242455 0.2217554711673975 215.68517105681065
190 0.22274390195508414 -0.001881048 -0.9748751795403666 27.379419430353522 -0.008566396271875809 0.999955754 -0.0038867307942044645 -3.467659579123426 0.9748393566612701 0.009216913 0.22271793305308143 216.24015994256416
191 0.22343339058630127 -0.001129058 -0.974718546557216 27.521872097128636 -0.008750000103633146 0.999956712 -0.0031640428780111258 -3.53013840873676 0.9746799254770414 0.00923574 0.2234138388167868 216.83842649102544
192 0.22417065421788734 -0.00151838 -0.9745487224213928 27.664940783666577 -0.008992973123563517 0.999952986 -0.0036265701118419376 -3.5756389232091292 0.974508411771627 0.009577061 0.22414646009795167 217.41734932520683
193 0.22497066732110096 -0.002772236 -0.9743615925215383 27.80993478939109 -0.008988279027317338 0.999947499 -0.004920340096197545 -3.615490153340111 0.9743240782845682 0.009864766 0.2249339389571222 217.98918168214698
194 0.2255956505731197 -0.003973428 -0.9742129200977493 27.960281152497405 -0.008572471099858108 0.999944872 -0.006063480000316941 -3.646934580539341 0.9741833064104584 0.009719307 0.2255491518194909 218.5960067525899
195 0.22616203793926756 -0.004490752 -0.9740793429823837 28.09820878564603 -0.008422574571913937 0.999942975 -0.0065655455030971185 -3.6840094222493 0.9740532801383195 0.009689133 0.2261113172329507 219.15212013410306
196 0.2270675731493824 -0.005175896 -0.9738652513142769 28.249221984986725 -0.007491509074287575 0.999947007 -0.007061244815361091 -3.7072483737461406 0.9738501912628248 0.0088991 0.22701676464163753 219.73960457188605
197 0.22784345015676608 -0.004969698 -0.9736850954046913 28.40145375269262 -0.006444875338501261 0.999957372 -0.006611900443801862 -3.7147422160413788 0.9736764486250916 0.007781757 0.22780170911284578 220.28435995111886
198 0.22844578271185598 -0.004564774 -0.9735459350812486 28.54732668896503 -0.006373362576751421 0.999960567 -0.006184158025271789 -3.744517341797226 0.9735357745380244 0.007617506 0.22840768159992478 220.82052374901167
199 0.22896237320871513 -0.004327631 -0.9734256535413508 28.690261163957498 -0.007028539648241258 0.999956701 -0.006098786324396816 -3.7513583687462893 0.9734098991787654 0.008238153 0.22892204236687508 221.38911016399112
200 0.22943137226480056 -0.004713505 -0.9733134279452009 28.821242492719186 -0.007511188616072521 0.999949924 -0.00661305143435582 -3.7505043543995145 0.9732958583490857 0.008827982 0.2293844794413161 221.91511113583834
201 0.23016866814328554 -0.004446887 -0.9731405906919869 28.965838659909497 -0.007890812372506883 0.999948157 -0.006435734019423216 -3.752059378699391 0.9731187591263828 0.009160175 0.2301216459936508 222.47304053269738
202 0.2307258338308241 -0.005118834 -0.9730053377426175 29.095628747508243 -0.008706442835661183 0.999935269 -0.007325041170553245 -3.7642072078350406 0.9729798498440095 0.010161492 0.23066633134559408 222.99127975302363
203 0.2310316258235726 -0.00577064 -0.9729291276693844 29.220084855719925 -0.009341698627362371 0.99992316 -0.00814902602566773 -3.7681125651444005 0.9729013931800099 0.010971493 0.23095996645731012 223.50525389338034
204 0.2325331481348222 -0.006240871 -0.9725684481336697 29.378464223339336 -0.009007048405023565 0.999922712 -0.008569912110396375 -3.7948998174044397 0.9725467635687898 0.010752759 0.23245896457912443 224.0893164278234
205 0.23380159349149457 -0.006500684 -0.9722625960994141 29.52421455234959 -0.008955218542225724 0.999920834 -0.008839087083685825 -3.828753200869496 0.9722430865232048 0.010773417 0.2337248691508579 224.63487068119815
206 0.23520107276278615 -0.00722836 -0.9719198562907151 29.679475170097962 -0.008821268609345848 0.999915284 -0.009571282182823502 -3.8670921199427477 0.971906703872196 0.010824742 0.23511738434224844 225.21489912879986
207 0.236396807835004 -0.00741525 -0.9716283048275163 29.820611880170212 -0.008436539370297631 0.999917521 -0.009683753619271767 -3.8939998475800985 0.9716199745069871 0.010486389 0.2363147510460717 225.75874861760096
208 0.23784258130530012 -0.006925936 -0.971279021458869 29.96717668294443 -0.008171902444857647 0.999924917 -0.009131301472868293 -3.9239867218767146 0.9712693377981082 0.01010901 0.2377681250240388 226.2966633467241
209 0.23933783143577747 -0.006397686 -0.9709152756057081 30.115726131065333 -0.007992492960201167 0.999931429 -0.008559092476160064 -3.907207930439438 0.9709034567355505 0.009808548 0.2392702860170713 226.87624730235274
210 0.2405715686132291 -0.007075424 -0.9706056143538556 30.249639059211987 -0.007885242037543413 0.999926187 -0.009243576181502655 -3.889984818582809 0.970599373614184 0.009877201 0.24049802017274702 227.42432118006283
211 0.24225028367037701 -0.007530543 -0.9701845655727019 30.40222289147227 -0.008131144118893967 0.999919001 -0.009791646738697738 -3.8850955124857025 0.9701797172527983 0.01026074 0.2421694299254414 228.00516923599722
212 0.24352435577514267 -0.007421306 -0.969866388682697 30.542781974503768 -0.010487612239798156 0.999892115 -0.010284400235336522 -3.9362451416802413 0.9698380784061403 0.012676085 0.243420251654853 228.55756388718225
213 0.24486650666799464 -0.007020654 -0.9695313843729347 30.68486294436139 -0.012500482033973465 0.999867807 -0.01039747224366791 -3.9820411313900905 0.969476214888611 0.014665602 0.2447463756423124 229.1189108948247
214 0.24646474465002366 -0.00643334 -0.9691304048601818 30.829596019877556 -0.013750796736903534 0.999854095 -0.010134330796811652 -4.031557699160505 0.9690542014709599 0.01582407 0.24634032024746091 229.68719403896583
215 0.24796647762486643 -0.005639598 -0.9687521982603308 30.96163381083131 -0.014129128910202016 0.999855643 -0.009437226852220818 -4.064210101524683 0.9686655738364065 0.01602774 0.24785099943104702 230.23509971427805
216 0.24937086746150733 -0.00641171 -0.9683868341802266 31.10708571398477 -0.01361978799724516 0.999855959 -0.010127321232035484 -4.071992272247334 0.9683122803036717 0.015714682 0.24924762137871506 230.83224205741087
217 0.25085685914960437 -0.006792045 -0.9680003633766608 31.24777198285053 -0.01380713497881338 0.999848558 -0.010593622404241575 -4.10019971422958 0.9679257197120515 0.016022795 0.2507250896746616 231.40283126710673
218 0.252368461649965 -0.006955231 -0.9676062128862252 31.39459400221071 -0.014236167312603564 0.999839248 -0.01089996368553179 -4.13110356891472 0.967526480836182 0.016525811 0.25222887768424573 231.98137337386953
219 0.25384608695034905 -0.005820865 -0.9672271093241676 31.526445406091007 -0.014922603030209588 0.999839308 -0.009933524331807298 -4.156976940368532 0.967129504967635 0.016955132 0.2537184330342523 232.53354044127866
220 0.25510838405709946 -0.005066268 -0.9668991903587975 31.64587172532059 -0.01572078762549477 0.99983236 -0.009386628711505559 -4.1854695070065295 0.9667846553794517 0.017595024 0.25498597294402436 233.05814307525583
221 0.2566792015433922 -0.00484128 -0.9664845315889055 31.79048259867313 -0.016177786264425387 0.999825835 -0.009304792539433173 -4.21070554810222 0.9663612511481198 0.018023927 0.25655617568750133 233.63653020722592
222 0.258017459337466 -0.005927464 -0.9661220703232245 31.923785160673123 -0.015973830065321097 0.999818319 -0.010400252803582604 -4.212679519001358 0.9660081918169304 0.018116117 0.2578758989035403 234.18048155531787
223 0.2593272469224015 -0.006687962 -0.9657663541406591 32.06147382870722 -0.015791573619099903 0.999812977 -0.01116408347232392 -4.212949184474748 0.9656603987484834 0.018146121 0.25917313291470306 234.73258561969146
224 0.25882661979490335 -0.00814106 -0.9658894887318599 32.19260085638664 -0.01584547326975416 0.999794138 -0.012672892598577347 -4.25872819889229 0.9657938196624233 0.018585058 0.25864433811589754 235.261732135365
225 0.25818543172986136 -0.007874338 -0.9660632884985544 32.30947013766822 -0.015875188157603984 0.999797187 -0.012392028032746949 -4.300577748934959 0.9659649384413143 0.018535878 0.25800806128437836 235.75494787138214
226 0.2574971810793157 -0.007232747 -0.9662519800552586 32.43621208537884 -0.015245065093345446 0.999817115 -0.011546662418805927 -4.327554504316475 0.9661587805256794 0.017703807 0.2573398250991331 236.30848171634187
227 0.25663571690229503 -0.006400391 -0.9664870114691829 32.550110956378035 -0.014937753358307295 0.999832368 -0.010587705053032793 -4.357483985125961 0.9663927627107324 0.017154328 0.2564970891474603 236.81811056304238
228 0.2557110742683476 -0.006834394 -0.9667290924567922 32.67188629184698 -0.01475191350254015 0.999831001 -0.010970463988686832 -4.392651772015858 0.9666406921573044 0.017066373 0.2555670383888576 237.38632115982955
229 0.25230206088450613 -0.008387232 -0.9676121771151236 32.774902562372404 -0.01486855329029673 0.999810778 -0.012543260350933732 -4.412498425463617 0.9675342865885473 0.017551684 0.25212961319351646 237.89049826626473
230 0.2489564809509311 -0.008123014 -0.9684806073159109 32.87787433970807 -0.015048604778243988 0.99981167 -0.012254176271252432 -4.435951605768193 0.9683977543688954 0.017625038 0.24878735500852175 238.40068577717787
231 0.2458439205666832 -0.007444849 -0.9692808368705906 33.002224484346144 -0.014919646442312908 0.999822979 -0.011463587816101371 -4.45132619227672 0.9691945992922979 0.017279581 0.2456893271505614 238.96155300813817
232 0.24257542219519693 -0.006457652 -0.9701110573088304 33.10877286837185 -0.014471626174353972 0.999842494 -0.010274180513929957 -4.4605538966580225 0.9700246059988159 0.016531348 0.2424437622071718 239.47215288772867
233 0.2393024951934282 -0.006941654 -0.9709202487603575 33.231683147529495 -0.01433689286744034 0.999840161 -0.010682028689088805 -4.4763927339011005 0.9708392086250222 0.016476216 0.23916472336291553 240.03913150177877
234 0.23804811324767985 -0.007147678 -0.9712270622662819 33.297234105023975 -0.014610609754728368 0.999833417 -0.01093926996460464 -4.49600952847852 0.9711434627604584 0.016794292 0.23790402652976989 240.47978122654823
235 0.23722483194455843 -0.007003183 -0.9714295309236697 33.38160899952506 -0.015231580715011036 0.999824279 -0.010927464506643978 -4.526342893952028 0.9713353578527848 0.017388673 0.23707647728250802 240.9240528876814
