0 -0.16911993480341603 0.0 -0.9855954787092361 0.831016 0.0 1.0 0.0 1.670731 0.9855954787092361 0.0 -0.16911993480341603 20.433112
1 -0.16972806803204907 0.000703498 -0.98549068339669 0.6269649991484131 0.0007953040931649271 0.999999517 0.0005768833133625146 1.694846292588664 0.9854906135628752 -0.000685852 -0.1697285460615861 21.85182498816691
2 -0.17004806065975914 0.003093342 -0.9854309153414333 0.4255592736494189 -0.0007210651268322724 0.999994415 0.0032634865095974215 1.705088446845176 0.9854355068804889 0.00126551 -0.17004487992822345 23.158675739090764
3 -0.17020995247525553 0.004998956 -0.9853951404196086 0.22094244853090206 -0.004112679668696154 0.999974819 0.005783313504954257 1.677717950206197 0.9853992377929457 0.005036992 -0.1701851076159133 24.474182437525137
4 -0.17134269996777135 0.007433072 -0.9851834496585828 -0.011602971835953949 -0.005126208701521826 0.999951276 0.008436040908872592 1.6962081034017698 0.9851981530767014 0.00649571 -0.17129624895295328 25.918404357071545
5 -0.17316563254430042 0.007207786 -0.9848663422165712 -0.2130320015821829 -0.004275815117501615 0.999958295 0.008070038773718171 1.7317983262300523 0.9848834352300384 0.005608559 -0.17312759119427698 27.235091729249543
6 -0.1756300294360691 0.00715739 -0.9844302230702103 -0.43920420482898903 -0.004321138033268846 0.999958332 0.00804121299069347 1.7491699035045458 0.9844467584122717 0.005666138 -0.17559178317461893 28.687656863727213
7 -0.17782442418718983 0.006481469 -0.9840408855601466 -0.662022812125115 -0.006759904331595609 0.99994667 0.0078078055383061324 1.716229818602821 0.9840390123800749 0.008040441 -0.17777112649789265 30.02364223899513
8 -0.18002791583232217 0.006142108 -0.9836423250119585 -0.893035837925664 -0.007739231371470421 0.99994071 0.007660327114207138 1.713204480516799 0.9836310561140884 0.008991708 -0.17996970707464088 31.36361133156769
9 -0.18173220244920954 0.006713244 -0.9833251443189642 -1.126290884383454 -0.006973000871372186 0.999942757 0.008115402073598803 1.71129730757361 0.9833233364178305 0.008331557 -0.18167498760722348 32.705393307661936
10 -0.18309579846048385 0.008113861 -0.9830615920809516 -1.3657920946195468 -0.004867069134586674 0.999946204 0.00915971533635646 1.7343358548627321 0.9830830284696668 0.006461735 -0.183046457895825 34.177803671071125
11 -0.18324980828945323 0.008601433 -0.9830287496428958 -1.586325768861043 -0.003251015198942013 0.999950951 0.009355533371133313 1.7499425354599027 0.9830610042423908 0.004910241 -0.18321285647769223 35.51493996183764
12 -0.18342120994913935 0.008896605 -0.9829941560719881 -1.818403987177032 -0.003217912330074556 0.999948255 0.009650492698691147 1.7319771799818477 0.9830291472984245 0.004933294 -0.1833830901747765 36.98602817622556
13 -0.18347889114083768 0.008667966 -0.982985434113954 -2.0457888699449662 -0.003539131264553865 0.999948818 0.009478145281993013 1.7094814738936102 0.9830172787546512 0.005217954 -0.18343882300331094 38.33236410758619
14 -0.18340150039829875 0.009011452 -0.9829967870546403 -2.272040987449115 -0.001975845128155911 0.999952584 0.009535532746546232 1.7254940877541118 0.9830361062650931 0.00369108 -0.1833749988386772 39.68252584086012
15 -0.18359554149021617 0.01058535 -0.9829448750838791 -2.5187084473480352 0.00026879749771084203 0.999942522 0.010718190777017658 1.753302326654625 0.9830018334500545 0.001703599 -0.1835878348148876 41.16694852250059
16 -0.1863261640789388 0.012067702 -0.9824138284425291 -2.735648887192531 0.0016337361715054845 0.999926987 0.011972972198166986 1.752305359882408 0.9824865856915457 0.000625873 -0.1863322748916957 42.51385768231189
17 -0.1890601298130134 0.012733101 -0.981882953989514 -2.959010409785564 0.0016914268172511877 0.999918665 0.012641306542045903 1.7236777322617922 0.9819640552976874 0.000729184 -0.18906628985137114 43.86199888350248
18 -0.18745770261730652 0.011606722 -0.9822041001630816 -3.1847897704411383 -0.00039802994164207464 0.999929207 0.011892145637701902 1.6935313370499487 0.9822725952871558 0.002620221 -0.1874398111341081 45.34729594141007
19 -0.18598365133494862 0.010560288 -0.9824960871030672 -3.409576970779466 -0.001024424729775059 0.999939613 0.01094169901405784 1.692603033957067 0.9825523051704248 0.00304147 -0.18596160228035258 46.69663936768621
20 -0.18502839096374263 0.008489443 -0.9826965069588408 -3.649991565602705 -0.001681306341921047 0.999958489 0.008955134387710832 1.6918992295818982 0.9827317369565064 0.003309168 -0.18500643753315693 48.048746211652684
21 -0.1838926589141341 0.006347883 -0.9829258337657111 -3.875818018270929 -0.0024338938382770002 0.999973141 0.006913327537613654 1.6799623873368688 0.9829433177963918 0.003663647 -0.18387226916369034 49.53294158618391
22 -0.18245910374917573 0.005834633 -0.9831961315449366 -4.089393039574162 -0.003015976176286986 0.999974366 0.006493898716956274 1.6671784732421298 0.983208817755064 0.004150167 -0.18243682880474027 50.8873623447816
23 -0.18088725122497187 0.005439161 -0.9834887989703269 -4.307268720390606 -0.003251814151716634 0.999975934 0.006128429691904153 1.661407026152097 0.9834984635414747 0.004306678 -0.1808652105402155 52.24247456175401
24 -0.1795688193730595 0.007004105 -0.983720478996831 -4.549840014286446 -0.0023525139210925634 0.999968737 0.00754922179070629 1.781006581694679 0.9837426012510462 0.003669821 -0.1795467280558185 53.73017599178469
25 -0.1803032973238641 0.008549092 -0.9835739088973735 -4.757359898626455 -0.00038649030107581453 0.999961535 0.00876238023865618 1.7960018773664521 0.9836109859698544 0.001960028 -0.1802930578562877 55.09325351528146
26 -0.18100907558518356 0.010419805 -0.983426226271916 -4.970114185660065 0.0011364852778774732 0.999945422 0.010385651570983968 1.80101272181601 0.9834807693319116 0.000762248 -0.18101103831856108 56.45282946890404
27 -0.18230481291444214 0.011834917 -0.9831708341163333 -5.215904159618003 0.002117359105382706 0.999929964 0.011644042687667756 1.79491195232398 0.9832397835452231 4.1039e-05 -0.18231710414451796 57.94374787666268
28 -0.1830215153161435 0.012955463 -0.983023540005579 -5.440184052763829 0.0029173370658548783 0.99991592 0.012634935348998953 1.786058050083802 0.9831045797746653 -0.000555346 -0.18304392210646378 59.300807398799755
29 -0.18172986437823047 0.014780879 -0.9832373984200226 -5.659634383392795 0.0030709040089084002 0.99989068 0.014463636906966943 1.7778699673914642 0.9833436967590351 -0.000390953 -0.18175538871806834 60.66490701549672
30 -0.18078789542813165 0.018569825 -0.9833467846350049 -5.908285417815977 0.0033554607625636925 0.999827566 0.018264153864865802 1.770612592315217 0.9835163843253291 2.357e-06 -0.1808190317218571 62.156887996840084
31 -0.17899466326259375 0.022627873 -0.9835897978147825 -6.105505989105632 0.0022248480442606626 0.999742234 0.022594585839229683 1.7309930747109779 0.9838475290205425 0.001855973 -0.1789988687069865 63.52170236868625
32 -0.17382336446206328 0.026082589 -0.9844313776468953 -6.356458679582419 4.3522428389211055e-05 0.999649393 0.02647810741901853 1.727603670608729 0.984776845895323 0.004559668 -0.1737635552170237 64.89732831552726
33 -0.16883511783270874 0.027924485 -0.9852486615725524 -6.6116189891334045 -0.0017855410719518757 0.999588286 0.028636882284751863 1.731750420576107 0.9856426910342071 0.006594113 -0.16871574643809445 66.4050789930712
34 -0.16345362389441656 0.025891461 -0.9862112069955378 -6.847123260249535 -0.0025747481942319217 0.999640956 0.026670774034191665 1.709681575831129 0.9865476591507741 0.00689868 -0.1633282734566559 67.7802044803616
35 -0.1579120219644387 0.022699255 -0.9871922493746909 -7.080534000627029 -0.002709273150808313 0.999722026 0.02342073843836541 1.6996679229357143 0.9874494688564789 0.00637299 -0.15780662766428127 69.15373716693362
36 -0.1686850288415572 0.018859492 -0.9854895639991857 -7.354120881590353 -0.0007758121067979315 0.999814084 0.019266417791805403 1.719114046700658 0.985669700500491 0.004014511 -0.16863903604970304 70.65872401343913
37 -0.1786919853776015 0.015997549 -0.9837750010190153 -7.595582983008512 0.0003291665966902347 0.999868726 0.016199465467575693 1.723245566508593 0.9839050090898482 0.002570889 -0.17867379365354114 72.03466442683394
38 -0.1884655687694743 0.013336339 -0.981989241948068 -7.837657200173843 0.0002537825358720074 0.99990842 0.013530991224329995 1.7054217348256617 0.9820797648360732 0.002300914 -0.18845169378997123 73.41017405205801
39 -0.18994201138075 0.011823954 -0.9817241094371063 -8.11808519356283 -0.000595554550676027 0.999925907 0.012158404495563926 1.698969649636057 0.9817951301821475 0.002894063 -0.18992089585682073 74.93164608370884
40 -0.19080835492711193 0.011639966 -0.9815582929514775 -8.366427236688152 -0.0012474646784648485 0.999926011 0.012100281429342524 1.693356924226233 0.9816265153824428 0.003533294 -0.19077971650573153 76.32533088260502
41 -0.19126445142119217 0.011334217 -0.9814730998858422 -8.609518473938323 -0.0017909401141251772 0.999927632 0.011896342286930187 1.6906176595161422 0.9815369078133657 0.004033107 -0.19123031076235014 77.72183499229011
42 -0.19174620847625312 0.011103935 -0.9813817269223633 -8.878431673103654 -0.001999481119118353 0.999929501 0.011704462008286036 1.693412478376788 0.9814425067642031 0.00420654 -0.1917104884547117 79.24925878982293
43 -0.19191637924602137 0.00989441 -0.98136140321053 -9.12529789809869 -0.002470331382417946 0.999941139 0.01056483807521928 1.690619671792502 0.9814081725662085 0.004451853 -0.19188064090622461 80.64883165407467
44 -0.19202348504093103 0.010106013 -0.9813382953366074 -9.390417104832919 -0.004289116436534664 0.999928786 0.0111367344848368 1.655910565301574 0.9813809577695215 0.006347589 -0.19196646479375643 82.05250222892809
45 -0.19182238601514257 0.010486259 -0.9813736350003048 -9.670828356377958 -0.006468894471112761 0.999907686 0.011948730622180406 1.613042414038233 0.9814083380255347 0.008640437 -0.19173684340507077 83.5932285758804
46 -0.19108527930638272 0.0120642 -0.981499297311207 -9.918555643176225 -0.006426745867551707 0.999887657 0.013541427109668169 1.6218577389052102 0.9815523997346086 0.008895414 -0.19098627866459747 85.00230271712684
47 -0.1897963961833702 0.013647309 -0.981728617396907 -10.136074742846137 -0.005097589710869272 0.999876217 0.014885094545532612 1.6578796621170342 0.9818102372855738 0.007829587 -0.18970333447432178 86.42482622301692
48 -0.18863265121639242 0.013087352 -0.9819605107753749 -10.411676189731637 -0.0035980026229836073 0.999895276 0.01401755150529878 1.668729161631266 0.9820411281663601 0.006177265 -0.18856580793466038 87.96188639968732
49 -0.18774094122539997 0.011095338 -0.982155910080483 -10.648218142962984 -0.00445897202247478 0.999916264 0.01214831606776973 1.6644671230932608 0.9822084589583877 0.006660142 -0.18767574740398296 89.38305531865376
50 -0.186609397866958 0.007056627 -0.9824088442263413 -10.879766852653017 -0.006881872457536035 0.99994028 0.008489772781894634 1.6222467825887381 0.9824100833257874 0.008345084 -0.18654969031774885 90.81466111468035
51 -0.18496641865220878 0.003148004 -0.9827397997808087 -11.122131286377723 -0.007471151656582197 0.999961467 0.004609353240336339 1.618637620370992 0.9827164422902813 0.008194773 -0.1849357724681353 92.39046766150831
52 -0.18355213250124994 0.000110045 -0.9830099708151038 -11.380597961036003 -0.006424477737323761 0.999978503 0.0013115527510307657 1.605531136745789 0.9829889834085828 0.006556063 -0.1835474799728495 93.81656717663562
53 -0.1819657530254711 -0.00312722 -0.9832998956333447 -11.657455866698811 -0.004701242347669611 0.99998628 -0.0023102944517335703 1.610448665824108 0.9832936303493883 0.004202336 -0.18197795845299117 95.38125046174552
54 -0.180267910878783 -0.004605843 -0.9836067637749064 -11.909307660087997 -0.004103762529668355 0.999983855 -0.003930423992924807 1.5960627032033399 0.9836089865931702 0.003327959 -0.18028390225933524 96.81163583104062
55 -0.17847173830252389 -0.005531548 -0.9839294891452103 -12.161486333164998 -0.0024858824722664118 0.999983541 -0.005170896078331456 1.6052480985821531 0.9839418981109882 0.001523074 -0.17848255234234822 98.2404574257743
56 -0.17713976558172806 -0.003656673 -0.9841789127084348 -12.4125465289391 0.00017806578905734698 0.999992962 -0.003747478632052274 1.636169986669691 0.9841856892673814 -0.000839076 -0.17713786826972283 99.65869647399747
57 -0.175481482886337 -0.003483696 -0.9844765681107205 -12.678326567551268 -0.0006456609339898408 0.999993931 -0.0034235179551989152 1.5842937343380792 0.9844825201127566 3.4874e-05 -0.17548266735742693 101.2241934475993
58 -0.17442602505346813 -0.002070949 -0.9846681026210186 -12.905301464020345 -0.004871878846036538 0.999987363 -0.0012401545618122322 1.558037026157738 0.9846582285749702 0.004580868 -0.1744339107336313 102.66908672098154
59 -0.17336094028268284 -0.000355174 -0.9848582930828698 -13.122447389375132 -0.009159118516957518 0.999957271 0.001251627291275606 1.543994177729225 0.9848157674140791 0.009237417 -0.17335678584867661 104.11723598235531
60 -0.17245527658894275 0.00622028 -0.984997708920885 -13.361396255150007 -0.01277047887165504 0.999881898 0.008550153534356283 1.536098493158153 0.9849345622216388 0.014053411 -0.1723554736369609 105.701874761233
61 -0.17090479832343825 0.007434819 -0.9852594955699246 -13.598652716721503 -0.009352219374851428 0.999914241 0.009167656477083255 1.5475565000044034 0.9852431607253811 0.01078116 -0.17082060972768007 107.1345803280219
62 -0.16989731986832146 0.009411795 -0.9854168253823393 -13.843830928870947 0.001981474308047476 0.999955633 0.009209027155715026 1.5497209461371768 0.9854597779380985 -0.000387989 -0.16990843038377978 108.56115546395853
63 -0.1696582765994239 0.001328635 -0.9855020571731264 -14.117696684330607 0.006622062448757215 0.999978052 0.00020813548750651852 1.627582820741324 0.9854807034260851 -0.006490744 -0.16966335080205044 110.13429902947574
64 -0.1704542977754479 -0.0110832 -0.9853032505687965 -14.392966210640584 0.0025195157494744664 0.99992857 -0.011683581088723402 1.489574731621135 0.9853623619547829 -0.004474004 -0.17041419807380606 111.57410667676909
65 -0.17119345175904263 -0.017991422 -0.9850731497832894 -14.631905073315096 -0.004799654767071585 0.999836619 -0.01742694254643215 1.4255499514354837 0.9852257428317104 0.001744632 -0.1712518350866076 113.0080141303062
66 -0.17122146353671505 -0.021229857 -0.985003808783536 -14.870723674156903 -0.008740518366204089 0.999761201 -0.020028574742096978 1.436751294762093 0.985193794644094 0.005180122 -0.171366136068531 114.58003014646638
67 -0.17134348021632037 -0.018588519 -0.9850359789037484 -15.12169159106405 -0.007093418777069775 0.999819353 -0.017633620577290843 1.449616977818123 0.9851858179479753 0.003965867 -0.17144438378078736 115.99645532264451
68 -0.17167409417243884 -0.01776534 -0.9849936035000223 -15.330107868334384 -0.004411217483977217 0.99984123 -0.017264302235648527 1.441088381253452 0.9851439212634382 0.001381187 -0.17172520434823246 117.44340216113447
69 -0.17263318473930192 -0.014901251 -0.9848734617412737 -15.572989884596423 -0.002702099889270705 0.999888962 -0.014654800736922638 1.412160745559143 0.9849824783021376 0.000131321 -0.17265428115874654 119.02586967856914
70 -0.17315534492381443 -0.012706185 -0.9848125603089654 -15.793059346069658 -0.0010161561090412212 0.99991855 -0.012722418526074208 1.3897326482029828 0.9848940014280008 -0.001202232 -0.17315415305542717 120.47170892250821
71 -0.17183325303381947 -0.012712839 -0.9850440175351768 -16.03264532693821 -0.0005345514538934906 0.999917786 -0.01281155008509651 1.426458931835424 0.9851259043547131 -0.001674894 -0.1718259214967892 121.90857080387497
72 -0.17044767032518207 -0.017545191 -0.9852105146816061 -16.296136414995647 -0.003512136929085701 0.999845931 -0.01719820521684683 1.369861858512631 0.985360470593522 0.000528801 -0.17048303028511538 123.49604513733765
73 -0.16983897589090133 -0.023393727 -0.9851941213524277 -16.5599791540282 -0.0032901936236344616 0.999726088 -0.023171591187810196 1.3894515501438276 0.9854663350363957 -0.00069396 -0.169869424422517 124.94502176773138
74 -0.16937298875465662 -0.027813248 -0.985159486476885 -16.803817465342462 -0.002382200228748321 0.999610342 -0.027811669362627398 1.371625802964504 0.9855491438909975 -0.002363698 -0.1693732479017845 126.39520656996663
75 -0.16783308833339194 -0.030367361 -0.9853475919889575 -17.039385620117827 -0.003182922443068192 0.999536917 -0.03026251737575653 1.37468618370184 0.9858102882194333 -0.001942767 -0.16785202438875202 127.98759215004142
76 -0.16857474764567737 -0.030349435 -0.9852215314517387 -17.259418544837075 -0.0029136151737064243 0.999536849 -0.03029188425044658 1.3277110146610278 0.9856845672178032 -0.002235891 -0.16858509869911517 129.43618648264663
77 -0.1695826293189717 -0.029593074 -0.9850715619326356 -17.493673286815614 -0.0027949196663978578 0.99955948 -0.029547161382501744 1.317941783265836 0.9855120096227439 -0.002257489 -0.1695906353182393 130.88776184871887
78 -0.17063893732285026 -0.032636685 -0.9847929734523417 -17.7634811205132 -0.00879214356889321 0.999461944 -0.03159937458546309 1.30951109452054 0.9852943983683979 0.003266357 -0.17083407066965184 132.48438264360897
79 -0.17178390149444356 -0.037919646 -0.9844045878081399 -17.99660268253472 -0.01654718783643336 0.999229007 -0.035603115459100165 1.2448090539223668 0.9849956761712209 0.010173086 -0.17227892102381911 133.94861638177008
80 -0.17327564351753078 -0.039637532 -0.9840754125664344 -18.23269757821027 -0.015191089834031064 0.999178487 -0.03757102703684081 1.245915416952069 0.9847562042667992 0.008439034 -0.17373543314528478 135.4114226273292
81 -0.17507353994163774 -0.0394176 -0.9837659823772182 -18.50011260856128 -0.012306053590697775 0.999207795 -0.03784630638474338 1.278368038623988 0.984478448637504 0.00548039 -0.17541992071214804 137.01058071006065
82 -0.17628229882976412 -0.037855542 -0.9836114628141883 -18.73844751236785 -0.011946740442749145 0.999268906 -0.03631705057495015 1.2150550441121561 0.9842671517576003 0.005348898 -0.17660566941586045 138.45219596461237
83 -0.17716023357884378 -0.034196939 -0.9835877295654468 -18.96940564331236 -0.009205621818657944 0.999410015 -0.03308895799046174 1.241940928491251 0.9841389683245082 0.003192489 -0.17737051527390402 139.89540614320174
84 -0.1779985339247378 -0.031396937 -0.9835297419858151 -19.224312242760625 -0.004733786304428279 0.999506615 -0.03105024464619537 1.2855461513981101 0.9840193666606646 -0.000871078 -0.1780593387900337 141.4838957130597
85 -0.1788694454611638 -0.031240366 -0.9833767138443192 -19.45516304979926 -0.0026204689832524117 0.999507346 -0.0312761668310226 1.213167584132876 0.9838693279199554 -0.003017442 -0.1788631890281356 142.92010319928815
86 -0.17986113103134813 -0.032346773 -0.9831600378497324 -19.691208117335997 -0.00353031184754309 0.999473996 -0.032237673223878625 1.213464920707226 0.9836856770039868 -0.002327443 -0.1798807185315642 144.36013562899265
87 -0.18078409379668783 -0.034035338 -0.9829337249690662 -19.95308391945925 -0.005943869341288781 0.999420607 -0.033513002896591516 1.1800068995882178 0.9835048462215434 -0.000216188 -0.18088164991935002 145.94916602965182
88 -0.181432513167835 -0.034995639 -0.9827805191922881 -20.184576578499076 -0.006187951232266458 0.999387451 -0.034444624752785466 1.194992664627132 0.9833839288852319 -0.000167977 -0.1815379285488732 147.39718284029223
89 -0.18183223396665288 -0.03563505 -0.9826836631073869 -20.42313851152055 -0.0054198032644202495 0.999364285 -0.03523707885638066 1.197330459075512 0.9833146310520463 -0.001081284 -0.18190977541567382 148.8499750605748
90 -0.18215237793234804 -0.036748181 -0.9825833722562295 -20.680098786647253 -0.005321487946280303 0.999323578 -0.0363877539673168 1.1867595087665572 0.9832559141906101 -0.00139931 -0.18222472082583221 150.44649964141087
91 -0.18258590460153434 -0.038641421 -0.9824302665226016 -20.920170163802254 -0.004407570834435137 0.999249503 -0.03848381133490077 1.1838919475199 0.983180024999749 -0.002696471 -0.18261918920166184 151.89009397673996
92 -0.1830285515665848 -0.041825342 -0.982217486535518 -21.160339892256616 -0.00307680774379283 0.999114071 -0.04197150264195613 1.19141295497726 0.983102783395868 -0.004659889 -0.18299508979772358 153.33787560528884
93 -0.18342004393213834 -0.045304249 -0.9819901289844527 -21.420737196572983 -0.003264179389184157 0.998960032 -0.04547746134386434 1.161722935476606 0.9830292127574393 -0.005136086 -0.183377173943031 154.93525111176427
94 -0.18239700235617426 -0.048688211 -0.9820187328238208 -21.659791658004288 -0.004920704610207218 0.998805882 -0.04860655683044877 1.1460436203359698 0.9832126526923949 -0.004033466 -0.18241877836198192 156.3525900053041
95 -0.1812771129905582 -0.052449402 -0.9820324177699445 -21.89662055649237 -0.006667934169265055 0.99861938 -0.05210443646536105 1.1274597416882068 0.9834094502676818 -0.002897214 -0.1813765668394954 157.77738633953615
96 -0.18002247258995369 -0.054618551 -0.9821449604034305 -22.15647337411218 -0.007014787538452119 0.998503153 -0.054242478444756985 1.104886807282726 0.9836374849289566 -0.002875327 -0.18013614450282456 159.35420835843328
97 -0.1788963710079886 -0.057596828 -0.9821805814654836 -22.396403010010037 -0.005768250807330595 0.998329235 -0.057493173282669764 1.121592310186627 0.9838510127825614 -0.004619856 -0.17892971072806255 160.78661178964106
98 -0.17743613677759493 -0.059326331 -0.9823425087639589 -22.624251551352597 -0.0045916036992822195 0.998220374 -0.05945587740368313 1.141922594827886 0.9841216050902108 -0.006039094 -0.17739276980838778 162.21661463129038
99 -0.17590202267502691 -0.062171246 -0.9824424738672517 -22.871982797744764 -0.003320515225473619 0.998035463 -0.06256348334212929 1.105356565725216 0.9844020788404794 -0.007742828 -0.1757628964194859 163.80462075080857
100 -0.1746530944504043 -0.064298012 -0.9825284023654728 -23.103717860108894 -0.00464294111162837 0.997908252 -0.06447916677926144 1.0998392505723857 0.9846190835656019 -0.006699664 -0.1745862962608897 165.250729521718
101 -0.17364454306423432 -0.065536902 -0.9826253031959071 -23.340684117656824 -0.008024088009001847 0.997844267 -0.06513396560443868 1.1000434107947998 0.9847757040513403 -0.003425485 -0.17379608479737232 166.8238269582926
102 -0.17310454345744258 -0.06597922 -0.9826909784295867 -23.557505912964295 -0.009676926107744479 0.997819387 -0.06529033664833642 1.0677180458844528 0.9848559151928513 -0.001792626 -0.17336554615802247 168.24759479620187
103 -0.17313779589105865 -0.064793732 -0.9827639979356201 -23.789301361587782 -0.00851457337882135 0.997894852 -0.06429126147630437 1.0673915482730072 0.9848608054523597 -0.002763431 -0.17332500701414763 169.6670314001438
104 -0.17345813077867966 -0.063541663 -0.982789262597985 -24.05276940753714 -0.006425556263156229 0.997968212 -0.06338896628493029 1.078733055073964 0.9848202824459481 -0.004680364 -0.17351399108587462 171.23202309931747
105 -0.17353306572962413 -0.061046165 -0.9829341999988019 -24.292572578155156 -0.005764727654396707 0.998122846 -0.06097173245116231 1.0573995794248283 0.9848111709084554 -0.004914263 -0.1735592311818744 172.64922335030607
106 -0.1737229020032978 -0.059623768 -0.9829879756195261 -24.50236856518649 -0.00510970670940557 0.998206644 -0.05964383022194899 1.0670724276676342 0.9847813181543834 -0.005338719 -0.17371601491999522 174.06881865545083
107 -0.17417793302499043 -0.057533617 -0.9830320087880317 -24.721448174023443 -0.004760835653513778 0.998329234 -0.05758536667759091 1.071953732306886 0.9847026872126798 -0.005350047 -0.17416083100011664 175.48927647708544
108 -0.17481206399149354 -0.056192661 -0.9829970124575863 -24.96986386376146 -0.004883577470736869 0.9984073 -0.05620511035599361 1.068297588647242 0.9845897084034289 -0.005024789 -0.17480806188368692 177.05589900776044
109 -0.1750712236170747 -0.055820662 -0.9829720848286992 -25.186060266777076 -0.004449207812382135 0.998426132 -0.05590583959218806 1.0845214213765177 0.9845457179946726 -0.005414057 -0.17504404194697146 178.47106215681586
110 -0.17543426026783013 -0.056485038 -0.9828694013045157 -25.40575462946039 -0.004004572074104727 0.99838539 -0.05666195135626889 1.094674329474462 0.9844830031672104 -0.006004476 -0.17537720023281406 179.87889969359017
111 -0.17646069421026056 -0.058294255 -0.9825799729054441 -25.683200589297023 -0.0030677904787672207 0.998272465 -0.05867431332886749 1.1346656844624903 0.9843029071432866 -0.007339361 -0.1763346863545729 181.43172252716693
112 -0.17715787420781767 -0.05819778 -0.9824602308062571 -25.927130938542582 -0.004183315980500073 0.998285616 -0.05838088668856932 1.1224274291776721 0.9841735556189825 -0.006232692 -0.17709761690944165 182.83701222067717
113 -0.1776730721526034 -0.057050687 -0.9824344751975163 -26.168341100228133 -0.006712396662148061 0.998365181 -0.056761858965136865 1.0680555233938631 0.9840666758657719 -0.003490564 -0.1777655552245416 184.24264717530798
114 -0.17809231156458236 -0.053959355 -0.9825332136270768 -26.429870912551113 -0.006430468291478656 0.998537875 -0.05367273279748106 1.0807525792406418 0.9839927734633361 -0.003240552 -0.17817890216296117 185.7910970731039
115 -0.17850156346987672 -0.053130729 -0.9825041051860128 -26.66830483746685 -0.0029318958973863244 0.998565334 -0.05346660207395729 1.0717912393728461 0.9839352601023306 -0.006663272 -0.17840124653907932 187.17628710180816
116 -0.17906508029664558 -0.05524453 -0.9822849581491425 -26.913959143786283 6.178363843952511e-05 0.998421593 -0.0561633297245076 1.049826128901282 0.9838372295466603 -0.01011758 -0.1787790294342419 188.5599643354567
117 -0.179986332969603 -0.060802014 -0.9817881825645813 -27.208668091278952 -0.0007540378288587158 0.998096079 -0.061673726585977896 1.020233906679217 0.9836688222370207 -0.010360123 -0.17968950068178968 190.1546832014031
118 -0.18079444834663355 -0.06385372 -0.9814459076892671 -27.458703253029007 -0.004217561482278131 0.997931397 -0.06414935327903055 0.9856817988098402 0.9835118608135714 -0.007458538 -0.1806897625861774 191.5446119876806
119 -0.18095101586551315 -0.05871553 -0.9817378552743181 -27.68874284987845 -0.009511858165053344 0.998274095 -0.05795132742172074 0.9088359563818641 0.9834461112913888 -0.0011482 -0.1811972049276468 192.93383519079308
120 -0.18032666369027306 -0.055232427 -0.9820548219503545 -27.932108363008734 -0.00930706442138262 0.998473294 -0.05444684968447804 0.9596694949316148 0.9835627448607639 -0.000678171 -0.18056540888511124 194.46611769821058
121 -0.17990543299761375 -0.047641271 -0.9825295641402984 -28.160779810673496 -0.00040805451663739447 0.998830036 -0.048356937559340916 1.150554629967792 0.9836838259880245 -0.008298751 -0.1797143904873346 195.8470432797585
122 -0.18012132056241056 -0.048786763 -0.9824337948501041 -28.409393113699466 0.0017244008099855839 0.998752067 -0.049913268412535246 1.185748110640107 0.9836428902692799 -0.010684553 -0.17981241367392609 197.22639261138727
123 -0.18050519363433665 -0.056304462 -0.9819611411829097 -28.689344672627485 0.0021033962806516495 0.998335794 -0.057630013088060296 1.182596292121314 0.9835717821313837 -0.012467971 -0.18008636521149451 198.74919745915025
124 -0.1806058512194954 -0.061807614 -0.9816116060747268 -28.9324432195078 0.0014729238764043893 0.998005436 -0.06311086105956318 1.1550432111421283 0.9835544503902194 -0.01284403 -0.18015458329428025 200.12780208609271
125 -0.180366786546849 -0.06531593 -0.9814283731916554 -29.17226567881735 -0.0017395307627395141 0.997812373 -0.06608662574484918 1.060812229094927 0.9835978838096001 -0.010212608 -0.1800858295810869 201.50567397072138
126 -0.18009889233839135 -0.066411977 -0.981404013754277 -29.434588088311507 -0.005831441589383914 0.997772748 -0.06644951941453155 0.945618304799006 0.9836312233625462 -0.006244485 -0.18008504475208953 203.02900663872964
127 -0.1793685700800331 -0.064029631 -0.9816960435057163 -29.661203713927804 -0.007999734315681205 0.99794165 -0.06362757045396991 0.875300299389475 0.983749419915264 -0.003559479 -0.17951158685716467 204.41047499078576
128 -0.17836770029330992 -0.0630072 -0.9819445278078599 -29.8795991785403 -0.008382193169868069 0.998008801 -0.06251537158874611 0.8449832003972122 0.9839281992613715 -0.002919875 -0.17854067344714922 205.79210422269566
129 -0.17792904600568762 -0.061898997 -0.9820945826863529 -30.14251007731787 -0.005556207959516594 0.998066949 -0.061899061275886486 0.8959155111494213 0.984027633339152 -0.005556919 -0.17792902395852142 207.3024972339454
130 -0.1773966432482107 -0.063908222 -0.9820622027934685 -30.378185636164755 -0.0030987462195656507 0.997920615 -0.06438046827583159 0.9388412088576698 0.9841345577685352 -0.008377718 -0.17722580323563536 208.6664966390948
131 -0.17675324497503792 -0.065203923 -0.9820930396106305 -30.614565850646066 -0.0026513390713673985 0.997831179 -0.06577164446403885 0.9329145386163599 0.9842516251007314 -0.00902149 -0.17654277652014275 210.02874234567744
132 -0.1762222097578165 -0.067854122 -0.9820089363793777 -30.876171783345196 -0.004963243561559353 0.997669867 -0.06804559215957826 0.8579792526285263 0.9843378983115119 -0.007117195 -0.17614836507598333 211.53429437179034
133 -0.17580582445273749 -0.069494848 -0.9819688270594537 -31.109025029061574 -0.006598918375850162 0.997565888 -0.06941723620545669 0.8071241281532141 0.9844027457551524 -0.005724022 -0.17583648445236433 212.89302134589454
134 -0.17483889106788342 -0.068740042 -0.9821945677980531 -31.36341175630895 -0.00947671209945365 0.997631206 -0.06813345889246675 0.764993466766943 0.9845514482722583 -0.002604404 -0.1750761632798759 214.40535763303208
135 -0.174077122921919 -0.066919827 -0.9824555424514152 -31.59813408654245 -0.012379697175060827 0.997758101 -0.06576865311940128 0.7182141152090659 0.9846542024655403 0.000713684 -0.17451530702959211 215.7705234149567
136 -0.1738872434685304 -0.062668336 -0.982769508361273 -31.84876894938313 -0.01179049403374873 0.998034017 -0.06155554730473725 0.751891738960329 0.9846949833248981 0.000883614 -0.17428427530912363 217.1286493607987
137 -0.17288029871466062 -0.057726181 -0.9832497597643574 -32.09831874443587 -0.008621394304350135 0.998331481 -0.05709576228524337 0.765258942158388 0.9849051093992925 -0.001393749 -0.1730895251444105 218.62694686751976
138 -0.17189191572153045 -0.054879811 -0.9835859781742492 -32.331543664369185 -0.005800045511574333 0.998486123 -0.05469755589405368 0.776827975969445 0.9850987402390092 -0.003697224 -0.1719499978708073 219.9780746719141
139 -0.17076839314151773 -0.053249849 -0.9838712361470704 -32.55627851905365 -0.0024185343178944564 0.998558217 -0.05362496996126755 0.8070614703607479 0.9853082294753963 -0.006777923 -0.17065096817962533 221.32390367872605
140 -0.17007836785829827 -0.055378907 -0.983873226642621 -32.791891724804785 -0.00048001877322561507 0.998424199 -0.05611495377629241 0.8075069094808879 0.9854304230208537 -0.009071662 -0.16983694148537204 222.66533618539398
141 -0.1699535948393871 -0.06015108 -0.9836145705151134 -33.06827556002212 -0.0008304549805639102 0.998143765 -0.06089609549244366 0.760856195548795 0.9854517167393202 -0.009532662 -0.16968807439544564 224.14536238052443
142 -0.1693155707720229 -0.064758057 -0.9834320671523663 -33.29031673560539 -0.003162465008639787 0.997869539 -0.0651642744632643 0.74852710588588 0.9855568153449673 -0.007923257 -0.16915964544358314 225.49459054109343
143 -0.1685943746482509 -0.066547882 -0.9834364826317178 -33.51607132343147 -0.004748855019052561 0.997761565 -0.06670312643584514 0.7759616899257501 0.9856740768280092 -0.006575575 -0.16853301367000836 226.84345237689212
144 -0.16805036351634653 -0.065116885 -0.9836253694531039 -33.76690620320574 -0.00540060101391958 0.997861738 -0.06513666355418135 0.777131689172758 0.9857636173731114 -0.005634071 -0.16804269766522822 228.32607317580414
145 -0.16719462091330067 -0.063222042 -0.9838947767970342 -33.99407519236179 -0.005763511503166356 0.997987519 -0.06314819676999094 0.78097162848912 0.9859070646166792 -0.00488735 -0.16722252548445865 229.66793616176128
146 -0.16583129230457885 -0.061104681 -0.9842592135593541 -34.204569721240844 -0.005682373575224269 0.99812111 -0.06100786940836284 0.7723716221194119 0.9861377662376609 -0.004524085 -0.16586693308890255 231.0083183769148
147 -0.16427746003595428 -0.058891169 -0.9846546334575175 -34.44061690115805 -0.005677192074834019 0.998256143 -0.058757492290828564 0.776037656967407 0.9863978329781892 -0.004062458 -0.16432531926473945 232.4871501199721
148 -0.16268134789403452 -0.058007468 -0.9849720363750539 -34.64663536183104 -0.005343475683636911 0.998307491 -0.05791027901047703 0.78493727088201 0.9866641911224351 -0.004157748 -0.16271597025051493 233.8240142820212
149 -0.16094070124769708 -0.055348327 -0.9854109056393693 -34.847621760353384 -0.006228269984840234 0.998463389 -0.055064233294748376 0.764928050730595 0.9869444251342818 -0.002724672 -0.16103812221921748 235.1599536915249
150 -0.15920137687342287 -0.051208065 -0.9859171650279381 -35.076338950577764 -0.010052046842732847 0.998686178 -0.050248122464691215 0.6780296021799129 0.9871949545788251 0.001910915 -0.15950696046243373 236.63232530101791
151 -0.15699156238189213 -0.053396657 -0.9861553861276253 -35.26928454490665 -0.006625673414904143 0.998571779 -0.05301418085915983 0.7517116518706161 0.9875777180629586 -0.001788835 -0.15712113290902024 237.96156220006787
152 -0.15712631425577248 -0.051893477 -0.9862141699316378 -35.48439087944967 0.0003303507066271183 0.998615678 -0.0525986630082672 0.8900231340822328 0.9875784585693594 -0.00859043 -0.1568916579922971 239.28288169391766
153 -0.1576522111315791 -0.059076442 -0.985726003977776 -35.73305905844797 -0.0005899479894731689 0.998214363 -0.05973054037726547 0.8537659445147671 0.987494523208928 -0.008835125 -0.15740555346365526 240.74216757105137
154 -0.15780598576444263 -0.064648058 -0.9853516628692222 -35.9496803742137 -0.003705192785355665 0.997886386 -0.06487705604887156 0.7706501057422231 0.9874631849963491 -0.00658707 -0.15771197836302703 242.06550356960673
155 -0.15753873136802546 -0.066450494 -0.9852745201005405 -36.15306356050053 -0.00565732830322416 0.997777766 -0.06638918934471258 0.7099578807928659 0.9874966035336733 -0.004884847 -0.15756457515670144 243.38735612682297
156 -0.1571624359033961 -0.065308221 -0.9854109827513015 -36.379389270686424 -0.005701930544112695 0.997854389 -0.06522351197603608 0.6875684174233188 0.9875563053537737 -0.004631941 -0.15719760931007562 244.84267229832878
157 -0.15681401150163857 -0.063208351 -0.9856034039657491 -36.578481324787845 -0.00508347702934499 0.997988327 -0.06319381114053517 0.6804690421807277 0.9876150688568889 -0.004899383 -0.15681987107971887 246.15858069572784
158 -0.15629899285465942 -0.063211075 -0.9856850335884276 -36.77472123841767 -0.0040364673652785255 0.997982596 -0.06335964854345238 0.683435801771504 0.987701539892764 -0.005924364 -0.1562388242531811 247.47237401756468
159 -0.15585236759360782 -0.06348489 -0.9857381542965415 -37.0011842684855 -0.002809477975961868 0.997956984 -0.06382762546736613 0.709535116405192 0.9877763643962661 -0.007178277 -0.15571231862450935 248.92727020311716
160 -0.15567590957090693 -0.06495704 -0.9856701238908595 -37.20688163840902 -0.004122205774272836 0.997869582 -0.06510994284262027 0.6817723381070001 0.9877995837449881 -0.006072914 -0.15561202168645472 250.24518100438095
161 -0.1553406000495303 -0.065702272 -0.9856736324201809 -37.40879204359471 -0.005643989878727231 0.997828526 -0.06562299977451748 0.649729461836648 0.9878448473395417 -0.004630784 -0.1553741052239795 251.5617081940023
162 -0.15420518180084658 -0.065060279 -0.9858944781210709 -37.615668277760456 -0.005612351230433747 0.997871252 -0.06497280340556501 0.6499833895186199 0.9880229064712295 -0.004485957 -0.15424205886357698 253.01411137844406
163 -0.15288757849905535 -0.064224304 -0.9861544640831236 -37.81455352945443 -0.0045238690722000895 0.997921052 -0.06428926026754378 0.684767322027424 0.9882332325614948 -0.005367796 -0.15286027641937078 254.31582431454567
164 -0.15105330057584218 -0.064936873 -0.9863904412953327 -38.0261210350038 -0.005061027863582313 0.997877762 -0.06491808282169907 0.681306772873451 0.9885126639417375 -0.004813941 -0.15106137756592555 255.75669532280781
165 -0.14933372518589727 -0.065927771 -0.9865865227436588 -38.21417898439192 -0.007303237054266463 0.997821044 -0.0655730609468046 0.641903828767433 0.9887598801945786 -0.002586994 -0.14948982033699512 257.06419141811966
166 -0.1474768191737163 -0.066503217 -0.9868271936857711 -38.395457662781894 -0.00835895917216308 0.997785108 -0.06599247255803942 0.6287970711439079 0.9890301894068256 -0.001483512 -0.1477060715765577 258.3716623173976
167 -0.14549128828775967 -0.066306612 -0.98713510681353 -38.61174732669849 -0.007256680349108386 0.997796331 -0.06595319075152652 0.6354090800189709 0.9893329193781478 -0.002432291 -0.14565184010616497 259.7919929118053
168 -0.14359843670969719 -0.066870111 -0.9873742333122135 -38.803327717281896 -0.005520663279767546 0.997753112 -0.06677012683027243 0.6578631941596182 0.9896206404106975 -0.004137125 -0.1436449546888266 261.07788434632727
169 -0.14196642689424113 -0.068102864 -0.9875259655697107 -38.99788952290194 -0.0054191360651799836 0.997669015 -0.06802330656369973 0.6468514666141651 0.9898566393232829 -0.004305488 -0.14200456376548024 262.3664509519856
170 -0.14081522254681247 -0.071044487 -0.9874835465850458 -39.199545063156 -0.0065894400488921605 0.997467126 -0.0708231014980904 0.6082216070757818 0.9900139660906304 -0.003466007 -0.1409266986738413 263.79689969627435
171 -0.14009855902741597 -0.071963436 -0.9875189406165504 -39.380978871584894 -0.007549106424578786 0.997403939 -0.07161279959742163 0.5861816221632719 0.9901087843137905 -0.002577965 -0.1402781139563382 265.0924546332108
172 -0.1390947974076942 -0.072832966 -0.9875970825025864 -39.55881920408325 -0.007845291515514961 0.997341434 -0.072446644505627 0.579012930608152 0.9902479937166763 -0.002328964 -0.13929640015335265 266.3943235368442
173 -0.13805528416436147 -0.070720083 -0.9878964564585158 -39.754322864554396 -0.0072025986870921915 0.997492802 -0.07040051203425007 0.5892079283466511 0.9903983344872057 -0.002603741 -0.1382185204303663 267.835421211625
174 -0.13697404747280184 -0.06911351 -0.9881606307430078 -39.92073586055837 -0.00678157247894438 0.997605075 -0.06883403990699476 0.5974756442398019 0.9905514227572092 -0.002727194 -0.1371147030851072 269.1464184124765
175 -0.13590379241807837 -0.067170339 -0.9884423626544268 -40.09779333870478 -0.00529160099518098 0.997733958 -0.06707419864804338 0.5976479418136522 0.9907079073152798 -0.003885195 -0.13595126706826594 270.42999634389037
176 -0.13447158161917144 -0.063691443 -0.988868441572475 -40.28568837353531 -0.0037271563673995575 0.99795766 -0.06377002656456222 0.598425479150464 0.9909104413431732 -0.004889589 -0.1344343327768612 271.8530439353384
177 -0.13320789786069281 -0.062017129 -0.9891458594139388 -40.45274244011356 -0.0025440815862570235 0.998058386 -0.062233312853733284 0.5960147705121099 0.991084851987712 -0.005773502 -0.1331070355586468 273.13927841843923
178 -0.13202124508435936 -0.059924717 -0.9894338877572516 -40.616427643034626 -0.0013685139695379306 0.998181059 -0.06027188434254629 0.5967455262052512 0.9912459422703033 -0.006603115 -0.13186311394654918 274.4262452957166
179 -0.1304821649359426 -0.058686383 -0.9897122379043211 -40.802969962739176 -0.0008093846510950335 0.998252563 -0.05908608497894233 0.6022310237468573 0.9914503265091111 -0.006908622 -0.130301655387652 275.86112546466
180 -0.12925646712484445 -0.058043424 -0.9899109694591581 -40.97602345148108 -0.0015109984236681018 0.998295759 -0.05833776920659682 0.5775297960331509 0.991610045410516 -0.00604478 -0.1291238860515456 277.1533007518427
181 -0.1280659663224343 -0.058091492 -0.9900628697622822 -41.14440379404536 -0.0013065454421857536 0.998292096 -0.05840533522598697 0.5724591133725578 0.9917647908495851 -0.006186173 -0.12792314132180796 278.4458023329082
