1.000000000 0.000000000 0.000000000 0.000000000 0.000000000 1.000000000 0.000000000 0.000000000 0.000000000 0.000000000 1.000000000 0.000000000
0.999037266 -0.000365575 0.043868400 0.043342378 0.000481717 0.999996424 -0.002636976 -0.016460678 -0.043867279 0.002655570 0.999033809 1.022518277
0.996031284 -0.004508216 0.088889308 0.135005265 0.005200847 0.999957860 -0.007561997 -0.036483157 -0.088851474 0.007994285 0.996012807 2.032908916
0.990904748 -0.004079252 0.134503469 0.266329587 0.005681853 0.999917328 -0.011533239 -0.059200536 -0.134445310 0.012192570 0.990845978 3.044903040
0.983555317 -0.001740061 0.180598885 0.440713137 0.004336592 0.999892831 -0.013983491 -0.084646970 -0.180555195 0.014536721 0.983457446 4.041954041
0.973997176 -0.004066250 0.226523653 0.666080296 0.007408382 0.999875844 -0.013905825 -0.114799388 -0.226438984 0.015222408 0.973906398 5.028736115
0.962321520 -0.004714194 0.271873325 0.941813290 0.009217771 0.999840617 -0.015290269 -0.141707301 -0.271757901 0.017220220 0.962211549 6.020586967
0.948748171 -0.007097458 0.315953374 1.257449150 0.013429151 0.999750197 -0.017867181 -0.174668416 -0.315747648 0.021194441 0.948606491 6.981867313
0.933543205 -0.008684309 0.358359665 1.623031497 0.016811475 0.999667168 -0.019569222 -0.206477225 -0.358070433 0.024293268 0.933378458 7.924793720
0.916067898 -0.008402759 0.400935113 2.017856359 0.018084135 0.999628961 -0.020369016 -0.239877313 -0.400615185 0.025909966 0.915879965 8.856089592
0.896416187 -0.008739615 0.443127096 2.457736969 0.019153100 0.999635458 -0.019030025 -0.273215264 -0.442799240 0.025546080 0.896256804 9.752985001
0.874482810 -0.008751420 0.484977573 2.943282843 0.020072415 0.999633670 -0.018154999 -0.310002416 -0.484641045 0.025610905 0.874338150 10.632090569
0.850343347 -0.008858707 0.526153684 3.461517811 0.020871349 0.999639332 -0.016900579 -0.346159726 -0.525814176 0.025352832 0.850221515 11.483222961
0.824664116 -0.008988719 0.565551341 4.008224487 0.022527987 0.999602318 -0.016961996 -0.381635219 -0.565173924 0.026728680 0.824538648 12.298393250
0.797399044 -0.010676506 0.603357911 4.610165119 0.025906056 0.999527335 -0.016550714 -0.414786100 -0.602896035 0.028828148 0.797298789 13.086013794
0.768270552 -0.009188915 0.640059352 5.244194031 0.026250094 0.999508142 -0.017159002 -0.446424156 -0.639586806 0.029984374 0.768133879 13.869752884
0.737776399 -0.012681487 0.674926043 5.925048828 0.031659991 0.999373317 -0.015830558 -0.479289114 -0.674302340 0.033047564 0.737715542 14.598329544
0.705665231 -0.011979603 0.708444178 6.623674870 0.032140911 0.999369025 -0.015115773 -0.512024045 -0.707816064 0.033436716 0.705605030 15.285724640
0.671425700 -0.010314446 0.741000056 7.360314369 0.032989472 0.999327898 -0.015981734 -0.545760632 -0.740337193 0.035175748 0.671314716 15.968236923
0.635784686 -0.011602169 0.771779358 8.122238159 0.037830316 0.999153733 -0.016143976 -0.571876287 -0.770938933 0.039460745 0.635685563 16.588333130
0.598870754 -0.009254121 0.800792217 8.911614418 0.037291158 0.999170840 -0.016341485 -0.603188813 -0.799977005 0.039648905 0.598719239 17.194751740
0.561063766 -0.007927080 0.827734768 9.722302437 0.040282819 0.999030888 -0.017737370 -0.633225441 -0.826791942 0.043295283 0.560839295 17.735427856
0.521904707 -0.006429927 0.852979541 10.577882767 0.045270909 0.998771071 -0.020170560 -0.663762331 -0.851801634 0.049142271 0.521554470 18.267374039
0.482940793 -0.005428504 0.875636160 11.431594849 0.046933927 0.998703837 -0.019694066 -0.688070118 -0.874394238 0.050608113 0.482569575 18.735960007
0.444325864 -0.006778827 0.895839632 12.343467712 0.051912222 0.998485923 -0.018192302 -0.714227200 -0.894359946 0.054588333 0.444005072 19.188846588
0.407335579 -0.007583152 0.913247168 13.239377975 0.056080423 0.998286188 -0.016724279 -0.744838774 -0.911555171 0.058027677 0.407062769 19.580608368
0.371786892 -0.004737657 0.928306043 14.174455643 0.057271905 0.998199165 -0.017843058 -0.768715620 -0.926549733 0.059799671 0.371388674 19.962001801
0.338456035 -0.005525109 0.940966010 15.123668671 0.058340937 0.998182178 -0.015123586 -0.791835964 -0.939171910 0.060015507 0.338163137 20.301219940
0.304973781 -0.006907437 0.952335656 16.077457428 0.060691096 0.998082101 -0.012196334 -0.813337803 -0.950424910 0.061517857 0.304808080 20.608016968
0.272016585 -0.006807956 0.962268472 17.065731049 0.061443713 0.998057306 -0.010307911 -0.836219549 -0.960328937 0.061929271 0.271906435 20.888704300
0.239749551 -0.003763497 0.970827520 18.054225922 0.058961693 0.998202980 -0.010691201 -0.855980992 -0.969042718 0.059804846 0.239540637 21.133470535
0.208714008 -0.001983802 0.977974832 19.073871613 0.058801997 0.998214185 -0.010524349 -0.872441530 -0.976207435 0.059703443 0.208457887 21.356863022
0.178195477 -0.001784064 0.983993530 20.098011017 0.061036497 0.998092711 -0.009243731 -0.891917467 -0.982100308 0.061706707 0.177964509 21.538501740
0.147550106 -0.001861628 0.989052773 21.133016586 0.062756218 0.998000801 -0.007483708 -0.907691002 -0.987061560 0.063173436 0.147371948 21.693552017
0.117193878 -0.002668777 0.993105590 22.191307068 0.061489198 0.998097241 -0.004573999 -0.926602721 -0.991203785 0.061601304 0.117134988 21.818420410
0.087635994 -0.002777818 0.996148705 23.263504028 0.062087659 0.998067081 -0.002678984 -0.939615607 -0.994215846 0.062083315 0.087639093 21.914886475
0.060506344 -0.002469281 0.998164773 24.351570129 0.064974912 0.997885823 -0.001470035 -0.946623445 -0.996050835 0.064944617 0.060538888 21.978826523
0.035407782 -0.001919503 0.999371052 25.458240509 0.069010928 0.997615755 -0.000528925 -0.952395916 -0.996987343 0.068986259 0.035455823 22.009456635
0.012671471 -0.001413677 0.999918699 26.580673218 0.073389530 0.997303247 0.000479946 -0.959713340 -0.997222841 0.073377490 0.012741089 22.021173477
-0.007590532 -0.001381110 0.999970257 27.720539093 0.079111800 0.996863782 0.001977340 -0.962539315 -0.996836841 0.079124458 -0.007457495 22.003662109
-0.025228620 -0.002093267 0.999679685 28.870414734 0.083127193 0.996530175 0.004184508 -0.965637147 -0.996219695 0.083206117 -0.024967074 21.972126007
-0.040641904 -0.001949871 0.999171853 30.042928696 0.086437814 0.996242285 0.005460065 -0.968601346 -0.995427907 0.086588137 -0.040320754 21.916660309
-0.055063486 -0.002365117 0.998480022 31.214080811 0.088935763 0.996010900 0.007263832 -0.970212936 -0.994514167 0.089200556 -0.054633498 21.853149414
-0.068089843 -0.003538039 0.997672975 32.385234833 0.089146018 0.995972157 0.009616097 -0.972572505 -0.993688524 0.089593321 -0.067500234 21.768764496
-0.080312252 -0.003356886 0.996764243 33.573116302 0.088935785 0.995981812 0.010520057 -0.973459303 -0.992794394 0.089492887 -0.079691052 21.677204132
-0.091261983 -0.000622326 0.995826781 34.774200439 0.088888332 0.996002972 0.008768549 -0.969867945 -0.991851926 0.089317612 -0.090841889 21.564319611
-0.101499081 0.002847297 0.994831741 35.991851807 0.089201666 0.995993972 0.006250279 -0.968091488 -0.990828633 0.089375034 -0.101346374 21.443500519
-0.110484719 0.005022744 0.993865192 37.222183228 0.090283170 0.995903552 0.005003426 -0.974445462 -0.989768744 0.090282097 -0.110485554 21.301635742
-0.118116736 0.006343372 0.992979467 38.481994629 0.090078339 0.995925188 0.004352799 -0.966822863 -0.988905609 0.089960076 -0.118206859 21.157424927
-0.124028206 0.007016671 0.992253900 39.768539429 0.089833401 0.995948017 0.004186064 -0.966652870 -0.988203943 0.089656733 -0.124155998 21.000476837
-0.129110694 0.008595902 0.991592944 41.076026917 0.091352575 0.995813251 0.003262102 -0.967456460 -0.987413347 0.091005743 -0.129355431 20.834365845
-0.133683562 0.010224403 0.990971327 42.396141052 0.090064518 0.995934188 0.001874234 -0.966399729 -0.986923039 0.089501910 -0.134060860 20.666347504
-0.137802482 0.011346407 0.990394711 43.733222961 0.090227403 0.995920539 0.001144433 -0.960958481 -0.986341476 0.089518450 -0.138264179 20.483337402
-0.140611410 0.010127789 0.990013123 45.111839294 0.090331353 0.995908260 0.002641643 -0.967291236 -0.985935509 0.089800671 -0.140950918 20.285461426
-0.144135714 0.008152301 0.989524484 46.511627197 0.090475775 0.995886207 0.004974112 -0.971859396 -0.985413253 0.090244927 -0.144280314 20.103324890
-0.145503640 0.006845532 0.989333987 47.898475647 0.090999775 0.995829761 0.006493066 -0.973204553 -0.985163748 0.090973943 -0.145519733 19.898342133
-0.147743106 0.008156798 0.988992155 49.334434509 0.093255676 0.995625794 0.005719726 -0.965648770 -0.984619439 0.093074180 -0.147857547 19.679897308
-0.148808599 0.007589113 0.988836884 50.771804810 0.093102135 0.995636165 0.006369508 -0.962470949 -0.984473467 0.093010664 -0.148865819 19.480915070
-0.149161100 0.008923925 0.988772571 52.245101929 0.095171019 0.995446444 0.005372847 -0.954657316 -0.984222174 0.094903924 -0.149331093 19.245792389
-0.148696661 0.009083807 0.988841116 53.723236084 0.094930455 0.995470703 0.005130430 -0.948576212 -0.984315753 0.094634011 -0.148885489 19.018108368
-0.148483276 0.010531764 0.988858938 55.218223572 0.094418518 0.995526195 0.003574742 -0.947948098 -0.984397352 0.093897380 -0.148813367 18.804958344
-0.146981716 0.010814746 0.989080250 56.738067627 0.095300101 0.995443165 0.003277686 -0.945344806 -0.984537721 0.094741195 -0.147342563 18.574531555
-0.145885825 0.009294953 0.989257812 58.266662598 0.094261438 0.995537102 0.004546779 -0.946314573 -0.984800577 0.093912177 -0.146110892 18.359527588
-0.144843936 0.010032498 0.989403665 59.824626923 0.094935648 0.995476127 0.003804044 -0.945769310 -0.984889567 0.094480671 -0.145141125 18.142547607
-0.143921375 0.010653156 0.989531875 61.425277710 0.094738044 0.995497525 0.003061678 -0.945384264 -0.985043883 0.094186939 -0.144282579 17.910438538
-0.142861128 0.012013471 0.989669979 63.047321320 0.095801741 0.995398879 0.001746177 -0.935950994 -0.985095382 0.095061556 -0.143354774 17.666885376
-0.142088056 0.011342300 0.989789069 64.660140991 0.095693849 0.995408058 0.002330531 -0.943113565 -0.985217571 0.095047861 -0.142521024 17.452133179
-0.140512466 0.009757991 0.990031004 66.308959961 0.097823285 0.995195448 0.004074886 -0.944565535 -0.985234618 0.097420640 -0.140791893 17.201881409
-0.140612245 0.007803578 0.990033984 67.976119995 0.099454425 0.995022297 0.006282384 -0.946076632 -0.985056877 0.099346645 -0.140688419 16.990722656
-0.140221000 0.009064592 0.990078568 69.671913147 0.100644320 0.994909167 0.005145060 -0.938894510 -0.984991610 0.100367248 -0.140419483 16.757736206
-0.138862014 0.011062751 0.990249932 71.331069946 0.103234492 0.994651377 0.003364569 -0.945429087 -0.984916210 0.102695160 -0.139261365 16.510169983
-0.138208151 0.010686006 0.990345538 73.042037964 0.102209598 0.994756639 0.003530306 -0.945756197 -0.985115051 0.101710729 -0.138575673 16.276008606
-0.138389111 0.010373364 0.990323603 74.770889282 0.102832705 0.994690835 0.003950866 -0.961219549 -0.985024810 0.102384411 -0.138721108 16.046569824
-0.138084650 0.009447534 0.990375400 76.509780884 0.103048243 0.994664371 0.004879209 -0.962582827 -0.985045016 0.102730185 -0.138321400 15.808906555
-0.137933254 0.009433643 0.990396619 78.263992310 0.104460157 0.994516134 0.005075360 -0.965727091 -0.984917521 0.104157045 -0.138162374 15.571762085
-0.137662888 0.009487258 0.990433753 80.041122437 0.105461925 0.994410098 0.005133063 -0.960143805 -0.984848619 0.105159678 -0.137893915 15.319038391
-0.137873650 0.010376692 0.990395546 81.843002319 0.105741344 0.994384348 0.004301832 -0.961617947 -0.984789193 0.105318859 -0.138196588 15.076408386
-0.138391733 0.011058637 0.990315914 83.647308350 0.105273604 0.994436741 0.003606800 -0.965045452 -0.984766662 0.104753271 -0.138786077 14.823982239
-0.139304042 0.011575556 0.990182042 85.466323853 0.104476653 0.994522572 0.003072018 -0.976027489 -0.984722853 0.103878848 -0.139750361 14.565559387
-0.140669227 0.012166095 0.989981890 87.294372559 0.103706539 0.994604766 0.002513032 -0.977668047 -0.984610140 0.103021100 -0.141171932 14.317733765
-0.141757846 0.011361570 0.989836216 89.154159546 0.102782428 0.994698405 0.003302439 -0.981235266 -0.984550953 0.102205910 -0.142174006 14.051078796
-0.142498016 0.011007472 0.989733875 91.014961243 0.102979273 0.994676352 0.003764115 -0.989060402 -0.984423459 0.102458455 -0.142872930 13.784255981
-0.142866611 0.009971831 0.989691794 92.904762268 0.100124359 0.994965076 0.004428445 -0.986510754 -0.984664619 0.099724926 -0.143145800 13.508094788
-0.144742370 0.010982495 0.989408493 94.799888611 0.099917024 0.994989336 0.003572585 -0.987224102 -0.984411657 0.099375851 -0.145114422 13.244155884
-0.147207022 0.011729276 0.989036322 96.712165833 0.099223256 0.995060802 0.002967534 -0.992468834 -0.984116435 0.098572232 -0.147643685 12.960136414
-0.151219606 0.012650947 0.988419235 98.638259888 0.099636473 0.995020747 0.002508075 -0.991461754 -0.983465910 0.098861873 -0.151727080 12.668968201
-0.155729890 0.011726542 0.987730145 100.564071655 0.097783633 0.995201170 0.003601746 -1.000975847 -0.982947946 0.097144738 -0.156129241 12.373535156
-0.160855412 0.010998433 0.986916721 102.512428284 0.096085459 0.995362580 0.004568202 -1.005127192 -0.982289732 0.095563166 -0.161166191 12.074913025
-0.165552855 0.011448123 0.986134470 104.462585449 0.094306782 0.995534003 0.004275030 -1.013866901 -0.981681466 0.093706913 -0.165893078 11.764610291
-0.170166373 0.013449923 0.985323548 106.419860840 0.094903409 0.995482564 0.002801319 -1.018296242 -0.980834723 0.093987249 -0.170674086 11.428817749
-0.175065637 0.015373069 0.984436810 108.402832031 0.094584621 0.995516002 0.001274205 -1.022062063 -0.980002999 0.093335643 -0.175734639 11.095863342
-0.179690480 0.015364946 0.983603179 110.386459351 0.093432479 0.995624483 0.001516070 -1.039574385 -0.979276121 0.092172913 -0.180339813 10.740570068
-0.184742928 0.015209392 0.982669234 112.389419556 0.091713712 0.995783746 0.001829903 -1.045990467 -0.978498220 0.090462305 -0.185358882 10.376785278
-0.190226912 0.014458513 0.981633663 114.394599915 0.089891747 0.995947719 0.002750421 -1.056718349 -0.977616072 0.088763975 -0.190755844 10.000289917
-0.195386887 0.013446620 0.980634212 116.387786865 0.089649588 0.995964468 0.004205427 -1.072602749 -0.976620317 0.088735126 -0.195803881 9.614547729
-0.201033473 0.013801629 0.979487181 118.434387207 0.089577161 0.995970368 0.004351242 -1.069711685 -0.975480199 0.088614419 -0.201459646 9.203567505
-0.205504894 0.015445144 0.978534341 120.434799194 0.090455376 0.995895088 0.003277623 -1.074879885 -0.974466980 0.089187250 -0.206058502 8.775207520
-0.212183237 0.016709806 0.977087140 122.473175049 0.089893699 0.995948255 0.002488851 -1.072122574 -0.973086655 0.088362060 -0.212825656 8.366851807
-0.217876315 0.016535483 0.975836277 124.502960205 0.090182319 0.995919943 0.003259335 -1.082382917 -0.971800923 0.088713311 -0.218478560 7.916213989
-0.223158717 0.016185591 0.974647939 126.530410767 0.089332625 0.995994151 0.003913800 -1.089241266 -0.970680296 0.087941244 -0.223710656 7.456985474
-0.228150725 0.017112572 0.973475456 128.568710327 0.088769279 0.996046782 0.003295255 -1.091648102 -0.969570696 0.087166525 -0.228767872 6.984970093
-0.233515620 0.017676156 0.972192407 130.614547729 0.087927371 0.996122360 0.003008461 -1.098312616 -0.968369365 0.086184837 -0.234164357 6.510940552
-0.237915397 0.017040310 0.971136570 132.685485840 0.089066401 0.996016204 0.004343192 -1.101921797 -0.967193723 0.087528944 -0.238485336 6.009460449
-0.242082596 0.016976243 0.970107079 134.752410889 0.091299750 0.995809019 0.005357122 -1.105518341 -0.965950489 0.089867406 -0.242617965 5.503234863
-0.245402813 0.017974943 0.969254613 136.819442749 0.092722140 0.995679438 0.005011057 -1.110578537 -0.964976788 0.091101080 -0.246009231 4.984695435
-0.248594761 0.018082675 0.968438804 138.894927979 0.092750683 0.995675683 0.005217518 -1.121841431 -0.964156628 0.091120414 -0.249196887 4.459548950
-0.252069473 0.018032389 0.967541158 141.014907837 0.091897637 0.995753884 0.005383502 -1.128023624 -0.963335812 0.090271764 -0.252656341 3.909347534
-0.255997419 0.018496444 0.966500521 143.086959839 0.090738058 0.995862365 0.004975470 -1.134251118 -0.962409496 0.088972092 -0.256616473 3.364334106
-0.260601401 0.019439232 0.965250969 145.192718506 0.089864552 0.995945096 0.004204508 -1.135964870 -0.961255252 0.087837525 -0.261291504 2.818466187
-0.265090466 0.018902762 0.964038432 147.291244507 0.088772632 0.996039987 0.004880369 -1.144597054 -0.960128546 0.086873956 -0.265718818 2.249923706
-0.269324183 0.019269858 0.962856889 149.397613525 0.088900626 0.996028304 0.004932981 -1.153022289 -0.958937585 0.086927138 -0.269967556 1.666168213
-0.273588181 0.019658005 0.961646080 151.507476807 0.088391699 0.996074319 0.004785641 -1.161192417 -0.957776845 0.086310819 -0.274251819 1.065490723
-0.277686477 0.019774200 0.960468233 153.620162964 0.087709509 0.996134281 0.004849693 -1.163378239 -0.956659436 0.085588887 -0.278347373 0.457504272
-0.281656384 0.019079950 0.959325671 155.742004395 0.087605640 0.996137738 0.005908759 -1.170058250 -0.955507755 0.085706584 -0.282240033 -0.153594971
-0.286016464 0.019131003 0.958033741 157.862640381 0.088356063 0.996067822 0.006487779 -1.178758144 -0.954142451 0.086503699 -0.286582112 -0.771377563
-0.289390683 0.020308955 0.956995547 159.973541260 0.089963645 0.995926559 0.006069431 -1.181231976 -0.952974021 0.087851249 -0.290038943 -1.410430908
-0.292977214 0.021224113 0.955883920 162.100296021 0.089767329 0.995948136 0.005399880 -1.189383984 -0.951896191 0.087389179 -0.293695331 -2.045700073
-0.296447992 0.022867531 0.954775274 164.212280273 0.089858972 0.995946288 0.004046687 -1.193992138 -0.950812340 0.086994752 -0.297301173 -2.698440552
-0.299614668 0.023882344 0.953761399 166.333267212 0.090525977 0.995887935 0.003500627 -1.195950031 -0.949755907 0.087389022 -0.300544620 -3.363510132
-0.302803874 0.024699314 0.952732801 168.459197998 0.090066560 0.995931804 0.002806317 -1.205214977 -0.948787570 0.086659133 -0.303796530 -4.031585693
-0.306507349 0.024618793 0.951550007 170.602600098 0.090728968 0.995869637 0.003459585 -1.224356174 -0.947534561 0.087393530 -0.307474971 -4.705703735
-0.310224295 0.024708219 0.950342238 172.740814209 0.090307817 0.995907426 0.003586683 -1.234953880 -0.946364284 0.086936012 -0.311185956 -5.404632568
-0.313573480 0.025242379 0.949228346 174.883178711 0.092426226 0.995711267 0.004054131 -1.248210430 -0.945055068 0.089004867 -0.314561725 -6.110946655
-0.317621827 0.025346261 0.947878718 177.039443970 0.094229043 0.995538235 0.004954241 -1.258521557 -0.943523943 0.090891272 -0.318593025 -6.806900024
-0.319883227 0.024887176 0.947130084 179.190841675 0.094847672 0.995474458 0.005876302 -1.262291908 -0.942697585 0.091712810 -0.320796013 -7.530181885
-0.322960973 0.024268588 0.946101248 181.367980957 0.094168536 0.995534360 0.006608736 -1.263239384 -0.941715896 0.091227330 -0.323804140 -8.269546509
-0.325498223 0.025120987 0.945209026 183.538604736 0.093484126 0.995604277 0.005732429 -1.262006760 -0.940910161 0.090227924 -0.326415896 -9.014480591
-0.328714013 0.026727790 0.944051325 185.747375488 0.092504002 0.995704174 0.004019247 -1.269654274 -0.939888418 0.088649705 -0.329774261 -9.773895264
-0.331898332 0.028330635 0.942889631 187.935745239 0.091593035 0.995793819 0.002320626 -1.277161121 -0.938857973 0.087132335 -0.333097100 -10.530624390
-0.335092187 0.029029459 0.941738009 190.134292603 0.090506509 0.995894730 0.001505449 -1.292758942 -0.937828183 0.085737884 -0.336343884 -11.294311523
-0.338290691 0.029803680 0.940569639 192.338897705 0.089035049 0.996028364 0.000461857 -1.312528610 -0.936820328 0.083899908 -0.339600682 -12.067001343
-0.342267156 0.030504836 0.939107418 194.576156616 0.089848898 0.995955348 0.000394913 -1.318815708 -0.935297012 0.084512934 -0.343623638 -12.863769531
-0.346141577 0.029529264 0.937717617 196.828811646 0.089347370 0.995999217 0.001616372 -1.335691929 -0.933918297 0.084342085 -0.347395062 -13.679855347
-0.349842548 0.028585345 0.936372280 199.057312012 0.088594086 0.996064186 0.002692466 -1.346032143 -0.932609916 0.083898984 -0.350998163 -14.514617920
-0.353839636 0.028419673 0.934874237 201.263031006 0.088336557 0.996085703 0.003153948 -1.356533051 -0.931125224 0.083699562 -0.354965091 -15.330520630
-0.357500672 0.028257785 0.933485270 203.503356934 0.087557197 0.996153772 0.003377299 -1.378163815 -0.929799438 0.082940742 -0.358599782 -16.172500610
-0.360708833 0.028988997 0.932228029 205.726501465 0.086858772 0.996217191 0.002629590 -1.388482094 -0.928625345 0.081920683 -0.361862302 -17.038742065
-0.364014864 0.029360747 0.930930257 207.959686279 0.086759441 0.996226132 0.002504789 -1.410676956 -0.927343488 0.081678770 -0.365188479 -17.900527954
-0.366828084 0.030103374 0.929801643 210.173004150 0.087692782 0.996144831 0.002345500 -1.427056313 -0.926146448 0.082397282 -0.368053794 -18.764190674
-0.369691491 0.029801335 0.928676546 212.412719727 0.088423587 0.996077716 0.003235782 -1.436353207 -0.924937606 0.083313152 -0.370876551 -19.656707764
-0.372367740 0.029414829 0.927618980 214.638549805 0.089770362 0.995952547 0.004454221 -1.452362537 -0.923733473 0.084931307 -0.373501182 -20.548614502
-0.374931812 0.029962106 0.926568270 216.868530273 0.090707630 0.995867372 0.004501421 -1.464402199 -0.922604263 0.085734531 -0.376100183 -21.448272705
-0.377697110 0.030800035 0.925416768 219.115936279 0.090657607 0.995874643 0.003855716 -1.475630283 -0.921480358 0.085352369 -0.378931165 -22.369354248
-0.380371213 0.031032251 0.924313188 221.328002930 0.089990571 0.995936155 0.003595826 -1.483901501 -0.920445323 0.084547214 -0.381618023 -23.271209717
-0.383077860 0.032253992 0.923152745 223.541198730 0.089874528 0.995949984 0.002497505 -1.503224373 -0.919333398 0.083924659 -0.384425163 -24.178039551
-0.385792851 0.033509456 0.921976686 225.738098145 0.089811251 0.995957851 0.001382392 -1.517028332 -0.918203592 0.083337195 -0.387242913 -25.099365234
-0.388034940 0.033455439 0.921037376 227.941497803 0.087698191 0.996146798 0.000763728 -1.537814140 -0.917462885 0.081069663 -0.389473677 -26.017089844
-0.391220570 0.034346670 0.919655740 230.151031494 0.088338293 0.996090472 0.000377727 -1.562325478 -0.916047335 0.081388593 -0.392725229 -26.943572998
-0.393493056 0.033870667 0.918703675 232.354370117 0.089863509 0.995952487 0.001771052 -1.584602356 -0.914925218 0.083254814 -0.394944191 -27.889404297
-0.396054149 0.032883894 0.917638123 234.559371948 0.090160310 0.995922029 0.003224115 -1.605110645 -0.913789988 0.084011465 -0.397403836 -28.833618164
-0.398483753 0.032470867 0.916600466 236.745803833 0.089524835 0.995977938 0.003637272 -1.625090599 -0.912795722 0.083507903 -0.399788022 -29.793182373
-0.401520610 0.032701928 0.915266156 238.973922729 0.088302992 0.996088684 0.003148196 -1.646653175 -0.911583304 0.082084790 -0.402837873 -30.758087158
-0.404743075 0.031924523 0.913873017 241.199951172 0.086565636 0.996239901 0.003536987 -1.662569046 -0.910323799 0.080541573 -0.405984759 -31.740600586
-0.407721281 0.031406328 0.912566245 243.431427002 0.086014695 0.996285260 0.004142547 -1.675225258 -0.909046233 0.080183111 -0.408908129 -32.735687256
-0.411085725 0.031609923 0.911048710 245.649841309 0.085642621 0.996317565 0.004075436 -1.696977615 -0.907565057 0.079699941 -0.412279129 -33.722503662
-0.414647818 0.031316955 0.909442961 247.853973389 0.085258558 0.996348441 0.004562873 -1.711854935 -0.905979156 0.079429783 -0.415803671 -34.713287354
-0.418323874 0.030955328 0.907770276 250.047943115 0.084614068 0.996401191 0.005014664 -1.729047298 -0.904348135 0.078907892 -0.419437647 -35.704071045
-0.421666384 0.031028409 0.906219959 252.234008789 0.083956592 0.996457160 0.004947141 -1.741807938 -0.902855814 0.078169182 -0.422777534 -36.713409424
-0.424886942 0.031717941 0.904690623 254.422378540 0.084185556 0.996439457 0.004603042 -1.758641720 -0.901323438 0.078117654 -0.426044226 -37.738891602
-0.427872658 0.032509379 0.903254151 256.609558105 0.085085280 0.996363759 0.004444490 -1.771546841 -0.899825215 0.078755312 -0.429082990 -38.764617920
-0.431704998 0.032172415 0.901440978 258.824371338 0.084741615 0.996390283 0.005022065 -1.785198212 -0.898025513 0.078557618 -0.432873011 -39.799987793
-0.435241342 0.032831535 0.899715006 261.019165039 0.083635800 0.996487975 0.004096330 -1.793237686 -0.896420658 0.077031277 -0.436458588 -40.839599609
-0.438770056 0.033068553 0.897990763 263.183807373 0.084407330 0.996420920 0.004549277 -1.808861256 -0.894626379 0.077793084 -0.439990878 -41.890441895
-0.442143083 0.033837136 0.896305978 265.354522705 0.085032083 0.996368825 0.004331207 -1.823785782 -0.892904758 0.078129776 -0.443414807 -42.952697754
-0.445264578 0.035130326 0.894709647 267.541961670 0.086516805 0.996242583 0.003939309 -1.832130432 -0.891209483 0.079161450 -0.446630836 -44.047943115
-0.448253036 0.037084647 0.893137276 269.711212158 0.088708498 0.996052623 0.003163659 -1.845777035 -0.889494419 0.080646977 -0.449773312 -45.138732910
-0.450861931 0.038207382 0.891775787 271.890319824 0.090566874 0.995885491 0.003120696 -1.860242844 -0.887987375 0.082172342 -0.452467084 -46.241973877
-0.453225732 0.040196326 0.890489161 274.078582764 0.092234448 0.995735288 0.001996777 -1.871578217 -0.886611223 0.083038762 -0.455000401 -47.354034424
-0.456076503 0.042593032 0.888920963 276.271759033 0.093835190 0.995587647 0.000439753 -1.885253906 -0.884980023 0.083612613 -0.458060861 -48.463623047
-0.459172606 0.043431599 0.887284935 278.477966309 0.094838053 0.995492637 0.000350710 -1.892368317 -0.883270442 0.084309399 -0.461221933 -49.591796875
-0.462264895 0.044254746 0.885636926 280.667633057 0.095378600 0.995441079 0.000041983 -1.910164833 -0.881597519 0.084490210 -0.464378357 -50.730163574
-0.465539932 0.044542599 0.883905470 282.872436523 0.094548129 0.995520234 -0.000370111 -1.917447567 -0.879962265 0.083399296 -0.467665792 -51.880371094
-0.468793392 0.045761768 0.882121623 285.073364258 0.095192499 0.995458305 -0.001052365 -1.927793980 -0.878163457 0.083478019 -0.471020460 -53.029907227
-0.471645594 0.045871168 0.880594492 287.283386230 0.094555691 0.995518863 -0.001213788 -1.947659016 -0.876704037 0.082692735 -0.473869443 -54.207427979
-0.474374175 0.046134040 0.879113972 289.512298584 0.093407184 0.995626271 -0.001845423 -1.962489128 -0.875354111 0.081240118 -0.476608634 -55.395935059
-0.476845741 0.046977062 0.877730787 291.748565674 0.095320053 0.995445549 -0.001492657 -1.977279186 -0.873803377 0.082953580 -0.479151845 -56.608276367
-0.479076862 0.046725128 0.876528442 293.988067627 0.096642911 0.995319068 -0.000236196 -1.997111797 -0.872436523 0.084597103 -0.481349945 -57.806701660
-0.480880141 0.047139715 0.875518262 296.219848633 0.097980089 0.995188355 0.000232754 -2.010059834 -0.871294558 0.085895278 -0.483185053 -59.024200439
-0.483327270 0.046721555 0.874192178 298.467529297 0.097563185 0.995229065 0.000750733 -2.019912243 -0.869986415 0.085651822 -0.485579610 -60.254791260
-0.485750794 0.045780417 0.872897625 300.712707520 0.096996903 0.995283067 0.001777819 -2.039397717 -0.868698835 0.085531943 -0.487900138 -61.479309082
-0.487974882 0.045907602 0.871649683 302.962585449 0.098402426 0.995143116 0.002676838 -2.048742294 -0.867293298 0.087078668 -0.490122199 -62.731079102
-0.490256667 0.045808133 0.870373547 305.215362549 0.098583870 0.995123744 0.003155697 -2.052964211 -0.865984797 0.087351888 -0.492382050 -63.982727051
-0.492470622 0.046538346 0.869084179 307.465179443 0.098127179 0.995171189 0.002314049 -2.063588619 -0.864779830 0.086420372 -0.494659185 -65.237121582
-0.495512128 0.048899330 0.867223501 309.713562012 0.097497426 0.995235682 -0.000409586 -2.072210312 -0.863111854 0.084349111 -0.497918963 -66.479888916
-0.498854160 0.048143346 0.865347803 312.011047363 0.095710501 0.995409191 -0.000204251 -2.086206913 -0.861384988 0.082720973 -0.501171827 -67.782440186
-0.503403664 0.046152037 0.862817883 314.302185059 0.093825273 0.995587587 0.001487677 -2.111371517 -0.858942151 0.081703022 -0.505512714 -69.096435547
-0.508463740 0.043815456 0.859968185 316.597351074 0.091473676 0.995801866 0.003348402 -2.114299774 -0.856211185 0.080366977 -0.510337114 -70.425109863
-0.513224363 0.042328782 0.857210040 318.891937256 0.089776926 0.995951414 0.004570985 -2.114446163 -0.853546023 0.079303622 -0.514946699 -71.768920898
-0.517762423 0.042391751 0.854473531 321.204589844 0.090123035 0.995917082 0.005200451 -2.118774891 -0.850764334 0.079700351 -0.519468904 -73.152526855
-0.521702409 0.044153050 0.851984143 323.501159668 0.092827201 0.995668411 0.005242336 -2.116214752 -0.848062217 0.081822246 -0.523541212 -74.552947998
-0.525763869 0.045214757 0.849428058 325.821380615 0.093948558 0.995563686 0.005157095 -2.115139008 -0.845426559 0.082513951 -0.527679324 -75.955444336
-0.529840469 0.045113470 0.846896589 328.129882812 0.094718985 0.995484531 0.006230032 -2.120403290 -0.842791438 0.083518103 -0.531721115 -77.374114990
-0.533502221 0.044041555 0.844651163 330.430480957 0.095118061 0.995432436 0.008175341 -2.120061398 -0.840433121 0.084703147 -0.535254598 -78.811981201
-0.537394285 0.041994747 0.842284858 332.743041992 0.093193144 0.995599627 0.009820319 -2.120141983 -0.838166118 0.083772562 -0.538943172 -80.262695312
-0.541783810 0.041745454 0.839480817 335.050964355 0.092460275 0.995664537 0.010159845 -2.124487877 -0.835417151 0.083123058 -0.543294668 -81.713836670
-0.545946002 0.041366257 0.836798429 337.346618652 0.092187114 0.995681763 0.010924460 -2.120346069 -0.832733035 0.083106205 -0.547402024 -83.180633545
-0.549880981 0.041457389 0.834213436 339.623901367 0.093086258 0.995587170 0.011881764 -2.113878727 -0.830039620 0.084187366 -0.551313519 -84.660644531
-0.553911328 0.040706098 0.831580043 341.897277832 0.093192399 0.995558739 0.013342089 -2.102595329 -0.827343643 0.084887266 -0.555244803 -86.159698486
-0.557746172 0.039713591 0.829061031 344.169403076 0.091721192 0.995686173 0.014009662 -2.092393875 -0.824928224 0.083856292 -0.558982730 -87.658935547
-0.560905099 0.038699694 0.826975286 346.438415527 0.091727294 0.995661616 0.015621375 -2.083948135 -0.822783053 0.084618308 -0.562021494 -89.187805176
-0.563812137 0.038291924 0.825015068 348.719451904 0.092293449 0.995589018 0.016864100 -2.065329552 -0.820730150 0.085651666 -0.564859271 -90.727050781
-0.566519499 0.037556577 0.823192120 351.007263184 0.089826964 0.995822549 0.016386257 -2.046513557 -0.819137871 0.083227985 -0.567526460 -92.293212891
-0.569736958 0.036707487 0.821007133 353.275543213 0.086221918 0.996158540 0.015295021 -2.030039787 -0.817291796 0.079502940 -0.570713282 -93.829772949
-0.573066831 0.035827942 0.818725109 355.550811768 0.082150936 0.996523082 0.013893072 -2.007414341 -0.815380692 0.075220689 -0.574017644 -95.391510010
-0.576208353 0.032963797 0.816637933 357.819030762 0.079798505 0.996681392 0.016073402 -1.995553970 -0.813398004 0.074428104 -0.576926589 -96.956634521
-0.579307199 0.032433022 0.814463913 360.056884766 0.080542952 0.996595681 0.017602369 -1.973772049 -0.811120331 0.075796500 -0.579947352 -98.530303955
-0.582599640 0.032396443 0.812113345 362.293579102 0.079696126 0.996667087 0.017414410 -1.955407143 -0.808842421 0.074867919 -0.583239794 -100.108367920
-0.585983396 0.031552859 0.809708655 364.503479004 0.078108869 0.996787965 0.017684111 -1.938653946 -0.806549907 0.073608018 -0.586565733 -101.672454834
-0.589380860 0.027314201 0.807393551 366.720275879 0.075273797 0.996937037 0.021221856 -1.923317909 -0.804340899 0.073283330 -0.589631677 -103.260467529
-0.592595816 0.025246147 0.805104196 368.922546387 0.073340192 0.997048199 0.022716889 -1.890357018 -0.802154243 0.072508432 -0.592698216 -104.855957031
-0.595708966 0.024313280 0.802832425 371.134460449 0.071668796 0.997163713 0.022980407 -1.851039886 -0.799996614 0.071227662 -0.595761895 -106.469726562
-0.598069668 0.024266163 0.801076770 373.343200684 0.071008325 0.997214973 0.022805978 -1.820314407 -0.798292339 0.070522673 -0.598127127 -108.096710205
-0.600316763 0.024028819 0.799401224 375.513244629 0.071588784 0.997150540 0.023787305 -1.792192459 -0.796551764 0.071508087 -0.600326419 -109.751983643
-0.603180170 0.023427239 0.797260940 377.715545654 0.070912085 0.997185349 0.024347687 -1.751008987 -0.794446528 0.071221478 -0.603143811 -111.390594482
-0.605633974 0.022259355 0.795432031 379.867980957 0.068120047 0.997389495 0.023954988 -1.720614433 -0.792822361 0.068692818 -0.605569243 -113.036621094
-0.608287811 0.018403465 0.793503404 382.022338867 0.057735592 0.998108685 0.021110414 -1.692044258 -0.791614175 0.058654584 -0.608199835 -114.664581299
-0.611579061 0.021124324 0.790901542 384.173706055 0.049934700 0.998681128 0.011938959 -1.677629948 -0.789606273 0.046795044 -0.611827254 -116.310119629
-0.613667250 0.031608272 0.788932025 386.365112305 0.060809899 0.998122573 0.007311283 -1.680817604 -0.787219763 0.052461565 -0.614437222 -117.980346680
-0.615072846 0.032566223 0.787797689 388.548889160 0.067957073 0.997618258 0.011817605 -1.680083275 -0.785536468 0.060805105 -0.615821004 -119.658813477
-0.616290450 0.023633871 0.787164152 390.672607422 0.067933716 0.997419119 0.023240427 -1.656507492 -0.784583330 0.067797840 -0.616305470 -121.355010986
-0.619262457 0.013303134 0.785071373 392.842651367 0.062258136 0.997540355 0.032205623 -1.605168343 -0.782711923 0.068820812 -0.618567586 -123.035675049
-0.622454405 0.006314702 0.782630622 394.973693848 0.054801255 0.997864783 0.035534084 -1.541439056 -0.780735195 0.065007485 -0.621471405 -124.709503174
-0.625308752 0.006344653 0.780351937 397.122497559 0.053968739 0.997924387 0.035132397 -1.477226257 -0.778509319 0.064083189 -0.624353290 -126.401367188
-0.627605438 0.011280129 0.778449953 399.258300781 0.059232567 0.997688711 0.033297732 -1.426251411 -0.776275158 0.067007422 -0.626823068 -128.103271484
-0.629434466 0.018126419 0.776842356 401.368255615 0.064406216 0.997504950 0.028909715 -1.376944542 -0.774380028 0.068230242 -0.629031420 -129.825836182
-0.631980419 0.020553717 0.774711728 403.493225098 0.064897344 0.997540653 0.026475240 -1.337998390 -0.772262335 0.067008570 -0.631760120 -131.528259277
-0.634454131 0.020683847 0.772683978 405.609802246 0.064682275 0.997556448 0.026407454 -1.290653229 -0.770249665 0.066733263 -0.634241700 -133.254211426
-0.636898875 0.020331535 0.770679295 407.649078369 0.066301420 0.997393131 0.028479757 -1.252482414 -0.768091202 0.069235854 -0.636586547 -134.935058594
-0.638849974 0.019966394 0.769072473 409.729766846 0.067373216 0.997274458 0.030074397 -1.201750755 -0.766375899 0.071027905 -0.638453960 -136.671447754
-0.640900612 0.019726753 0.767370343 411.841125488 0.067166492 0.997276723 0.030459886 -1.149898529 -0.764679730 0.071063332 -0.640480280 -138.380126953
-0.641833901 0.020491777 0.766569912 413.925842285 0.067917138 0.997233570 0.030207856 -1.093626976 -0.763830245 0.071451657 -0.641450047 -140.133422852
-0.643459678 0.020476965 0.765206039 416.032104492 0.068306632 0.997190237 0.030753989 -1.052465439 -0.762426257 0.072057597 -0.643050432 -141.881408691
-0.643936515 0.020184882 0.764812887 418.102294922 0.070133567 0.997000337 0.032736395 -0.994954109 -0.761857927 0.074719205 -0.643420458 -143.650756836
-0.645119071 0.018755348 0.763851881 420.170593262 0.070459820 0.996899366 0.035030063 -0.936074257 -0.760826468 0.076419428 -0.644440293 -145.364501953
-0.646242261 0.018067010 0.762918591 422.250671387 0.071890213 0.996715128 0.037292082 -0.873266220 -0.759738743 0.078946091 -0.645418286 -147.121704102
-0.647207141 0.019073443 0.762075543 424.307250977 0.071301535 0.996819139 0.035605509 -0.799503326 -0.758972347 0.077381298 -0.646508455 -148.841186523
-0.648908019 0.019247103 0.760623455 426.385009766 0.067316212 0.997212112 0.032195404 -0.738743782 -0.757883251 0.072094142 -0.648394585 -150.589965820
-0.650051713 0.018696349 0.759659886 428.452514648 0.064487197 0.997448206 0.030633941 -0.679957390 -0.757148683 0.068901986 -0.649598598 -152.358703613
-0.651156902 0.018163364 0.758725703 430.502197266 0.064301595 0.997439325 0.031307202 -0.634419441 -0.756214201 0.069173180 -0.650657415 -154.101928711
-0.651962399 0.017314035 0.758053601 432.545776367 0.062481519 0.997566044 0.030952567 -0.575306892 -0.755672634 0.067544252 -0.651457310 -155.858093262
-0.653074503 0.014801359 0.757149041 434.574645996 0.058028959 0.997847497 0.030545818 -0.531215668 -0.755067110 0.063885264 -0.652527690 -157.563293457
-0.653632164 0.015197239 0.756659985 436.614440918 0.058421977 0.997828186 0.030426143 -0.475716591 -0.754554272 0.064093068 -0.653100491 -159.333496094
-0.654199481 0.013958329 0.756193399 438.630615234 0.058874883 0.997735620 0.032517064 -0.426315308 -0.754027188 0.065793432 -0.653539896 -161.052185059
-0.653604746 0.012860281 0.756726861 440.679138184 0.061760593 0.997427285 0.036393337 -0.363534927 -0.754311979 0.070522755 -0.652717471 -162.846191406
-0.652494431 0.011417237 0.757707536 442.725769043 0.065726288 0.996971130 0.041577231 -0.282587051 -0.754937828 0.076930217 -0.651268482 -164.597229004
-0.651093960 0.011003462 0.758917391 444.789215088 0.070141450 0.996488392 0.045728114 -0.199317932 -0.755749166 0.083004870 -0.649579406 -166.366516113
-0.649417400 0.008138496 0.760388553 446.831665039 0.063592389 0.997021317 0.043640524 -0.115402222 -0.757768452 0.076695845 -0.648000598 -168.102172852
-0.648553371 0.008175205 0.761125386 448.881896973 0.056996275 0.997656643 0.037850626 -0.030889511 -0.759032369 0.067929462 -0.647499561 -169.837219238
-0.646984100 0.005528806 0.762483776 450.952819824 0.051615302 0.997997582 0.036560167 0.023088455 -0.760754824 0.063009664 -0.645973921 -171.543334961
-0.644275188 0.005722096 0.764772475 452.999816895 0.050456438 0.998111427 0.035038572 0.100864410 -0.763127685 0.061162170 -0.643347144 -173.270874023
-0.641555786 0.006463221 0.767049313 455.059814453 0.052862801 0.997959673 0.035805259 0.152009964 -0.765252829 0.063519441 -0.640588522 -175.005920410
-0.638924122 0.006644553 0.769241035 457.146484375 0.054004181 0.997883022 0.036235832 0.217126846 -0.767371833 0.064694181 -0.637930393 -176.725952148
-0.637164831 0.007031078 0.770695567 459.214355469 0.050705206 0.998174429 0.032813642 0.292322159 -0.769057930 0.059985969 -0.636358261 -178.412109375
-0.635674000 0.002882012 0.771952331 461.282836914 0.044664379 0.998455167 0.033051807 0.344123840 -0.770664513 0.055488940 -0.634820700 -180.109375000
-0.634993792 -0.003057671 0.772511244 463.365783691 0.036537074 0.998754203 0.033986140 0.401702881 -0.771652818 0.049806286 -0.634091020 -181.791687012
-0.635121942 -0.006428688 0.772385120 465.471130371 0.029845551 0.999014378 0.032856561 0.473930359 -0.771835089 0.043920182 -0.634304166 -183.478515625
-0.634124398 -0.006830635 0.773200929 467.560455322 0.028419523 0.999079466 0.032133766 0.526909828 -0.772708654 0.042350806 -0.633346438 -185.186035156
-0.633623958 -0.006957806 0.773609936 469.666778564 0.029645354 0.999006748 0.033265989 0.602705002 -0.773073018 0.044012066 -0.632788301 -186.882263184
-0.631619692 -0.007649559 0.775240898 471.728942871 0.031786162 0.998854995 0.035753485 0.679517746 -0.774626732 0.047224525 -0.630653262 -188.595886230
-0.630561829 -0.010018532 0.776074588 473.795166016 0.029818770 0.998865724 0.037122395 0.718931198 -0.775566220 0.046549547 -0.629547954 -190.282531738
-0.629946828 -0.010696413 0.776564717 475.908203125 0.027296189 0.998982430 0.035902578 0.767465591 -0.776158512 0.043813970 -0.629013896 -191.963928223
-0.629150748 -0.009687873 0.777222872 478.022033691 0.026281407 0.999085426 0.033727754 0.845117569 -0.776838779 0.041646358 -0.628320813 -193.675598145
-0.628011823 -0.007664105 0.778166234 480.134094238 0.027797956 0.999092400 0.032274071 0.905488968 -0.777707338 0.041899923 -0.627228737 -195.372497559
-0.626749873 -0.006797628 0.779191077 482.241394043 0.031107977 0.998946488 0.033736765 0.949529648 -0.778599501 0.045383565 -0.625878096 -197.080505371
