1.000000000 0.000000000 0.000000000 0.000000000 0.000000000 1.000000000 0.000000000 0.000000000 0.000000000 0.000000000 1.000000000 0.000000000
0.999986112 0.001170116 0.005144342 0.000581905 -0.001154867 0.999994934 -0.002966219 0.015423426 -0.005147787 0.002960237 0.999982357 0.007490665
0.999940157 0.004812587 0.009822312 0.000085083 -0.004827380 0.999987245 0.001482945 0.034020476 -0.009815049 -0.001530273 0.999950647 0.013697129
0.999915302 0.005639646 0.011727779 0.000810472 -0.005775960 0.999915779 0.011622029 0.056681298 -0.011661247 -0.011688784 0.999863684 0.021781733
0.999918640 0.005409002 0.011551671 0.000410432 -0.005684572 0.999696791 0.023957327 0.081161350 -0.011418583 -0.024021044 0.999646246 0.028513638
0.999931693 0.002326865 0.011451512 -0.001037951 -0.002718228 0.999408603 0.034279618 0.104696944 -0.011364975 -0.034308407 0.999346673 0.035075068
0.999928832 0.000638893 0.011911918 -0.001498384 -0.001135172 0.999129415 0.041702289 0.130208030 -0.011874905 -0.041712847 0.999059081 0.043296080
0.999929130 -0.003506414 0.011375809 -0.002011320 0.002974583 0.998916864 0.046435747 0.156153113 -0.011526311 -0.046398617 0.998856485 0.049730126
0.999928534 -0.006126853 0.010264991 -0.002486064 0.005602647 0.998716414 0.050340224 0.180844650 -0.010560242 -0.050279114 0.998679399 0.055894841
0.999932885 -0.006903024 0.009303894 -0.003369985 0.006384596 0.998485506 0.054644067 0.204291090 -0.009667013 -0.054580998 0.998462558 0.061391760
0.999943733 -0.005621227 0.008995532 -0.003468337 0.005072999 0.998194635 0.059848052 0.225330785 -0.009315711 -0.059799053 0.998166978 0.067192398
0.999953091 -0.000139257 0.009683020 -0.004037780 -0.000516945 0.997703373 0.067732714 0.245004162 -0.009670214 -0.067734547 0.997656524 0.071067452
0.999971807 0.000677730 0.007477150 -0.004932405 -0.001266654 0.996870458 0.079041995 0.263037145 -0.007400181 -0.079049245 0.996843219 0.073399343
0.999962926 0.003509223 0.007863124 -0.005694151 -0.004229380 0.995607793 0.093526818 0.279808372 -0.007500381 -0.093556605 0.995585680 0.076045386
0.999960721 0.004872600 0.007405789 -0.007011070 -0.005663554 0.993822515 0.110836543 0.292026699 -0.006819978 -0.110874131 0.993811071 0.077828854
0.999959886 0.005510730 0.007061291 -0.007969655 -0.006369896 0.991743386 0.128080070 0.298744053 -0.006297173 -0.128119901 0.991738677 0.078365512
0.999987900 0.002730217 0.004093558 -0.008164347 -0.003280458 0.989992619 0.141080931 0.297118634 -0.003667410 -0.141092643 0.989989579 0.077128164
0.999999166 0.001136207 0.000653303 -0.008855396 -0.001219395 0.989289820 0.145959616 0.287040770 -0.000480466 -0.145960286 0.989290357 0.073497035
0.999999940 0.000129777 0.000268386 -0.009923341 -0.000166933 0.989658356 0.143444344 0.269068629 -0.000246994 -0.143444374 0.989658356 0.068232641
0.999984860 0.004147285 0.003616719 -0.010920770 -0.004600037 0.990725756 0.135798708 0.243847623 -0.003019981 -0.135813281 0.990729868 0.061806094
0.999910653 0.010365383 0.008442244 -0.011216911 -0.011341734 0.992056072 0.125284150 0.213284016 -0.007076562 -0.125368699 0.992084980 0.055454582
0.999732494 0.017097022 0.015576554 -0.011241285 -0.018742455 0.993478119 0.112471826 0.178613275 -0.013552032 -0.112733684 0.993532836 0.048664339
0.999370873 0.023918239 0.026186561 -0.011961624 -0.026372204 0.994859278 0.097772673 0.138599142 -0.023713393 -0.098401755 0.994864225 0.039753385
0.998835146 0.031207560 0.036802240 -0.012657766 -0.034157913 0.996007860 0.082471892 0.100757323 -0.034081571 -0.083632909 0.995913625 0.033021078
0.998519361 0.035310764 0.041378710 -0.014326343 -0.038040973 0.997016370 0.067165919 0.062852822 -0.038883571 -0.068640560 0.996883392 0.024845643
0.998412609 0.038290326 0.041305121 -0.015203491 -0.040470947 0.997757196 0.053316776 0.026552025 -0.039170966 -0.054903798 0.997722983 0.017572567
0.998537540 0.037156135 0.039271120 -0.017329633 -0.038709257 0.998467207 0.039557379 -0.007156449 -0.037741125 -0.041019682 0.998445272 0.009261853
0.998552680 0.035844736 0.040095661 -0.018761778 -0.036914364 0.998973310 0.026262272 -0.038281452 -0.039113127 -0.027704367 0.998850644 0.002000436
0.998729169 0.029981196 0.040511191 -0.018286105 -0.030431099 0.999481320 0.010534917 -0.067199342 -0.040174332 -0.011754329 0.999123573 -0.004822754
0.998785496 0.026738964 0.041383501 -0.018428821 -0.026519282 0.999631166 -0.005848468 -0.091894969 -0.041524623 0.004743904 0.999126196 -0.010491464
0.998888373 0.022314815 0.041522287 -0.017931869 -0.021356290 0.999498367 -0.023386737 -0.113764815 -0.042023327 0.022473978 0.998863816 -0.016534314
0.998882413 0.024120677 0.040646221 -0.017780511 -0.022582663 0.999027014 -0.037882529 -0.131985351 -0.041520424 0.036922291 0.998455226 -0.023639979
0.998842835 0.024303431 0.041501470 -0.016606648 -0.022291085 0.998584986 -0.048281461 -0.139689550 -0.042616151 0.047300477 0.997971177 -0.025780946
0.998504639 0.029425532 0.046071835 -0.017097834 -0.027054545 0.998318434 -0.051266968 -0.138295263 -0.047502920 0.049943853 0.997621715 -0.027297534
0.998209596 0.035451390 0.048174411 -0.014509766 -0.033208005 0.998361647 -0.046596460 -0.129888192 -0.049747393 0.044913258 0.997751474 -0.026158972
0.997896850 0.040316559 0.050758842 -0.013125503 -0.038524546 0.998616099 -0.035801519 -0.114084974 -0.052131992 0.033770762 0.998069048 -0.022647209
0.997911155 0.037658196 0.052489806 -0.012330252 -0.036457006 0.999055147 -0.023657179 -0.090299018 -0.053331099 0.021694141 0.998341203 -0.016103873
0.998320699 0.029778445 0.049689140 -0.009304133 -0.029814666 0.999555469 -0.000012248 -0.035359360 -0.049667414 -0.001469238 0.998764753 -0.001470929
0.998277843 0.033153955 0.048395872 -0.005827602 -0.033525303 0.999414206 0.006881448 -0.004065508 -0.048139375 -0.008492082 0.998804510 0.008131697
0.998505712 0.029654387 0.045901492 -0.003068810 -0.030148419 0.999494314 0.010108075 0.029558796 -0.045578532 -0.011476828 0.998894811 0.018165145
0.998890519 0.028175676 0.037734371 -0.000510390 -0.028865779 0.999423563 0.017870130 0.095189497 -0.037209116 -0.018939536 0.999127984 0.033181470
0.999138117 0.023409171 0.034278493 0.000216558 -0.024353240 0.999328196 0.027387628 0.128121316 -0.033614341 -0.028198816 0.999036968 0.040340479
0.999003828 0.021713430 0.038985197 0.000614070 -0.023313740 0.998884022 0.041075014 0.159802824 -0.038049810 -0.041942988 0.998395205 0.046319682
0.998772025 0.017780701 0.046241894 0.001204482 -0.021180160 0.997026205 0.074095719 0.215667754 -0.044786904 -0.074984141 0.996178448 0.060230903
0.998976469 0.014687801 0.042781439 0.006971723 -0.018232200 0.996326387 0.083674058 0.275410682 -0.041395288 -0.084368423 0.995574415 0.060818814
0.998949945 0.017901268 0.042172574 -0.000650030 -0.022263223 0.994186580 0.105344445 0.253781855 -0.040041607 -0.106172726 0.993541181 0.066623069
0.999100029 0.017908482 0.038450129 -0.001739293 -0.022309329 0.992850184 0.117263906 0.261020064 -0.036075197 -0.118016168 0.992356181 0.069271535
0.999174178 0.017925719 0.036464181 -0.003071879 -0.022333290 0.991992772 0.124304533 0.260788858 -0.033943951 -0.125016242 0.991573870 0.068782888
0.999281287 0.018058212 0.033328786 -0.004515388 -0.022135686 0.991740108 0.126338944 0.251061767 -0.030772040 -0.126985908 0.991427064 0.066667274
0.999369979 0.017545383 0.030850559 -0.009657959 -0.020809662 0.993835986 0.108890072 0.208885014 -0.028749878 -0.109463461 0.993574977 0.055188153
0.999259055 0.020614244 0.032502286 -0.012558164 -0.023614222 0.995216608 0.094796039 0.179971367 -0.030392667 -0.095493317 0.994965971 0.047525320
0.999175191 0.021823669 0.034244921 -0.013296396 -0.024525417 0.996447325 0.080568157 0.150446102 -0.032364968 -0.081341572 0.996160686 0.040961564
0.999136209 0.019954739 0.036450475 -0.013384873 -0.022374915 0.997485757 0.067242488 0.134938508 -0.035017025 -0.067999981 0.997070611 0.036780056
0.998720527 0.026620157 0.042996757 -0.014251700 -0.029354559 0.997500777 0.064269334 0.086531036 -0.041178439 -0.065449253 0.997005880 0.026186839
0.998453140 0.027202979 0.048490584 -0.014708054 -0.030068865 0.997782052 0.059386984 0.053900648 -0.046767533 -0.060753178 0.997056603 0.017785169
0.998238981 0.022431584 0.054916460 -0.013847585 -0.025103701 0.998509526 0.048461657 -0.013946483 -0.053747538 -0.049754918 0.997314215 0.001602974
0.997958660 0.017220959 0.061497591 -0.012224662 -0.019569557 0.999093890 0.037794199 -0.041482139 -0.060791016 -0.038920529 0.997391403 -0.005275289
0.997428298 0.012929506 0.070495918 -0.010560607 -0.014709187 0.999584615 0.024784757 -0.074544035 -0.070146181 -0.025757955 0.997204125 -0.011595543
0.996767342 0.008268399 0.079915874 -0.006579999 -0.007644012 0.999937832 -0.008115835 -0.131752253 -0.079978012 0.007478721 0.996768594 -0.026507763
0.996510625 0.008400071 0.083042055 -0.004488999 -0.006350385 0.999669373 -0.024915906 -0.150725618 -0.083223902 0.024301616 0.996234536 -0.032156691
0.996478915 0.011435205 0.083060235 -0.004469996 -0.008433418 0.999301672 -0.036401249 -0.160901323 -0.083418489 0.035572596 0.995879471 -0.036145452
0.995870233 0.018516058 0.088879615 -0.001971069 -0.014935427 0.999056339 -0.040783685 -0.165570036 -0.089550897 0.039287802 0.995207071 -0.039352871
0.995724082 0.022092262 0.089696929 -0.001196125 -0.018665636 0.999070168 -0.038863074 -0.153146684 -0.090472102 0.037022650 0.995210588 -0.035240047
0.995862842 0.023546699 0.087765485 -0.000048934 -0.020565206 0.999185383 -0.034721993 -0.137707695 -0.088511579 0.032773428 0.995535851 -0.030745780
0.996139824 0.024140494 0.084396258 0.002838629 -0.022027504 0.999422371 -0.025878834 -0.090252049 -0.084972233 0.023919897 0.996096134 -0.013546924
0.996545076 0.022323573 0.079997115 0.004863642 -0.020653537 0.999552429 -0.021643292 -0.059926480 -0.080444470 0.019916292 0.996560097 -0.003297153
0.996813476 0.025899624 0.075445779 0.006376755 -0.024839057 0.999579489 -0.014962093 -0.028473543 -0.075801566 0.013040415 0.997037649 0.003715727
0.996977508 0.029800519 0.071747892 0.011258158 -0.029866310 0.999553919 -0.000155901 0.040746786 -0.071720526 -0.001987415 0.997422814 0.023404868
0.996506929 0.033119123 0.076662026 0.013423151 -0.034056298 0.999359906 0.010949498 0.075038537 -0.076250322 -0.013522075 0.996996999 0.032459110
0.997004211 0.029633190 0.071445413 0.012668237 -0.031737372 0.999089897 0.028498331 0.106663086 -0.070535891 -0.030680446 0.997037292 0.041426796
0.997869611 0.012466040 0.064037636 0.014100611 -0.017123474 0.997206569 0.072703771 0.168764845 -0.062952422 -0.073645428 0.995295584 0.056484606
0.998132110 0.003109702 0.061013699 0.016932877 -0.008888102 0.995469451 0.094665423 0.196920380 -0.060442891 -0.095030889 0.993637681 0.066596866
0.998029292 0.004703367 0.062572852 0.015818099 -0.011489550 0.994025707 0.108539715 0.221780121 -0.061688524 -0.109044753 0.992120862 0.071036994
0.997996569 0.015881697 0.061241999 0.015955973 -0.023429345 0.991934359 0.124568217 0.259748310 -0.058769692 -0.125753507 0.990319252 0.074757673
0.998251259 0.019122858 0.055935524 0.014604620 -0.026119977 0.991537035 0.127169207 0.271047324 -0.053030308 -0.128407851 0.990302563 0.075769499
0.998516202 0.023203077 0.049264871 0.012914496 -0.029336922 0.991380990 0.127683327 0.276607871 -0.045877609 -0.128939152 0.990590692 0.075437561
0.998881459 0.020709900 0.042507652 0.011539169 -0.025975376 0.991521716 0.127318442 0.273726195 -0.039510511 -0.128280178 0.990950584 0.073478714
0.999021173 0.021816302 0.038480226 0.010407205 -0.026571043 0.991452575 0.127733305 0.263786227 -0.035364654 -0.128630742 0.991061807 0.071234249
0.999034643 0.023433341 0.037157401 0.009673150 -0.027987996 0.991479099 0.127223909 0.247320518 -0.033859506 -0.128141046 0.991177797 0.067629158
0.999025106 0.024148442 0.036954790 0.008573980 -0.028567983 0.991850257 0.124165073 0.225641459 -0.033655223 -0.125099748 0.991573155 0.062971450
0.998797596 0.028095055 0.040174406 0.005107680 -0.032603700 0.992669821 0.116377227 0.169746533 -0.036610294 -0.117547132 0.992392242 0.050458122
0.998247743 0.034523588 0.048058558 0.003871597 -0.039774016 0.992801845 0.112971321 0.134537339 -0.043812450 -0.114684843 0.992435336 0.042582177
0.997722089 0.039449394 0.054720581 0.005178496 -0.045071468 0.993382931 0.105635673 0.100987397 -0.050191227 -0.107861385 0.992898166 0.038913991
0.997446716 0.041295357 0.058264602 0.004932641 -0.046734009 0.994350970 0.095299833 0.066017196 -0.054000024 -0.097779438 0.993741989 0.033137146
0.997266114 0.040530920 0.061786018 0.003543319 -0.045540690 0.995594800 0.081957266 0.028777055 -0.058192037 -0.084546983 0.994718790 0.025164844
0.996624470 0.036997281 0.073286019 0.003959506 -0.040258780 0.998240292 0.043537814 -0.043220777 -0.071546279 -0.046341255 0.996360183 0.011907065
0.996091962 0.038251575 0.079609111 0.002056885 -0.040096760 0.998959959 0.021709481 -0.077993661 -0.078695886 -0.024816707 0.996589720 0.003211839
0.995513201 0.037671629 0.086800434 0.001742267 -0.037953638 0.999278247 0.001600321 -0.107914373 -0.086677492 -0.004887533 0.996224463 -0.004003257
0.995257199 0.037973061 0.089560740 0.002757114 -0.036762241 0.999209464 -0.015131128 -0.135127112 -0.090064511 0.011766911 0.995866418 -0.011133903
0.995406747 0.031267822 0.090486370 -0.000660766 -0.027938850 0.998893678 -0.037825707 -0.175744131 -0.091568992 0.035123881 0.995179117 -0.025181845
0.995434046 0.024910875 0.092144027 -0.000712240 -0.021067459 0.998876393 -0.042451143 -0.186619282 -0.093097992 0.040316071 0.994840384 -0.027618533
0.995139122 0.023015708 0.095751680 -0.001172085 -0.019055642 0.998933017 -0.042068549 -0.189828038 -0.096617743 0.040039450 0.994515896 -0.028743306
0.994783342 0.019413726 0.100145869 -0.003513471 -0.016115429 0.999304116 -0.033639483 -0.180539757 -0.100729249 0.031850103 0.994403958 -0.026544958
0.994319558 0.017917877 0.104916863 -0.000882702 -0.015039166 0.999490142 -0.028165204 -0.164046079 -0.105368033 0.026427351 0.994082093 -0.016578466
0.993727446 0.018115252 0.110352218 0.001102377 -0.015756404 0.999629140 -0.022210367 -0.142565444 -0.110713638 0.020332297 0.993644357 -0.010185273
0.992188036 0.029372882 0.121243887 0.007305331 -0.028319899 0.999544799 -0.010399256 -0.095682703 -0.121494152 0.006884404 0.992568254 0.006811391
0.991594255 0.038559433 0.123507030 0.011070319 -0.038329680 0.999256194 -0.004236679 -0.069706343 -0.123578526 -0.000532918 0.992334664 0.015281064
0.991313994 0.042020958 0.124622799 0.013061372 -0.042675231 0.999085665 0.002583906 -0.043083794 -0.124400273 -0.007879768 0.992200851 0.024448309
0.992424726 0.047385078 0.113348112 0.016528863 -0.050263431 0.998478651 0.022670694 0.009214926 -0.112101421 -0.028196223 0.993296683 0.036220606
0.993615866 0.048251156 0.101977080 0.017519537 -0.051993325 0.998056114 0.034360975 0.034247529 -0.100120887 -0.039443739 0.994193137 0.038669463
0.994928539 0.046968404 0.088944778 0.017576519 -0.051320247 0.997562051 0.047288723 0.056052294 -0.086506858 -0.051613566 0.994913340 0.037871875
0.996162653 0.042162381 0.076696269 0.017608505 -0.046940170 0.996996701 0.061597448 0.073538318 -0.073868826 -0.064961210 0.995149970 0.036468443
0.997992039 0.030396760 0.055569541 0.018614480 -0.035469454 0.995061636 0.092705138 0.098620892 -0.052477181 -0.094490014 0.994141757 0.030630609
0.998694599 0.021479120 0.046344317 0.018783016 -0.026423328 0.993706167 0.108856894 0.106037274 -0.043714486 -0.109939359 0.992976546 0.027240703
0.999140322 0.014034684 0.039007913 0.018153304 -0.018912308 0.991641223 0.127632543 0.110603526 -0.036890574 -0.128260553 0.991054118 0.022734029
0.999408066 0.007361859 0.033604991 0.016987266 -0.012184792 0.989260197 0.145656556 0.113160588 -0.032171775 -0.145979807 0.988764346 0.016991958
0.999177992 -0.002806729 0.040440135 0.016346015 -0.004961186 0.981634140 0.190708816 0.114484370 -0.040232684 -0.190752685 0.980813324 0.009736959
0.998533905 -0.005646338 0.053834949 0.016431540 -0.006064680 0.976613343 0.214917615 0.114439584 -0.053789429 -0.214929014 0.975147307 0.006952972
0.997772753 -0.011815639 0.065649584 0.015705414 -0.004062366 0.971596241 0.236609995 0.112882502 -0.066580586 -0.236349717 0.969384253 0.004144168
0.996946096 -0.017697113 0.076061368 0.013322134 -0.002285912 0.966953695 0.254941821 0.111492798 -0.078059554 -0.254337102 0.963960230 0.000997774
0.996500432 -0.023875359 0.080105029 0.010669922 0.001197554 0.962318480 0.271922231 0.109871104 -0.083578788 -0.270874709 0.958979368 -0.003020658
0.996094584 -0.033885982 0.081531383 0.006811874 0.007043205 0.950973153 0.309193343 0.109050423 -0.088011473 -0.307411551 0.947497845 -0.011814253
0.995846868 -0.039359473 0.082096726 0.005772816 0.010138026 0.944055498 0.329630792 0.108799934 -0.090477958 -0.327429473 0.940533698 -0.017789755
0.995579481 -0.046558842 0.081570558 0.005294947 0.015239082 0.937052488 0.348855823 0.109450594 -0.092678219 -0.346070647 0.933619738 -0.023265529
0.995548666 -0.047738805 0.081263974 0.005479866 0.014608736 0.929969907 0.367345363 0.110428110 -0.093109682 -0.364523023 0.926527679 -0.029416963
0.995590448 -0.047539007 0.080868728 0.006565290 0.012986583 0.923625290 0.383076578 0.110951036 -0.092903480 -0.380337179 0.920169890 -0.035378952
0.996165931 -0.045122638 0.074949078 0.011946557 0.011162124 0.915274143 0.402676880 0.109254964 -0.086768791 -0.400296390 0.912268579 -0.044064689
0.996125460 -0.047424711 0.074060895 0.016614586 0.013535595 0.914781153 0.403723001 0.107011229 -0.086895950 -0.401156276 0.911878705 -0.046153285
0.996289134 -0.046260312 0.072580904 0.021123223 0.013459430 0.916642666 0.399481058 0.104427531 -0.085010864 -0.397021741 0.913863719 -0.047128949
0.996595681 -0.047503103 0.067383334 0.025750911 0.017306669 0.919649363 0.392358869 0.102372669 -0.080607302 -0.389856994 0.917340696 -0.047003068
0.996832013 -0.046937589 0.064209096 0.030190978 0.018679064 0.922875762 0.384644479 0.100449055 -0.077311307 -0.382226557 0.920828879 -0.045847014
0.997413099 -0.039542329 0.060029671 0.035811290 0.014410104 0.928140938 0.371949941 0.099930555 -0.070423760 -0.370122701 0.926309705 -0.041903578
0.997756183 -0.036311463 0.056250166 0.036831513 0.013126417 0.929940641 0.367475271 0.099586040 -0.065652877 -0.365912378 0.928330660 -0.039681774
0.998157024 -0.029797990 0.052864704 0.037571836 0.008437187 0.930824935 0.365368009 0.098810628 -0.060095016 -0.364248604 0.929360807 -0.037476998
0.998568177 -0.022585528 0.048492029 0.040117726 0.002999450 0.928712368 0.370788872 0.097429648 -0.053409606 -0.370112538 0.927450359 -0.032164402
0.998648822 -0.019329272 0.048238255 0.042668995 -0.000201152 0.926806331 0.375539571 0.096561924 -0.051966429 -0.375041842 0.925550163 -0.029623834
0.998751342 -0.018201094 0.046523586 0.047059692 -0.000728692 0.925861776 0.377861679 0.096084252 -0.049951904 -0.377423763 0.924692452 -0.026917398
0.998630822 -0.021856578 0.047526740 0.060408141 0.002096531 0.924524188 0.381117612 0.094251066 -0.052269548 -0.380496144 0.923304200 -0.021349613
0.998465598 -0.024017857 0.049895987 0.069908991 0.003122844 0.924032927 0.382300168 0.093673714 -0.055287562 -0.381557733 0.922690094 -0.017490868
0.998318553 -0.027293723 0.051138032 0.081154652 0.005576279 0.923337340 0.383949280 0.092281632 -0.057697061 -0.383018523 0.921936989 -0.014645942
0.998137236 -0.031668946 0.052145854 0.093675256 0.009095049 0.922410846 0.386103034 0.091358691 -0.060327377 -0.384909540 0.920980573 -0.011562936
0.997912049 -0.036746409 0.053114921 0.107945859 0.013254894 0.921389878 0.388413459 0.089856885 -0.063212350 -0.386898458 0.919953167 -0.008957451
0.997374415 -0.044906240 0.056813184 0.141236871 0.019326180 0.921121597 0.388794899 0.086872399 -0.069791168 -0.386676103 0.919570982 -0.005307090
0.996908128 -0.049279783 0.061202243 0.159435824 0.021996757 0.922773778 0.384713769 0.084951207 -0.075434431 -0.382178038 0.921004653 -0.002709105
0.996341705 -0.054308333 0.065983303 0.178178728 0.025373913 0.925284982 0.378422946 0.082581215 -0.081604876 -0.375364304 0.923278034 -0.000272582
0.995571554 -0.061289165 0.071280457 0.197545126 0.030506235 0.927846670 0.371712148 0.079561934 -0.088919260 -0.367891520 0.925607443 0.001885015
0.993981063 -0.071432456 0.083060652 0.235430285 0.036376726 0.930372655 0.364806026 0.076782182 -0.103336357 -0.359588802 0.927371264 0.006469226
0.993178010 -0.074730888 0.089513950 0.253393471 0.036856569 0.929474235 0.367041171 0.077149808 -0.110630229 -0.361238062 0.925887704 0.008099664
0.992077589 -0.079193823 0.097521521 0.271025330 0.037189439 0.926621377 0.374152094 0.077889659 -0.119996056 -0.367561132 0.922225475 0.009425081
0.990899980 -0.082090892 0.106668957 0.287569404 0.034900896 0.922084570 0.385411531 0.079022005 -0.129996568 -0.378181428 0.916558623 0.010562890
0.989650488 -0.088150963 0.113231368 0.302320749 0.036613490 0.918072641 0.394717783 0.080815926 -0.138749361 -0.386486858 0.911798537 0.012143683
0.989195406 -0.090515479 0.115322895 0.326185167 0.036480691 0.913869023 0.404366910 0.085033961 -0.141991481 -0.395790845 0.907297134 0.014613302
0.989330351 -0.090191089 0.114416249 0.335345298 0.036379665 0.913397789 0.405439258 0.086265430 -0.141074553 -0.396950930 0.906933248 0.015363763
0.989445508 -0.090740144 0.112977184 0.342045248 0.037674554 0.913938820 0.404099613 0.087524556 -0.139922291 -0.395578176 0.907711267 0.016248340
0.989711344 -0.091437429 0.110048279 0.346758932 0.040063515 0.915484488 0.400353670 0.089253679 -0.137354806 -0.391825646 0.909728706 0.017288934
0.989981472 -0.093490414 0.105812408 0.349269658 0.044608500 0.918100536 0.393829226 0.090920649 -0.133965686 -0.385163486 0.913073003 0.017245796
0.989986718 -0.094833344 0.104560494 0.348612249 0.046489026 0.918434441 0.392831981 0.091667816 -0.133285522 -0.384037524 0.913646638 0.016584454
0.989605784 -0.093721241 0.109072089 0.344520867 0.043558296 0.918182790 0.393755108 0.091874361 -0.137051329 -0.384911329 0.912721336 0.015776299
0.989499569 -0.092361905 0.111174822 0.339213192 0.041483454 0.918305933 0.393691927 0.091048732 -0.138454631 -0.384946078 0.912494838 0.014511335
0.989449561 -0.092476651 0.111524366 0.330493778 0.041522492 0.918499649 0.393235683 0.089421928 -0.138800204 -0.384456068 0.912648916 0.012453931
0.990181565 -0.092083700 0.105171584 0.309315354 0.043652769 0.918435335 0.393155187 0.088117994 -0.132796481 -0.384703994 0.913437426 0.007282525
0.990920246 -0.088675678 0.101062648 0.295710802 0.041758843 0.917480886 0.395581931 0.088587105 -0.127801538 -0.387769908 0.912853360 0.004121512
0.991516113 -0.086862542 0.096698940 0.281072021 0.041453809 0.916394234 0.398124576 0.089717112 -0.123196460 -0.390738398 0.912220478 0.002094056
0.992037177 -0.085588492 0.092395224 0.264420688 0.041851602 0.915946245 0.399112731 0.090783380 -0.118788511 -0.392067760 0.912234724 -0.000004546
0.993251085 -0.081662707 0.082361922 0.226751670 0.042464308 0.916850924 0.396965027 0.091580741 -0.107930839 -0.390788496 0.914130926 -0.004909748
0.993931592 -0.078063287 0.077498771 0.205996826 0.041429047 0.918316543 0.393672943 0.091217309 -0.101899810 -0.388073266 0.915977955 -0.007543549
0.994636416 -0.073682472 0.072589941 0.184158325 0.039847981 0.920604348 0.388458192 0.090365037 -0.095449172 -0.383482099 0.918602705 -0.011317627
0.995361567 -0.068746746 0.067299165 0.162272513 0.037775267 0.922646523 0.383792192 0.088946857 -0.088477798 -0.379469752 0.920963824 -0.014413282
0.996206820 -0.062992513 0.060032431 0.116066992 0.035859697 0.925780773 0.376356363 0.086211413 -0.079284504 -0.372776031 0.924528003 -0.020475710
0.996629775 -0.059198365 0.056785677 0.091992058 0.033571392 0.925967634 0.376107514 0.085793547 -0.074846648 -0.372933596 0.924834311 -0.022771155
0.997170866 -0.053897481 0.052395821 0.067585260 0.030122543 0.925154924 0.378392726 0.085695848 -0.068868667 -0.375743926 0.924161017 -0.025796747
0.997568190 -0.050122712 0.048429821 0.043025885 0.027876152 0.923790276 0.381882757 0.087189749 -0.063879997 -0.379604042 0.922941029 -0.027690198
0.998287201 -0.040412571 0.042301863 -0.004361629 0.020953810 0.922087610 0.386413515 0.088901594 -0.054621987 -0.384865284 0.921355069 -0.031213645
0.998436034 -0.038800199 0.040248901 -0.028442940 0.020340696 0.922722459 0.384928048 0.090028629 -0.052073848 -0.383507341 0.922068596 -0.032870218
0.998631239 -0.037242461 0.036724452 -0.052427694 0.020416409 0.923996449 0.381855637 0.092204273 -0.048154507 -0.380583167 0.923492074 -0.034443442
0.998807073 -0.034659706 0.034396987 -0.075403616 0.019024489 0.924956918 0.379595488 0.093625166 -0.044972401 -0.378488272 0.924512923 -0.036323253
0.998975754 -0.032241829 0.031748474 -0.098940089 0.017915763 0.926124930 0.376791358 0.095741406 -0.041551493 -0.375836611 0.925753951 -0.037987549
0.999355614 -0.027490117 0.023079056 -0.144579470 0.016791515 0.926345587 0.376300246 0.100126095 -0.031723719 -0.375670254 0.926210284 -0.041365001
0.999570727 -0.024015242 0.016781896 -0.167291626 0.015835958 0.924785554 0.380159080 0.103044175 -0.024649266 -0.379730135 0.924768865 -0.042621989
0.999743164 -0.020702075 0.009222928 -0.186591327 0.015537755 0.922341824 0.386062413 0.106588654 -0.016498985 -0.385819942 0.922426581 -0.043702215
0.999811471 -0.017147847 -0.009111376 -0.220919877 0.019352764 0.918423831 0.395124167 0.112726264 0.001592576 -0.395226002 0.918582559 -0.045998808
0.999699473 -0.016171357 -0.018423194 -0.235373661 0.022132410 0.918542325 0.394702643 0.114761293 0.010539606 -0.394991785 0.918624163 -0.047207732
0.999607086 -0.013723761 -0.024439748 -0.247590765 0.022174407 0.920529306 0.390043736 0.115311503 0.017144639 -0.390432417 0.920471966 -0.048725862
0.999475062 -0.012409148 -0.029927483 -0.257871896 0.022946129 0.923254490 0.383503020 0.115894757 0.022871738 -0.383988410 0.923054576 -0.049422424
0.999276817 -0.012346121 -0.035963617 -0.264774829 0.024989979 0.926104248 0.376439154 0.116337702 0.028658496 -0.377065659 0.925743043 -0.049928196
0.999241889 -0.008761138 -0.037932888 -0.269034803 0.022233929 0.928245604 0.371302813 0.114949167 0.031958003 -0.371864706 0.927736700 -0.052589305
0.999341607 -0.006419328 -0.035708353 -0.266505331 0.019304002 0.927420199 0.373522669 0.113793932 0.030718883 -0.373966068 0.926933527 -0.054538168
0.999491513 -0.006561495 -0.031204294 -0.260738343 0.017795552 0.926806569 0.375117123 0.113673471 0.026459018 -0.375481665 0.926452041 -0.055243634
0.999824345 -0.006565773 -0.017553657 -0.240723088 0.012694672 0.926290870 0.376595408 0.111394890 0.013787153 -0.376752079 0.926211536 -0.058223624
0.999928951 -0.005775549 -0.010428618 -0.226722419 0.009256073 0.927433789 0.373872846 0.110068902 0.007512532 -0.373942822 0.927421331 -0.059576031
0.999975920 -0.005960044 -0.003558622 -0.210047945 0.006855292 0.928493619 0.371285111 0.108214691 0.001091282 -0.371300548 0.928512096 -0.060569018
0.999980152 -0.005676035 0.002736011 -0.192435578 0.004269868 0.929733872 0.368207365 0.106595166 -0.004633720 -0.368188381 0.929739714 -0.061499383
0.999856174 -0.009106541 0.014306481 -0.152324259 0.003221107 0.930217087 0.366995662 0.103579499 -0.016650194 -0.366896778 0.930112660 -0.063040666
0.999719083 -0.013194944 0.019687846 -0.130653471 0.004980783 0.929106832 0.369777858 0.103072725 -0.023171309 -0.369575918 0.928911567 -0.062479932
0.999520004 -0.021928441 0.021884745 -0.085743390 0.011993076 0.925197303 0.379296958 0.103355415 -0.028565098 -0.378852427 0.925016165 -0.060404934
0.999389231 -0.025425151 0.023973294 -0.062054384 0.014244608 0.922844350 0.384909630 0.102400184 -0.031910002 -0.384333044 0.922642887 -0.059822965
0.999269128 -0.026941670 0.027116662 -0.037999038 0.014319689 0.921574831 0.387936503 0.101876840 -0.035441693 -0.387264669 0.921287119 -0.058200303
0.999262154 -0.029016951 0.025163084 0.009332929 0.017062701 0.922335804 0.386012375 0.101818778 -0.034409713 -0.385298222 0.922150373 -0.053872157
0.999260306 -0.030278454 0.023708845 0.031514633 0.018824439 0.922721624 0.385007024 0.101133898 -0.033534080 -0.384275913 0.922609091 -0.051018201
0.999153078 -0.033592448 0.023762632 0.052836414 0.021858796 0.922597706 0.385143727 0.099913269 -0.034861270 -0.384298116 0.922550619 -0.049769256
0.998946428 -0.038405847 0.025120394 0.093975306 0.025622264 0.920880079 0.389003098 0.099599905 -0.038072862 -0.387949586 0.920893908 -0.044380967
0.998814225 -0.039430548 0.028554494 0.112226337 0.025116032 0.919795156 0.391594291 0.100886345 -0.041705061 -0.390412748 0.919694841 -0.041110855
0.998510778 -0.043496627 0.032927524 0.127624691 0.027017321 0.918626785 0.394201577 0.102283970 -0.047394548 -0.392724901 0.918433905 -0.038217809
0.998251438 -0.046416439 0.036600117 0.140785292 0.028211938 0.918231547 0.395037860 0.104849897 -0.051943630 -0.393314540 0.917935491 -0.034857012
0.997994781 -0.049424130 0.039542861 0.151322171 0.029823761 0.918213189 0.394962072 0.107785061 -0.055829436 -0.392990768 0.917846024 -0.030971551
0.997716188 -0.051103808 0.044167355 0.162060961 0.029654710 0.918912947 0.393344074 0.110121302 -0.060687333 -0.391135991 0.918329835 -0.027472474
0.997006714 -0.054471776 0.054867614 0.171905622 0.029042326 0.921550691 0.387170345 0.112318806 -0.071653143 -0.384417951 0.920374215 -0.022874141
0.994487643 -0.060153510 0.085882887 0.185860842 0.025582852 0.933520079 0.357611150 0.117140129 -0.101684973 -0.353442758 0.929913104 -0.010452765
0.993394196 -0.059619885 0.098048277 0.190321222 0.023012770 0.940584242 0.338779777 0.117900863 -0.112420671 -0.334285498 0.935742915 -0.005601662
0.992217064 -0.057509288 0.110444427 0.194229528 0.019433388 0.947609067 0.318840742 0.117887221 -0.122994445 -0.314212888 0.941351473 -0.001264528
0.990755856 -0.056747422 0.123217627 0.197475478 0.017573826 0.954338133 0.298211098 0.116956294 -0.134513989 -0.293288976 0.946513355 0.003100350
0.987874210 -0.060426611 0.143014655 0.203369051 0.019664356 0.962430537 0.270814955 0.113783658 -0.154006109 -0.264718801 0.951948583 0.011069460
0.986298621 -0.068446755 0.150100291 0.206698671 0.025703266 0.962512195 0.270017773 0.112475924 -0.162955195 -0.262460083 0.951083779 0.015138688
0.984611690 -0.077568337 0.156598285 0.212066442 0.031548083 0.960267127 0.277293712 0.110896952 -0.171885386 -0.268086225 0.947937310 0.020543277
0.982260227 -0.087365672 0.165927857 0.217642367 0.036975250 0.957703471 0.285371572 0.108684197 -0.183841363 -0.274173915 0.943944395 0.027669007
0.979892731 -0.097175464 0.174261734 0.224667490 0.042393908 0.954842150 0.294073492 0.105567515 -0.194969177 -0.280772835 0.939762533 0.036095742
0.977461278 -0.107407115 0.181750327 0.232175499 0.048268348 0.951803088 0.302887887 0.103120677 -0.205522835 -0.287288398 0.935535014 0.045676731
0.974759877 -0.118072964 0.189478010 0.245866925 0.051957674 0.945375562 0.321815938 0.097918086 -0.217125639 -0.303848445 0.927648962 0.067164384
0.974658847 -0.120731235 0.188319117 0.250930250 0.052994683 0.942505538 0.329961866 0.094396882 -0.217328519 -0.311620355 0.925019503 0.078998759
0.974987864 -0.125838935 0.183202669 0.254109979 0.057956830 0.939708531 0.337029517 0.090328813 -0.214568555 -0.317981839 0.923497617 0.092193566
0.976582825 -0.126283184 0.174179584 0.255346626 0.060179416 0.937629998 0.342386395 0.085490108 -0.206553653 -0.323886633 0.923272967 0.106135875
0.978572786 -0.124154158 0.164259225 0.253869355 0.061518230 0.937613308 0.342194051 0.080623761 -0.196496457 -0.324756831 0.925160587 0.120651461
0.981575072 -0.116591506 0.151382774 0.250090152 0.059766304 0.939848840 0.336321443 0.075257726 -0.181489155 -0.321077168 0.929500461 0.135766134
0.987830400 -0.094231352 0.123739935 0.235016420 0.050785728 0.947387815 0.316033393 0.064663641 -0.147009969 -0.305903167 0.940644085 0.166286230
0.990729749 -0.081069842 0.109005697 0.224573091 0.043825250 0.950246692 0.308400124 0.060076214 -0.128584251 -0.300763965 0.944990516 0.181069851
0.993322253 -0.068620853 0.092747584 0.211214483 0.037463140 0.952173412 0.303252935 0.056387421 -0.109121256 -0.297753274 0.948385775 0.195379183
0.995838344 -0.056210522 0.071738064 0.194932058 0.032079935 0.952965140 0.301377475 0.053137943 -0.085304461 -0.297821909 0.950802445 0.207443327
0.999212503 -0.035552226 0.017617961 0.153897822 0.028500205 0.952015877 0.304718792 0.048677489 -0.027606010 -0.303976715 0.952279389 0.224326134
0.999720871 -0.023525957 -0.002161637 0.094062112 0.023035470 0.950369477 0.310269624 0.043672591 -0.005245036 -0.310232818 0.950646162 0.258803070
0.999455273 -0.013374592 -0.030170456 0.067968592 0.022237414 0.948425233 0.316220045 0.044079836 0.024385108 -0.316718727 0.948206007 0.258985579
0.998262823 -0.003928937 -0.058786880 0.037671566 0.022685729 0.946477711 0.321970969 0.046523567 0.054375470 -0.322745264 0.944922626 0.257021517
0.996367812 0.008954366 -0.084681965 0.006826537 0.019306766 0.944803596 0.327067941 0.049337808 0.082936510 -0.327514887 0.941199005 0.250015140
0.994020283 0.024395235 -0.106435627 -0.025567953 0.012200132 0.943810403 0.330262125 0.053572308 0.108511880 -0.329585791 0.937869072 0.238558069
0.984788835 0.040463589 -0.168978348 -0.030815950 0.018472394 0.942613780 0.333373755 0.063892134 0.172770813 -0.331424177 0.927528024 0.213353857
0.980238616 0.040638082 -0.193599567 -0.057980932 0.026929149 0.942148328 0.334112823 0.068251327 0.195977211 -0.332723767 0.922435820 0.194288731
0.976978302 0.043428872 -0.208871707 -0.082891993 0.030381370 0.940759718 0.337710053 0.073979490 0.211164460 -0.336281210 0.917782426 0.174047858
0.974875569 0.047449894 -0.217637643 -0.103050105 0.030615911 0.939232647 0.341913253 0.081181169 0.220636129 -0.339986056 0.914182246 0.152789429
0.973937631 0.053859208 -0.220328510 -0.132345930 0.027131157 0.936759412 0.348920733 0.097584099 0.225187406 -0.345804811 0.910884023 0.108868942
0.977285981 0.052110914 -0.205418140 -0.164013132 0.023311373 0.936981499 0.348600388 0.118317783 0.210638881 -0.345470846 0.914484084 0.056018095
0.978869438 0.045909878 -0.199265987 -0.163980022 0.028223505 0.934811771 0.354020387 0.122909851 0.202529222 -0.352163702 0.913762927 0.032392882
0.981358886 0.037492353 -0.188491702 -0.162958428 0.033612940 0.932184398 0.360419840 0.132874578 0.189222008 -0.360036939 0.913547158 0.011423405
0.984018266 0.024939952 -0.176312253 -0.157866761 0.042303290 0.929054141 0.367517203 0.142854497 0.172969490 -0.369102240 0.913151205 -0.008968829
0.990853727 -0.006370853 -0.134790063 -0.134848475 0.057891522 0.922359586 0.381970376 0.160041630 0.121891439 -0.386279970 0.914292216 -0.047794499
0.994080365 -0.025339359 -0.105651267 -0.118562497 0.064242989 0.921302915 0.383502007 0.168437406 0.087619126 -0.388019174 0.917477012 -0.063528180
0.996228695 -0.047729932 -0.072458550 -0.098446324 0.071853392 0.921941161 0.380606949 0.174057588 0.048636176 -0.384377956 0.921893775 -0.078627139
0.995818853 -0.091333218 0.001733027 -0.052137550 0.084414579 0.927303493 0.364667594 0.181346908 -0.034913305 -0.362996578 0.931136131 -0.102997005
0.993295968 -0.108762942 0.039163675 -0.025161428 0.087876841 0.930548131 0.355468422 0.183338866 -0.075105473 -0.349643767 0.933867455 -0.112286113
0.983034849 -0.145390481 0.111821480 0.029134139 0.098354466 0.932431400 0.347704023 0.182917088 -0.154818714 -0.330807030 0.930912375 -0.122020781
0.978798985 -0.155087933 0.133792132 0.101832896 0.099498108 0.930978656 0.351253182 0.173290804 -0.179032758 -0.330494195 0.926671922 -0.153315246
0.973619163 -0.162739962 0.159942076 0.141000569 0.097317293 0.930158019 0.354027450 0.168158844 -0.206385821 -0.329122782 0.921457052 -0.157082736
0.968178511 -0.171523929 0.182235971 0.170372620 0.097489603 0.929156840 0.356599748 0.166131064 -0.230491176 -0.327486098 0.916311443 -0.147548646
0.963818192 -0.175266892 0.200838193 0.198986143 0.094125621 0.928682387 0.358733028 0.162165970 -0.249388918 -0.326849401 0.911578119 -0.136087433
0.956581533 -0.176497817 0.231949002 0.248211265 0.085601449 0.930834413 0.355274141 0.151102513 -0.278611213 -0.319993526 0.905527472 -0.108292438
0.955595434 -0.169256791 0.241224945 0.279279351 0.078065969 0.934751272 0.346620500 0.145794064 -0.284153193 -0.312397510 0.906457245 -0.082802497
0.955404222 -0.161887184 0.246972263 0.302303255 0.072365992 0.939191341 0.335682511 0.138585687 -0.286296904 -0.302840114 0.909022510 -0.060869135
0.955238044 -0.160605073 0.248447761 0.322002262 0.074124202 0.942954957 0.324563563 0.130824745 -0.286401600 -0.291619480 0.912651181 -0.036394682
0.955432951 -0.158995584 0.248733401 0.335387319 0.075080894 0.945738435 0.316135556 0.123152129 -0.285500884 -0.283371210 0.915527165 -0.012383338
0.957720339 -0.157523796 0.240744650 0.342462748 0.079543501 0.949149847 0.304610163 0.107794389 -0.276486099 -0.272581697 0.921550155 0.030267220
0.961234808 -0.152531922 0.229699120 0.337221503 0.079124272 0.950608850 0.300136983 0.102133028 -0.264134467 -0.270327330 0.925827265 0.052038126
0.966772199 -0.141236365 0.213081673 0.324493885 0.074159905 0.952628195 0.294957399 0.098590739 -0.244646311 -0.269354492 0.931448519 0.072516233
0.972675979 -0.129887104 0.192433894 0.305202276 0.070253894 0.954667151 0.289266437 0.094549373 -0.221282288 -0.267843276 0.937706828 0.088836797
0.979340076 -0.112048559 0.168339223 0.280168325 0.060854513 0.957166553 0.283070505 0.092144936 -0.192846313 -0.266978085 0.944210231 0.104095764
0.992178798 -0.072504327 0.101608716 0.214552924 0.042100124 0.960688591 0.274417698 0.090385757 -0.117510803 -0.267993689 0.956227303 0.123916313
0.996635079 -0.051959120 0.063394099 0.176456898 0.032656230 0.961082160 0.274325877 0.091657214 -0.075180672 -0.271332562 0.959544957 0.128822029
0.999740541 -0.020268876 -0.010394772 0.081900790 0.022373812 0.959436059 0.281037122 0.101314731 0.004276813 -0.281196773 0.959640622 0.164242223
0.998963356 -0.010178971 -0.044369318 0.026382428 0.022461917 0.957981527 0.285949141 0.107932217 0.039594315 -0.286649346 0.957217038 0.181581110
0.997092187 0.001028570 -0.076198019 -0.012755061 0.021170631 0.956809163 0.289944798 0.115423284 0.073205195 -0.290714860 0.954005182 0.167141736
0.994710743 0.015473701 -0.101543844 -0.046451788 0.015274217 0.955313623 0.295199245 0.120616980 0.101574041 -0.295188844 0.950024366 0.153429210
0.992011130 0.028436903 -0.122903302 -0.070972063 0.009567909 0.954494655 0.298074543 0.128525063 0.125786856 -0.296869218 0.946597219 0.143705219
0.988186896 0.036544111 -0.148832664 -0.100497477 0.010619399 0.952491045 0.304381371 0.139419556 0.152885124 -0.302366197 0.940851092 0.116857298
0.989025474 0.028733924 -0.144924104 -0.144852117 0.017361436 0.951507211 0.307136238 0.146760404 0.146721542 -0.306281626 0.940565944 0.097665340
0.989401758 0.027390121 -0.142597318 -0.167273968 0.018843273 0.949524105 0.313127548 0.149688259 0.143976197 -0.312495947 0.938944697 0.049857993
0.989935815 0.023293961 -0.139586970 -0.169217139 0.022870764 0.947060227 0.320240319 0.149144605 0.139656931 -0.320209801 0.936996043 0.016679270
0.992869020 0.020302562 -0.117468998 -0.135623708 0.019308614 0.944991052 0.326525837 0.162433147 0.117636457 -0.326465547 0.937860310 -0.012993495
0.995188117 0.017960511 -0.096322425 -0.112270735 0.014626771 0.944809675 0.327292979 0.169839248 0.096884713 -0.327126980 0.940000713 -0.026849817
0.999707639 0.008670273 -0.022569964 -0.099892780 -0.000747360 0.944126129 0.329583585 0.173100010 0.024166472 -0.329470366 0.943856597 -0.025644278
0.999953032 -0.004557488 0.008553645 -0.071938887 0.001481233 0.944037974 0.329833537 0.179339990 -0.009578178 -0.329805374 0.944000363 -0.038963616
0.999087691 -0.018446201 0.038515840 -0.045077890 0.004591863 0.943074226 0.332550555 0.184969246 -0.042457588 -0.332070321 0.942298591 -0.051886629
0.997161746 -0.031148860 0.068543337 -0.021282218 0.006330216 0.941865563 0.335930377 0.192121953 -0.075022459 -0.334543020 0.939389467 -0.065215565
0.994259179 -0.046745427 0.096247554 -0.001117972 0.011187810 0.940007806 0.340969533 0.197891653 -0.106412217 -0.337935269 0.935134292 -0.080258235
