1.000000000 -0.000000000 0.000000000 -0.000000000 0.000000000 1.000000000 0.000000000 -0.000000000 -0.000000000 -0.000000000 1.000000000 -0.000000000
0.999998511 0.001658580 0.000476301 0.003530016 -0.001659162 0.999997876 0.001223124 0.006582332 -0.000474271 -0.001223912 0.999999139 0.088025310
0.999995662 0.002932887 -0.000273163 0.004661065 -0.002932363 0.999993894 0.001900955 0.009844567 0.000278736 -0.001900145 0.999998156 0.167445239
0.999997234 0.002234901 -0.000732783 0.006848091 -0.002232582 0.999992544 0.003150849 0.011228617 0.000739820 -0.003149204 0.999994768 0.248108764
0.999997706 0.002042559 -0.000645617 0.009858019 -0.002038868 0.999981868 0.005666315 0.012445156 0.000657179 -0.005664985 0.999983738 0.338746780
0.999997063 0.001253360 -0.002074481 0.015122592 -0.001238592 0.999973993 0.007104939 0.016276327 0.002083332 -0.007102349 0.999972608 0.420242511
0.999991801 0.001183337 -0.003872777 0.018433228 -0.001153520 0.999969747 0.007692445 0.018778607 0.003881763 -0.007687914 0.999962913 0.495441550
0.999985142 0.002409074 -0.004890058 0.014900987 -0.002364078 0.999955008 0.009186556 0.019247643 0.004911969 -0.009174859 0.999945846 0.569906394
0.999964230 0.004101800 -0.007396859 0.009776452 -0.004028997 0.999943562 0.009830553 0.022402662 0.007436764 -0.009800400 0.999924320 0.633103145
0.999924331 0.005042992 -0.011220503 0.006393005 -0.004935185 0.999941595 0.009615070 0.027519603 0.011268337 -0.009558967 0.999890819 0.700081303
0.999884536 0.005184247 -0.014284208 0.003484379 -0.005046125 0.999940331 0.009688668 0.032887853 0.014333584 -0.009615469 0.999851034 0.756674985
0.999826103 0.005595119 -0.017789257 -0.004116365 -0.005406482 0.999928837 0.010634402 0.034277718 0.017847492 -0.010536375 0.999785203 0.806941970
0.999754218 0.006191924 -0.021287642 -0.014037715 -0.005924545 0.999903059 0.012600523 0.031981521 0.021363600 -0.012471307 0.999693985 0.857225083
0.999692316 0.006729469 -0.023874420 -0.020720445 -0.006396896 0.999881823 0.013979237 0.031936117 0.023965672 -0.013822213 0.999617223 0.895326668
0.999628644 0.005754207 -0.026635751 -0.024738676 -0.005384207 0.999888309 0.013942032 0.034929322 0.026713001 -0.013793442 0.999547976 0.929858436
0.999541631 0.004351368 -0.029959871 -0.027144393 -0.003960990 0.999906646 0.013077088 0.038208829 0.030013977 -0.012952424 0.999465555 0.966658515
0.999446690 0.003362119 -0.033090937 -0.031399917 -0.002966432 0.999923604 0.011999410 0.042057884 0.033128752 -0.011894609 0.999380310 1.009802561
0.999299652 0.003937441 -0.037211595 -0.039631255 -0.003492598 0.999921756 0.012011850 0.050301890 0.037255979 -0.011873472 0.999235214 1.067144595
0.999092071 0.004567798 -0.042357623 -0.047310691 -0.004024961 0.999908794 0.012891996 0.053392464 0.042412648 -0.012709804 0.999019333 1.128790142
0.998851855 0.005431066 -0.047597020 -0.055956234 -0.004768931 0.999890429 0.014013807 0.058153008 0.047667914 -0.013770731 0.998768310 1.198157605
0.998542001 0.007238306 -0.053492799 -0.069834749 -0.006410883 0.999857395 0.015623375 0.061899685 0.053598257 -0.015257661 0.998446008 1.277897155
0.998185831 0.009229718 -0.059496710 -0.087553367 -0.008231745 0.999821656 0.016996920 0.060346725 0.059642976 -0.016476323 0.998083787 1.357403083
0.997789996 0.011112582 -0.065510569 -0.106411730 -0.009949282 0.999787455 0.018057033 0.059491762 0.065697305 -0.017365344 0.997688483 1.451678698
0.997386964 0.012452639 -0.071163021 -0.124717556 -0.011206352 0.999777236 0.017885642 0.058399480 0.071369892 -0.017041429 0.997304331 1.542960924
0.996932305 0.014117224 -0.076984960 -0.140655517 -0.012812153 0.999766170 0.017419953 0.061436363 0.077212880 -0.016380171 0.996880064 1.641913010
0.996425933 0.015606365 -0.083016878 -0.157472966 -0.014235680 0.999752824 0.017077334 0.067479252 0.083262873 -0.015834497 0.996401808 1.760341271
0.995971346 0.016665624 -0.088109787 -0.170857052 -0.015244745 0.999743071 0.016774677 0.075264813 0.088366709 -0.015363887 0.995969515 1.878841253
0.995566304 0.016901841 -0.092531407 -0.183593965 -0.015422601 0.999741957 0.016678206 0.087687960 0.092789422 -0.015177185 0.995570076 2.008027772
0.995178651 0.016715971 -0.096643823 -0.201967036 -0.015198098 0.999749657 0.016420740 0.098427808 0.096894118 -0.014872768 0.995183566 2.163931014
0.994748617 0.016575272 -0.100997278 -0.224007319 -0.014932085 0.999743916 0.017003997 0.100243358 0.101253260 -0.015406602 0.994741380 2.318025075
0.994235382 0.014893320 -0.106180013 -0.248998151 -0.013017306 0.999747074 0.018339491 0.105079585 0.106426293 -0.016851593 0.994177785 2.503296587
0.993784350 0.014554488 -0.110366808 -0.272573169 -0.012533905 0.999741303 0.018979658 0.107513048 0.110614496 -0.017478360 0.993709686 2.685062607
0.993265448 0.014321791 -0.114972330 -0.298605831 -0.012262819 0.999751879 0.018595811 0.111221918 0.115210128 -0.017060692 0.993194623 2.878365518
0.992669839 0.013774938 -0.120070154 -0.329579690 -0.011915287 0.999797898 0.016192273 0.113023483 0.120268935 -0.014642911 0.992633350 3.103134927
0.992106730 0.014030726 -0.124608892 -0.367004473 -0.012161662 0.999802035 0.015747523 0.117723233 0.124805173 -0.014107773 0.992080964 3.319160450
0.991369293 0.011626164 -0.130582377 -0.403583540 -0.009752884 0.999840288 0.014975963 0.117892785 0.130735634 -0.013573155 0.991324348 3.571384400
0.990524587 0.008809081 -0.137052701 -0.437035438 -0.007097426 0.999890662 0.012972694 0.122383096 0.137151994 -0.011877051 0.990478807 3.810027640
0.989611363 0.006864496 -0.143604415 -0.476931221 -0.005483312 0.999934849 0.010011540 0.136724977 0.143663783 -0.009120106 0.989584529 4.056496665
0.988661906 0.007631635 -0.149964641 -0.534236824 -0.007042764 0.999965265 0.004457439 0.154153741 0.149993449 -0.003350735 0.988681313 4.333226054
0.987632781 0.010323307 -0.156444623 -0.589337125 -0.010149703 0.999946669 0.001908515 0.161283399 0.156455982 -0.000297045 0.987684888 4.597533062
0.986442943 0.009572956 -0.163825146 -0.648844495 -0.009101438 0.999951998 0.003628546 0.158381294 0.163852018 -0.002088309 0.986482719 4.903675904
0.985419743 0.005822297 -0.170041265 -0.698393754 -0.004797841 0.999967785 0.006435043 0.157544644 0.170073254 -0.005525387 0.985415932 5.196059938
0.984459203 0.002974246 -0.175588243 -0.751313216 -0.001617054 0.999967708 0.007871976 0.156729753 0.175605986 -0.007465704 0.984432223 5.494440754
0.983449819 0.001298392 -0.181176069 -0.817898104 0.000379079 0.999957388 0.009223853 0.162223351 0.181180325 -0.009139876 0.983407419 5.829976791
0.982772740 -0.000567739 -0.184817258 -0.875662974 0.002109433 0.999964602 0.008145202 0.163533150 0.184806091 -0.008394742 0.982739150 6.137209069
0.982350491 -0.002240470 -0.187036073 -0.935142160 0.003574102 0.999970537 0.006793435 0.176098525 0.187015342 -0.007342021 0.982329556 6.451958359
0.982168055 -0.001793852 -0.187996526 -1.004052877 0.002990417 0.999977037 0.006081395 0.186072409 0.187981300 -0.006535140 0.982150866 6.802822800
0.982270711 0.000077157 -0.187467983 -1.071050496 0.001134168 0.999979168 0.006354234 0.192618746 0.187464568 -0.006454198 0.982250161 7.125919788
0.982868771 0.001814502 -0.184297821 -1.139238531 -0.000737207 0.999982242 0.005913757 0.201843959 0.184305279 -0.005676582 0.982852655 7.483244676
0.983858717 0.000644038 -0.178945830 -1.190864697 -0.000211489 0.999997010 0.002436269 0.213971239 0.178946864 -0.002359099 0.983855912 7.810894737
0.984930062 0.004216178 -0.172901695 -1.246539612 -0.004045245 0.999990919 0.001340969 0.219895527 0.172905779 -0.000621331 0.984938173 8.141899795
0.986102938 0.005798881 -0.166034239 -1.305394755 -0.005863839 0.999982803 0.000098970 0.221385357 0.166031957 0.000876004 0.986119983 8.509209816
0.987041018 0.005563273 -0.160371688 -1.355679699 -0.005637683 0.999984108 -0.000008977 0.216519624 0.160369090 0.000912986 0.987056696 8.845512213
0.988142352 0.000217416 -0.153540369 -1.400427074 -0.000137923 0.999999851 0.000528386 0.204038659 0.153540461 -0.000500944 0.988142235 9.215427422
0.989051218 -0.004163306 -0.147513913 -1.440283647 0.004290772 0.999990646 0.000545889 0.192338960 0.147510261 -0.001172861 0.989059830 9.550203944
0.990025000 -0.004850459 -0.140808282 -1.483981954 0.004937404 0.999987775 0.000268121 0.180645815 0.140805260 -0.000960673 0.990036846 9.884174827
0.991046337 -0.002116004 -0.133501614 -1.534965575 0.002138229 0.999997714 0.000023108 0.162858657 0.133501259 -0.000308358 0.991048596 10.254209975
0.991787220 0.001358125 -0.127891617 -1.582891347 -0.001393668 0.999999011 -0.000188428 0.154513274 0.127891235 0.000365119 0.991788132 10.596499198
0.992563336 0.002173431 -0.121709900 -1.630553493 -0.002206390 0.999997557 -0.000136028 0.141166964 0.121709307 0.000403556 0.992565707 10.976076115
0.993187997 0.001918584 -0.116507177 -1.669138436 -0.001845326 0.999998026 0.000736644 0.130328500 0.116508360 -0.000516632 0.993189577 11.321527104
0.993706359 0.000283520 -0.112016037 -1.702073373 -0.000169475 0.999999458 0.001027634 0.119046508 0.112016268 -0.001002182 0.993705868 11.661470468
0.994098030 -0.003399781 -0.108432232 -1.733384714 0.003531696 0.999993239 0.001024548 0.110234141 0.108428016 -0.001401451 0.994103315 12.036629916
0.994444067 -0.006919386 -0.105038661 -1.762475030 0.007060263 0.999974606 0.000969422 0.100760803 0.105029285 -0.001705636 0.994467667 12.376600398
0.994760093 -0.009661461 -0.101779240 -1.794402771 0.009882528 0.999949775 0.001668009 0.093791656 0.101758013 -0.002665105 0.994805611 12.752450070
0.994988473 -0.009169141 -0.099568397 -1.831147959 0.009368923 0.999954926 0.001539067 0.082988863 0.099549797 -0.002464202 0.995029530 13.088746486
0.995348439 -0.007977857 -0.096009581 -1.870473081 0.008108281 0.999966658 0.000968382 0.073655621 0.095998654 -0.001742351 0.995379939 13.414838047
0.995726544 -0.004037377 -0.092262397 -1.917088663 0.004025715 0.999991848 -0.000312511 0.060940888 0.092262907 -0.000060246 0.995734680 13.758126011
0.996066249 -0.002959073 -0.088562252 -1.949862526 0.002854059 0.999995066 -0.001312373 0.052123552 0.088565698 0.001054449 0.996069779 14.054160047
0.996490120 -0.003209322 -0.083648917 -1.976258801 0.003050600 0.999993296 -0.002025223 0.044696975 0.083654856 0.001762935 0.996493230 14.334476767
0.996949841 -0.005977422 -0.077815713 -1.999215587 0.005728564 0.999977740 -0.003420880 0.036734734 0.077834429 0.002964674 0.996961891 14.624109000
0.997263535 -0.007878378 -0.073507635 -2.016067331 0.007588914 0.999962315 -0.004216363 0.031117999 0.073538083 0.003646982 0.997285741 14.871717987
0.997540262 -0.010536849 -0.069299351 -2.036521397 0.010160091 0.999931640 -0.005786902 0.026697554 0.069355590 0.005068580 0.997579126 15.124434228
0.997806530 -0.011287604 -0.065228205 -2.057075519 0.010829988 0.999914231 -0.007364954 0.023164980 0.065305743 0.006642378 0.997843193 15.335820483
0.998072679 -0.009363387 -0.061345371 -2.081937076 0.008879696 0.999927340 -0.008152601 0.016629126 0.061417250 0.007592160 0.998083303 15.528984637
0.998262648 -0.007329584 -0.058463339 -2.102683771 0.006835743 0.999939288 -0.008642556 0.009160563 0.058523135 0.008227901 0.998252145 15.721415726
0.998426465 -0.008193027 -0.055474935 -2.117839223 0.007700008 0.999928991 -0.009095160 0.004043742 0.055545513 0.008653691 0.998418655 15.874869798
0.998571999 -0.008587026 -0.052727838 -2.129969870 0.008097590 0.999922192 -0.009488923 0.000351065 0.052805217 0.009048405 0.998563836 16.007059982
0.998712394 -0.007267196 -0.050206986 -2.146736697 0.006833318 0.999937860 -0.008808032 -0.004615840 0.050267876 0.008453610 0.998699994 16.129677282
0.998797950 -0.005264601 -0.048733349 -2.160767773 0.004832445 0.999947990 -0.008981343 -0.008656488 0.048778098 0.008735046 0.998771443 16.220448743
0.998868602 -0.004249426 -0.047365153 -2.174043704 0.003717275 0.999929045 -0.011317505 -0.011505982 0.047409885 0.011128631 0.998813524 16.305918800
0.998926410 -0.005010258 -0.046053488 -2.182999155 0.004361662 0.999890041 -0.014173270 -0.012793101 0.046119436 0.013957184 0.998838423 16.380073731
0.998949561 -0.005934072 -0.045437437 -2.191387514 0.005188592 0.999850285 -0.016507127 -0.014084097 0.045528588 0.016254031 0.998830794 16.455810980
0.998954553 -0.007041988 -0.045168703 -2.201641660 0.006247696 0.999823785 -0.017702150 -0.015584881 0.045285401 0.017401443 0.998822518 16.542782331
0.998942555 -0.007214426 -0.045406206 -2.212317437 0.006413125 0.999821562 -0.017768410 -0.016437569 0.045526293 0.017458425 0.998810573 16.624556085
0.998883465 -0.006863487 -0.046740941 -2.226581544 0.006032829 0.999821770 -0.017889483 -0.017814570 0.046855395 0.017587529 0.998746840 16.716716167
0.998778151 -0.006319908 -0.049012904 -2.240568151 0.005444551 0.999823654 -0.017972722 -0.019094679 0.049117846 0.017683909 0.998636429 16.802097600
0.998607873 -0.006176839 -0.052384747 -2.255522398 0.005242555 0.999825074 -0.017953747 -0.020243907 0.052486481 0.017654123 0.998465573 16.889416880
0.998334126 -0.006313272 -0.057350806 -2.272151937 0.005289614 0.999824294 -0.017983362 -0.021184380 0.057454263 0.017650040 0.998192108 16.987788650
0.998039967 -0.006839087 -0.062204914 -2.288295026 0.005707192 0.999815230 -0.018355744 -0.022014540 0.062318956 0.017964751 0.997894591 17.079600350
0.997715240 -0.006954743 -0.067200687 -2.305799569 0.005724246 0.999812733 -0.018486018 -0.022646699 0.067316668 0.018059109 0.997568211 17.174340548
0.997319623 -0.006472675 -0.072881234 -2.327353181 0.005128809 0.999813642 -0.018611198 -0.023589703 0.072988116 0.018187519 0.997166961 17.282758105
0.996900419 -0.005842405 -0.078456486 -2.348116767 0.004371976 0.999811808 -0.018900668 -0.024706767 0.078552146 0.018499074 0.996738353 17.386097117
0.996364433 -0.005681694 -0.085003735 -2.371869265 0.004019716 0.999797654 -0.019710217 -0.026342475 0.085098523 0.019296868 0.996185662 17.506193651
0.995786014 -0.005795975 -0.091523887 -2.394753037 0.003922551 0.999779363 -0.020635870 -0.027974431 0.091623298 0.020189904 0.995589041 17.622810643
0.995139439 -0.006138831 -0.098284346 -2.419385341 0.004084291 0.999769205 -0.021091611 -0.029490558 0.098391140 0.020587672 0.994934838 17.747867105
0.994322055 -0.006059232 -0.106239995 -2.449527793 0.003817769 0.999766078 -0.021288803 -0.031533605 0.106344137 0.020762327 0.994112594 17.896531915
0.993458378 -0.005003948 -0.114085108 -2.480800283 0.002570999 0.999766340 -0.021462905 -0.034917767 0.114165850 0.021029190 0.993239111 18.040166175
0.992387344 -0.004720135 -0.123065347 -2.517355691 0.002046460 0.999759318 -0.021843012 -0.038778579 0.123138829 0.021424881 0.992158154 18.209573000
0.991342720 -0.004816434 -0.131211334 -2.552328804 0.001974331 0.999760795 -0.021781983 -0.041757396 0.131284859 0.021334355 0.991115095 18.374243273
0.990245874 -0.004699458 -0.139251659 -2.590673881 0.001787583 0.999777277 -0.021028582 -0.045109749 0.139319468 0.020574543 0.990033724 18.550149538
0.989010142 -0.004175439 -0.147788715 -2.636545794 0.001272304 0.999804478 -0.019732906 -0.049296841 0.147842213 0.019328012 0.988822081 18.755935924
0.987892558 -0.003414398 -0.155102018 -2.681161333 0.000508202 0.999823640 -0.018773109 -0.053235517 0.155138764 0.018466992 0.987720069 18.954271046
0.986825993 -0.003910972 -0.161737949 -2.726727921 0.001016898 0.999837964 -0.017972509 -0.057736961 0.161782032 0.017571268 0.986670069 19.162650229
0.985698122 -0.003496492 -0.168484381 -2.781008660 0.000543184 0.999845460 -0.017571578 -0.063827348 0.168519783 0.017228754 0.985547692 19.403067168
0.984677519 -0.002821548 -0.174362333 -2.834229165 -0.000211924 0.999848996 -0.017376453 -0.069239028 0.174385032 0.017147154 0.984528230 19.632437082
0.983732174 -0.001659852 -0.179633668 -2.895759026 -0.001498994 0.999846653 -0.017447763 -0.074852196 0.179635082 0.017433196 0.983578833 19.897292789
0.983231726 -0.001652817 -0.182353069 -2.952664016 -0.001593636 0.999842866 -0.017655146 -0.080538220 0.182353596 0.017649704 0.983074592 20.152219216
0.983005368 -0.000666548 -0.183575604 -3.011767989 -0.002604167 0.999842155 -0.017575064 -0.087242077 0.183558343 0.017754443 0.982848470 20.420961393
0.983184494 0.000656216 -0.182613855 -3.079311375 -0.003910003 0.999839946 -0.017458385 -0.095266913 0.182573170 0.017878834 0.983029697 20.733845414
0.983480511 0.000856472 -0.181012018 -3.140398702 -0.004250461 0.999822351 -0.018363012 -0.103297844 0.180964134 0.018829049 0.983309437 21.030231373
0.983765478 -0.000827200 -0.179456958 -3.206189215 -0.002773323 0.999799884 -0.019811627 -0.110648091 0.179437434 0.019987687 0.983566317 21.372742454
0.983925469 -0.002338926 -0.178564275 -3.268559256 -0.001370498 0.999785880 -0.020647425 -0.115717906 0.178574334 0.020560249 0.983711585 21.698396702
0.984106157 -0.001888159 -0.177571134 -3.336364060 -0.001663679 0.999801559 -0.019851315 -0.121423606 0.177573379 0.019831223 0.983907728 22.038670175
0.984322869 -0.000404198 -0.176375527 -3.414910923 -0.002604623 0.999855018 -0.016827331 -0.128619480 0.176356758 0.017022919 0.984179107 22.427247242
0.984505552 0.000565277 -0.175352500 -3.486114449 -0.002991586 0.999903411 -0.013572718 -0.136334332 0.175327891 0.013886998 0.984412151 22.791055485
0.984678327 0.000472810 -0.174379954 -3.556150669 -0.002184288 0.999951314 -0.009622863 -0.143800315 0.174366914 0.009856321 0.984631419 23.158998808
0.984926256 0.001537713 -0.172967934 -3.635482379 -0.002507099 0.999982352 -0.005386092 -0.152938513 0.172956599 0.005738551 0.984912729 23.567814240
0.985119284 0.001283754 -0.171867238 -3.706250033 -0.001680559 0.999996248 -0.002163308 -0.162753776 0.171863816 0.002419950 0.985117745 23.941768043
0.985312679 0.000931470 -0.170757305 -3.783716124 -0.001062921 0.999999205 -0.000678390 -0.172404213 0.170756537 0.000849927 0.985312886 24.356446220
0.985533586 0.001287240 -0.169475351 -3.856005965 -0.001452974 0.999998580 -0.000853911 -0.178842101 0.169474011 0.001087802 0.985534056 24.731897468
0.985700367 0.001851511 -0.168497356 -3.928594214 -0.002233242 0.999995351 -0.002076026 -0.182779430 0.168492729 0.002422635 0.985699919 25.109386166
0.985871909 0.001084916 -0.167497467 -4.005989717 -0.001658841 0.999993223 -0.003286594 -0.185866588 0.167492766 0.003518013 0.985867028 25.527501060
0.986080092 0.000117187 -0.166270979 -4.076042480 -0.000904163 0.999988745 -0.004657403 -0.189573311 0.166268562 0.004742909 0.986069100 25.912322605
0.986353670 0.000183260 -0.164640228 -4.155427264 -0.001078846 0.999985105 -0.005350249 -0.195189248 0.164636795 0.005454859 0.986339176 26.339845808
0.986609637 0.000086259 -0.163099409 -4.226911546 -0.001006962 0.999984023 -0.005562381 -0.202284215 0.163096323 0.005652133 0.986593960 26.730861449
0.987022228 0.000289722 -0.160583429 -4.297416659 -0.001145996 0.999985616 -0.005239677 -0.210084892 0.160579601 0.005355706 0.987008363 27.123124813
0.987610305 0.000307559 -0.156926066 -4.373260803 -0.000903496 0.999992649 -0.003726249 -0.217862895 0.156923766 0.003821864 0.987603324 27.555811363
0.988065640 -0.000052825 -0.154033399 -4.440017987 -0.000475353 0.999994134 -0.003392154 -0.223956542 0.154032675 0.003424891 0.988059819 27.949256409
0.988536766 -0.000219498 -0.150980179 -4.505852830 -0.000321907 0.999993606 -0.003561485 -0.229644752 0.150979996 0.003569260 0.988530374 28.341981591
0.989093245 0.000031036 -0.147290708 -4.577866720 -0.000660057 0.999990871 -0.004221731 -0.236323387 0.147289232 0.004272906 0.989084235 28.770800527
0.989558737 0.001190413 -0.144125251 -4.642689221 -0.001933811 0.999985540 -0.005018020 -0.243805309 0.144117193 0.005244337 0.989546730 29.157760457
0.990045430 0.001358790 -0.140741610 -4.710738841 -0.002152399 0.999982632 -0.005486699 -0.253215971 0.140731710 0.005735013 0.990031159 29.582412183
0.990485464 0.001623801 -0.137607806 -4.771161427 -0.002406256 0.999981870 -0.005519959 -0.260134156 0.137596348 0.005798559 0.990471414 29.968386174
0.990974493 0.001518200 -0.134041971 -4.829253632 -0.002347120 0.999979088 -0.006026228 -0.266119519 0.134030019 0.006286451 0.990957332 30.349433073
0.991528299 0.000927293 -0.129887540 -4.889627861 -0.002000124 0.999964955 -0.008129483 -0.274226069 0.129875450 0.008320403 0.991495405 30.763315361
0.992049082 0.001396377 -0.125843827 -4.944399285 -0.002651145 0.999948426 -0.009803911 -0.282017194 0.125823647 0.010059591 0.992001620 31.138342623
0.992634540 0.001148101 -0.121141866 -5.001917852 -0.002419979 0.999943483 -0.010352484 -0.291234659 0.121123134 0.010569394 0.992581218 31.551126220
0.993113075 0.001201599 -0.117153641 -5.052586258 -0.002485910 0.999938403 -0.010817117 -0.300573353 0.117133427 0.011033854 0.993054890 31.924927347
0.993570979 0.001377441 -0.113202530 -5.101014751 -0.002695420 0.999930350 -0.011490436 -0.309892498 0.113178818 0.011721692 0.993505489 32.290959516
0.994034901 0.003037346 -0.109020137 -5.155206333 -0.004430906 0.999911521 -0.012542618 -0.317759738 0.108972395 0.012950858 0.993960408 32.690916903
0.994330573 0.003444589 -0.106277211 -5.201243724 -0.004847457 0.999904465 -0.012944594 -0.324866061 0.106222469 0.013386380 0.994252278 33.055332986
0.994580224 0.002331454 -0.103945858 -5.244600742 -0.003574428 0.999924304 -0.011773230 -0.333793076 0.103910541 0.012080969 0.994513273 33.422565974
0.994908273 0.001756937 -0.100769250 -5.292772910 -0.002890247 0.999934197 -0.011101691 -0.343287779 0.100743114 0.011336412 0.994847883 33.823399941
0.995113303 0.001008614 -0.098734478 -5.336219205 -0.002143969 0.999932792 -0.011393646 -0.351548478 0.098716351 0.011549652 0.995048586 34.191182699
0.995281706 0.000606736 -0.097025556 -5.382792494 -0.001757050 0.999929178 -0.011770777 -0.361823302 0.097011543 0.011885717 0.995212284 34.593809833
0.995468371 0.003463231 -0.095030148 -5.430335866 -0.004599797 0.999920462 -0.011743608 -0.372457897 0.094981918 0.012127510 0.995405123 34.964664923
0.995648887 0.006992186 -0.092921488 -5.479432766 -0.008182374 0.999889219 -0.012433733 -0.383210174 0.092824255 0.013139951 0.995595801 35.334321502
0.995796278 0.010464989 -0.090995921 -5.531252112 -0.011821798 0.999826651 -0.014384463 -0.393478764 0.090829613 0.015399731 0.995747372 35.739800936
0.995953416 0.010665145 -0.089235914 -5.573907710 -0.012155630 0.999795268 -0.016175994 -0.401588737 0.089045125 0.017195256 0.995879154 36.115032819
0.996044070 0.011344355 -0.088133512 -5.620096944 -0.013059626 0.999735894 -0.018909992 -0.411117188 0.087895713 0.019986176 0.995929162 36.527026151
0.996126022 0.008323829 -0.087542341 -5.658314858 -0.010047524 0.999763874 -0.019267658 -0.419097304 0.087361289 0.020072599 0.995974445 36.905212116
0.996142647 0.006976738 -0.087470860 -5.697475124 -0.008437225 0.999830923 -0.016338255 -0.426675670 0.087342083 0.017013244 0.996033087 37.286668969
0.996238990 0.006225303 -0.086424071 -5.744913513 -0.007119871 0.999924184 -0.010046537 -0.434523493 0.086354976 0.010624080 0.996207783 37.710349371
0.996311977 0.006773386 -0.085536928 -5.787263972 -0.007098997 0.999968666 -0.003503081 -0.441831176 0.085510520 0.004097388 0.996328842 38.101545902
0.996324766 0.008489306 -0.085234338 -5.831958561 -0.008450877 0.999963961 0.000811667 -0.451159303 0.085238157 -0.000088379 0.996360602 38.485153105
0.996354014 0.010072526 -0.084718494 -5.880937842 -0.009861799 0.999947150 0.002905521 -0.462674083 0.084743283 -0.002059451 0.996400690 38.901449874
0.996413872 0.012620907 -0.083666655 -5.927057562 -0.012128742 0.999906038 0.006388140 -0.471963430 0.083739418 -0.005350460 0.996473323 39.280931388
0.996504367 0.010345493 -0.082897631 -5.968844037 -0.009767612 0.999925109 0.007373544 -0.476118212 0.082967706 -0.006538057 0.996530789 39.696134496
0.996615445 0.007039718 -0.081902971 -6.000471834 -0.006478705 0.999953711 0.007113475 -0.478205361 0.081949257 -0.006558774 0.996614922 40.067013644
0.996732849 0.003574132 -0.080689857 -6.031944674 -0.003158897 0.999981108 0.005273124 -0.478292862 0.080707179 -0.005001005 0.996725309 40.436582826
0.996830342 0.000662602 -0.079553944 -6.065205575 -0.000508429 0.999997953 0.001958212 -0.478733155 0.079555079 -0.001911557 0.996828639 40.842909830
0.997059568 -0.000487295 -0.076628843 -6.099797701 0.000626245 0.999998203 0.001789268 -0.482463584 0.076627833 -0.001831995 0.997058082 41.212554724
0.997266733 0.001825631 -0.073862911 -6.136715668 -0.001569897 0.999992572 0.003520198 -0.489266999 0.073868789 -0.003394619 0.997262191 41.574782731
0.997473932 0.003462781 -0.070949018 -6.175476704 -0.003201208 0.999987656 0.003800141 -0.495589625 0.070961301 -0.003563419 0.997472704 41.974028901
0.997671601 0.002986299 -0.068135587 -6.205181532 -0.002844984 0.999993596 0.002170968 -0.499578926 0.068141634 -0.001972068 0.997673709 42.332514552
0.997884899 0.000289951 -0.065004955 -6.234558283 -0.000246592 0.999999742 0.000675037 -0.503639914 0.065005134 -0.000657579 0.997884713 42.728633653
0.998076774 -0.000706446 -0.061985922 -6.262026305 0.000726588 0.999999690 0.000302409 -0.507605041 0.061985689 -0.000346866 0.998076978 43.087105051
0.998264621 -0.000286276 -0.058886875 -6.290186884 0.000302579 0.999999918 0.000267933 -0.511484673 0.058886794 -0.000285286 0.998264626 43.436199159
0.998428074 0.000114241 -0.056047905 -6.318262358 -0.000134856 0.999999925 -0.000364029 -0.515663803 0.056047860 0.000371016 0.998428014 43.807974856
0.998593878 -0.001192488 -0.052998531 -6.316470953 0.001113935 0.999998237 -0.001511689 -0.528174101 0.053000240 0.001450527 0.998593446 44.135633341
0.998774094 -0.001575446 -0.049475516 -6.297395461 0.001447229 0.999995502 -0.002627249 -0.548278625 0.049479432 0.002552425 0.998771881 44.490414313
0.998905408 -0.001503467 -0.046751745 -6.239461182 0.001333418 0.999992383 -0.003668234 -0.566430439 0.046756904 0.003601879 0.998899804 44.817071516
0.999001949 -0.001026102 -0.044654827 -6.165746799 0.000807372 0.999987590 -0.004916009 -0.584567532 0.044659318 0.004875050 0.998990380 45.142667380
0.999059143 -0.000752222 -0.043361992 -6.079629507 0.000473002 0.999979092 -0.006449188 -0.603640556 0.043365937 0.006422610 0.999038611 45.496089593
0.999077702 -0.000227973 -0.042938255 -6.030670842 -0.000119616 0.999967249 -0.008092354 -0.617310312 0.042938694 0.008090027 0.999044954 45.821612333
0.999091495 -0.000840244 -0.042608427 -5.970871260 0.000417249 0.999950555 -0.009935416 -0.633018450 0.042614668 0.009908611 0.999042446 46.179546930
0.999109904 -0.002016018 -0.042134724 -5.935453354 0.001558534 0.999939513 -0.010887676 -0.645415214 0.042154125 0.010812317 0.999052613 46.505194061
0.999121135 -0.003887210 -0.041735435 -5.891573751 0.003448660 0.999938139 -0.010574722 -0.657889012 0.041773959 0.010421497 0.999072734 46.828586457
0.999139926 -0.004373269 -0.041234475 -5.871573685 0.003974137 0.999944506 -0.009756578 -0.669497026 0.041274855 0.009584315 0.999101860 47.184327645
0.999155440 -0.004195088 -0.040875512 -5.844997685 0.003814493 0.999948688 -0.009384629 -0.682540656 0.040912783 0.009220784 0.999120174 47.502926492
0.999143833 -0.002908538 -0.041269126 -5.836758420 0.002538086 0.999956043 -0.009026051 -0.695202322 0.041293565 0.008913579 0.999107296 47.847866798
0.999118995 -0.001917227 -0.041923240 -5.821978332 0.001550269 0.999960220 -0.008783842 -0.706833183 0.041938412 0.008711111 0.999082222 48.151709160
0.999088989 -0.001256601 -0.042656920 -5.816844817 0.000872906 0.999959007 -0.009012342 -0.716947250 0.042666497 0.008966896 0.999049130 48.452834553
0.999046025 -0.001795586 -0.043632744 -5.744356982 0.001381877 0.999953825 -0.009509927 -0.717276382 0.043647805 0.009440559 0.999002375 48.840744232
0.999006808 -0.002213905 -0.044502758 -5.695155238 0.001759299 0.999945901 -0.010251801 -0.730753092 0.044523046 0.010163326 0.998956658 49.129325921
0.998953593 -0.003134965 -0.045627741 -5.616758852 0.002603237 0.999928066 -0.011708375 -0.739196188 0.045661164 0.011577343 0.998889895 49.458876068
0.998849208 -0.003875993 -0.047804151 -5.571460249 0.003211418 0.999897244 -0.013971003 -0.745979681 0.047853390 0.013801406 0.998759017 49.805888098
0.998729290 -0.004820830 -0.050165383 -5.554524770 0.004072525 0.999879075 -0.015008302 -0.745843389 0.050231669 0.014784931 0.998628152 50.138825964
0.998619949 -0.004950058 -0.052284742 -5.535892742 0.004173060 0.999879390 -0.014959620 -0.746076783 0.052352487 0.014720788 0.998520163 50.503063190
0.998532698 -0.004107460 -0.053996104 -5.528885959 0.003309574 0.999884139 -0.014857863 -0.748869037 0.054050876 0.014657358 0.998430601 50.817700947
0.998445392 -0.003168695 -0.055648535 -5.518379167 0.002349554 0.999888022 -0.014779161 -0.750911995 0.055689134 0.014625436 0.998341032 51.134245375
0.998362211 -0.002362975 -0.057160398 -5.525631886 0.001510853 0.999887158 -0.014946179 -0.760384684 0.057189266 0.014835339 0.998253125 51.438869350
0.998295994 -0.001870214 -0.058323327 -5.534820008 0.001008894 0.999890054 -0.014793973 -0.771850887 0.058344583 0.014709922 0.998188122 51.701672159
0.998217596 -0.001443033 -0.059661960 -5.544478256 0.000603502 0.999900590 -0.014087086 -0.781292118 0.059676357 0.014025971 0.998119234 51.961044164
0.998129802 -0.001439161 -0.061113225 -5.554135089 0.000684765 0.999923336 -0.012363385 -0.791530940 0.061126333 0.012298415 0.998054267 52.245229638
0.998040803 -0.002023294 -0.062533689 -5.572049365 0.001379420 0.999945611 -0.010337897 -0.804316041 0.062551205 0.010231383 0.997989311 52.491575204
0.997876302 -0.003341591 -0.065051676 -5.602358751 0.002789761 0.999959369 -0.008571931 -0.807983863 0.065077677 0.008372248 0.997845079 52.762444427
0.997667039 -0.004355918 -0.068128600 -5.633765944 0.003854412 0.999964514 -0.007490893 -0.812900751 0.068158812 0.007210822 0.997648425 53.006245710
0.997414277 -0.004642317 -0.071716167 -5.653278394 0.004167457 0.999968402 -0.006769585 -0.811803973 0.071745327 0.006453207 0.997402108 53.255180794
0.997089112 -0.003724251 -0.076154011 -5.670941282 0.003293799 0.999977887 -0.005777205 -0.806654854 0.076173843 0.005509552 0.997079330 53.533682329
0.996756816 -0.002574087 -0.080431491 -5.688993095 0.002210539 0.999986937 -0.004608678 -0.804941279 0.080442304 0.004415934 0.996749485 53.784001748
0.996379037 -0.001596563 -0.085007445 -5.709974571 0.001346582 0.999994599 -0.002997951 -0.801195509 0.085011772 0.002872626 0.996375806 54.059271043
0.996047342 -0.001337020 -0.088813874 -5.729227599 0.001195953 0.999997938 -0.001641536 -0.799992587 0.088815885 0.001528830 0.996046887 54.307458886
0.995684178 -0.001433352 -0.092795274 -5.748622458 0.001343608 0.999998567 -0.001029587 -0.797639390 0.092796617 0.000900463 0.995684677 54.554650718
0.995273746 -0.001927974 -0.097089923 -5.770137121 0.001814782 0.999997567 -0.001254141 -0.796919693 0.097092104 0.001072017 0.995274823 54.823679034
0.994877654 -0.001970209 -0.101067162 -5.791535710 0.001788045 0.999996610 -0.001892962 -0.794127518 0.101070549 0.001702553 0.994877804 55.068614317
0.994511272 -0.001705612 -0.104615585 -5.814007238 0.001452312 0.999995827 -0.002497373 -0.793549947 0.104619408 0.002331731 0.994509599 55.311191493
0.994134981 -0.001147563 -0.108140290 -5.839195182 0.000877323 0.999996373 -0.002546519 -0.793525679 0.108142820 0.002436710 0.994132382 55.576676056
0.993856376 -0.001244085 -0.110670481 -5.861173419 0.001005776 0.999997054 -0.002209120 -0.795014041 0.110672903 0.002084239 0.993854700 55.818533939
0.993633564 -0.001498844 -0.112650319 -5.884706114 0.001303005 0.999997509 -0.001812072 -0.796426329 0.112652755 0.001653751 0.993633042 56.083302206
0.993521001 -0.001533552 -0.113638326 -5.906214033 0.001387470 0.999998106 -0.001364579 -0.797749884 0.113640203 0.001198068 0.993521247 56.323183917
0.993480704 -0.001556631 -0.113989769 -5.927242420 0.001443481 0.999998380 -0.001075171 -0.798466151 0.113991258 0.000903620 0.993481342 56.564019288
0.993467966 -0.002326272 -0.114087639 -5.949126144 0.002203563 0.999996850 -0.001201666 -0.798793447 0.114090075 0.000942417 0.993469963 56.828310719
0.993420983 -0.003436220 -0.114468086 -5.968434918 0.003342499 0.999993903 -0.001010682 -0.799795675 0.114470861 0.000621423 0.993426412 57.068265323
0.993265301 -0.004646301 -0.115768969 -5.990199775 0.004646097 0.999989170 -0.000271604 -0.801955620 0.115768978 -0.000268099 0.993276131 57.332643681
0.993063252 -0.005224655 -0.117465232 -6.011656810 0.005306753 0.999985845 0.000386163 -0.804689284 0.117461552 -0.001006843 0.993076921 57.572201827
0.992783425 -0.004994912 -0.119817035 -6.035336740 0.005098219 0.999986850 0.000555685 -0.807730198 0.119812684 -0.001162529 0.992795835 57.809944541
0.992440307 -0.004554578 -0.122643761 -6.062598658 0.004628410 0.999989239 0.000317117 -0.811262724 0.122640997 -0.000882365 0.992450708 58.070960873
0.992163058 -0.003896650 -0.124889080 -6.087872468 0.003944935 0.999992209 0.000139317 -0.813992510 0.124887564 -0.000630905 0.992170700 58.306415898
0.991851871 -0.003607552 -0.127345404 -6.113211975 0.003643062 0.999993363 0.000045931 -0.816452228 0.127344394 -0.000509484 0.991858430 58.542581935
0.991511887 -0.002995046 -0.129981564 -6.141758083 0.003020290 0.999995439 -0.000002908 -0.818518539 0.129980980 -0.000389699 0.991516411 58.801460960
0.991230788 -0.002415576 -0.132119980 -6.168561149 0.002480374 0.999996871 0.000325881 -0.819859058 0.132118780 -0.000650731 0.991233678 59.038997418
0.990947040 -0.002707426 -0.134226055 -6.196478654 0.002753940 0.999996195 0.000160866 -0.821357121 0.134225109 -0.000529060 0.990950725 59.298805811
0.990732681 -0.003769337 -0.135773878 -6.220266120 0.003737342 0.999992896 -0.000490546 -0.823074781 0.135774763 -0.000021434 0.990739730 59.532243035
0.990590024 -0.004515285 -0.136788217 -6.244569907 0.004370137 0.999989524 -0.001361402 -0.825099759 0.136792931 0.000750808 0.990599379 59.767841456
0.990449477 -0.005075321 -0.137782710 -6.271890080 0.004841403 0.999986214 -0.002032811 -0.827622096 0.137791127 0.001346335 0.990460394 60.025529913
0.990344720 -0.004740714 -0.138545523 -6.297518318 0.004462001 0.999987349 -0.002322231 -0.830305902 0.138554779 0.001681619 0.990353344 60.258995645
0.990363005 -0.004499342 -0.138422813 -6.325716291 0.004250020 0.999988771 -0.002096682 -0.833535253 0.138430693 0.001488177 0.990371006 60.518480264
0.990490834 -0.004396178 -0.137508476 -6.349681022 0.004237803 0.999989977 -0.001444488 -0.836538712 0.137513448 0.000848019 0.990499537 60.753232000
0.990660852 -0.004655852 -0.136269580 -6.372765592 0.004549720 0.999989056 -0.001090280 -0.839986616 0.136273165 0.000460109 0.990671193 60.991680423
0.990903187 -0.004215374 -0.134510609 -6.398301496 0.004195391 0.999991106 -0.000432012 -0.843003652 0.134511234 -0.000136242 0.990912059 61.251073214
0.991196189 -0.003374244 -0.132358340 -6.421477359 0.003332467 0.999994303 -0.000537147 -0.845460189 0.132359398 0.000091339 0.991201786 61.487000259
0.991545258 -0.002995360 -0.129726752 -6.444870203 0.002737225 0.999993903 -0.002168091 -0.848197196 0.129732455 0.001794669 0.991547412 61.745860613
0.991983257 -0.003388885 -0.126323924 -6.463216345 0.002970019 0.999989450 -0.003504005 -0.850869613 0.126334466 0.003100730 0.991982857 61.981152558
0.992485292 -0.003715321 -0.122307573 -6.480069402 0.003188474 0.999984778 -0.004502995 -0.854486531 0.122322441 0.004079182 0.992482030 62.216406262
0.993026312 -0.003633280 -0.117836938 -6.498507175 0.003002040 0.999980181 -0.005533949 -0.859362939 0.117854709 0.005141606 0.993017538 62.476877769
0.993484088 -0.003475699 -0.113917896 -6.514077668 0.002701796 0.999972218 -0.006947207 -0.864470061 0.113938878 0.006594157 0.993465877 62.710734105
0.993928682 -0.002901455 -0.109987980 -6.530882996 0.002004690 0.999963851 -0.008263010 -0.869481003 0.110007979 0.007992351 0.993898570 62.967399622
0.994281884 -0.003230625 -0.106738459 -6.545010569 0.002229924 0.999952451 -0.009493281 -0.873015556 0.106764053 0.009200979 0.994241811 63.205319398
0.994537690 -0.004324793 -0.104288443 -6.557398800 0.003178559 0.999932733 -0.011154691 -0.876448049 0.104329670 0.010762273 0.994484537 63.443244073
0.994712892 -0.005734312 -0.102534773 -6.570941954 0.004438967 0.999907493 -0.012856944 -0.880620893 0.102599013 0.012333819 0.994646329 63.704588673
0.994778733 -0.006147731 -0.101869907 -6.585029300 0.004694026 0.999883796 -0.014503785 -0.884329190 0.101947234 0.013949877 0.994691994 63.940475404
0.994742391 -0.005369599 -0.102267992 -6.601912562 0.003821754 0.999875260 -0.015325115 -0.888431167 0.102337525 0.014853699 0.994638828 64.179789198
0.994629988 -0.004699595 -0.103388109 -6.621254776 0.003034217 0.999863203 -0.016259402 -0.894678683 0.103450378 0.015858387 0.994508185 64.442452699
0.994469857 -0.004092021 -0.104942645 -6.639475398 0.002336056 0.999855298 -0.016850078 -0.900535979 0.104996411 0.016511743 0.994335515 64.680667725
0.994207541 -0.003970256 -0.107403925 -6.659655926 0.002271334 0.999870438 -0.015935769 -0.906114428 0.107453278 0.015599511 0.994087747 64.943480107
0.993872142 -0.005940734 -0.110376053 -6.677060173 0.004407214 0.999890420 -0.014132372 -0.911483163 0.110447915 0.013559320 0.993789416 65.189669129
0.993341364 -0.007916608 -0.114935907 -6.695260928 0.006344532 0.999881344 -0.014037236 -0.919273990 0.115033396 0.013214552 0.993273725 65.429585808
0.992670048 -0.007941708 -0.120594795 -6.720656024 0.006181474 0.999868935 -0.014963355 -0.927555616 0.120697824 0.014108221 0.992589035 65.689724458
0.992056434 -0.005175511 -0.125687092 -6.749475542 0.003277294 0.999877504 -0.015304800 -0.933670946 0.125750906 0.014771312 0.991951873 65.923704376
0.991386580 -0.002794722 -0.130938304 -6.781534774 0.000715502 0.999872953 -0.015923749 -0.940397276 0.130966171 0.015692905 0.991262627 66.185993984
0.990789851 -0.000950116 -0.135405199 -6.809881427 -0.001266661 0.999866599 -0.016284344 -0.946256698 0.135402608 0.016305875 0.990656475 66.421028134
0.990268928 0.002855054 -0.139137696 -6.841519107 -0.005247869 0.999844532 -0.016833624 -0.952739226 0.139068004 0.017399991 0.990129956 66.654031295
0.989845500 0.006916220 -0.141979053 -6.877756639 -0.009429833 0.999810359 -0.017038919 -0.959683490 0.141834283 0.018204736 0.989723004 66.916517936
0.989572953 0.008605866 -0.143775203 -6.906550621 -0.010999083 0.999813739 -0.015859004 -0.965497055 0.143611942 0.017275037 0.989483291 67.154226535
0.989451047 0.005929873 -0.144746201 -6.927185472 -0.008282956 0.999843076 -0.015659388 -0.971240684 0.144630628 0.016693124 0.989344895 67.391557830
0.989428976 0.002345508 -0.144999310 -6.948143633 -0.004775357 0.999853912 -0.016411880 -0.975365448 0.144939633 0.016930813 0.989295633 67.656102670
0.989496253 -0.000843316 -0.144556056 -6.966935147 -0.001648317 0.999852155 -0.017115812 -0.978207821 0.144549118 0.017174306 0.989348571 67.896866431
0.989569374 0.000100113 -0.144057087 -6.994613555 -0.002338915 0.999879111 -0.015371805 -0.985415023 0.144038134 0.015548405 0.989449980 68.164331565
0.989706034 0.003156976 -0.143080398 -7.023740193 -0.005105381 0.999899148 -0.013252469 -0.992823045 0.143024131 0.013846529 0.989622338 68.406615147
0.989799037 0.003986058 -0.142414810 -7.049492560 -0.005963968 0.999891567 -0.013464216 -1.001212678 0.142345698 0.014176225 0.989715483 68.647356882
0.989880106 0.002508302 -0.141884053 -7.072523171 -0.004554104 0.999890276 -0.014095944 -1.010270461 0.141833128 0.014599449 0.989782916 68.913385353
0.990047417 0.001005638 -0.140730599 -7.093658070 -0.002973497 0.999900718 -0.013773587 -1.016124280 0.140702776 0.014054967 0.989952113 69.154267552
0.990208126 0.004230492 -0.139534837 -7.124503534 -0.005966962 0.999909849 -0.012028709 -1.022218656 0.139471370 0.012743524 0.990144100 69.423105103
0.990246204 0.007628954 -0.139119566 -7.153366146 -0.009258001 0.999895908 -0.011066308 -1.026569523 0.139020660 0.012246339 0.990213756 69.669536400
0.990273682 0.008650760 -0.138863956 -7.178461618 -0.010119717 0.999900025 -0.009875807 -1.030010977 0.138764640 0.011185015 0.990262223 69.920855482
0.990322956 0.009874563 -0.138430259 -7.205051533 -0.011264299 0.999893684 -0.009259396 -1.036180830 0.138324109 0.010729112 0.990328898 70.197570449
