1.000000000 0.000000000 0.000000000 -0.000000000 -0.000000000 1.000000000 0.000000000 0.000000000 -0.000000000 0.000000000 1.000000000 0.000000000
0.999999966 -0.000259904 -0.000003123 0.000460248 0.000259904 0.999999963 0.000081214 0.001339443 0.000003102 -0.000081215 0.999999997 0.018362389
0.999999944 -0.000325443 -0.000079509 0.000704059 0.000325446 0.999999946 0.000049059 0.002400720 0.000079493 -0.000049085 0.999999996 0.042037274
0.999999851 -0.000434666 -0.000330017 0.000366468 0.000434649 0.999999904 -0.000051539 0.002811929 0.000330040 0.000051396 0.999999944 0.067047448
0.999999707 -0.000474613 -0.000599909 -0.000221983 0.000474497 0.999999869 -0.000192249 0.002958236 0.000600000 0.000191964 0.999999802 0.095646093
0.999999419 -0.000484199 -0.000963017 -0.001052768 0.000483684 0.999999740 -0.000535240 0.003270968 0.000963276 0.000534774 0.999999393 0.132739422
0.999998840 -0.000433603 -0.001460373 -0.001368013 0.000431625 0.999998989 -0.001354650 0.003742037 0.001460958 0.001354018 0.999998016 0.173304086
0.999997812 -0.000433831 -0.002046615 -0.001817747 0.000428273 0.999996222 -0.002715255 0.005857049 0.002047785 0.002714373 0.999994219 0.224487067
0.999996146 -0.000557514 -0.002719621 -0.002416144 0.000546282 0.999991327 -0.004128980 0.006667648 0.002721900 0.004127478 0.999987778 0.295784141
0.999992584 -0.000715084 -0.003784194 -0.004452080 0.000698671 0.999990352 -0.004336722 0.006855856 0.003787259 0.004334046 0.999983436 0.375908608
0.999986686 -0.000945416 -0.005072837 -0.006346045 0.000925231 0.999991652 -0.003979980 0.006498134 0.005076558 0.003975234 0.999979213 0.470135574
0.999977841 -0.001114004 -0.006563228 -0.008401534 0.001090775 0.999993133 -0.003541789 0.004780048 0.006567128 0.003534552 0.999972189 0.588407511
0.999963599 -0.000845192 -0.008490340 -0.011766068 0.000818752 0.999994807 -0.003117062 0.002095855 0.008492931 0.003109997 0.999959098 0.708707460
0.999935911 -0.000081024 -0.011321060 -0.017478905 0.000043509 0.999994508 -0.003313996 -0.002213494 0.011321267 0.003313291 0.999930423 0.852515984
0.999895366 0.000141259 -0.014465008 -0.023887511 -0.000189954 0.999994320 -0.003365089 -0.005423571 0.014464450 0.003367485 0.999889714 0.994735419
0.999831605 -0.000332342 -0.018348054 -0.030036866 0.000278753 0.999995689 -0.002923173 -0.007510285 0.018348947 0.002917567 0.999827387 1.148001473
0.999725178 -0.001166491 -0.023413840 -0.037656991 0.001106373 0.999996059 -0.002580401 -0.009880964 0.023416758 0.002553788 0.999722528 1.328504579
0.999602183 -0.001445734 -0.028167097 -0.045427145 0.001372309 0.999995611 -0.002625916 -0.011889688 0.028170770 0.002586217 0.999599780 1.501229185
0.999456267 -0.001271119 -0.032947742 -0.055565597 0.001188487 0.999996100 -0.002527426 -0.015120511 0.032950826 0.002486894 0.999453880 1.681772694
0.999263521 -0.000278019 -0.038371069 -0.069527816 0.000199601 0.999997884 -0.002047469 -0.018189048 0.038371558 0.002038303 0.999261462 1.890782236
0.999062351 0.001663072 -0.043262597 -0.085239041 -0.001717318 0.999997785 -0.001216723 -0.023539905 0.043260478 0.001289878 0.999062995 2.089668830
0.998790861 0.004221322 -0.048979558 -0.104944539 -0.004220046 0.999991087 0.000129457 -0.028827631 0.048979668 0.000077396 0.998799773 2.318061496
0.998507847 0.005523985 -0.054328314 -0.123204494 -0.005453476 0.999984084 0.001445994 -0.034598571 0.054335437 -0.001147558 0.998522080 2.533792661
0.998186217 0.006679985 -0.059830212 -0.142789980 -0.006613757 0.999977277 0.001304902 -0.040400274 0.059837569 -0.000906833 0.998207715 2.755001981
0.997782005 0.005548364 -0.066334650 -0.162981556 -0.005523120 0.999984588 0.000563935 -0.048012584 0.066336757 -0.000196310 0.997797272 3.004576600
0.997385755 0.004225165 -0.072137395 -0.182601097 -0.004220079 0.999991071 0.000222919 -0.053431360 0.072137693 0.000082090 0.997394679 3.239971662
0.997019750 0.003416234 -0.077071055 -0.205212205 -0.003374692 0.999994082 0.000669235 -0.057047763 0.077072886 -0.000407149 0.997025378 3.482973685
0.996657625 0.005389058 -0.081514030 -0.235278049 -0.005267502 0.999984671 0.001706201 -0.062879113 0.081521975 -0.001271123 0.996670734 3.758637687
0.996441640 0.005629560 -0.084097358 -0.260559641 -0.005548126 0.999983887 0.001202008 -0.068004756 0.084102770 -0.000731148 0.996456818 4.015107412
0.996394946 0.006125266 -0.084614381 -0.286480938 -0.006169145 0.999980938 -0.000257118 -0.072959175 0.084611193 0.000778189 0.996413740 4.277125925
0.996597031 0.005490098 -0.082244853 -0.311282263 -0.005772731 0.999978220 -0.003199092 -0.079980087 0.082225498 0.003662983 0.996607019 4.569104746
0.996978734 0.006678322 -0.077387368 -0.333526145 -0.007071476 0.999963441 -0.004807417 -0.084387536 0.077352434 0.005340136 0.996989510 4.842394396
0.997570868 0.007345244 -0.069270568 -0.353638996 -0.007724050 0.999956637 -0.005202236 -0.084981487 0.069229353 0.005724648 0.997584345 5.151463737
0.998151058 0.007366519 -0.060334071 -0.366766059 -0.007647701 0.999960939 -0.004430824 -0.085412676 0.060299075 0.004884048 0.998168406 5.439121543
0.998739140 0.007323933 -0.049663764 -0.373435952 -0.007466349 0.999968528 -0.002682674 -0.089990594 0.049642553 0.003050098 0.998762391 5.732297223
0.999331567 0.006536600 -0.035967934 -0.371739175 -0.006630484 0.999974914 -0.002491554 -0.094966663 0.035950745 0.002728373 0.999349839 6.060637859
0.999758902 0.005041295 -0.021371096 -0.363100106 -0.005138523 0.999976686 -0.004497069 -0.098129225 0.021347927 0.004605801 0.999761498 6.363821518
0.999984549 0.002660943 -0.004880674 -0.346165272 -0.002685421 0.999983816 -0.005015576 -0.102528691 0.004867248 0.005028606 0.999975511 6.674500131
0.999894907 0.001104250 0.014455301 -0.320278677 -0.001048048 0.999991865 -0.003894937 -0.109616426 -0.014459485 0.003879378 0.999887931 7.026660656
0.999438808 0.001702469 0.033454008 -0.294328925 -0.001690365 0.999998495 -0.000390116 -0.118784694 -0.033454622 0.000333348 0.999440182 7.355969903
0.998397275 0.006417346 0.056228991 -0.262340456 -0.006442637 0.999979210 0.000268511 -0.126714558 -0.056226099 -0.000630343 0.998417863 7.724020984
0.996924312 0.006256810 0.078120216 -0.217401391 -0.006120438 0.999979300 -0.001984981 -0.131426810 -0.078131018 0.001500746 0.996941970 8.061151800
0.994720855 0.004920495 0.102499800 -0.155823838 -0.004423863 0.999977352 -0.005071958 -0.140491522 -0.102522435 0.004591737 0.994720094 8.398891902
0.990991211 0.003480497 0.133881686 -0.075000107 -0.002532616 0.999970514 -0.007249642 -0.152523538 -0.133902971 0.006845260 0.990970805 8.773673172
0.986272073 0.005260491 0.165044617 0.009156598 -0.003819726 0.999951791 -0.009045730 -0.164450913 -0.165084245 0.008291125 0.986244619 9.117496214
0.979987385 0.006602119 0.198950085 0.107538957 -0.004390819 0.999923610 -0.011553987 -0.175056970 -0.199011168 0.010449208 0.979941513 9.463141745
0.970750668 0.005266191 0.240032099 0.238918803 -0.001931052 0.999898335 -0.014127633 -0.185787392 -0.240082095 0.013250895 0.970662146 9.840972549
0.960166410 0.004532676 0.279392055 0.377202534 0.000070130 0.999864487 -0.016462164 -0.194522620 -0.279428812 0.015826011 0.960035977 10.182405183
0.945663921 0.002991914 0.325131968 0.550232251 0.002992943 0.999835199 -0.017905773 -0.205585124 -0.325131958 0.017905945 0.945499120 10.554237458
0.929600985 0.001210661 0.368565521 0.733881579 0.005101571 0.999856540 -0.016151573 -0.210987519 -0.368532201 0.016894781 0.929461448 10.890165520
0.911006161 -0.001518097 0.412389950 0.935096741 0.007814195 0.999877233 -0.013581489 -0.216761831 -0.412318704 0.015595316 0.910906182 11.220412067
0.888380813 -0.005184811 0.459078042 1.178895539 0.011364495 0.999878179 -0.010699315 -0.224404138 -0.458966642 0.014722257 0.888331513 11.575170010
0.865532336 -0.007924067 0.500790361 1.414390986 0.013976706 0.999867578 -0.008335370 -0.233403008 -0.500657995 0.014213932 0.865528472 11.889736317
0.840490801 -0.008999734 0.541751067 1.665524677 0.014529400 0.999876851 -0.005931139 -0.242060316 -0.541630972 0.012856386 0.840518057 12.197201373
0.810481891 -0.012824796 0.585623283 1.965336149 0.019706987 0.999791329 -0.005378946 -0.248103975 -0.585432096 0.015900408 0.810565505 12.519936770
0.781236987 -0.013438386 0.624089882 2.256031252 0.021490707 0.999754601 -0.005374622 -0.251219694 -0.623864505 0.017610986 0.781334073 12.804849669
0.749676138 -0.012608680 0.661684751 2.558457208 0.022003486 0.999740608 -0.005879052 -0.254741936 -0.661438988 0.018966756 0.749759113 13.082855542
0.712509553 -0.009403149 0.701599400 2.909901781 0.020203995 0.999770534 -0.007118804 -0.257052654 -0.701371468 0.019247326 0.712536037 13.380089987
0.676298356 -0.005523486 0.736607103 3.247744383 0.017926998 0.999799131 -0.008962203 -0.261074479 -0.736409639 0.019266277 0.676261528 13.638107761
0.633526638 -0.003285126 0.773713905 3.647181595 0.017609183 0.999793186 -0.010173579 -0.265270437 -0.773520469 0.020069703 0.633453464 13.905583787
0.592472347 -0.001998984 0.805588308 4.030973910 0.017328171 0.999797180 -0.010263162 -0.269979573 -0.805404403 0.020040012 0.592386821 14.134884455
0.549328896 -0.006649954 0.835579764 4.439659008 0.022451632 0.999724778 -0.006803907 -0.273855244 -0.835304548 0.022497712 0.549327011 14.345556625
0.499464223 -0.009173712 0.866285942 4.910141410 0.025091532 0.999677627 -0.003880437 -0.276444457 -0.865971076 0.023674580 0.499533391 14.559534551
0.452778513 -0.007770724 0.891589162 5.351012138 0.023944438 0.999707349 -0.003446741 -0.279503847 -0.891301454 0.022909212 0.452832073 14.741540150
0.405786307 -0.006972504 0.913941386 5.814567127 0.022189479 0.999751308 -0.002224887 -0.282395074 -0.913698583 0.021182712 0.405840107 14.911977431
0.353913669 -0.006840769 0.935253078 6.343177825 0.020579225 0.999788113 -0.000474684 -0.287083315 -0.935051662 0.019414781 0.353979456 15.076879774
0.307352858 -0.009148578 0.951551640 6.846377409 0.024041312 0.999709261 0.001846197 -0.288436061 -0.951291877 0.022309115 0.307483442 15.201944111
0.264216979 -0.012858060 0.964377550 7.367949085 0.030146365 0.999532650 0.005067382 -0.285096017 -0.963992004 0.027733589 0.264481121 15.304263840
0.222138849 -0.016433055 0.974876549 7.960025005 0.034880345 0.999351887 0.008897665 -0.279545141 -0.974390935 0.032027513 0.222568068 15.405046408
0.187714810 -0.019094245 0.982037963 8.512823965 0.033953987 0.999339618 0.012940405 -0.279590107 -0.981636530 0.030914999 0.188239172 15.494968909
0.156164032 -0.020752024 0.987513113 9.136607127 0.031786852 0.999367007 0.015974396 -0.281066548 -0.987219525 0.028895308 0.156724823 15.583600522
0.132290812 -0.021696248 0.990973468 9.718858441 0.038478759 0.999119227 0.016737837 -0.277636734 -0.990463793 0.035917167 0.133009139 15.637987962
0.111149089 -0.017881436 0.993642861 10.310373565 0.044032844 0.998944829 0.013051326 -0.268990968 -0.992827774 0.042302278 0.111819178 15.682799713
0.090510540 -0.014101011 0.995795664 10.982495495 0.047569989 0.998819635 0.009820068 -0.258335440 -0.994758734 0.046481169 0.091074489 15.724626356
0.076066085 -0.012700189 0.997021893 11.608458917 0.045470434 0.998922809 0.009255314 -0.252859112 -0.996065455 0.044631003 0.076561630 15.763353482
0.063611759 -0.013490571 0.997883535 12.250917940 0.044710621 0.998943160 0.010654743 -0.248801840 -0.996972670 0.043938226 0.064147703 15.795616043
0.050736514 -0.012951011 0.998628098 12.968896423 0.043826262 0.998981556 0.010728949 -0.245648951 -0.997750001 0.043221787 0.051252436 15.823332736
0.039661080 -0.012629554 0.999133371 13.635291411 0.045553659 0.998903312 0.010818372 -0.241444920 -0.998174265 0.045085113 0.040192907 15.839321430
0.029798814 -0.012280581 0.999480474 14.308228044 0.046766769 0.998846599 0.010878474 -0.239765231 -0.998461266 0.046418306 0.030338767 15.844793155
0.021051799 -0.012795627 0.999696501 15.060613045 0.048330400 0.998762102 0.011765916 -0.238373237 -0.998609530 0.048068039 0.021644156 15.843658489
0.015458067 -0.013490102 0.999789511 15.759417652 0.049792329 0.998678777 0.012705259 -0.237644344 -0.998639961 0.049585449 0.016109347 15.841566862
0.010326870 -0.015607182 0.999824870 16.471026566 0.050566202 0.998607069 0.015065890 -0.236399515 -0.998667319 0.050401763 0.011101681 15.838292099
0.004391721 -0.016008191 0.999862216 17.269672198 0.049738015 0.998637789 0.015770122 -0.234975108 -0.998752643 0.049661904 0.005181955 15.826222229
-0.000298630 -0.015956064 0.999872649 18.006453139 0.049125829 0.998665211 0.015951468 -0.231664064 -0.998792553 0.049124336 0.000485624 15.815243380
-0.004275022 -0.016361208 0.999857007 18.753518245 0.050714048 0.998575960 0.016557080 -0.226508676 -0.998704065 0.050777578 -0.003439192 15.796918034
-0.006449139 -0.017458804 0.999826784 19.585333433 0.053491679 0.998410008 0.017779100 -0.221032539 -0.998547470 0.053597073 -0.005504984 15.779660722
-0.007724054 -0.016698085 0.999830742 20.350957858 0.054845704 0.998348456 0.017097032 -0.219935944 -0.998464966 0.054968479 -0.006795479 15.762416222
-0.008747369 -0.015757158 0.999837585 21.202514120 0.056443139 0.998273950 0.016226325 -0.217430901 -0.998367495 0.056575909 -0.007842887 15.745130799
-0.009218370 -0.014679203 0.999849760 21.985283646 0.057294452 0.998241853 0.015183837 -0.215255450 -0.998314764 0.057425814 -0.008361126 15.726295764
-0.010011399 -0.014272732 0.999848019 22.779180610 0.058094131 0.998200940 0.014830912 -0.213906177 -0.998260910 0.058233780 -0.009164226 15.707384451
-0.011055776 -0.013996198 0.999840925 23.663647694 0.058983706 0.998151811 0.014624767 -0.213360255 -0.998197722 0.059136011 -0.010209795 15.682276677
-0.011791551 -0.013739347 0.999836081 24.483964640 0.060056799 0.998090747 0.014423642 -0.210969177 -0.998125313 0.060217032 -0.010943896 15.660986404
-0.012844099 -0.012809948 0.999835454 25.310746973 0.060469733 0.998077864 0.013564237 -0.210417501 -0.998087391 0.060634003 -0.012044797 15.635412145
-0.014225696 -0.013207911 0.999811573 26.233329892 0.060346307 0.998078704 0.014043649 -0.210180375 -0.998076126 0.060534717 -0.013401316 15.604132445
-0.015061508 -0.013513039 0.999795253 27.089310822 0.061183838 0.998022478 0.014410788 -0.207485726 -0.998012870 0.061388359 -0.014204944 15.578084049
-0.016042648 -0.013986295 0.999773483 28.044936447 0.060038426 0.998084465 0.014926060 -0.206920627 -0.998067142 0.060264279 -0.015172202 15.555103465
-0.016795242 -0.012985097 0.999774628 28.921678783 0.058569681 0.998185872 0.013948376 -0.208925310 -0.998142030 0.058790748 -0.016004240 15.538605051
-0.017430477 -0.012331972 0.999772024 29.805883036 0.057580996 0.998252014 0.013317117 -0.211393388 -0.998188663 0.057799993 -0.016689922 15.523553582
-0.018394969 -0.012176137 0.999756654 30.798468593 0.056473914 0.998316843 0.013197690 -0.212407221 -0.998234603 0.056702942 -0.017676373 15.507735988
-0.019392715 -0.012672835 0.999731625 31.706408352 0.055783369 0.998348386 0.013737382 -0.218666035 -0.998254546 0.056034804 -0.018653753 15.493625159
-0.019940934 -0.013236210 0.999713540 32.632903031 0.054343294 0.998419866 0.014303048 -0.221561231 -0.998323177 0.054612943 -0.019190125 15.479524455
-0.020785342 -0.015040607 0.999670821 33.668684997 0.054465585 0.998384975 0.016153719 -0.223110416 -0.998299289 0.054783417 -0.019932577 15.463826155
-0.021437581 -0.016036848 0.999641561 34.619423831 0.054364583 0.998373306 0.017182365 -0.222583966 -0.998291001 0.054713445 -0.020530872 15.445358303
-0.022485978 -0.015729417 0.999623412 35.575193596 0.054333553 0.998379272 0.016932043 -0.221070685 -0.998269626 0.054693825 -0.021594899 15.423920951
-0.023314195 -0.013841377 0.999632365 36.632219907 0.053901438 0.998432357 0.015081892 -0.218640680 -0.998274052 0.054233244 -0.022531576 15.399401737
-0.024299962 -0.011904170 0.999633834 37.600526699 0.053577542 0.998476538 0.013192797 -0.217061271 -0.998267979 0.053878508 -0.023625145 15.373886962