1.000000000 0.000000000 0.000000000 -0.000000000 -0.000000000 1.000000000 -0.000000000 -0.000000000 -0.000000000 -0.000000000 1.000000000 0.000000000
0.999999994 0.000097275 -0.000057794 -0.000499564 -0.000097277 0.999999995 -0.000028127 -0.000000075 0.000057792 0.000028133 0.999999998 0.000874857
0.999999999 0.000043968 0.000000891 -0.000376443 -0.000043968 0.999999999 -0.000032032 -0.000403574 -0.000000893 0.000032032 0.999999999 0.001963155
0.999999993 -0.000005377 -0.000119476 -0.000457203 0.000005373 0.999999999 -0.000032127 -0.000669840 0.000119476 0.000032126 0.999999992 0.002912746
0.999999987 0.000074211 -0.000144494 -0.000508324 -0.000074211 0.999999997 0.000001356 -0.000740581 0.000144494 -0.000001346 0.999999990 0.003809382
0.999999991 0.000051800 -0.000127092 -0.000086742 -0.000051804 0.999999998 -0.000030317 -0.001517706 0.000127090 0.000030324 0.999999991 0.004750021
0.999999974 0.000093557 -0.000207287 0.000161814 -0.000093569 0.999999994 -0.000058790 -0.002023953 0.000207281 0.000058809 0.999999977 0.005609758
0.999999961 0.000100760 -0.000260023 0.000009442 -0.000100764 0.999999995 -0.000014728 -0.003197079 0.000260021 0.000014754 0.999999966 0.006615877
0.999999963 0.000067863 -0.000265137 -0.000056930 -0.000067868 0.999999997 -0.000021788 -0.004638435 0.000265136 0.000021806 0.999999965 0.007564166
0.999999964 0.000081639 -0.000255003 -0.000012870 -0.000081645 0.999999996 -0.000023622 -0.005349048 0.000255001 0.000023642 0.999999967 0.008403105
0.999999960 0.000052147 -0.000278195 0.000035995 -0.000052154 0.999999998 -0.000025006 -0.004834419 0.000278194 0.000025021 0.999999961 0.008592768
0.999999946 0.000048126 -0.000323697 -0.000265146 -0.000048144 0.999999997 -0.000054817 -0.004559053 0.000323695 0.000054832 0.999999946 0.008600197
0.999999907 0.000102199 -0.000417995 -0.000568913 -0.000102230 0.999999992 -0.000072550 -0.004275905 0.000417987 0.000072592 0.999999910 0.008954851
0.999999910 0.000123971 -0.000405604 -0.000951946 -0.000123983 0.999999992 -0.000029343 -0.003969340 0.000405601 0.000029394 0.999999917 0.009530745
0.999999901 0.000105538 -0.000431626 -0.000969107 -0.000105553 0.999999994 -0.000035790 -0.003838458 0.000431622 0.000035835 0.999999906 0.010065186
0.999999847 0.000179562 -0.000522992 -0.000943176 -0.000179584 0.999999983 -0.000041488 -0.003220817 0.000522984 0.000041582 0.999999862 0.010446331
0.999999790 0.000133968 -0.000633782 -0.000971794 -0.000134014 0.999999988 -0.000072420 -0.002470154 0.000633772 0.000072504 0.999999797 0.010734702
0.999999714 0.000149368 -0.000741839 -0.001097119 -0.000149415 0.999999987 -0.000063355 -0.002068211 0.000741829 0.000063466 0.999999723 0.011169922
0.999999706 0.000198367 -0.000740713 -0.001152496 -0.000198405 0.999999979 -0.000050380 -0.001410292 0.000740703 0.000050527 0.999999724 0.011505736
0.999999726 0.000148993 -0.000725614 -0.001542572 -0.000149049 0.999999986 -0.000076068 -0.000984738 0.000725603 0.000076176 0.999999734 0.012220475
0.999999610 0.000166100 -0.000867224 -0.001835935 -0.000166180 0.999999982 -0.000091606 0.000079946 0.000867208 0.000091750 0.999999620 0.012700205
0.999999593 0.000194415 -0.000881084 -0.002180558 -0.000194493 0.999999977 -0.000087879 0.001229783 0.000881067 0.000088050 0.999999608 0.013114526
0.999999524 0.000186108 -0.000957287 -0.001739650 -0.000186185 0.999999979 -0.000080225 0.001921308 0.000957272 0.000080403 0.999999539 0.013500421
0.999999488 0.000226768 -0.000986179 -0.001726239 -0.000226836 0.999999972 -0.000069776 0.002277168 0.000986163 0.000070000 0.999999511 0.014091057
0.999999412 0.000205496 -0.001065190 -0.001760309 -0.000205580 0.999999976 -0.000078162 0.003503110 0.001065174 0.000078381 0.999999430 0.014098264
0.999999479 0.000136316 -0.001011780 -0.001474933 -0.000136390 0.999999988 -0.000073144 0.004527155 0.001011770 0.000073282 0.999999485 0.014234247
0.999999451 0.000194693 -0.001029993 -0.001242684 -0.000194789 0.999999977 -0.000093528 0.005233843 0.001029975 0.000093728 0.999999465 0.014228864
0.999999406 0.000219550 -0.001067980 -0.000789544 -0.000219640 0.999999972 -0.000084226 0.006045164 0.001067962 0.000084460 0.999999426 0.014041042
0.999999374 0.000232079 -0.001094313 -0.000821929 -0.000232207 0.999999966 -0.000116711 0.006665083 0.001094286 0.000116965 0.999999394 0.014206872
0.999999376 0.000183249 -0.001101792 -0.000484793 -0.000183370 0.999999977 -0.000109796 0.007804902 0.001101772 0.000109998 0.999999387 0.014260932
0.999999223 0.000223039 -0.001226792 -0.000624929 -0.000223155 0.999999971 -0.000094054 0.008348002 0.001226771 0.000094328 0.999999243 0.014597907
0.999999259 0.000173549 -0.001205105 -0.000531297 -0.000173666 0.999999980 -0.000096621 0.009777172 0.001205089 0.000096830 0.999999269 0.014657265
0.999999200 0.000202387 -0.001248656 -0.000641604 -0.000202595 0.999999966 -0.000166434 0.010935021 0.001248623 0.000166687 0.999999207 0.014902076
0.999999194 0.000213492 -0.001251895 -0.000608830 -0.000213678 0.999999966 -0.000148500 0.012220021 0.001251863 0.000148767 0.999999205 0.014921196
0.999999103 0.000201094 -0.001324110 -0.000824728 -0.000201281 0.999999970 -0.000141770 0.012783030 0.001324082 0.000142037 0.999999113 0.015061713
0.999998981 0.000237937 -0.001407803 -0.001108350 -0.000238140 0.999999961 -0.000144294 0.013205519 0.001407769 0.000144629 0.999998999 0.014941656
0.999999023 0.000180420 -0.001385962 -0.001420885 -0.000180640 0.999999971 -0.000158852 0.013675540 0.001385933 0.000159102 0.999999027 0.015063683
0.999999016 0.000229354 -0.001384284 -0.001915042 -0.000229599 0.999999958 -0.000176873 0.014107174 0.001384244 0.000177190 0.999999026 0.015039616
0.999998992 0.000236679 -0.001400031 -0.002016065 -0.000236942 0.999999954 -0.000188161 0.014727086 0.001399987 0.000188493 0.999999002 0.014919518
0.999998919 0.000216871 -0.001454216 -0.002077584 -0.000217142 0.999999959 -0.000186105 0.015098290 0.001454176 0.000186420 0.999998925 0.015051145
0.999998637 0.000213894 -0.001637247 -0.002517686 -0.000214200 0.999999960 -0.000186354 0.014741468 0.001637207 0.000186704 0.999998642 0.014847837
0.999998503 0.000231549 -0.001714726 -0.002858960 -0.000231907 0.999999951 -0.000208751 0.014324643 0.001714678 0.000209148 0.999998508 0.014887092
0.999998464 0.000226064 -0.001737832 -0.003723752 -0.000226421 0.999999953 -0.000205156 0.014153424 0.001737785 0.000205549 0.999998469 0.014617386
0.999998466 0.000215099 -0.001738143 -0.004196756 -0.000215434 0.999999958 -0.000192149 0.014012177 0.001738102 0.000192523 0.999998471 0.014524084
0.999998378 0.000224072 -0.001787265 -0.004595230 -0.000224498 0.999999946 -0.000238037 0.013397356 0.001787212 0.000238438 0.999998375 0.013689240
0.999998404 0.000247600 -0.001769457 -0.005233462 -0.000248085 0.999999932 -0.000273749 0.012760030 0.001769389 0.000274188 0.999998397 0.013269392
0.999998313 0.000250768 -0.001819902 -0.005583792 -0.000251219 0.999999938 -0.000247644 0.012399817 0.001819840 0.000248101 0.999998313 0.012708472
0.999998285 0.000242105 -0.001835873 -0.006475933 -0.000242569 0.999999939 -0.000252920 0.012293737 0.001835812 0.000253365 0.999998283 0.012489850
0.999998178 0.000230378 -0.001894838 -0.006927775 -0.000230871 0.999999940 -0.000259957 0.012373274 0.001894778 0.000260394 0.999998171 0.012165493
0.999998031 0.000247081 -0.001969214 -0.007742792 -0.000247539 0.999999942 -0.000232290 0.012419895 0.001969156 0.000232777 0.999998034 0.011078463
0.999997941 0.000252932 -0.002013360 -0.008652609 -0.000253492 0.999999929 -0.000278087 0.012329028 0.002013289 0.000278597 0.999997935 0.010332943
0.999997733 0.000263064 -0.002112960 -0.009646431 -0.000263692 0.999999921 -0.000296868 0.013174035 0.002112881 0.000297425 0.999997724 0.009346088
0.999997873 0.000263553 -0.002045688 -0.010074110 -0.000264191 0.999999917 -0.000311677 0.013338768 0.002045605 0.000312217 0.999997859 0.008981316
0.999997767 0.000258657 -0.002097533 -0.010924055 -0.000259334 0.999999914 -0.000322594 0.013554052 0.002097450 0.000323138 0.999997748 0.007776547
0.999997713 0.000282105 -0.002120054 -0.011937990 -0.000282827 0.999999902 -0.000340020 0.013716517 0.002119958 0.000340619 0.999997695 0.006745905
0.999997607 0.000253214 -0.002172986 -0.013090178 -0.000253988 0.999999904 -0.000355934 0.013756266 0.002172895 0.000356485 0.999997576 0.005316893
0.999997451 0.000278665 -0.002240624 -0.014449069 -0.000279486 0.999999894 -0.000366161 0.013393848 0.002240521 0.000366787 0.999997423 0.004332619
0.999997280 0.000252330 -0.002318620 -0.014688832 -0.000253206 0.999999897 -0.000377522 0.012371055 0.002318524 0.000378108 0.999997241 0.003258602
0.999997379 0.000290242 -0.002270998 -0.015120808 -0.000291143 0.999999879 -0.000396717 0.012277604 0.002270883 0.000397377 0.999997343 0.002537472
0.999997315 0.000274874 -0.002300997 -0.015001099 -0.000275803 0.999999881 -0.000403235 0.011375981 0.002300886 0.000403869 0.999997271 0.002208620
0.999997299 0.000273030 -0.002308026 -0.015213879 -0.000273959 0.999999882 -0.000402358 0.011603731 0.002307916 0.000402989 0.999997256 0.001133353
0.999997176 0.000245204 -0.002363985 -0.015453620 -0.000246189 0.999999883 -0.000416327 0.011423233 0.002363883 0.000416908 0.999997119 0.000481918
0.999997139 0.000243518 -0.002379816 -0.015888680 -0.000244534 0.999999879 -0.000426608 0.011354177 0.002379712 0.000427189 0.999997077 -0.000002911
0.999997064 0.000234219 -0.002411912 -0.016411141 -0.000235246 0.999999882 -0.000425168 0.011564080 0.002411812 0.000425734 0.999997001 -0.000031578
0.999996825 0.000208372 -0.002511095 -0.017047152 -0.000209442 0.999999887 -0.000425904 0.012287974 0.002511006 0.000426428 0.999996756 -0.000457019
0.999996730 0.000228156 -0.002546959 -0.017905036 -0.000229241 0.999999883 -0.000425559 0.013664761 0.002546862 0.000426142 0.999996666 -0.000760390
0.999996513 0.000263884 -0.002627537 -0.019025292 -0.000265028 0.999999870 -0.000435025 0.015576972 0.002627422 0.000435720 0.999996453 -0.001279020
0.999996505 0.000217074 -0.002635055 -0.020043442 -0.000218194 0.999999886 -0.000425112 0.016838515 0.002634962 0.000425685 0.999996438 -0.001821367
0.999996213 0.000228376 -0.002742751 -0.021070186 -0.000229578 0.999999878 -0.000438036 0.018585460 0.002742651 0.000438664 0.999996143 -0.002593936
0.999996127 0.000253057 -0.002771812 -0.022018460 -0.000254234 0.999999878 -0.000424573 0.020283622 0.002771705 0.000425276 0.999996068 -0.003079852
0.999995817 0.000263182 -0.002880504 -0.022982420 -0.000264607 0.999999843 -0.000494522 0.021764028 0.002880373 0.000495282 0.999995729 -0.003672006
0.999996156 0.000278598 -0.002758687 -0.023546377 -0.000279916 0.999999847 -0.000477373 0.023815231 0.002758554 0.000478144 0.999996081 -0.004504289
0.999995935 0.000285351 -0.002836921 -0.024438350 -0.000286662 0.999999852 -0.000461765 0.025438647 0.002836789 0.000462577 0.999995869 -0.005328985
0.999995829 0.000288137 -0.002873821 -0.025113111 -0.000289479 0.999999849 -0.000466423 0.027134185 0.002873686 0.000467253 0.999995762 -0.006499003
0.999995670 0.000252332 -0.002931784 -0.026005440 -0.000253751 0.999999851 -0.000483419 0.028340718 0.002931662 0.000484161 0.999995585 -0.007299856
0.999995673 0.000274113 -0.002928826 -0.026759357 -0.000275661 0.999999822 -0.000528395 0.029524505 0.002928681 0.000529200 0.999995571 -0.008118619
0.999995656 0.000229410 -0.002938612 -0.027700224 -0.000230888 0.999999847 -0.000502521 0.030658427 0.002938497 0.000503198 0.999995556 -0.008577647
0.999995781 0.000232239 -0.002895393 -0.028459201 -0.000233890 0.999999810 -0.000569768 0.030678327 0.002895261 0.000570443 0.999995646 -0.009180721
0.999995583 0.000234972 -0.002962761 -0.028496870 -0.000236431 0.999999851 -0.000491954 0.031911937 0.002962645 0.000492652 0.999995490 -0.009476744
0.999995501 0.000204555 -0.002992674 -0.028538237 -0.000206081 0.999999849 -0.000509457 0.033903559 0.002992570 0.000510072 0.999995392 -0.010010978
0.999995363 0.000189515 -0.003039524 -0.028929357 -0.000191110 0.999999844 -0.000524276 0.035620960 0.003039424 0.000524855 0.999995243 -0.010525693
0.999995198 0.000202636 -0.003092309 -0.028534919 -0.000204279 0.999999838 -0.000531226 0.036734108 0.003092201 0.000531855 0.999995078 -0.010605142
0.999994810 0.000206292 -0.003215253 -0.027742003 -0.000208008 0.999999836 -0.000533410 0.037993717 0.003215142 0.000534076 0.999994689 -0.010679130
0.999994636 0.000237565 -0.003266741 -0.027630040 -0.000239178 0.999999850 -0.000493347 0.038957055 0.003266623 0.000494126 0.999994542 -0.010608829
0.999994967 0.000201267 -0.003166444 -0.026396332 -0.000202929 0.999999842 -0.000524538 0.039300400 0.003166338 0.000525178 0.999994849 -0.010582050
0.999994989 0.000213176 -0.003158714 -0.025808713 -0.000214770 0.999999850 -0.000504410 0.039855323 0.003158606 0.000505085 0.999994884 -0.010488259
0.999994819 0.000218547 -0.003211710 -0.024694371 -0.000219981 0.999999876 -0.000446345 0.039458499 0.003211612 0.000447049 0.999994743 -0.010026506
0.999994736 0.000141246 -0.003241552 -0.024405961 -0.000142643 0.999999897 -0.000430797 0.039487673 0.003241491 0.000431257 0.999994653 -0.009718845
0.999994669 0.000130680 -0.003262535 -0.023826263 -0.000132104 0.999999896 -0.000436160 0.039369441 0.003262478 0.000436588 0.999994583 -0.009214255
0.999994613 0.000155120 -0.003278744 -0.023610703 -0.000156480 0.999999902 -0.000414467 0.039443517 0.003278679 0.000414978 0.999994539 -0.008766333
0.999994501 0.000154820 -0.003312578 -0.023353576 -0.000156225 0.999999898 -0.000424068 0.039393957 0.003312512 0.000424584 0.999994423 -0.008154999
0.999994283 0.000184460 -0.003376465 -0.023193670 -0.000185684 0.999999917 -0.000362220 0.039660196 0.003376398 0.000362845 0.999994234 -0.007800378
0.999994360 0.000154839 -0.003355012 -0.022424704 -0.000156182 0.999999908 -0.000399817 0.039104860 0.003354949 0.000400339 0.999994292 -0.007519424
0.999994026 0.000155026 -0.003453217 -0.021490868 -0.000156369 0.999999912 -0.000388556 0.038185749 0.003453157 0.000389094 0.999993962 -0.006958621
0.999994116 0.000166535 -0.003426531 -0.021084073 -0.000167791 0.999999919 -0.000366091 0.037764641 0.003426469 0.000366663 0.999994062 -0.006603630
0.999993834 0.000187150 -0.003506774 -0.020580261 -0.000188555 0.999999902 -0.000400538 0.037068610 0.003506699 0.000401197 0.999993771 -0.005996218
0.999993750 0.000119807 -0.003533615 -0.019767835 -0.000121154 0.999999920 -0.000380946 0.036596268 0.003533569 0.000381372 0.999993684 -0.005620632
0.999993758 0.000135795 -0.003530712 -0.018122286 -0.000137098 0.999999923 -0.000368908 0.035012407 0.003530662 0.000369390 0.999993699 -0.005060187
0.999993589 0.000132717 -0.003578244 -0.017061302 -0.000134137 0.999999912 -0.000396752 0.033938997 0.003578191 0.000397229 0.999993519 -0.004651120
0.999993195 0.000068096 -0.003688636 -0.015900662 -0.000069578 0.999999917 -0.000401647 0.033061886 0.003688608 0.000401901 0.999993116 -0.004154711
0.999993773 0.000087912 -0.003527862 -0.015131254 -0.000089055 0.999999944 -0.000323804 0.033096769 0.003527833 0.000324116 0.999993725 -0.003899891
0.999993561 0.000066992 -0.003588023 -0.013365233 -0.000068356 0.999999926 -0.000379859 0.032414303 0.003587998 0.000380102 0.999993491 -0.003553334
0.999993336 0.000061419 -0.003650351 -0.012074145 -0.000062748 0.999999932 -0.000363956 0.031973169 0.003650328 0.000364182 0.999993271 -0.003343836
0.999993339 0.000001701 -0.003650031 -0.010759439 -0.000002774 0.999999957 -0.000293881 0.031934320 0.003650030 0.000293889 0.999993295 -0.003094413
0.999993229 -0.000064696 -0.003679384 -0.009491967 0.000063588 0.999999953 -0.000301338 0.031710405 0.003679404 0.000301102 0.999993186 -0.002919660
0.999993290 -0.000038028 -0.003663264 -0.008491811 0.000036940 0.999999955 -0.000297078 0.030871819 0.003663275 0.000296940 0.999993246 -0.002610416
0.999993053 -0.000028844 -0.003727294 -0.006981963 0.000027546 0.999999939 -0.000348229 0.029407834 0.003727303 0.000348124 0.999992993 -0.002424201
0.999992871 -0.000019585 -0.003776013 -0.006130755 0.000018437 0.999999954 -0.000304095 0.029119546 0.003776019 0.000304023 0.999992825 -0.002333634
0.999992659 -0.000015435 -0.003831703 -0.004600590 0.000014209 0.999999949 -0.000320088 0.028043481 0.003831708 0.000320031 0.999992608 -0.002264770
0.999992743 0.000035121 -0.003809481 -0.003795651 -0.000036309 0.999999951 -0.000311742 0.027513719 0.003809470 0.000311878 0.999992695 -0.001999008
0.999992691 -0.000010701 -0.003823333 -0.002191337 0.000009405 0.999999943 -0.000338947 0.026338305 0.003823336 0.000338909 0.999992634 -0.001572089
0.999992477 0.000050670 -0.003878510 -0.002010850 -0.000051849 0.999999952 -0.000303978 0.025141160 0.003878495 0.000304177 0.999992432 -0.001343465
0.999992857 0.000026443 -0.003779463 -0.001761075 -0.000027639 0.999999950 -0.000316202 0.025033483 0.003779454 0.000316304 0.999992808 -0.001230826
0.999992723 0.000008274 -0.003814836 -0.001580164 -0.000009430 0.999999954 -0.000302809 0.025070210 0.003814833 0.000302843 0.999992678 -0.001106829
0.999992708 0.000040365 -0.003818618 -0.001412902 -0.000041518 0.999999954 -0.000301907 0.025086280 0.003818606 0.000302063 0.999992663 -0.000984423
0.999992370 0.000067409 -0.003905932 -0.001277917 -0.000068478 0.999999960 -0.000273476 0.025028807 0.003905913 0.000273741 0.999992334 -0.000806171
0.999992467 0.000031673 -0.003881418 -0.000660642 -0.000032903 0.999999949 -0.000317014 0.024891950 0.003881407 0.000317139 0.999992417 -0.000829858
0.999992575 0.000080998 -0.003852833 -0.000071558 -0.000082268 0.999999942 -0.000329557 0.024638271 0.003852806 0.000329871 0.999992524 -0.000841082
0.999992320 0.000034394 -0.003918998 0.001034543 -0.000035725 0.999999942 -0.000339686 0.024536181 0.003918986 0.000339823 0.999992263 -0.000763377
0.999992407 0.000036092 -0.003896719 0.002381239 -0.000037255 0.999999955 -0.000298286 0.024186832 0.003896708 0.000298429 0.999992363 -0.000756247
0.999992456 0.000013690 -0.003884371 0.003202513 -0.000014961 0.999999946 -0.000327050 0.024143819 0.003884366 0.000327106 0.999992402 -0.000779873
0.999992484 0.000048454 -0.003876817 0.004102202 -0.000049788 0.999999940 -0.000343953 0.024446000 0.003876800 0.000344143 0.999992426 -0.000859497
0.999992492 0.000046406 -0.003874814 0.004986018 -0.000047743 0.999999939 -0.000344915 0.025058887 0.003874798 0.000345098 0.999992433 -0.000969353
0.999992363 0.000056114 -0.003907700 0.005479991 -0.000057473 0.999999938 -0.000347508 0.025066938 0.003907680 0.000347730 0.999992305 -0.001143846
0.999992527 0.000054161 -0.003865582 0.006312269 -0.000055533 0.999999936 -0.000354761 0.025034604 0.003865563 0.000354973 0.999992466 -0.001140434
0.999992356 0.000102203 -0.003908611 0.006994557 -0.000103507 0.999999939 -0.000333566 0.025311305 0.003908577 0.000333968 0.999992306 -0.001118058
0.999992189 0.000062156 -0.003951947 0.008141164 -0.000063466 0.999999943 -0.000331295 0.025996517 0.003951926 0.000331543 0.999992136 -0.001208341
0.999992460 0.000066599 -0.003882736 0.008379718 -0.000067923 0.999999940 -0.000341075 0.027487640 0.003882713 0.000341336 0.999992404 -0.001438220
0.999992656 0.000099628 -0.003831111 0.009107787 -0.000100801 0.999999948 -0.000306186 0.028448469 0.003831080 0.000306570 0.999992614 -0.001512904
0.999992403 0.000080774 -0.003897078 0.009916619 -0.000082226 0.999999927 -0.000372348 0.029354982 0.003897048 0.000372665 0.999992337 -0.001509491
0.999992717 0.000090109 -0.003815474 0.010905097 -0.000091430 0.999999936 -0.000345906 0.030581765 0.003815443 0.000346253 0.999992661 -0.001520401
0.999992843 0.000091305 -0.003782154 0.011932153 -0.000092680 0.999999930 -0.000363320 0.031359224 0.003782120 0.000363668 0.999992782 -0.001603141
0.999992787 0.000028743 -0.003798015 0.012661280 -0.000030037 0.999999942 -0.000340537 0.032246499 0.003798005 0.000340649 0.999992730 -0.001933345
0.999993039 0.000093112 -0.003729922 0.013667569 -0.000094513 0.999999925 -0.000375398 0.033113529 0.003729887 0.000375748 0.999992973 -0.002241790
0.999992892 0.000098998 -0.003769012 0.014674042 -0.000100386 0.999999927 -0.000368095 0.034029748 0.003768975 0.000368471 0.999992830 -0.002468018
0.999993024 0.000091270 -0.003734201 0.015155346 -0.000092616 0.999999931 -0.000360470 0.035722890 0.003734168 0.000360813 0.999992963 -0.002957569
0.999992947 0.000087828 -0.003754683 0.015887486 -0.000089086 0.999999940 -0.000334825 0.037719979 0.003754653 0.000335157 0.999992895 -0.003612027
0.999992810 0.000100405 -0.003790730 0.016143284 -0.000101860 0.999999921 -0.000383484 0.040288637 0.003790691 0.000383867 0.999992742 -0.004500207
0.999992963 0.000040561 -0.003751266 0.016632146 -0.000041979 0.999999928 -0.000377726 0.041449358 0.003751250 0.000377881 0.999992893 -0.004910512
0.999992712 0.000091947 -0.003816697 0.016850135 -0.000093432 0.999999920 -0.000388937 0.042661188 0.003816661 0.000389291 0.999992641 -0.005412966
0.999992697 0.000100015 -0.003820566 0.017105593 -0.000101517 0.999999918 -0.000393014 0.044547804 0.003820526 0.000393399 0.999992624 -0.005915767
0.999992874 0.000126874 -0.003772937 0.017310025 -0.000128449 0.999999905 -0.000417200 0.046888897 0.003772884 0.000417681 0.999992795 -0.006591093
0.999992785 0.000113367 -0.003796923 0.017644571 -0.000114976 0.999999904 -0.000423613 0.049330310 0.003796875 0.000424046 0.999992702 -0.007115432
0.999992733 0.000132469 -0.003810035 0.017515377 -0.000134245 0.999999882 -0.000465870 0.051983175 0.003809973 0.000466378 0.999992633 -0.007750082
0.999992941 0.000127525 -0.003755096 0.017677102 -0.000129058 0.999999908 -0.000407883 0.054157520 0.003755044 0.000408365 0.999992866 -0.008022044
0.999993086 0.000099465 -0.003717334 0.018086245 -0.000101184 0.999999888 -0.000462195 0.056561597 0.003717287 0.000462568 0.999992984 -0.008156847
0.999992981 0.000139352 -0.003744261 0.018124729 -0.000140827 0.999999913 -0.000393700 0.058058157 0.003744206 0.000394225 0.999992913 -0.008129031
0.999993033 0.000122934 -0.003730869 0.018216591 -0.000124511 0.999999903 -0.000422451 0.059335961 0.003730817 0.000422913 0.999992951 -0.008138324
0.999992906 0.000127801 -0.003764394 0.018510496 -0.000129274 0.999999915 -0.000391045 0.060885523 0.003764344 0.000391529 0.999992838 -0.008019121
0.999992842 0.000147324 -0.003780904 0.018927965 -0.000148665 0.999999926 -0.000354351 0.061957022 0.003780852 0.000354910 0.999992790 -0.007841213
0.999992654 0.000179440 -0.003828924 0.019277190 -0.000180744 0.999999926 -0.000340230 0.062434567 0.003828863 0.000340920 0.999992612 -0.007337986
0.999992366 0.000211034 -0.003901694 0.019238176 -0.000212364 0.999999919 -0.000340550 0.063775595 0.003901621 0.000341376 0.999992330 -0.006873720
0.999992375 0.000193867 -0.003900287 0.018962901 -0.000195313 0.999999912 -0.000370513 0.065527746 0.003900214 0.000371272 0.999992325 -0.006235839
0.999992276 0.000192499 -0.003925610 0.018936630 -0.000193886 0.999999919 -0.000352958 0.066760164 0.003925542 0.000353716 0.999992232 -0.005806482
0.999992252 0.000174647 -0.003932721 0.018641609 -0.000176041 0.999999922 -0.000354067 0.067421569 0.003932659 0.000354756 0.999992204 -0.005078494
0.999992297 0.000162378 -0.003921707 0.018055367 -0.000163791 0.999999922 -0.000359861 0.067400344 0.003921648 0.000360500 0.999992245 -0.004418680
0.999992073 0.000162790 -0.003978382 0.017904472 -0.000164072 0.999999935 -0.000321859 0.067010005 0.003978330 0.000322509 0.999992034 -0.003489977
0.999992183 0.000179320 -0.003949855 0.017423546 -0.000180460 0.999999942 -0.000288364 0.066576522 0.003949803 0.000289075 0.999992158 -0.002778037
0.999991964 0.000174580 -0.004005089 0.016606764 -0.000175693 0.999999946 -0.000277336 0.067701197 0.004005040 0.000278038 0.999991941 -0.002175589
0.999992184 0.000164448 -0.003950425 0.015593617 -0.000165486 0.999999952 -0.000262356 0.066309142 0.003950381 0.000263007 0.999992163 -0.000992717
0.999991733 0.000160068 -0.004063033 0.014366965 -0.000161005 0.999999961 -0.000230341 0.065129117 0.004062996 0.000230993 0.999991719 0.000074477
0.999991612 0.000160608 -0.004092613 0.013366506 -0.000161649 0.999999955 -0.000253869 0.063083130 0.004092572 0.000254529 0.999991593 0.001544875
0.999991493 0.000189488 -0.004120407 0.013105730 -0.000190303 0.999999962 -0.000197380 0.061767330 0.004120370 0.000198163 0.999991492 0.002724415
0.999991398 0.000180810 -0.004143755 0.012383834 -0.000181797 0.999999955 -0.000237792 0.059708923 0.004143712 0.000238543 0.999991386 0.003857778
0.999991434 0.000159677 -0.004136053 0.011324123 -0.000160628 0.999999961 -0.000229634 0.058011791 0.004136016 0.000230296 0.999991420 0.004821374
0.999991588 0.000157996 -0.004098607 0.010003883 -0.000158813 0.999999968 -0.000198964 0.055884056 0.004098576 0.000199613 0.999991581 0.005938585
0.999991664 0.000162681 -0.004079933 0.008497110 -0.000163411 0.999999971 -0.000178635 0.054911406 0.004079903 0.000179300 0.999991661 0.006889646
0.999991526 0.000202149 -0.004111749 0.007557404 -0.000203094 0.999999953 -0.000229244 0.052889593 0.004111702 0.000230078 0.999991520 0.007530310
0.999991447 0.000169736 -0.004132495 0.007114187 -0.000170567 0.999999965 -0.000200576 0.051061025 0.004132461 0.000201279 0.999991441 0.008227349
0.999991670 0.000199398 -0.004076831 0.006077464 -0.000200320 0.999999954 -0.000225623 0.050109174 0.004076786 0.000226438 0.999991664 0.008685545
0.999991446 0.000242714 -0.004129123 0.005016978 -0.000243507 0.999999952 -0.000191585 0.048599342 0.004129076 0.000192589 0.999991457 0.009096203
0.999991711 0.000208333 -0.004066389 0.004307365 -0.000209109 0.999999960 -0.000190441 0.046967611 0.004066350 0.000191290 0.999991714 0.009525260
0.999991558 0.000232183 -0.004102419 0.003291401 -0.000232919 0.999999957 -0.000179100 0.045166182 0.004102377 0.000180054 0.999991569 0.009759306
0.999991594 0.000223168 -0.004094126 0.002697754 -0.000223755 0.999999965 -0.000142939 0.044666229 0.004094094 0.000143854 0.999991609 0.010048911
0.999991567 0.000176256 -0.004103076 0.002290339 -0.000176935 0.999999971 -0.000165055 0.043802302 0.004103047 0.000165780 0.999991569 0.009881345
0.999991889 0.000194473 -0.004022874 0.001862532 -0.000195153 0.999999967 -0.000168653 0.042820767 0.004022841 0.000169437 0.999991894 0.009940911
0.999991795 0.000175056 -0.004047205 0.001366284 -0.000175697 0.999999972 -0.000158064 0.041675699 0.004047178 0.000158773 0.999991798 0.010009101
0.999991899 0.000200234 -0.004020140 0.000985241 -0.000201071 0.999999958 -0.000207617 0.041214876 0.004020099 0.000208423 0.999991898 0.010037446
0.999991588 0.000154279 -0.004098700 0.001036622 -0.000154849 0.999999978 -0.000138952 0.041040852 0.004098678 0.000139586 0.999991591 0.010064465
0.999991677 0.000144686 -0.004077313 0.000747634 -0.000145358 0.999999976 -0.000164569 0.040606107 0.004077289 0.000165160 0.999991674 0.009607516
0.999991965 0.000160169 -0.004005449 0.000274969 -0.000160772 0.999999976 -0.000150308 0.040333780 0.004005425 0.000150951 0.999991967 0.009248640
0.999991923 0.000184308 -0.004014986 -0.000018192 -0.000184978 0.999999969 -0.000166503 0.040613567 0.004014955 0.000167245 0.999991926 0.008710411
0.999991709 0.000194580 -0.004067360 -0.000396272 -0.000195157 0.999999971 -0.000141437 0.040439520 0.004067332 0.000142229 0.999991718 0.008548621
0.999991956 0.000150367 -0.004008070 -0.000287004 -0.000150847 0.999999982 -0.000119340 0.039843662 0.004008052 0.000119944 0.999991961 0.008182061
0.999992101 0.000104589 -0.003973378 -0.000563363 -0.000105069 0.999999987 -0.000120682 0.039719741 0.003973365 0.000121098 0.999992099 0.007771291
0.999992170 0.000108072 -0.003955842 -0.000499842 -0.000108664 0.999999983 -0.000149379 0.039607758 0.003955826 0.000149808 0.999992164 0.007191865
0.999992210 0.000132868 -0.003944805 -0.000567379 -0.000133426 0.999999981 -0.000141206 0.039928743 0.003944787 0.000141731 0.999992209 0.006897878
0.999991912 0.000080516 -0.004021080 0.000663321 -0.000081110 0.999999986 -0.000147508 0.038538452 0.004021068 0.000147833 0.999991905 0.006587454
0.999992023 0.000057095 -0.003993951 0.001176946 -0.000057527 0.999999993 -0.000107998 0.037574839 0.003993944 0.000108227 0.999992018 0.006276827
0.999992242 0.000050563 -0.003938769 0.002254574 -0.000051261 0.999999983 -0.000177025 0.036184628 0.003938760 0.000177226 0.999992227 0.005343150
0.999992305 0.000027203 -0.003922908 0.002800778 -0.000027904 0.999999984 -0.000178722 0.035305688 0.003922903 0.000178830 0.999992289 0.004622265
0.999992256 0.000027623 -0.003935470 0.002875981 -0.000028202 0.999999989 -0.000146940 0.034782959 0.003935466 0.000147050 0.999992245 0.004098299
0.999992472 0.000020322 -0.003880200 0.004303306 -0.000020963 0.999999986 -0.000164957 0.033450239 0.003880196 0.000165037 0.999992458 0.003507954
0.999992493 0.000011053 -0.003874683 0.005414902 -0.000011820 0.999999980 -0.000197855 0.032289954 0.003874681 0.000197900 0.999992474 0.003146599
0.999992673 0.000031122 -0.003827921 0.005927365 -0.000031796 0.999999984 -0.000176043 0.031705182 0.003827915 0.000176163 0.999992658 0.002548480
0.999992712 -0.000029016 -0.003817736 0.006969474 0.000028426 0.999999988 -0.000154801 0.030591387 0.003817740 0.000154691 0.999992700 0.002393346
0.999992569 -0.000047193 -0.003854895 0.007510623 0.000046602 0.999999987 -0.000153441 0.030438909 0.003854902 0.000153260 0.999992558 0.001767307
0.999992698 -0.000038077 -0.003821250 0.008098930 0.000037367 0.999999982 -0.000185859 0.030241437 0.003821257 0.000185715 0.999992682 0.001402216
0.999992860 -0.000021084 -0.003778817 0.008388957 0.000020317 0.999999979 -0.000203127 0.029977776 0.003778821 0.000203048 0.999992840 0.001024458
0.999992994 -0.000008737 -0.003743251 0.008446568 0.000008088 0.999999985 -0.000173503 0.029580334 0.003743252 0.000173472 0.999992979 0.000725698
0.999992842 -0.000027835 -0.003783469 0.008944832 0.000027195 0.999999985 -0.000169197 0.028375611 0.003783474 0.000169093 0.999992828 0.000530444
0.999992840 -0.000077952 -0.003783391 0.009450479 0.000077218 0.999999978 -0.000194151 0.027958721 0.003783406 0.000193858 0.999992824 0.000436336
0.999993183 -0.000080956 -0.003691489 0.010067778 0.000080257 0.999999979 -0.000189519 0.027805519 0.003691504 0.000189222 0.999993168 0.000091375
0.999992864 -0.000050037 -0.003777366 0.010328765 0.000049342 0.999999982 -0.000184070 0.027918369 0.003777376 0.000183882 0.999992849 -0.000288537
0.999993005 -0.000042939 -0.003739986 0.010565566 0.000042182 0.999999979 -0.000202417 0.027939782 0.003739995 0.000202258 0.999992986 -0.000420531
0.999992799 -0.000047597 -0.003794593 0.010882973 0.000046951 0.999999984 -0.000170375 0.027649831 0.003794601 0.000170196 0.999992786 -0.000454704
0.999992718 -0.000011111 -0.003816339 0.011131092 0.000010463 0.999999986 -0.000169796 0.027323746 0.003816341 0.000169754 0.999992703 -0.000372842
0.999992919 -0.000047462 -0.003762907 0.011174555 0.000046677 0.999999977 -0.000208820 0.027524715 0.003762917 0.000208643 0.999992898 -0.000396471
0.999992838 0.000007103 -0.003784823 0.011201051 -0.000007827 0.999999982 -0.000191258 0.027788443 0.003784821 0.000191287 0.999992819 -0.000260545