1.000000000 -0.000000000 -0.000000000 0.000000000 0.000000000 1.000000000 -0.000000000 0.000000000 0.000000000 0.000000000 1.000000000 0.000000000
0.999990624 0.000453321 0.004306484 0.009553529 -0.000449015 0.999999398 -0.001000752 0.000172160 -0.004306935 0.000998809 0.999990226 1.192092344
0.999963150 -0.000953376 0.008531723 0.026038005 0.000971270 0.999997337 -0.002093399 -0.001069036 -0.008529705 0.002101608 0.999961413 2.382606167
0.999916426 -0.001972013 0.012777009 0.061687085 0.002015713 0.999992161 -0.003408198 -0.005876582 -0.012770187 0.003433668 0.999912562 3.688184656
0.999851750 -0.002941904 0.016965367 0.106476260 0.002998788 0.999989964 -0.003328485 -0.012538964 -0.016955404 0.003378867 0.999850538 4.877718245
0.999780466 -0.002383089 0.020816850 0.158764813 0.002423522 0.999995225 -0.001917292 -0.021028728 -0.020812181 0.001967321 0.999781468 6.067015574
0.999677246 -0.000310468 0.025402900 0.211534511 0.000313692 0.999999943 -0.000122950 -0.028123227 -0.025402860 0.000130879 0.999677287 7.375585168
0.999563397 0.002454099 0.029444730 0.269693696 -0.002468595 0.999996849 0.000455968 -0.033257268 -0.029443518 -0.000528457 0.999566306 8.570112214
0.999441963 0.004246591 0.033131997 0.325504523 -0.004224060 0.999990797 -0.000750002 -0.035305746 -0.033134878 0.000609632 0.999450703 9.761065854
0.999305239 0.006901825 0.036625183 0.392219878 -0.006830352 0.999974517 -0.002076222 -0.039007900 -0.036638579 0.001824617 0.999326916 11.071963078
0.999222995 0.005244719 0.039062752 0.458280507 -0.005065806 0.999976228 -0.004677707 -0.045037952 -0.039086357 0.004476188 0.999225811 12.262458655
0.999130481 0.004532606 0.041445589 0.534852895 -0.004181448 0.999954658 -0.008555501 -0.053157380 -0.041482488 0.008374759 0.999104132 13.571157008
0.999028053 0.001014385 0.044067225 0.608737329 -0.000647958 0.999965106 -0.008328655 -0.063662114 -0.044074135 0.008292006 0.998993850 14.762579533
0.998934966 -0.001476496 0.046116746 0.683308954 0.001784010 0.999976445 -0.006627704 -0.073461275 -0.046105874 0.006702918 0.998914070 15.954546728
0.998790695 -0.004455581 0.048962189 0.770634152 0.004645180 0.999982145 -0.003759245 -0.082632129 -0.048944565 0.003982138 0.998793558 17.266988596
0.998627376 -0.004031663 0.052221742 0.847538804 0.004155341 0.999988813 -0.002259960 -0.088335091 -0.052212047 0.002473857 0.998632957 18.457220607
0.998402730 -0.005834288 0.056195646 0.932125030 0.005974568 0.999979441 -0.002328603 -0.093826443 -0.056180905 0.002660628 0.998417061 19.644980770
0.998183604 -0.005200073 0.060020429 1.016692868 0.005450758 0.999977090 -0.004013687 -0.098090170 -0.059998182 0.004333553 0.998189079 20.830094173
0.997916071 -0.005310366 0.064306421 1.116251809 0.005594716 0.999975350 -0.004242535 -0.103772770 -0.064282306 0.004593471 0.997921182 22.134114753
0.997660977 -0.006595552 0.068037297 1.212180735 0.006771467 0.999974300 -0.002355257 -0.107803071 -0.068020014 0.002810460 0.997679998 23.319901872
0.997362350 -0.006746486 0.072269130 1.322324633 0.006736439 0.999977237 0.000382762 -0.110265935 -0.072270068 0.000105084 0.997385094 24.623313658
0.997122469 -0.007702430 0.075415208 1.423754543 0.007737303 0.999970052 -0.000170249 -0.111581834 -0.075411638 0.000753270 0.997152204 25.803842930
0.996936393 -0.008545027 0.077748384 1.525937533 0.008757385 0.999958795 -0.002390802 -0.111224540 -0.077724751 0.003064350 0.996970146 26.985699301
0.996812565 -0.008325197 0.079343560 1.637914887 0.008649622 0.999955575 -0.003746039 -0.112586329 -0.079308848 0.004420391 0.996840291 28.288500054
0.996750869 -0.007816217 0.080166149 1.741363639 0.008153252 0.999959243 -0.003877726 -0.115985409 -0.080132572 0.004518742 0.996773972 29.469768698
0.996701939 -0.005321947 0.080974821 1.838563303 0.005848933 0.999963224 -0.006272207 -0.122564385 -0.080938463 0.006725137 0.996696412 30.646346226
0.996603641 -0.004163948 0.082242594 1.940070799 0.004965942 0.999942072 -0.009549412 -0.131863636 -0.082198067 0.009925390 0.996566588 31.929077116
0.996485554 -0.006653299 0.083500141 2.034517725 0.007373279 0.999938229 -0.008317082 -0.140265149 -0.083439647 0.008903522 0.996473057 33.095806856
0.996431598 -0.006786296 0.084130950 2.133643559 0.007183480 0.999964433 -0.004419208 -0.150436552 -0.084097968 0.005007792 0.996444908 34.264848989
0.996332631 -0.009705540 0.085012300 2.247024302 0.009793238 0.999951856 -0.000614613 -0.155891990 -0.085002242 0.001444905 0.996379712 35.546243872
0.996204295 -0.012176188 0.086190159 2.353627637 0.012209698 0.999925449 0.000138384 -0.158430148 -0.086185418 0.000914497 0.996278695 36.706265612
0.996077222 -0.010563601 0.087855436 2.456987508 0.010610426 0.999943706 -0.000065986 -0.159681001 -0.087849793 0.000997911 0.996133233 37.862910970
0.996004663 -0.008120773 0.088931238 2.569956333 0.008174638 0.999966558 -0.000241491 -0.162609901 -0.088926303 0.000967506 0.996037739 39.130671663
0.995920518 -0.007971208 0.089882043 2.677100180 0.008121850 0.999966159 -0.001310375 -0.165142632 -0.089868556 0.002035037 0.995951556 40.279897927
0.995798362 -0.006730965 0.091325336 2.783044957 0.006959810 0.999973387 -0.002187576 -0.166357323 -0.091308181 0.002813992 0.995818707 41.424986925
0.995619426 -0.005716066 0.093323554 2.897109601 0.005847960 0.999982251 -0.001139890 -0.166712136 -0.093315381 0.001680649 0.995635182 42.686629336
0.995397535 -0.004247985 0.095737669 2.999878218 0.004193356 0.999990910 0.000771797 -0.167184860 -0.095740077 -0.000366782 0.995406301 43.822114707
0.995117290 -0.004276789 0.098606740 3.115248624 0.004231810 0.999990825 0.000665296 -0.166380054 -0.098608680 -0.000244763 0.995126257 44.959473288
0.994780765 -0.003915787 0.101960264 3.255926534 0.004019047 0.999991598 -0.000807343 -0.162439298 -0.101956245 0.001212913 0.994788145 46.217240253
0.994442537 -0.003586135 0.105219678 3.386446944 0.003701447 0.999992744 -0.000900664 -0.160708231 -0.105215685 0.001285124 0.994448595 47.355088211
0.994099368 -0.002578492 0.108442600 3.532873179 0.002573972 0.999996671 0.000181663 -0.158944243 -0.108442708 0.000098537 0.994102696 48.605215109
0.993736992 -0.002548656 0.111715243 3.669036851 0.002565746 0.999996708 -0.000009214 -0.159402723 -0.111714852 0.000295789 0.993740260 49.735429248
0.993370161 -0.001113152 0.114954267 3.807096693 0.001224205 0.999998850 -0.000895472 -0.159762458 -0.114953138 0.001030263 0.993370381 50.860656582
0.992959809 -0.001359041 0.118443959 3.966886869 0.001524598 0.999997983 -0.001307166 -0.160655927 -0.118441943 0.001478543 0.992959878 52.094220676
0.992573743 -0.001946849 0.121628843 4.116102853 0.002168722 0.999996217 -0.001691820 -0.163040293 -0.121625089 0.001943035 0.992574210 53.211781155
0.992192682 -0.002221996 0.124694602 4.264412741 0.002684630 0.999990123 -0.003542220 -0.167096373 -0.124685500 0.003849324 0.992188847 54.318400307
0.991751783 -0.002106230 0.128156016 4.428310346 0.002911790 0.999977163 -0.006098749 -0.171709474 -0.128140244 0.006421608 0.991735267 55.532448629
0.991308304 -0.001704964 0.131548240 4.572064422 0.002582955 0.999975513 -0.006503946 -0.174950410 -0.131533929 0.006787199 0.991288434 56.637327793
0.990832839 -0.000488301 0.135092735 4.722600099 0.001184349 0.999986436 -0.005072057 -0.180240005 -0.135088426 0.005185558 0.990819977 57.737309104
0.990219417 -0.000851700 0.139516239 4.896452152 0.001640135 0.999983329 -0.005536325 -0.186730925 -0.139509198 0.005711002 0.990204306 58.939774656
0.989663720 -0.000251151 0.143407317 5.057282433 0.000978069 0.999987029 -0.004998433 -0.188657937 -0.143404201 0.005087030 0.989651129 60.033028743
0.989014151 0.000199699 0.147820731 5.219997851 0.000306430 0.999994169 -0.003401156 -0.191550084 -0.147820548 0.003409088 0.989008323 61.123892993
0.988217356 -0.000212439 0.153056890 5.407296626 0.000798465 0.999992585 -0.003767356 -0.194171019 -0.153054955 0.003845177 0.988210198 62.308249504
0.987402820 0.001062914 0.158223076 5.578479955 -0.000453826 0.999992348 -0.003885636 -0.191655853 -0.158225996 0.003764882 0.987395746 63.386943896
0.986503053 0.000428042 0.163742308 5.754491076 0.000097013 0.999994880 -0.003198585 -0.190361900 -0.163742839 0.003171299 0.986497960 64.464669819
0.985548465 -0.000319675 0.169393393 5.971512372 0.000878259 0.999994422 -0.003222638 -0.192482031 -0.169391417 0.003324838 0.985543248 65.649417758
0.984661817 -0.000641046 0.174472622 6.174751960 0.001147926 0.999995409 -0.002804316 -0.192085092 -0.174470023 0.002961585 0.984658032 66.722293902
0.983728278 -0.000208520 0.179662549 6.390428959 0.000678371 0.999996509 -0.002553748 -0.191792398 -0.179661389 0.002634072 0.983724985 67.801599218
0.982597663 -0.001818568 0.185737784 6.634817848 0.002805770 0.999983301 -0.005052314 -0.193134935 -0.185725495 0.005485530 0.982586357 68.978020190
0.981557517 0.000581169 0.191166164 6.853635481 0.000462801 0.999985224 -0.005416365 -0.195000076 -0.191166487 0.005404946 0.981542745 70.037030208
0.980370484 0.000782642 0.197162626 7.101109915 -0.000069834 0.999993437 -0.003622255 -0.201123948 -0.197164167 0.003537384 0.980364105 71.189303554
0.979299949 0.001607801 0.202408066 7.328841983 -0.001241422 0.999997353 -0.001937038 -0.204565354 -0.202410645 0.001645668 0.979299353 72.225656866
0.978137185 0.001974530 0.207951311 7.562089429 -0.001898640 0.999998038 -0.000564537 -0.206792030 -0.207952018 0.000157370 0.978139015 73.256567027
0.977027901 0.000608071 0.213110558 7.825067615 -0.000638327 0.999999794 0.000073164 -0.209489205 -0.213110470 -0.000207518 0.977028088 74.375930978
0.976189045 -0.000525554 0.216920889 8.063488811 0.000604649 0.999999773 -0.000298258 -0.212348461 -0.216920682 0.000422317 0.976189141 75.376925386
0.975427022 -0.002016112 0.220313550 8.338097923 0.002625900 0.999993490 -0.002474996 -0.213094710 -0.220307125 0.002992699 0.975425966 76.460524878
0.974726136 -0.004121673 0.223365109 8.582113123 0.005099664 0.999979770 -0.003801789 -0.215242833 -0.223344921 0.004844790 0.974727436 77.425460137
0.974024450 -0.005219664 0.226382698 8.825807373 0.005903767 0.999979823 -0.002344942 -0.217302199 -0.226365891 0.003620541 0.974035613 78.378034386
0.973353028 -0.006599139 0.229216786 9.063410277 0.006669196 0.999977651 0.000469029 -0.220464631 -0.229214759 0.001072161 0.973375285 79.310820026
0.972796195 -0.006961203 0.231557993 9.319158665 0.006640919 0.999975610 0.002162621 -0.218908891 -0.231567400 -0.000566032 0.972818698 80.316582090
0.972307135 -0.007733025 0.233578757 9.541897990 0.007585800 0.999970059 0.001528677 -0.217906097 -0.233583585 0.000285539 0.972336684 81.214855281
0.971857644 -0.008254072 0.235424279 9.759756128 0.008450562 0.999964278 0.000174299 -0.217815436 -0.235417308 0.001820073 0.971892679 82.097881861
0.971443307 -0.008158655 0.237131477 9.997674353 0.008880253 0.999958619 -0.001975043 -0.212865023 -0.237105550 0.004024429 0.971475559 83.060492710
0.971134789 -0.008386297 0.238383915 10.215273242 0.009649903 0.999944892 -0.004134180 -0.211496163 -0.238336108 0.006315228 0.971162199 83.924169826
0.970767239 -0.009540856 0.239833149 10.456379524 0.011305489 0.999918191 -0.005983004 -0.209760141 -0.239756445 0.008519536 0.970795686 84.868648420
0.970458035 -0.011106251 0.241014218 10.676430669 0.012956329 0.999897500 -0.006092838 -0.204987133 -0.240921846 0.009035503 0.970502460 85.720153446
0.970056323 -0.011239974 0.242619852 10.914283990 0.012393649 0.999917981 -0.003229270 -0.195481636 -0.242563656 0.006139519 0.970116065 86.652869453
0.969649940 -0.009490396 0.244313171 11.124048889 0.009828553 0.999951685 -0.000165027 -0.191390730 -0.244299801 0.002561264 0.969696369 87.483334976
0.969236327 -0.008333971 0.245990827 11.317561018 0.008254168 0.999965015 0.001355497 -0.177503101 -0.245993518 0.000716653 0.969271208 88.308341235
0.968796943 -0.005990921 0.247783356 11.518959422 0.006295196 0.999980090 -0.000435724 -0.172978888 -0.247775812 0.001981973 0.968815369 89.109448715
0.968256258 -0.004291616 0.249922791 11.744027633 0.005170180 0.999982548 -0.002858954 -0.175825409 -0.249906160 0.004060346 0.968261548 89.976158166
0.967851074 -0.003722804 0.251496401 11.942543292 0.004752902 0.999982620 -0.003488566 -0.174741650 -0.251479043 0.004571750 0.967851946 90.752862134
0.967473211 -0.003105660 0.252954424 12.147431701 0.004138594 0.999985129 -0.003551490 -0.175777387 -0.252939632 0.004482847 0.967471677 91.511261979
0.967066927 -0.002926974 0.254505388 12.369558835 0.004007650 0.999985021 -0.003727760 -0.173727271 -0.254490665 0.004624962 0.967064171 92.323931215
0.966660544 -0.004217082 0.256026579 12.569942621 0.005395533 0.999977836 -0.003900610 -0.175217208 -0.256004455 0.005151966 0.966661873 93.047914494
0.966259205 -0.004620157 0.257530199 12.785622504 0.005708912 0.999977648 -0.003480117 -0.175861160 -0.257508364 0.004832913 0.966263983 93.820380670
0.965849797 -0.004520669 0.259063182 12.976310516 0.005594239 0.999978548 -0.003406979 -0.179021489 -0.259042223 0.004739892 0.965854368 94.500321328
0.965404462 -0.005137936 0.260706398 13.161545638 0.006127372 0.999976780 -0.002982572 -0.184183761 -0.260685020 0.004476833 0.965413527 95.155204332
0.964996126 -0.005502314 0.262206411 13.359375290 0.006430790 0.999975723 -0.002683027 -0.189136536 -0.262185282 0.004275305 0.965008083 95.857048654
0.964520389 -0.005901081 0.263942413 13.537022811 0.006755441 0.999974469 -0.002329411 -0.193421459 -0.263921928 0.004029812 0.964535627 96.480212889
0.964115556 -0.006231604 0.265409801 13.714029585 0.007022802 0.999973275 -0.002032162 -0.198126486 -0.265390045 0.003823160 0.964133553 97.084645240
0.963690870 -0.006190986 0.266948645 13.904539730 0.007070147 0.999972286 -0.002332363 -0.202843351 -0.266926807 0.004135043 0.963707934 97.726023626
0.963204593 -0.005907358 0.268704327 14.070707499 0.006792846 0.999974130 -0.002365782 -0.208377852 -0.268683400 0.004103999 0.963219802 98.290844805
0.962766479 -0.005597029 0.270276487 14.232267766 0.006462764 0.999976440 -0.002313315 -0.217434130 -0.270257172 0.003973916 0.962779969 98.838260043
0.962273388 -0.005182428 0.272035051 14.398668689 0.005880073 0.999981182 -0.001749435 -0.219967717 -0.272020865 0.003283020 0.962285753 99.427906689
0.961742733 -0.005119787 0.273906376 14.547223318 0.005909343 0.999980423 -0.002057569 -0.220419419 -0.273890480 0.003597459 0.961754160 99.947742003
0.961269630 -0.005049323 0.275563427 14.694672133 0.005847812 0.999980746 -0.002076104 -0.224217185 -0.275547638 0.003607139 0.961280650 100.449116610
0.960784428 -0.005263455 0.277246421 14.855545321 0.005997676 0.999980393 -0.001800285 -0.227179125 -0.277231510 0.003392520 0.960797159 100.981401310
0.960325520 -0.004924141 0.278838033 14.994601609 0.005608078 0.999982905 -0.001655168 -0.224995451 -0.278825116 0.003153245 0.960336718 101.451164965
0.959839800 -0.004492253 0.280512704 15.125810171 0.005264614 0.999984142 -0.001999925 -0.221485267 -0.280499272 0.003396398 0.959848229 101.907466412
0.959408222 -0.003638410 0.281997563 15.260992873 0.004596937 0.999985687 -0.002737548 -0.216814975 -0.281983567 0.003922752 0.959411215 102.391153209
0.958992972 -0.002446590 0.283419290 15.376980804 0.003450320 0.999989420 -0.003042378 -0.211884821 -0.283408847 0.003895507 0.958991267 102.813188761
0.958582593 -0.001998531 0.284807688 15.489030360 0.002976789 0.999991063 -0.003001973 -0.207001882 -0.284799143 0.003725452 0.958579975 103.226141638
0.958158942 -0.001962910 0.286229957 15.609163996 0.002911515 0.999991590 -0.002888589 -0.202463745 -0.286221880 0.003601090 0.958156599 103.664834977
0.957767104 -0.002474391 0.287534436 15.717176174 0.003385694 0.999990698 -0.002672159 -0.199901405 -0.287525150 0.003532810 0.957766573 104.044062457
0.957441926 -0.002411727 0.288615907 15.829441390 0.003246768 0.999991814 -0.002414573 -0.197077765 -0.288607721 0.003248882 0.957441919 104.444890551
0.957298272 -0.002676611 0.289089699 15.931716712 0.003467476 0.999991516 -0.002223602 -0.198779597 -0.289081295 0.003131062 0.957299431 104.791766690
0.957251893 -0.002395709 0.289245698 16.029794289 0.003033703 0.999993854 -0.001757413 -0.198143953 -0.289239710 0.002559773 0.957253278 105.127275005
0.957257465 -0.001824832 0.289231422 16.135709864 0.002367842 0.999996030 -0.001527530 -0.201492663 -0.289227486 0.002147093 0.957257986 105.476784322
0.957288382 -0.000808899 0.289133705 16.223843950 0.001409121 0.999997263 -0.001867780 -0.204932465 -0.289131403 0.002195428 0.957286902 105.777066310
0.957310092 -0.000368250 0.289062713 16.315080836 0.001103365 0.999996559 -0.002380155 -0.205776224 -0.289060842 0.002597488 0.957307204 106.067211090
0.957364222 -0.000499797 0.288883189 16.413623104 0.001184522 0.999996888 -0.002195434 -0.205279039 -0.288881193 0.002444018 0.957361835 106.373512279
0.957368159 -0.001113357 0.288868428 16.497419083 0.001822408 0.999995951 -0.002185645 -0.208595463 -0.288864825 0.002618903 0.957366311 106.633620297
0.957347359 -0.001249717 0.288936796 16.577220578 0.002061523 0.999994737 -0.002505335 -0.211424646 -0.288932144 0.002994126 0.957344897 106.883086554
0.957338496 -0.001807387 0.288963211 16.658593012 0.002599744 0.999993840 -0.002358292 -0.210459017 -0.288957169 0.003008914 0.957337297 107.146736915
0.957351302 -0.001662684 0.288921652 16.727785923 0.002500394 0.999993673 -0.002530380 -0.208905040 -0.288915616 0.003144880 0.957349401 107.376306418
0.957327817 -0.001925449 0.288997826 16.801311805 0.002787759 0.999992806 -0.002572211 -0.207162999 -0.288990794 0.003268106 0.957326298 107.613098736
0.957287936 -0.001978498 0.289129545 16.858724295 0.002708818 0.999994072 -0.002125804 -0.206226665 -0.289123625 0.002818206 0.957287620 107.821369353
0.957232182 -0.001600807 0.289316412 16.908957849 0.002339800 0.999994824 -0.002208424 -0.207049560 -0.289311380 0.002790917 0.957230973 108.016439046
0.957221086 -0.000782028 0.289356494 16.960241057 0.001416250 0.999997032 -0.001982461 -0.208882343 -0.289354085 0.002307455 0.957219353 108.216137523
0.957174381 -0.001003309 0.289510273 17.001086234 0.001552317 0.999997406 -0.001666718 -0.210175349 -0.289507850 0.002044751 0.957173456 108.386038459
0.957095338 -0.001380752 0.289769921 17.042150381 0.001982620 0.999996444 -0.001783514 -0.210219779 -0.289766428 0.002281497 0.957094672 108.548502145
0.957110360 -0.002141235 0.289715678 17.086290535 0.002783253 0.999994499 -0.001804035 -0.211581051 -0.289710222 0.002533012 0.957111055 108.718161047
0.957065188 -0.002591197 0.289861194 17.123341324 0.003253017 0.999993086 -0.001801451 -0.211114207 -0.289854522 0.002667029 0.957067000 108.861275874
0.957039860 -0.002921819 0.289941667 17.155804533 0.003680229 0.999991084 -0.002070530 -0.209106928 -0.289933032 0.003048631 0.957042080 108.993719276
0.956994881 -0.003218901 0.290086947 17.187189361 0.003921177 0.999990620 -0.001839707 -0.206442110 -0.290078304 0.002898073 0.956998526 109.129584557
0.956966276 -0.003068774 0.290182923 17.213277190 0.003686907 0.999991950 -0.001583471 -0.204641501 -0.290175728 0.002585206 0.956969886 109.244633414
0.956984363 -0.003384749 0.290119756 17.236807791 0.004148210 0.999989363 -0.002016610 -0.205550487 -0.290109845 0.003133342 0.956988224 109.350841541
0.957002471 -0.003397571 0.290059868 17.264802956 0.004172852 0.999989183 -0.002054387 -0.204761340 -0.290049750 0.003176431 0.957006297 109.463918978
0.956964121 -0.003455144 0.290185688 17.287654155 0.004217576 0.999989102 -0.002002039 -0.206515811 -0.290175608 0.003139760 0.956968264 109.554710627
0.957020200 -0.003044794 0.290005285 17.312424002 0.003886372 0.999989743 -0.002326077 -0.208029274 -0.289995228 0.003353171 0.957022217 109.652121620
0.957032046 -0.002882473 0.289967849 17.333458356 0.003827896 0.999989047 -0.002693326 -0.209257090 -0.289956910 0.003687567 0.957032597 109.734007501
0.957014598 -0.002727056 0.290026934 17.356935268 0.003747022 0.999988594 -0.002961553 -0.209414211 -0.290015550 0.003920987 0.957013901 109.818893857
0.957041527 -0.003123501 0.289934061 17.384528226 0.004169464 0.999986838 -0.002989956 -0.207081304 -0.289920906 0.004070382 0.957041953 109.911104912
0.957023351 -0.003352130 0.289991498 17.409950918 0.004325974 0.999986951 -0.002717222 -0.203610776 -0.289978605 0.003854940 0.957025364 109.996692478
0.956990123 -0.003115668 0.290103769 17.436465680 0.004139452 0.999987182 -0.002915460 -0.203547230 -0.290090967 0.003990937 0.956990754 110.079418593
0.957116396 -0.002426981 0.289693482 17.468839210 0.003803246 0.999983998 -0.004187899 -0.217311928 -0.289678683 0.005110082 0.957110311 110.158258691
0.957106325 -0.001585079 0.289732583 17.492963345 0.003240655 0.999981049 -0.005234493 -0.223633633 -0.289718796 0.005948889 0.957093324 110.232484379
0.956923077 -0.001733592 0.290336391 17.520755619 0.003376018 0.999981008 -0.005156192 -0.227798082 -0.290321938 0.005914260 0.956910755 110.316916903
0.956786844 -0.001450404 0.290786575 17.543414480 0.003020673 0.999983180 -0.004951262 -0.229104192 -0.290774503 0.005615674 0.956775132 110.396543749
0.956742927 -0.001230918 0.290932046 17.567900128 0.002953047 0.999980622 -0.005480361 -0.228069537 -0.290919663 0.006102433 0.956728023 110.474424208
0.956622970 -0.001197368 0.291326380 17.592611141 0.002962104 0.999979839 -0.005616632 -0.226401472 -0.291313781 0.006235939 0.956607231 110.554934779
0.956509425 -0.001572155 0.291697184 17.620115086 0.003256399 0.999980713 -0.005288541 -0.227035075 -0.291683244 0.006008422 0.956496097 110.642932494
0.956406884 -0.001649245 0.292032793 17.645539101 0.003369166 0.999979816 -0.005386661 -0.229086005 -0.292018014 0.006135746 0.956393137 110.719904639
0.956305944 -0.001682865 0.292362974 17.673155937 0.003263375 0.999982580 -0.004918369 -0.230453540 -0.292349604 0.005657556 0.956294777 110.802862073
0.956241518 -0.002067317 0.292571163 17.696049462 0.003613646 0.999982213 -0.004744960 -0.230916175 -0.292556150 0.005594576 0.956231980 110.875494867
0.956152261 -0.002220726 0.292861610 17.717312165 0.003819130 0.999980769 -0.004886220 -0.231276425 -0.292845127 0.005790447 0.956142355 110.945473465
0.956010636 -0.002595307 0.293320522 17.744338873 0.004171764 0.999980021 -0.004749055 -0.235317016 -0.293302336 0.005763811 0.956002363 111.015008346
0.955952754 -0.002717247 0.293508005 17.766621030 0.004365625 0.999978164 -0.004961171 -0.240430081 -0.293488116 0.006023991 0.955943742 111.072658129
0.955854829 -0.003009653 0.293823908 17.785683451 0.004725225 0.999975682 -0.005129089 -0.246911776 -0.293801326 0.006291049 0.955845805 111.124342974
0.955817178 -0.003163535 0.293944746 17.803634154 0.004805106 0.999976633 -0.004862618 -0.251863486 -0.293922495 0.006060210 0.955810044 111.177381183
0.955767101 -0.003093137 0.294108281 17.823672445 0.004802834 0.999975507 -0.005091081 -0.259538918 -0.294085330 0.006278441 0.955758547 111.220896217
0.955694099 -0.003072529 0.294345628 17.841161629 0.004888875 0.999973278 -0.005435181 -0.261704252 -0.294321062 0.006633390 0.955683583 111.266999488
0.955628106 -0.003366191 0.294556602 17.861270971 0.005098299 0.999973934 -0.005112682 -0.261657244 -0.294531713 0.006387560 0.955620358 111.320530157
0.955599997 -0.003438924 0.294646940 17.876562631 0.005160836 0.999973847 -0.005066608 -0.261370913 -0.294621811 0.006362275 0.955592753 111.366901889
0.955488441 -0.003540397 0.295007295 17.890422373 0.005250892 0.999973683 -0.005006192 -0.261783572 -0.294981807 0.006332410 0.955481886 111.410913176
0.955431730 -0.003599273 0.295190200 17.908499607 0.005315906 0.999973305 -0.005013065 -0.267150761 -0.295164276 0.006358844 0.955425358 111.456037295
0.955385368 -0.003702973 0.295338934 17.924306556 0.005560372 0.999969692 -0.005449458 -0.272192912 -0.295309804 0.006848527 0.955377003 111.494352235
0.955362274 -0.003821525 0.295412120 17.940853397 0.005708711 0.999968436 -0.005526120 -0.280704093 -0.295381678 0.006965868 0.955353935 111.531043697
0.955314621 -0.004055105 0.295563075 17.956463696 0.005890710 0.999968496 -0.005320370 -0.286109168 -0.295532189 0.006823703 0.955308412 111.566601393
0.955273094 -0.004216296 0.295695008 17.972770846 0.006082380 0.999966969 -0.005391290 -0.291984409 -0.295662510 0.006948684 0.955267186 111.596055267
0.955220930 -0.004417332 0.295860544 17.983875386 0.006335185 0.999964675 -0.005523973 -0.298332457 -0.295825691 0.007150946 0.955215172 111.620459018
0.955182612 -0.004486522 0.295983191 17.996084490 0.006379945 0.999964897 -0.005431550 -0.312790697 -0.295948432 0.007076478 0.955177705 111.632592989
0.955134232 -0.004420563 0.296140268 18.003138678 0.006344745 0.999964543 -0.005536826 -0.317196626 -0.296105292 0.007167347 0.955128413 111.647164373
0.955106650 -0.004381687 0.296229789 18.007404461 0.006320209 0.999964421 -0.005586688 -0.315209293 -0.296194770 0.007208117 0.955100362 111.663373442
0.955075642 -0.004357316 0.296330108 18.010957832 0.006291785 0.999964667 -0.005574758 -0.310782872 -0.296295346 0.007188761 0.955069311 111.679719883
0.955062440 -0.004371865 0.296372438 18.014196464 0.006288074 0.999965035 -0.005512626 -0.308674726 -0.296337975 0.007128514 0.955056537 111.691127582
0.955051316 -0.004361135 0.296408443 18.017345311 0.006264311 0.999965411 -0.005471350 -0.308372115 -0.296374329 0.007082215 0.955045601 111.701160209
0.955029309 -0.004325939 0.296479857 18.015610530 0.006177849 0.999966820 -0.005309740 -0.307171831 -0.296447050 0.006902565 0.955024346 111.705799818
0.955046738 -0.004290521 0.296424224 18.012642220 0.006155498 0.999966697 -0.005358571 -0.306191231 -0.296391361 0.006942324 0.955041342 111.709388714
0.955061713 -0.004173280 0.296377644 18.007862767 0.006141952 0.999964826 -0.005711664 -0.304068492 -0.296343383 0.007275329 0.955053752 111.710470909
0.955051119 -0.004244188 0.296410774 18.003280983 0.006248048 0.999963582 -0.005813461 -0.300166047 -0.296375306 0.007404141 0.955042856 111.716152188
0.955064130 -0.004377145 0.296366915 17.998050268 0.006258136 0.999965846 -0.005398462 -0.293910085 -0.296333163 0.007010582 0.955058903 111.719457470
0.955069463 -0.004353217 0.296350080 17.994418023 0.006304852 0.999964274 -0.005630198 -0.292426934 -0.296314983 0.007245673 0.955062789 111.718414043
0.955055862 -0.004256094 0.296395321 17.992264252 0.006264948 0.999963391 -0.005828155 -0.291896838 -0.296359665 0.007423115 0.955047562 111.719506188
0.955037449 -0.004276264 0.296454354 17.991098622 0.006211480 0.999965105 -0.005586293 -0.292334525 -0.296420121 0.007176540 0.955030685 111.717755336
0.955041999 -0.004313402 0.296439159 17.989231844 0.006270338 0.999964374 -0.005651036 -0.291672536 -0.296404223 0.007255750 0.955035021 111.716320788
0.955054380 -0.004266212 0.296399952 17.987009898 0.006247050 0.999964034 -0.005736218 -0.290659371 -0.296364820 0.007330025 0.955046682 111.714628133
0.955040687 -0.004289789 0.296443729 17.985706282 0.006278278 0.999963724 -0.005756161 -0.287028587 -0.296408283 0.007358524 0.955032974 111.713335888
0.955014910 -0.004365727 0.296525651 17.985555395 0.006291912 0.999964849 -0.005541835 -0.283030881 -0.296491034 0.007158249 0.955008810 111.715699090
0.955031156 -0.004340382 0.296473696 17.985796356 0.006316484 0.999963761 -0.005707806 -0.277804402 -0.296438178 0.007323803 0.955023962 111.719885835
0.955058015 -0.004381439 0.296386556 17.985874277 0.006352008 0.999963660 -0.005686008 -0.275728199 -0.296350873 0.007313118 0.955051139 111.721345514
0.955020141 -0.004439053 0.296507716 17.990381076 0.006391744 0.999963799 -0.005616555 -0.278288801 -0.296472050 0.007259124 0.955013942 111.721337484
0.954998634 -0.004506765 0.296575955 17.991542682 0.006433203 0.999964071 -0.005519991 -0.278049557 -0.296540422 0.007179517 0.954993315 111.722069189
0.954982269 -0.004457466 0.296629392 17.993813908 0.006408437 0.999963757 -0.005605107 -0.279857236 -0.296593657 0.007253708 0.954976223 111.723150504
0.954934303 -0.004499701 0.296783137 17.995053672 0.006444325 0.999963698 -0.005574339 -0.281880931 -0.296747280 0.007235695 0.954928634 111.723828911
0.954927913 -0.004629569 0.296801699 17.998157710 0.006559476 0.999963324 -0.005506801 -0.286600795 -0.296765320 0.007205462 0.954923257 111.724792931
0.954901763 -0.004526454 0.296887411 18.000380597 0.006506821 0.999962684 -0.005682589 -0.290872160 -0.296850611 0.007358108 0.954895582 111.724279638
0.954914112 -0.004635555 0.296846004 18.002012593 0.006609609 0.999962213 -0.005646796 -0.293662630 -0.296808611 0.007354241 0.954908668 111.725052143
0.954906252 -0.004603524 0.296871786 18.003155727 0.006571769 0.999962544 -0.005632302 -0.295556410 -0.296834738 0.007329293 0.954900738 111.726439085
0.954900380 -0.004649019 0.296889966 18.004186343 0.006592939 0.999962883 -0.005546680 -0.296255183 -0.296853159 0.007253904 0.954895587 111.728567350
0.954848570 -0.004643790 0.297056633 18.006026809 0.006628773 0.999961925 -0.005675217 -0.301058701 -0.297018968 0.007388093 0.954842997 111.729112858
0.954861440 -0.004711761 0.297014192 18.008277915 0.006667613 0.999962245 -0.005572338 -0.305790638 -0.296976722 0.007301186 0.954856806 111.729899995
0.954851401 -0.004726419 0.297046229 18.010459409 0.006692768 0.999961906 -0.005603033 -0.311355676 -0.297008431 0.007338125 0.954846660 111.730059898
0.954848411 -0.004730299 0.297055780 18.011365235 0.006713776 0.999961460 -0.005657261 -0.316112796 -0.297017571 0.007396192 0.954843369 111.730039951
0.954826048 -0.004827384 0.297126093 18.014490399 0.006787242 0.999961483 -0.005564766 -0.323968680 -0.297087785 0.007330050 0.954822035 111.730011449
0.954814057 -0.004760244 0.297165705 18.015002895 0.006732430 0.999961580 -0.005613562 -0.329624448 -0.297127566 0.007360555 0.954809422 111.730312791
0.954797260 -0.004805317 0.297218944 18.014912121 0.006790699 0.999960994 -0.005647726 -0.331168623 -0.297180212 0.007410758 0.954792649 111.730568751
0.954806121 -0.004786175 0.297190788 18.015008261 0.006775528 0.999961004 -0.005664130 -0.332976911 -0.297152090 0.007421771 0.954801316 111.732967929
0.954801701 -0.004883156 0.297203409 18.014558441 0.006838694 0.999961267 -0.005540415 -0.333362976 -0.297164843 0.007322481 0.954798113 111.735681083
0.954789247 -0.004892498 0.297243264 18.013376336 0.006870860 0.999960652 -0.005611288 -0.330709039 -0.297204115 0.007399915 0.954785293 111.739584279
0.954772254 -0.004851037 0.297298521 18.014166074 0.006824185 0.999961038 -0.005599404 -0.331585274 -0.297259774 0.007374975 0.954768158 111.740915695
0.954768579 -0.004912930 0.297309306 18.019103033 0.006893230 0.999960490 -0.005612685 -0.335086625 -0.297269985 0.007408237 0.954764722 111.740085845
0.954767135 -0.004885985 0.297314388 18.020972892 0.006872242 0.999960504 -0.005635780 -0.336948176 -0.297275109 0.007424074 0.954763003 111.741418789
0.954769653 -0.004904789 0.297305992 18.024123100 0.006891195 0.999960386 -0.005633619 -0.338691692 -0.297266582 0.007427602 0.954765631 111.742207773
0.954757343 -0.004904094 0.297345533 18.026309029 0.006900392 0.999960148 -0.005664459 -0.339552392 -0.297305905 0.007459985 0.954753134 111.742925830
0.954750751 -0.005029977 0.297364596 18.031073083 0.007018527 0.999959577 -0.005619939 -0.342218153 -0.297324308 0.007452702 0.954747460 111.742294829
0.954725018 -0.004967095 0.297448261 18.033443547 0.006966968 0.999959691 -0.005663656 -0.344303479 -0.297408139 0.007479547 0.954721140 111.742133818
0.954714945 -0.005044555 0.297479288 18.036706822 0.007035173 0.999959453 -0.005621347 -0.346396096 -0.297438869 0.007459603 0.954711723 111.742626294
0.954679625 -0.005032470 0.297592823 18.040027395 0.007039772 0.999959124 -0.005673734 -0.348464061 -0.297552105 0.007511584 0.954676029 111.742308589
0.954685505 -0.005050299 0.297573656 18.039757832 0.007045696 0.999959311 -0.005633329 -0.347673620 -0.297533098 0.007474671 0.954682243 111.741764902
0.954687279 -0.004993059 0.297568932 18.039769969 0.007025567 0.999958724 -0.005761243 -0.347674900 -0.297527883 0.007590776 0.954682952 111.739906884
0.954662595 -0.005003109 0.297647945 18.040202785 0.007026042 0.999958918 -0.005726886 -0.348233578 -0.297607065 0.007558531 0.954658527 111.738320239
0.954635341 -0.005001800 0.297735365 18.042588757 0.007032517 0.999958741 -0.005749722 -0.348709562 -0.297694322 0.007582717 0.954631129 111.736950937
0.954616490 -0.005032381 0.297795287 18.044809767 0.007089788 0.999957878 -0.005829035 -0.351083681 -0.297753409 0.007675799 0.954611958 111.736601863
0.954602818 -0.005086489 0.297838190 18.049234424 0.007123090 0.999958082 -0.005752941 -0.357348856 -0.297796443 0.007613301 0.954599034 111.734839065
0.954589565 -0.005036395 0.297881514 18.053099840 0.007090287 0.999957957 -0.005814834 -0.363428016 -0.297839704 0.007662845 0.954585141 111.731839752
0.954570402 -0.005146160 0.297941043 18.058530184 0.007199632 0.999957290 -0.005795157 -0.371715692 -0.297898495 0.007676951 0.954566682 111.729507345
0.954558233 -0.005122206 0.297980439 18.062858884 0.007199791 0.999956823 -0.005874998 -0.377782849 -0.297937480 0.007753424 0.954553897 111.728507690
0.954569748 -0.005200447 0.297942194 18.065296205 0.007244666 0.999957184 -0.005757208 -0.381577882 -0.297899497 0.007654148 0.954566553 111.728614494
0.954575180 -0.005178724 0.297925170 18.067776828 0.007248500 0.999956659 -0.005842874 -0.385031662 -0.297881999 0.007736973 0.954571346 111.730677732
0.954582077 -0.005163716 0.297903329 18.068438505 0.007228389 0.999956883 -0.005829399 -0.385523821 -0.297860383 0.007718001 0.954578244 111.732208415
0.954575892 -0.005127593 0.297923771 18.071219779 0.007211452 0.999956616 -0.005895827 -0.386847413 -0.297880614 0.007776478 0.954571457 111.732982303
0.954577456 -0.005142170 0.297918510 18.072958130 0.007204480 0.999957083 -0.005824697 -0.384356884 -0.297875772 0.007706472 0.954573535 111.735029711
0.954545776 -0.005207227 0.298018870 18.076672120 0.007281023 0.999956388 -0.005848857 -0.384200366 -0.297975417 0.007752884 0.954542060 111.734783304
0.954539836 -0.005212631 0.298037798 18.079779508 0.007274164 0.999956675 -0.005808238 -0.384321042 -0.297994609 0.007712171 0.954536398 111.734848047
0.954510079 -0.005286673 0.298131782 18.084597593 0.007339725 0.999956433 -0.005767243 -0.386920955 -0.298088303 0.007693097 0.954507297 111.733762519
0.954483271 -0.005207047 0.298218999 18.087187883 0.007305097 0.999955787 -0.005921072 -0.387660604 -0.298174983 0.007830083 0.954479109 111.733521110
0.954473929 -0.005266800 0.298247850 18.090802778 0.007340330 0.999956049 -0.005832682 -0.397652966 -0.298204022 0.007756381 0.954470638 111.737520502
0.954501544 -0.005222183 0.298160245 18.091679144 0.007298821 0.999956241 -0.005851825 -0.400634354 -0.298116639 0.007761794 0.954497891 111.738805476
0.954497197 -0.005282241 0.298173103 18.092108022 0.007362886 0.999955752 -0.005855143 -0.401681529 -0.298128981 0.007784132 0.954493854 111.739495592
0.954485816 -0.005289250 0.298209409 18.094061494 0.007371090 0.999955681 -0.005856908 -0.414627496 -0.298165214 0.007788464 0.954482501 111.745705190
0.954493725 -0.005309278 0.298183737 18.093293934 0.007392940 0.999955499 -0.005860390 -0.428550025 -0.298139354 0.007798159 0.954490500 111.757561645