1.000000000 0.000000000 -0.000000000 -0.000000000 -0.000000000 1.000000000 -0.000000000 -0.000000000 0.000000000 -0.000000000 1.000000000 -0.000000000
0.999980849 -0.001877014 0.005897334 0.008999355 0.001888132 0.999996450 -0.001880126 0.000616131 -0.005893784 0.001891225 0.999980843 0.627974530
0.999938376 -0.003944502 0.010377125 0.019917519 0.003980542 0.999986110 -0.003454634 0.003532604 -0.010363354 0.003495728 0.999940189 1.260414859
0.999885991 -0.007706752 0.012985066 0.033780577 0.007751535 0.999964169 -0.003402045 0.010953228 -0.012958382 0.003502311 0.999909903 1.962302593
0.999840343 -0.011322131 0.013823811 0.047810328 0.011332974 0.999935530 -0.000706255 0.015027868 -0.013814923 0.000862807 0.999904197 2.607713748
0.999810338 -0.014064012 0.013471904 0.059329372 0.014045825 0.999900310 0.001443668 0.017904069 -0.013490865 -0.001254170 0.999908208 3.255668777
0.999800468 -0.016221933 0.011656473 0.072606867 0.016199983 0.999866821 0.001975066 0.020071240 -0.011686960 -0.001785837 0.999930110 3.906230984
0.999781884 -0.019110500 0.008424602 0.085320254 0.019100739 0.999816798 0.001237606 0.022580826 -0.008446710 -0.001076420 0.999963747 4.625204539
0.999760150 -0.021546659 0.003922183 0.093517795 0.021547173 0.999767829 -0.000088610 0.023732493 -0.003919363 0.000173101 0.999992304 5.283886888
0.999696689 -0.024500951 -0.002496684 0.099123442 0.024500487 0.999699795 -0.000216283 0.023474264 0.002501233 0.000155047 0.999996860 5.948221211
0.999589316 -0.026264572 -0.011461701 0.096878886 0.026281855 0.999653648 0.001359788 0.021387841 0.011422017 -0.001660464 0.999933388 6.683220316
0.999391933 -0.027820592 -0.021018523 0.087579331 0.027906265 0.999603345 0.003793793 0.018750089 0.020904640 -0.004378034 0.999771888 7.355826050
0.999085769 -0.029029221 -0.031383610 0.074056684 0.029226799 0.999555657 0.005855168 0.012597961 0.031199694 -0.006767058 0.999490263 8.031718494
0.998645168 -0.028515473 -0.043528115 0.044295943 0.028837017 0.999561153 0.006776976 0.011763376 0.043315764 -0.008023016 0.999029217 8.779951988
0.998153270 -0.026975724 -0.054427572 0.008013743 0.027364538 0.999604963 0.006411000 0.014108383 0.054233129 -0.007888546 0.998497140 9.460336686
0.997542609 -0.026489653 -0.064861709 -0.036630250 0.026810730 0.999632183 0.004084624 0.016647262 0.064729651 -0.005813577 0.997885903 10.141089971
0.996749315 -0.027433063 -0.075751111 -0.090872902 0.027779342 0.999607878 0.003521188 0.023017760 0.075624811 -0.005614058 0.997120540 10.892149400
0.995966831 -0.028648096 -0.085025630 -0.148442229 0.028976930 0.999576606 0.002635610 0.030330537 0.084914125 -0.005088762 0.996375279 11.577248418
0.995216712 -0.026561853 -0.094011508 -0.216529150 0.026840799 0.999638269 0.001703705 0.033877758 0.093932247 -0.004218900 0.995569653 12.261704106
0.994359454 -0.024273769 -0.103247565 -0.296292698 0.024564351 0.999697059 0.001543659 0.036523264 0.103178817 -0.004071162 0.994654491 13.011645232
0.993412230 -0.026884830 -0.111397245 -0.368568970 0.026925724 0.999636790 -0.001137567 0.039313260 0.111387368 -0.001869379 0.993775306 13.691463014
0.992460588 -0.029636180 -0.118927197 -0.443454033 0.029647218 0.999559018 -0.001676783 0.041176541 0.118924446 -0.001861719 0.992901561 14.371862124
0.991661224 -0.028966502 -0.125574511 -0.536903942 0.029213788 0.999573178 0.000127751 0.041635565 0.125517213 -0.003795193 0.992084183 15.118701001
0.991096251 -0.025822154 -0.130619438 -0.628760671 0.026286655 0.999652766 0.001832940 0.039273576 0.130526752 -0.005250168 0.991430886 15.793989371
0.990605795 -0.024340271 -0.134564895 -0.721255816 0.025053608 0.999679591 0.003609981 0.038999206 0.134433911 -0.006947405 0.990898207 16.466714623
0.990041151 -0.023898914 -0.138734860 -0.822406788 0.024743473 0.999684300 0.004365785 0.041267375 0.138586724 -0.007755089 0.990319937 17.202848287
0.989577636 -0.025234676 -0.141772051 -0.914276099 0.026254481 0.999641098 0.005327058 0.049312786 0.141586742 -0.008993689 0.989884997 17.866700919
0.989148110 -0.025132324 -0.144756290 -1.010173533 0.026493652 0.999620967 0.007483937 0.055936029 0.144513334 -0.011237845 0.989439037 18.528994284
0.988861553 -0.025179506 -0.146692948 -1.116102359 0.026813087 0.999598413 0.009169060 0.063852949 0.146403166 -0.013000221 0.989139579 19.253578152
0.988747504 -0.023934922 -0.147666831 -1.214692226 0.025632297 0.999625322 0.009602129 0.068862673 0.147381677 -0.013279121 0.988990549 19.907301522
0.988777442 -0.023220132 -0.147580471 -1.312777438 0.024664059 0.999664094 0.007961305 0.074355629 0.147346036 -0.011511892 0.989018009 20.555386479
0.988988270 -0.022656489 -0.146249396 -1.417277864 0.023709903 0.999703952 0.005463503 0.080887100 0.146082316 -0.008870899 0.989232664 21.267097824
0.989275315 -0.023699301 -0.144127354 -1.508184787 0.024406495 0.999697185 0.003140405 0.086794606 0.144009285 -0.006624369 0.989554164 21.911311812
0.989758844 -0.024606640 -0.140612744 -1.595171169 0.025285260 0.999675650 0.003041337 0.092839532 0.140492299 -0.006565619 0.990060001 22.557627577
0.990394366 -0.025181432 -0.135959170 -1.692583603 0.026159272 0.999643148 0.005410078 0.098832758 0.135774420 -0.008914704 0.990699669 23.268167655
0.990878226 -0.026676265 -0.132093597 -1.776561608 0.027654246 0.999602005 0.005574395 0.099831732 0.131892320 -0.009176496 0.991221574 23.911946897
0.991334486 -0.026002489 -0.128762598 -1.859780750 0.027066309 0.999612386 0.006518634 0.101845164 0.128543187 -0.009947275 0.991654023 24.553458044
0.991734543 -0.029278463 -0.124921446 -1.945641149 0.029917879 0.999547092 0.003245173 0.112216327 0.124769855 -0.006955735 0.992161328 25.251482271
0.992016534 -0.030117379 -0.122458727 -2.021712009 0.030265012 0.999541695 -0.000654783 0.120490581 0.122422324 -0.003056659 0.992473391 25.882651473
0.992347087 -0.030286787 -0.119707853 -2.094581506 0.030204730 0.999540606 -0.002500231 0.126876284 0.119728584 -0.001134646 0.992806013 26.511960577
0.992782903 -0.027903803 -0.116633979 -2.175275113 0.027714597 0.999610613 -0.003243988 0.128463917 0.116679083 -0.000011888 0.993169669 27.204073481
0.993043770 -0.028395851 -0.114270496 -2.243399878 0.028410531 0.999595213 -0.001500434 0.131011246 0.114266847 -0.001756489 0.993448540 27.834309072
0.993360150 -0.025661321 -0.112147706 -2.312799621 0.025840478 0.999666069 0.000143995 0.131500658 0.112106562 -0.003040989 0.993691537 28.462273291
0.993737600 -0.023379545 -0.109265638 -2.385225528 0.023495367 0.999723920 -0.000227526 0.130843596 0.109240791 -0.002341135 0.994012560 29.146477126
0.994006809 -0.021055522 -0.107271284 -2.450311446 0.021106378 0.999777017 -0.000661341 0.129599154 0.107261289 -0.001606730 0.994229568 29.766285522
0.994227492 -0.020447949 -0.105326047 -2.511965282 0.020514331 0.999789456 -0.000453182 0.126938355 0.105313138 -0.001710127 0.994437639 30.386331675
0.994448466 -0.019316186 -0.103436619 -2.579121792 0.019408476 0.999811631 -0.000114258 0.123713017 0.103419342 -0.001893924 0.994636040 31.065898297
0.994627042 -0.019789206 -0.101614149 -2.638820245 0.019867851 0.999802586 -0.000238133 0.120528262 0.101598802 -0.001782002 0.994823858 31.682687248
0.994722668 -0.019715802 -0.100688141 -2.697475658 0.019755401 0.999804661 -0.000603901 0.117063861 0.100680379 -0.001388421 0.994917853 32.300139358
0.994647860 -0.022381851 -0.100869652 -2.759420333 0.022347894 0.999749179 -0.001466763 0.118694782 0.100877180 -0.000795312 0.994898569 32.979681846
0.994458874 -0.024452064 -0.102243066 -2.817428971 0.024354503 0.999700959 -0.002202604 0.121365558 0.102266349 -0.000299680 0.994757008 33.598256411
0.994257282 -0.024619503 -0.104145750 -2.881300905 0.024564102 0.999696610 -0.001814730 0.124480935 0.104158831 -0.000753939 0.994560390 34.216960483
0.994032932 -0.023488714 -0.106521405 -2.955275487 0.023560361 0.999722244 -0.000585942 0.129033714 0.106505581 -0.001927237 0.994310237 34.897736075
0.993852206 -0.022403848 -0.108424442 -3.026044507 0.022699565 0.999741216 0.001493784 0.134737091 0.108362917 -0.003945788 0.994103571 35.515870167
0.993684391 -0.019943137 -0.110424642 -3.097030120 0.020620904 0.999774868 0.004999086 0.138116528 0.110300085 -0.007244570 0.993871927 36.134444977
0.993449756 -0.019061060 -0.112668799 -3.174570918 0.020063928 0.999768477 0.007773738 0.141861925 0.112494538 -0.009983396 0.993602189 36.811067769
0.993220458 -0.018343962 -0.114789464 -3.244454455 0.019452881 0.999774236 0.008547643 0.145726962 0.114606751 -0.010722679 0.993353068 37.422616936
0.992984107 -0.017192712 -0.116991338 -3.315778281 0.018242180 0.999802343 0.007905557 0.152404632 0.116832296 -0.009984270 0.993101470 38.030502633
0.992698642 -0.018556747 -0.119184952 -3.391557030 0.019222030 0.999805405 0.004434679 0.162298491 0.119079466 -0.006693276 0.992862166 38.693079415
0.992383018 -0.020436817 -0.121483672 -3.459029175 0.020754733 0.999783683 0.001352018 0.172572115 0.121429762 -0.003863081 0.992592509 39.293543340
0.992084513 -0.022449083 -0.123549012 -3.527450189 0.022653853 0.999743337 0.000252659 0.178929081 0.123511629 -0.003049520 0.992338439 39.894203142
0.991787336 -0.024332299 -0.125562012 -3.606854720 0.024440121 0.999701063 -0.000681909 0.181976174 0.125541070 -0.002392442 0.992085539 40.553845314
0.991409604 -0.026250057 -0.128132474 -3.680007889 0.026205625 0.999654507 -0.002032891 0.183338099 0.128141569 -0.001342364 0.991754978 41.155970009
0.990981280 -0.027725410 -0.131100744 -3.756691372 0.027451569 0.999615543 -0.003895936 0.183363048 0.131158358 0.000261878 0.991361396 41.760454544
0.990495411 -0.029296383 -0.134389595 -3.835593327 0.028723805 0.999568171 -0.006197914 0.184250959 0.134513138 0.002278824 0.990909190 42.367813220
0.989985096 -0.030135366 -0.137917980 -3.926044226 0.029485654 0.999542399 -0.006751969 0.182167634 0.138058341 0.002617747 0.990420639 43.042460368
0.989561482 -0.029268356 -0.141107892 -4.013553488 0.028858535 0.999571248 -0.004950200 0.179566032 0.141192276 0.000826360 0.989981847 43.661927332
0.989213399 -0.025900620 -0.144173539 -4.106684844 0.025775720 0.999664011 -0.002734416 0.176954937 0.144195921 -0.001011255 0.989548641 44.284237192
0.988811362 -0.023243015 -0.147349423 -4.210818413 0.023566027 0.999722183 0.000446547 0.173488224 0.147298107 -0.003913991 0.989084399 44.974174087
0.988335473 -0.022797447 -0.150576454 -4.306879699 0.023559126 0.999717077 0.003276227 0.173053370 0.150459163 -0.006785461 0.988592938 45.606309255
0.987808371 -0.023517180 -0.153888155 -4.415475304 0.024193581 0.999704106 0.002523917 0.175441812 0.153783265 -0.006216252 0.988085050 46.306123768
0.987411043 -0.023041768 -0.156488047 -4.518304509 0.023732371 0.999715106 0.002545897 0.179365513 0.156384802 -0.006227679 0.987676571 46.947935784
0.987010527 -0.021064593 -0.159268647 -4.626482923 0.021583913 0.999765868 0.001531302 0.181913109 0.159199100 -0.004949052 0.987234092 47.594406807
0.986645705 -0.019207537 -0.161744626 -4.737839642 0.019596666 0.999807638 0.000810686 0.184098169 0.161697941 -0.003969515 0.986832315 48.248738874
0.986173200 -0.021037366 -0.164377152 -4.856337445 0.021292189 0.999773273 -0.000211769 0.188467228 0.164344338 -0.003291109 0.986397540 48.976732002
0.985778205 -0.023408330 -0.166413285 -4.964789995 0.023393199 0.999724237 -0.002051332 0.190918484 0.166415413 -0.001870781 0.986053959 49.646313282
0.985457216 -0.024409816 -0.168161339 -5.078401189 0.024328716 0.999700779 -0.002542817 0.192552713 0.168173092 -0.001585312 0.985756206 50.323956071
0.985163429 -0.022454450 -0.170143515 -5.210176486 0.022171605 0.999747833 -0.003562485 0.194482719 0.170180603 -0.000262724 0.985412854 51.077763714
0.984902056 -0.021721694 -0.171744312 -5.332623073 0.021094479 0.999762488 -0.005476390 0.195688492 0.171822477 0.001770851 0.985126337 51.770653216
0.984696100 -0.021777525 -0.172914226 -5.454500292 0.021171080 0.999761548 -0.005350931 0.197298138 0.172989524 0.001608260 0.984922351 52.473968149
0.984503890 -0.022454146 -0.173919237 -5.589773895 0.021875591 0.999746953 -0.005243010 0.198641527 0.173992955 0.001357178 0.984745962 53.258586960
0.984420166 -0.022709448 -0.174359451 -5.715526351 0.022306166 0.999742057 -0.004272503 0.199127379 0.174411502 0.000316648 0.984672802 53.981329777
0.984425986 -0.021686512 -0.174456795 -5.844553087 0.021487404 0.999764527 -0.003030242 0.200108799 0.174481431 -0.000765574 0.984660167 54.713015951
0.984518786 -0.019337644 -0.174209113 -5.988987152 0.019285882 0.999812029 -0.001990116 0.202562070 0.174214851 -0.001400469 0.984706669 55.525230149
0.984632292 -0.020382704 -0.173446808 -6.116606340 0.020348978 0.999790992 -0.001972844 0.205012786 0.173450768 -0.001586939 0.984841263 56.269712674
0.984695785 -0.021791316 -0.172914282 -6.242993186 0.021745705 0.999761204 -0.002158342 0.205542286 0.172920024 -0.001634832 0.984934512 57.018626364
0.984759227 -0.025165094 -0.172092949 -6.372792455 0.025119819 0.999681467 -0.002441149 0.207931461 0.172099564 -0.001919000 0.985077691 57.855084842
0.984846189 -0.024592501 -0.171677582 -6.495167781 0.024455829 0.999696672 -0.002911335 0.208985806 0.171697104 -0.001331301 0.985148888 58.615153052
0.984974198 -0.023868624 -0.171044201 -6.619492791 0.023480222 0.999715081 -0.004293692 0.208409997 0.171097952 0.000213020 0.985254001 59.373424536
0.984971941 -0.026053599 -0.170738064 -6.750262797 0.025843320 0.999660037 -0.003454394 0.209374676 0.170770018 -0.001009957 0.985310398 60.211052410
0.984984615 -0.026104141 -0.170657203 -6.871130414 0.026420528 0.999650830 -0.000417284 0.209897132 0.170608508 -0.004097835 0.985330373 60.971715782
0.985047603 -0.025524895 -0.170381045 -7.005911230 0.026272473 0.999652541 0.002134102 0.203147431 0.170267372 -0.006578523 0.985375941 61.807647640
0.984901352 -0.025489981 -0.171229634 -7.129620202 0.026411666 0.999646324 0.003106471 0.198810626 0.171089890 -0.007582027 0.985226249 62.563979644
0.984541410 -0.026952359 -0.173065834 -7.271151225 0.027811929 0.999609938 0.002543255 0.196510984 0.172929781 -0.007317234 0.984906975 63.426846319
0.984175823 -0.028415777 -0.174901383 -7.412682260 0.029212167 0.999571272 0.001980055 0.194212994 0.174770133 -0.007057971 0.984583966 64.289712998
0.983906329 -0.028123593 -0.176457926 -7.515068669 0.029106204 0.999571876 0.002982160 0.191778928 0.176298511 -0.008070186 0.984303666 64.883041020
0.983600803 -0.028274082 -0.178129269 -7.645435365 0.029556200 0.999552775 0.004547625 0.191607001 0.177921026 -0.009737872 0.983996587 65.623897494
0.983247122 -0.027551247 -0.180183310 -7.773645748 0.028846800 0.999573382 0.004573343 0.188842804 0.179980439 -0.009694438 0.983622417 66.361311805
0.982863414 -0.029348368 -0.181984020 -7.903486048 0.030827449 0.999510650 0.005303574 0.193439721 0.181739315 -0.010822792 0.983287185 67.170805141
0.982510080 -0.028821509 -0.183965387 -8.027769382 0.029703545 0.999556671 0.002040059 0.195143153 0.183825033 -0.007468802 0.982930605 67.900204557
0.982304319 -0.023759865 -0.185778617 -8.157468329 0.024179806 0.999707626 -0.000005328 0.191518327 0.185724427 -0.004486857 0.982591627 68.625944066
0.981943824 -0.027689568 -0.187135282 -8.293532005 0.027595711 0.999614337 -0.003107117 0.191466989 0.187149145 -0.002113117 0.982329238 69.422650285
0.981526874 -0.029672906 -0.189009299 -8.416370788 0.029184525 0.999559632 -0.005367164 0.191819335 0.189085325 -0.000248131 0.981960630 70.144012657
0.981647111 -0.027567905 -0.188703366 -8.547716853 0.027409999 0.999618333 -0.003446873 0.187306740 0.188726367 -0.001788746 0.982028084 70.865808521
0.981352800 -0.025918130 -0.190459792 -8.692345645 0.026688427 0.999642705 0.001480065 0.186388195 0.190353382 -0.006535539 0.981693881 71.658555560
0.981012482 -0.026577132 -0.192114982 -8.822388828 0.027671488 0.999612524 0.003015078 0.185068281 0.191960410 -0.008273937 0.981367792 72.373841975
0.980807801 -0.026629344 -0.193150032 -8.953960964 0.027375150 0.999624519 0.001192936 0.182877074 0.193045741 -0.006457552 0.981168508 73.081674509
0.980797612 -0.025883131 -0.193303148 -9.100387956 0.026600373 0.999645525 0.001115480 0.183347768 0.193205754 -0.006235996 0.981138445 73.857288843
0.980795875 -0.024216247 -0.193527842 -9.234148214 0.024542747 0.999698529 -0.000710604 0.184442266 0.193486708 -0.004052747 0.981094526 74.558460117
0.980964389 -0.019512930 -0.193204847 -9.371054756 0.019913796 0.999801692 0.000132836 0.185277247 0.193163941 -0.003977749 0.981158432 75.256025014
0.981353737 -0.015339924 -0.191597311 -9.519028417 0.015944231 0.999871582 0.001612640 0.184793276 0.191547969 -0.004637442 0.981472297 76.020383479
0.981720131 -0.012617972 -0.189911484 -9.650326568 0.013897948 0.999888786 0.005409503 0.190690660 0.189822106 -0.007949998 0.981786314 76.710185224
0.982233920 -0.010981783 -0.187339071 -9.775109564 0.012821211 0.999880737 0.008609816 0.195728066 0.187222177 -0.010858767 0.982257575 77.392707984
0.983206250 -0.008249917 -0.182311295 -9.904784651 0.010573579 0.999874740 0.011777249 0.191525193 0.182191298 -0.013507147 0.983170325 78.145193179
0.984265579 -0.007023988 -0.176555751 -10.015454377 0.009338411 0.999880975 0.012281243 0.190374456 0.176448473 -0.013736755 0.984214020 78.821917470
0.985328679 -0.008402486 -0.170460530 -10.117346742 0.010357548 0.999890352 0.010583239 0.191761111 0.170352914 -0.012193522 0.985307669 79.489351313
0.986686474 -0.010233715 -0.162311655 -10.219528600 0.011456284 0.999912606 0.006598045 0.190273404 0.162229947 -0.008369690 0.986717484 80.210405562
0.988022964 -0.012815247 -0.153773833 -10.305754056 0.013168343 0.999912477 0.001277850 0.187674291 0.153743998 -0.003287492 0.988105245 80.854062805
0.989475706 -0.011780095 -0.144218783 -10.390961780 0.011376804 0.999928727 -0.003620777 0.182973557 0.144251157 0.001941922 0.989539202 81.488172587
0.991303292 -0.010488957 -0.131178370 -10.473360796 0.009556438 0.999924409 -0.007736301 0.179256592 0.131249600 0.006415423 0.991328596 82.174590702
0.992952160 -0.012302233 -0.117875624 -10.535053469 0.011603099 0.999910797 -0.006615560 0.173785315 0.117946495 0.005201212 0.993006330 82.796116677
0.994361534 -0.013908231 -0.105127072 -10.581083880 0.013931695 0.999902819 -0.000511170 0.169926250 0.105123965 -0.000956310 0.994458666 83.415167510
0.995823935 -0.017305321 -0.089639372 -10.627223547 0.017680959 0.999837905 0.003398131 0.170311470 0.089566036 -0.004968851 0.995968491 84.074875832
0.997123504 -0.014074226 -0.074475725 -10.664706546 0.014553490 0.999876707 0.005896364 0.168702946 0.074383556 -0.006963284 0.997205395 84.673414854
0.998301395 -0.012432825 -0.056918803 -10.692811661 0.012710099 0.999909044 0.004511944 0.163246547 0.056857529 -0.005227724 0.998368615 85.321212284
0.999197084 -0.011460814 -0.038390594 -10.705996229 0.011542637 0.999931557 0.001910373 0.157022769 0.038366072 -0.002351968 0.999260983 85.900643977
0.999793684 -0.010394098 -0.017451413 -10.704942989 0.010382386 0.999945812 -0.000761612 0.150280607 0.017458384 0.000580267 0.999847422 86.476199616
0.999927258 -0.008340356 0.008713075 -10.688184600 0.008358067 0.999963074 -0.001998298 0.139902092 -0.008696087 0.002070977 0.999960044 87.107684919
0.999345334 -0.005378789 0.035776698 -10.657960476 0.005475066 0.999981648 -0.002593629 0.128838489 -0.035762091 0.002787811 0.999356443 87.680681190
0.997837796 -0.003264362 0.065643555 -10.609839763 0.003470969 0.999989375 -0.003033597 0.115915490 -0.065632955 0.003254885 0.997838524 88.249312490
0.994977095 -0.002207019 0.100078518 -10.530063868 0.002439186 0.999994611 -0.002197543 0.105621204 -0.100073129 0.002430615 0.994977116 88.870002269
0.991168311 -0.001489386 0.132601510 -10.438648294 0.001572143 0.999998629 -0.000519411 0.094910893 -0.132600554 0.000723292 0.991169294 89.429383886
0.986200221 -0.001902708 0.165546076 -10.325443942 0.001982432 0.999997985 -0.000316356 0.087255214 -0.165545141 0.000640175 0.986202006 89.980058543
0.979369695 -0.003940416 0.202038295 -10.178131568 0.004061328 0.999991736 -0.000183915 0.078091939 -0.202035901 0.001000665 0.979377605 90.577395111
0.971899297 -0.004153153 0.235360377 -10.025116049 0.004190899 0.999991160 0.000339840 0.069181545 -0.235359708 0.000656081 0.971908112 91.111645398
0.962984810 -0.002869330 0.269540392 -9.858082743 0.003152434 0.999994840 -0.000617461 0.058558626 -0.269537230 0.001444314 0.962988887 91.635735689
0.951684942 -0.000084280 0.307076152 -9.653693898 0.000780226 0.999997398 -0.002143603 0.046696541 -0.307075172 0.002279623 0.951682532 92.204696627
0.940060830 0.000239817 0.341006713 -9.443688745 0.000961712 0.999993911 -0.003354430 0.038519683 -0.341005441 0.003481319 0.940054876 92.718918472
0.925808268 -0.001204074 0.377991536 -9.185348429 0.002717943 0.999990280 -0.003471593 0.028660996 -0.377983682 0.004241389 0.925802542 93.279574254
0.911410789 -0.002957455 0.411487093 -8.928900265 0.004928637 0.999980900 -0.003729436 0.020878922 -0.411468204 0.005427119 0.911407957 93.785056953
0.895552172 -0.002508944 0.444949450 -8.654566788 0.004865279 0.999979537 -0.004153773 0.012062805 -0.444929923 0.005884724 0.895546053 94.285579345
0.876570898 -0.000358442 0.481272617 -8.330193828 0.003572431 0.999977019 -0.005761922 0.004616125 -0.481259492 0.006770046 0.876552034 94.830297816
0.857946322 0.000577222 0.513739014 -8.013334149 0.003635651 0.999967506 -0.007195086 -0.003258964 -0.513726474 0.008040774 0.857916346 95.316871409
0.838008147 -0.000734287 0.545657224 -7.670668422 0.006486007 0.999941851 -0.008615451 -0.009589118 -0.545619168 0.010758955 0.837964181 95.793098534
0.814699927 -0.001407715 0.579881063 -7.270919298 0.009256008 0.999901224 -0.010576813 -0.017738989 -0.579808895 0.013984313 0.814632484 96.305747412
0.792305966 -0.000524511 0.610123742 -6.887401198 0.010056833 0.999875000 -0.012200218 -0.025260662 -0.610041077 0.015802218 0.792212203 96.763876595
0.768799891 -0.000617157 0.639489130 -6.484365189 0.010273627 0.999882398 -0.011386087 -0.032288414 -0.639406898 0.015323495 0.768715819 97.215070160
0.742340467 -0.001264975 0.670021664 -6.016071050 0.011170370 0.999882602 -0.010488304 -0.039969286 -0.669929738 0.015270282 0.742267449 97.697442895
0.717594970 -0.003425872 0.696452240 -5.568017118 0.014689368 0.999839904 -0.010217058 -0.048491238 -0.696305738 0.017562153 0.717530410 98.122101124
0.692254998 -0.004528744 0.721638766 -5.101794918 0.017125997 0.999801776 -0.010154264 -0.058351484 -0.721449734 0.019388123 0.692195335 98.535160224
0.664574700 -0.002556904 0.747217458 -4.571161955 0.018166379 0.999753857 -0.012736106 -0.068469205 -0.747000971 0.022038330 0.664457569 98.978667893
0.640956826 0.001043032 0.767576223 -4.073275425 0.018960844 0.999672416 -0.017191482 -0.076709154 -0.767342709 0.025572890 0.640727083 99.370378755
0.619304418 0.004511529 0.785138003 -3.558291681 0.020316254 0.999556587 -0.021768752 -0.086628505 -0.784888073 0.029432547 0.618938153 99.754004832
0.598609794 0.006945308 0.801010660 -2.974244199 0.023539992 0.999378022 -0.026257151 -0.099143676 -0.800694813 0.034573572 0.598073980 100.166543239
0.582934658 0.005904494 0.812497583 -2.424770093 0.027091604 0.999276343 -0.026698979 -0.110823282 -0.812067257 0.037575623 0.582352851 100.538757918
0.569853791 0.004056753 0.821736089 -1.862749990 0.028155572 0.999304279 -0.024458570 -0.123764129 -0.821263612 0.037074258 0.569343112 100.911920958
0.558184547 0.003136340 0.829710898 -1.234158203 0.026029535 0.999434458 -0.021289162 -0.140695284 -0.829308431 0.033480270 0.557787233 101.325906889
0.549822818 0.001048278 0.835280653 -0.651240583 0.025072897 0.999527879 -0.017758622 -0.155863944 -0.834904916 0.030707001 0.549536952 101.702696881
0.543290133 0.001920705 0.839542817 -0.061825940 0.023454513 0.999572341 -0.017464850 -0.169143766 -0.839217324 0.029179548 0.543012741 102.077660168
0.538686793 0.003262908 0.842499788 0.537662235 0.023093194 0.999559591 -0.018636764 -0.181245864 -0.842189553 0.029495389 0.538374200 102.454004719
0.535156592 0.002537500 0.844749065 1.207637597 0.024844573 0.999515631 -0.018741670 -0.194689468 -0.844387452 0.031017158 0.534834336 102.866277217
0.532849386 0.003538820 0.846202699 1.947548517 0.026291099 0.999439261 -0.020735022 -0.207997424 -0.845801578 0.033296243 0.532457558 103.321641037
0.531415947 0.002743723 0.847106583 2.449352321 0.027652835 0.999405623 -0.020584481 -0.218183849 -0.846659561 0.034363820 0.531024214 103.628130076
0.529883739 0.003009879 0.848064952 3.144805021 0.026776500 0.999435762 -0.020277471 -0.234086688 -0.847647475 0.033452914 0.529504165 104.052577932
0.528682451 0.003861809 0.848810905 3.784291947 0.026650069 0.999421142 -0.021146049 -0.250319388 -0.848401226 0.033800414 0.528273502 104.439867688
0.527351125 0.004267798 0.849636732 4.498256909 0.026422300 0.999421357 -0.021419928 -0.268413854 -0.849236512 0.033745179 0.526933212 104.868334200
0.526094447 0.004969465 0.850411628 5.157217029 0.026834790 0.999387961 -0.022440965 -0.284040571 -0.850002663 0.034626685 0.525639102 105.265164093
0.524751111 0.005422378 0.851238433 5.823810061 0.027152346 0.999364272 -0.023104167 -0.299842297 -0.850822556 0.035237057 0.524270282 105.666253660
0.523272559 0.004946611 0.852151019 6.499118431 0.027126645 0.999379684 -0.022458662 -0.315313120 -0.851733511 0.034868000 0.522813780 106.075022802
0.521989334 0.003778351 0.852943644 7.184947681 0.027112823 0.999411358 -0.021019831 -0.329769588 -0.852520985 0.034097837 0.521579627 106.491354709
0.520704982 0.002607795 0.853732699 7.870774338 0.027098943 0.999440961 -0.019580944 -0.344224519 -0.853306492 0.033331149 0.520343219 106.907682090
0.519419506 0.001434953 0.854518178 8.556598394 0.027085007 0.999468494 -0.018142003 -0.358677917 -0.854090030 0.032567941 0.519104566 107.324004957
0.517357023 -0.000962020 0.855769119 9.386873228 0.027199556 0.999512623 -0.015319939 -0.372096102 -0.855337299 0.031202418 0.517131042 107.824208892
0.514861655 -0.002423857 0.857269853 10.078462820 0.027504691 0.999527889 -0.013692769 -0.382919415 -0.856831937 0.030628824 0.514685250 108.238997065
0.512477817 -0.002023097 0.858698081 10.767956344 0.027113582 0.999536731 -0.013826687 -0.396791640 -0.858272300 0.030368251 0.512295256 108.652828759
0.509780481 -0.002238780 0.860301604 11.526259310 0.027228859 0.999537608 -0.013533621 -0.411359335 -0.859873508 0.030324206 0.509605722 109.103996564
0.507396894 -0.001986247 0.861710187 12.212000654 0.027323385 0.999531597 -0.013784779 -0.423019427 -0.861279179 0.030539193 0.507213499 109.507536190
0.504822246 -0.001750140 0.863221546 12.896968334 0.027391297 0.999526855 -0.013992265 -0.434986486 -0.862788628 0.030708365 0.504631330 109.906448537
0.501699528 -0.000624730 0.865041729 13.578925520 0.026908612 0.999527079 -0.014884373 -0.446147033 -0.864623334 0.030744555 0.501479074 110.300015952
0.497290976 0.000805070 0.867583447 14.460880512 0.025710323 0.999546699 -0.015664449 -0.459526512 -0.867202782 0.030095640 0.497044855 110.803172218
0.494212490 0.001877899 0.869339110 15.003284792 0.024402068 0.999573672 -0.016031609 -0.470845305 -0.868998592 0.029136693 0.493955969 111.111865367
0.489961521 0.003230859 0.871738074 15.747197680 0.023561225 0.999578740 -0.016947283 -0.489720153 -0.871425600 0.028842734 0.489678997 111.532068575
0.486185331 0.004333340 0.873844978 16.422173533 0.023447588 0.999562966 -0.018002414 -0.507048272 -0.873541089 0.029242066 0.485871246 111.907997302
0.482354562 0.004157604 0.875966204 17.094992710 0.023729503 0.999559743 -0.017810970 -0.522981085 -0.875654605 0.029377446 0.482043544 112.279488639
0.477869416 0.001878412 0.878428878 17.836225055 0.024817747 0.999569667 -0.015638427 -0.539006915 -0.878080236 0.029273752 0.477617155 112.681068856
0.473789707 -0.000885858 0.880637569 18.508577016 0.024984309 0.999610487 -0.012436212 -0.554193494 -0.880283533 0.027894270 0.473627292 113.042207459
0.469576207 -0.001530419 0.882890618 19.178581404 0.023902415 0.999653998 -0.010979974 -0.569448609 -0.882568332 0.026259152 0.469450313 113.399248507
0.464364376 0.001027229 0.885643648 19.909245676 0.021894783 0.999680380 -0.012639461 -0.586058219 -0.885373562 0.025260291 0.464193465 113.785253724
0.459193769 0.002839371 0.888331594 20.572056451 0.022191638 0.999646151 -0.014666402 -0.596649477 -0.888058902 0.026448253 0.458968274 114.126771056
0.453811403 0.003029482 0.891092606 21.236415656 0.022878375 0.999624971 -0.015049854 -0.607458278 -0.890804014 0.027216546 0.453571900 114.463272015
0.447418445 0.001348164 0.894323721 21.968424788 0.022979622 0.999651364 -0.013003346 -0.623522888 -0.894029458 0.026369158 0.447231479 114.827856394
0.441934918 0.000066913 0.897047113 22.633717199 0.022433449 0.999686421 -0.011126524 -0.639494721 -0.896766563 0.025041060 0.441794836 115.151603006
0.436409783 -0.000105735 0.899748015 23.299161851 0.021992227 0.999702480 -0.010549532 -0.651601412 -0.899479207 0.024391382 0.436282268 115.468739295
0.430397869 0.000857614 0.902638875 24.033182155 0.023334815 0.999654765 -0.012076338 -0.660933997 -0.902337609 0.026260541 0.430229268 115.810452934
0.424390085 0.002079106 0.905477075 24.704865807 0.025071633 0.999586975 -0.014046075 -0.671792202 -0.905132293 0.028662804 0.424162675 116.111486331
0.417283740 0.003907270 0.908767855 25.378139737 0.024675956 0.999573336 -0.015628280 -0.684330286 -0.908441180 0.028946143 0.417009285 116.411368683
0.407920489 0.006092266 0.912997130 26.121106794 0.023523831 0.999575644 -0.017180266 -0.695257235 -0.912714360 0.028485373 0.407604072 116.735939540
0.398077850 0.006683791 0.917327288 26.805491427 0.023361823 0.999575276 -0.017421020 -0.707083322 -0.917054116 0.028365360 0.397752631 117.024302192
0.387232627 0.006175328 0.921961364 27.494214050 0.022943920 0.999603342 -0.016332043 -0.718488373 -0.921696517 0.027477708 0.386937342 117.302602501
0.374465906 0.005871158 0.927222096 28.255119159 0.022851353 0.999617805 -0.015558265 -0.730767643 -0.926959061 0.027014319 0.374188623 117.596397220
0.361748852 0.005577013 0.932258905 28.952934433 0.023502585 0.999609737 -0.015099742 -0.740050953 -0.931979290 0.027372808 0.361476600 117.854652648
0.348096210 0.006447739 0.937436641 29.654161332 0.022102970 0.999641916 -0.015083036 -0.750122805 -0.937198211 0.025970481 0.347829049 118.107060511
0.331966616 0.007440391 0.943261791 30.432624074 0.021219129 0.999656958 -0.015352981 -0.762613763 -0.943052445 0.025111870 0.331694859 118.374779906
0.316778487 0.009279359 0.948454155 31.144365015 0.020134662 0.999661029 -0.016505216 -0.774095324 -0.948285814 0.024325301 0.316484271 118.605268125
0.301012303 0.011246361 0.953553938 31.861911548 0.019924938 0.999637996 -0.018079670 -0.784570533 -0.953412078 0.024441706 0.300679252 118.822855842
0.283511616 0.014909939 0.958852886 32.655471570 0.019759259 0.999576025 -0.021385550 -0.794350032 -0.958765214 0.025009274 0.283096805 119.047502586
0.267679649 0.018340485 0.963333396 33.383512572 0.019442215 0.999512428 -0.024431654 -0.806574708 -0.963311790 0.025269192 0.267192557 119.240159000
0.251644887 0.021953377 0.967570618 34.117522693 0.018654983 0.999446937 -0.027528395 -0.822596749 -0.967639831 0.024977393 0.251096171 119.427123877
0.234490158 0.024372848 0.971812909 34.933106912 0.019036403 0.999378831 -0.029657517 -0.840225376 -0.971932087 0.025454218 0.233880529 119.623016032
0.219871458 0.022770997 0.975263054 35.683230859 0.019813775 0.999417063 -0.027801942 -0.856627497 -0.975327615 0.025436496 0.219292108 119.790887997
0.204592241 0.018849266 0.978665786 36.590526881 0.020504954 0.999512650 -0.023537386 -0.876832166 -0.978632496 0.024883064 0.204106030 119.980468540
0.198077892 0.016791402 0.980042447 37.046188335 0.021626202 0.999535001 -0.021496280 -0.886638213 -0.979947680 0.025452533 0.197622652 120.069846857
0.186349651 0.015468931 0.982361705 38.036083125 0.025545794 0.999461708 -0.020584123 -0.911612998 -0.982151322 0.028931054 0.185854174 120.249859686
0.178511907 0.017587139 0.983780561 38.796796730 0.025965808 0.999407827 -0.022578135 -0.931315348 -0.983595077 0.029575123 0.177949533 120.384752992
0.170455535 0.020478231 0.985152553 39.635785767 0.026269116 0.999334239 -0.025318225 -0.953824064 -0.985015149 0.030194719 0.169804107 120.528523381
0.164284584 0.023730829 0.986127488 40.400385625 0.026361599 0.999247882 -0.028438296 -0.975766487 -0.986060668 0.030667871 0.163535440 120.653039975
0.159073833 0.025158088 0.986946091 41.167223284 0.027780242 0.999165366 -0.029947127 -0.996170830 -0.986875764 0.032181405 0.158242167 120.772636517
0.155256715 0.024840530 0.987561796 42.018960124 0.028680656 0.999149055 -0.029640937 -1.023061114 -0.987457732 0.032925874 0.154412157 120.902387478
0.153338769 0.022973245 0.987906601 42.796616423 0.028433825 0.999213200 -0.027649554 -1.048060115 -0.987764516 0.032329712 0.152564905 121.020815995
0.151878975 0.020724540 0.988181800 43.577649783 0.027555818 0.999302752 -0.025192975 -1.076171621 -0.988014906 0.031056441 0.151201996 121.141755373
0.151094995 0.019997160 0.988316961 44.431063079 0.027378909 0.999327153 -0.024405654 -1.099086243 -0.988140019 0.030746612 0.150445830 121.269443204
0.151198119 0.020550578 0.988289837 45.205689201 0.027999141 0.999293698 -0.025062972 -1.119240260 -0.988106865 0.031460741 0.150515929 121.384286032
0.152037164 0.021877363 0.988132624 45.980336442 0.028026975 0.999257538 -0.026435988 -1.139019505 -0.987977322 0.031713620 0.151311126 121.500578084
0.153141120 0.022652816 0.987944658 46.833135661 0.028229680 0.999228943 -0.027287434 -1.160736699 -0.987801034 0.032068189 0.152383558 121.630302483
0.154096265 0.023014767 0.987787761 47.531454149 0.028015179 0.999224968 -0.027651653 -1.180785793 -0.987658590 0.031934068 0.153332073 121.737630280
0.155295221 0.023229463 0.987594951 48.385127774 0.028522797 0.999201255 -0.027987549 -1.206513018 -0.987456249 0.032515303 0.154508610 121.869011208
0.156771031 0.022874274 0.987370048 49.082868605 0.029369154 0.999181665 -0.027811040 -1.226496464 -0.987198205 0.033358188 0.155970941 121.976933232
0.158992429 0.022874694 0.987014770 50.009958727 0.029016080 0.999191426 -0.027830926 -1.253464064 -0.986853320 0.033064206 0.158200138 122.123429370
0.160562143 0.022419221 0.986771086 50.780020111 0.030137735 0.999164501 -0.027604648 -1.276569287 -0.986565515 0.034171307 0.159752329 122.245281558
0.162749158 0.021375131 0.986435915 51.624812450 0.031514973 0.999142573 -0.026850035 -1.301308142 -0.986164042 0.035457321 0.161935976 122.379958186
0.164469516 0.019883998 0.986181730 52.390480429 0.033077618 0.999123297 -0.025661422 -1.323323344 -0.985827393 0.036841064 0.163667610 122.503351940
0.166362884 0.017743005 0.985904953 53.154165021 0.034479053 0.999122018 -0.023798908 -1.344852509 -0.985461610 0.037952324 0.165605058 122.628073527
0.168317689 0.016705973 0.985591227 53.913639949 0.035730649 0.999095902 -0.023036903 -1.366227131 -0.985085010 0.039093332 0.167568598 122.753496644
0.170214265 0.018348989 0.985236225 54.742148577 0.036640286 0.999017365 -0.024935805 -1.390817332 -0.984725644 0.040343766 0.169374694 122.892703726
0.171699275 0.021561250 0.984913433 55.489987486 0.037882669 0.998876522 -0.028470983 -1.413152423 -0.984420775 0.042199597 0.170689577 123.018753321
0.172826424 0.025276342 0.984627916 56.234405801 0.038873172 0.998716750 -0.032461214 -1.435236269 -0.984184893 0.043885766 0.171622072 123.144993723
0.173639042 0.027769907 0.984417755 57.050437639 0.038257291 0.998657596 -0.034919715 -1.461851092 -0.984065985 0.043724582 0.172343547 123.286619535
0.173302783 0.027143018 0.984494491 57.790983445 0.036267989 0.998766244 -0.033920833 -1.488475320 -0.984200578 0.041584210 0.172104547 123.417102973
0.172202498 0.024536619 0.984755936 58.531591076 0.036619092 0.998839283 -0.031291041 -1.514954703 -0.984380689 0.041449263 0.171104111 123.543677209
0.170043356 0.021806434 0.985195278 59.269605838 0.036769240 0.998918540 -0.028456507 -1.540370884 -0.984750364 0.041063722 0.169057655 123.667321443
0.164919139 0.020258405 0.986099019 60.049870208 0.034742383 0.999049268 -0.026334910 -1.563041910 -0.985695006 0.038602560 0.164058520 123.793861246
0.159797684 0.018685262 0.986972928 60.830120873 0.032715060 0.999171385 -0.024212994 -1.585706517 -0.986607534 0.036158059 0.159053983 123.920391310
0.154679214 0.017087169 0.987816972 61.610357746 0.030687305 0.999284888 -0.022090771 -1.608364705 -0.987488040 0.033730424 0.154044242 124.046911683
0.146073839 0.013501079 0.989181558 62.340302867 0.031725192 0.999328637 -0.018324478 -1.624605645 -0.988764859 0.034058702 0.145547446 124.150107936
0.136407634 0.014457395 0.990547294 63.096905713 0.032124887 0.999303080 -0.019009087 -1.644672329 -0.990131784 0.034414205 0.135848126 124.244650076
0.126729083 0.015421292 0.991817485 63.853396126 0.032524496 0.999276908 -0.019693080 -1.664737924 -0.991404003 0.034754050 0.126135876 124.339213457
0.118054367 0.023403197 0.992731311 64.562644213 0.032816471 0.999084219 -0.027455458 -1.681002762 -0.992464733 0.035819175 0.117178245 124.419201317
0.109658021 0.030770235 0.993492985 65.338949122 0.035380401 0.998766485 -0.034838720 -1.700784155 -0.993339492 0.038970526 0.108434093 124.495349774
0.101612859 0.031682143 0.994319400 66.046911110 0.037629884 0.998655066 -0.035665816 -1.724095625 -0.994112075 0.041040229 0.100284001 124.559500701
0.094189505 0.030305315 0.995092923 66.753053339 0.037972340 0.998699886 -0.034009397 -1.751059424 -0.994829854 0.040989336 0.092916285 124.620617361
0.086626037 0.028705909 0.995827244 67.524761883 0.037803411 0.998770157 -0.032079224 -1.780529923 -0.995523396 0.040424562 0.085434319 124.682918272
0.079936093 0.028069465 0.996404700 68.220690261 0.036534195 0.998849314 -0.031069270 -1.805763569 -0.996130249 0.038886400 0.078818617 124.735978414
0.073847494 0.028704304 0.996856364 68.910251521 0.034778376 0.998903544 -0.031339648 -1.830606751 -0.996662938 0.036983400 0.072768234 124.785221916
0.069138661 0.029343212 0.997175422 69.594776277 0.034266623 0.998907635 -0.031770044 -1.854834703 -0.997018377 0.036366372 0.068057644 124.829902141
0.065675499 0.030052115 0.997388389 70.341762914 0.034473235 0.998881359 -0.032367075 -1.881329059 -0.997245368 0.036508928 0.064566038 124.874296462
0.063585466 0.031312332 0.997485051 71.014288791 0.033353367 0.998882619 -0.033482340 -1.901886970 -0.997418890 0.035398475 0.062470045 124.927999541
0.061884488 0.031408556 0.997589000 71.691961596 0.031663304 0.998939865 -0.033415291 -1.924856171 -0.997580947 0.033654852 0.060824383 124.981214413
0.060656728 0.030610615 0.997689206 72.433058101 0.030132403 0.999017953 -0.032483349 -1.948244508 -0.997703763 0.032033107 0.059674789 125.044029922
0.059380072 0.030017462 0.997784024 73.097707093 0.028591359 0.999086559 -0.031758175 -1.968359834 -0.997825907 0.030413804 0.058467591 125.105536005
0.057943498 0.028777600 0.997905006 73.758541269 0.027355935 0.999163326 -0.030402313 -1.988824112 -0.997944990 0.029060241 0.057107780 125.163629833
0.056797223 0.028287806 0.997984907 74.493461216 0.025400874 0.999234013 -0.029768824 -2.015069071 -0.998062559 0.027040475 0.056035183 125.233414484
0.055631142 0.028265503 0.998051220 75.156541415 0.024416714 0.999261759 -0.029660769 -2.038164547 -0.998152794 0.026019194 0.054899922 125.300073009
0.054782372 0.027456042 0.998120763 75.819128091 0.023292632 0.999314713 -0.028767313 -2.060940044 -0.998226600 0.024824801 0.054105306 125.371184915
0.054235833 0.027985873 0.998135895 76.530627714 0.023922084 0.999283840 -0.029317916 -2.085993450 -0.998241558 0.025467573 0.053527511 125.431028889
0.054748565 0.028794386 0.998084905 77.175391214 0.023821824 0.999261927 -0.030135055 -2.109239985 -0.998215966 0.025426054 0.054022222 125.492444608
0.055959571 0.029205153 0.998005804 77.809924377 0.023913614 0.999246146 -0.030582319 -2.131435753 -0.998146615 0.025577299 0.055218985 125.546231227
0.057977129 0.029823482 0.997872343 78.500549531 0.021882030 0.999275576 -0.031136783 -2.154843989 -0.998078068 0.023640694 0.057282531 125.609169537
