1.000000000 0.000000000 -0.000000000 0.000000000 -0.000000000 1.000000000 0.000000000 -0.000000000 0.000000000 0.000000000 1.000000000 0.000000000
0.999999999 0.000000527 -0.000032093 -0.000298945 -0.000000528 0.999999999 -0.000051924 0.001758160 0.000032093 0.000051924 0.999999998 0.000933104
0.999999998 0.000055273 0.000015422 -0.000195659 -0.000055273 0.999999998 0.000012918 0.003530291 -0.000015421 -0.000012919 1.000000000 0.001536804
0.999999995 0.000062393 0.000073324 -0.000376405 -0.000062391 0.999999998 -0.000029227 0.004765467 -0.000073326 0.000029222 0.999999997 0.001780867
0.999999997 0.000046972 0.000062343 -0.000923753 -0.000046973 0.999999999 0.000021812 0.006146520 -0.000062342 -0.000021815 0.999999998 0.002363068
0.999999993 0.000084071 0.000080549 -0.000915460 -0.000084071 0.999999996 0.000000738 0.007060430 -0.000080549 -0.000000745 0.999999997 0.002795828
0.999999998 0.000047638 0.000028367 -0.000582510 -0.000047639 0.999999999 0.000017893 0.008034862 -0.000028366 -0.000017894 0.999999999 0.003001644
0.999999995 0.000075003 0.000061494 0.000293532 -0.000075003 0.999999997 -0.000001209 0.008916613 -0.000061494 0.000001204 0.999999998 0.002901177
0.999999996 0.000072005 0.000061479 -0.000335005 -0.000072005 0.999999997 0.000001794 0.009828199 -0.000061479 -0.000001798 0.999999998 0.002811221
0.999999994 0.000092163 0.000058665 -0.000699890 -0.000092164 0.999999996 0.000016784 0.010449562 -0.000058663 -0.000016789 0.999999998 0.002554682
0.999999994 0.000102742 0.000046721 -0.000580399 -0.000102742 0.999999995 0.000003804 0.011222455 -0.000046721 -0.000003809 0.999999999 0.002466811
0.999999993 0.000092170 0.000078612 0.000566171 -0.000092170 0.999999996 0.000001736 0.012220709 -0.000078612 -0.000001743 0.999999997 0.001996811
0.999999990 0.000098854 0.000104505 0.004025095 -0.000098848 0.999999994 -0.000054332 0.012230804 -0.000104510 0.000054321 0.999999993 0.001647922
0.999999982 0.000048044 0.000182120 0.008866770 -0.000048038 0.999999998 -0.000032476 0.012195563 -0.000182122 0.000032467 0.999999983 0.001362312
0.999999973 -0.000010496 0.000233684 0.012668234 0.000010500 1.000000000 -0.000017551 0.011380836 -0.000233684 0.000017553 0.999999973 0.001483437
0.999999967 0.000009344 0.000256678 0.016600582 -0.000009325 0.999999997 -0.000072622 0.010917988 -0.000256679 0.000072620 0.999999964 0.001516511
0.999999943 -0.000107781 0.000319811 0.021664524 0.000107799 0.999999993 -0.000054677 0.010844166 -0.000319805 0.000054711 0.999999947 0.001349431
0.999999936 -0.000057388 0.000353216 0.025496942 0.000057398 0.999999998 -0.000027797 0.010979924 -0.000353214 0.000027818 0.999999937 0.001243571
0.999999917 -0.000083693 0.000399986 0.029388400 0.000083704 0.999999996 -0.000026887 0.010211714 -0.000399984 0.000026921 0.999999920 0.001146798
0.999999843 -0.000176215 0.000532202 0.033028452 0.000176228 0.999999984 -0.000025126 0.009410529 -0.000532198 0.000025219 0.999999858 0.001168399
0.999999866 -0.000144517 0.000497326 0.036972325 0.000144559 0.999999986 -0.000083069 0.008312337 -0.000497314 0.000083141 0.999999873 0.001106807
0.999999837 -0.000186568 0.000539038 0.040165431 0.000186600 0.999999981 -0.000060133 0.007560920 -0.000539026 0.000060234 0.999999853 0.001313942
0.999999758 -0.000195829 0.000667084 0.041766713 0.000195807 0.999999980 0.000033571 0.006244493 -0.000667090 -0.000033440 0.999999777 0.001366083
0.999999768 -0.000203048 0.000650976 0.042582734 0.000203045 0.999999979 0.000004615 0.005713735 -0.000650977 -0.000004483 0.999999788 0.001533842
0.999999743 -0.000203867 0.000687898 0.044918710 0.000203875 0.999999979 -0.000012472 0.004977206 -0.000687896 0.000012612 0.999999763 0.001388228
0.999999734 -0.000168950 0.000710080 0.046262604 0.000168975 0.999999985 -0.000035553 0.004998500 -0.000710074 0.000035673 0.999999747 0.001386993
0.999999710 -0.000177417 0.000740106 0.045514163 0.000177408 0.999999984 0.000012383 0.004938779 -0.000740109 -0.000012252 0.999999726 0.001642623
0.999999746 -0.000140362 0.000698295 0.043754762 0.000140388 0.999999989 -0.000037548 0.004456494 -0.000698289 0.000037646 0.999999755 0.001763804
0.999999714 -0.000102813 0.000748626 0.044320094 0.000102809 0.999999995 0.000004302 0.004325169 -0.000748626 -0.000004225 0.999999720 0.002077225
0.999999703 -0.000103548 0.000763629 0.043713605 0.000103538 0.999999995 0.000013267 0.003274019 -0.000763630 -0.000013188 0.999999708 0.001948908
0.999999705 -0.000065599 0.000764884 0.043420212 0.000065596 0.999999998 0.000004233 0.002538763 -0.000764884 -0.000004183 0.999999707 0.001888563
0.999999695 -0.000101091 0.000774498 0.042452978 0.000101127 0.999999994 -0.000045761 0.002067213 -0.000774494 0.000045839 0.999999699 0.001830940
0.999999646 -0.000054282 0.000839974 0.041928411 0.000054253 0.999999998 0.000034047 0.001770694 -0.000839976 -0.000034001 0.999999647 0.002054355
0.999999617 -0.000081852 0.000871712 0.041172918 0.000081835 0.999999996 0.000019994 0.001783966 -0.000871714 -0.000019923 0.999999620 0.001942707
0.999999627 -0.000000460 0.000864240 0.040624882 0.000000470 1.000000000 -0.000011055 0.001641191 -0.000864240 0.000011055 0.999999626 0.001822244
0.999999628 0.000045685 0.000861611 0.038934106 -0.000045687 0.999999999 0.000001914 0.001783778 -0.000861611 -0.000001953 0.999999629 0.001853816
0.999999595 0.000012819 0.000899381 0.037916530 -0.000012837 1.000000000 0.000019852 0.001735714 -0.000899380 -0.000019863 0.999999595 0.001926456
0.999999545 0.000015166 0.000953371 0.036688565 -0.000015193 1.000000000 0.000027723 0.001750894 -0.000953370 -0.000027737 0.999999545 0.001839067
0.999999438 0.000081117 0.001056650 0.034719889 -0.000081094 0.999999996 -0.000021574 0.001785820 -0.001056651 0.000021488 0.999999442 0.001528727
0.999999559 0.000054957 0.000937560 0.034190037 -0.000054937 0.999999998 -0.000021273 0.001696881 -0.000937561 0.000021221 0.999999560 0.001676220
0.999999544 0.000023121 0.000954348 0.033551433 -0.000023115 1.000000000 -0.000006286 0.001627959 -0.000954348 0.000006264 0.999999545 0.001772858
0.999999418 0.000010986 0.001079160 0.032698927 -0.000010982 1.000000000 -0.000003569 0.000821302 -0.001079160 0.000003558 0.999999418 0.002167469
0.999999476 0.000017735 0.001023255 0.029023254 -0.000017730 1.000000000 -0.000004444 0.000943246 -0.001023255 0.000004426 0.999999476 0.002148064
0.999999404 0.000083542 0.001088685 0.027603555 -0.000083539 0.999999997 -0.000002651 -0.000133354 -0.001088685 0.000002560 0.999999407 0.002338246
0.999999371 0.000083072 0.001118632 0.025677870 -0.000083058 0.999999996 -0.000012721 -0.001389783 -0.001118633 0.000012628 0.999999374 0.002417876
0.999999362 0.000109822 0.001123852 0.024099130 -0.000109822 0.999999994 -0.000000755 -0.002322676 -0.001123852 0.000000632 0.999999368 0.002649274
0.999999262 0.000063392 0.001213518 0.023298755 -0.000063433 0.999999997 0.000034073 -0.004385423 -0.001213516 -0.000034150 0.999999263 0.002982438
0.999999203 0.000056045 0.001261365 0.022022896 -0.000056057 0.999999998 0.000008967 -0.006310749 -0.001261364 -0.000009038 0.999999204 0.003106474
0.999999188 0.000071509 0.001272445 0.019672440 -0.000071508 0.999999997 -0.000001072 -0.007181275 -0.001272445 0.000000981 0.999999190 0.003197905
0.999999131 0.000057300 0.001317308 0.018723616 -0.000057301 0.999999998 0.000000835 -0.009135480 -0.001317308 -0.000000911 0.999999132 0.003642323
0.999999103 0.000089379 0.001336470 0.017455428 -0.000089348 0.999999996 -0.000023236 -0.009644892 -0.001336472 0.000023116 0.999999107 0.003833550
0.999998961 0.000093353 0.001438492 0.015423724 -0.000093368 0.999999996 0.000010523 -0.010267417 -0.001438491 -0.000010658 0.999998965 0.003989937
0.999999116 0.000080803 0.001327494 0.013852716 -0.000080818 0.999999997 0.000010792 -0.010762592 -0.001327493 -0.000010900 0.999999119 0.004293413
0.999999015 0.000089173 0.001400678 0.011524728 -0.000089299 0.999999992 0.000089615 -0.009721603 -0.001400670 -0.000089740 0.999999015 0.004309081
0.999999003 0.000101809 0.001408644 0.009773617 -0.000101864 0.999999994 0.000038586 -0.009186239 -0.001408640 -0.000038729 0.999999007 0.004493357
0.999998891 0.000077903 0.001487493 0.007240380 -0.000078018 0.999999994 0.000077422 -0.008519212 -0.001487487 -0.000077538 0.999998891 0.004515329
0.999998983 0.000089050 0.001423627 0.005063894 -0.000089159 0.999999993 0.000076562 -0.008528054 -0.001423620 -0.000076688 0.999998984 0.004731549
0.999998933 0.000092370 0.001457650 0.002454493 -0.000092499 0.999999992 0.000088480 -0.008702490 -0.001457642 -0.000088614 0.999998934 0.004933575
0.999998874 0.000075363 0.001498463 -0.000430196 -0.000075477 0.999999994 0.000076399 -0.008525848 -0.001498457 -0.000076512 0.999998874 0.005161234
0.999998815 0.000133639 0.001533863 -0.003712651 -0.000133759 0.999999988 0.000078268 -0.008201132 -0.001533853 -0.000078474 0.999998821 0.005420657
0.999998819 0.000179032 0.001526199 -0.008376754 -0.000179150 0.999999981 0.000077249 -0.007743000 -0.001526186 -0.000077522 0.999998832 0.005219554
0.999998673 0.000213665 0.001615346 -0.011718446 -0.000213769 0.999999975 0.000064014 -0.007462495 -0.001615332 -0.000064359 0.999998693 0.005208573
0.999998678 0.000256158 0.001605658 -0.015863535 -0.000256256 0.999999965 0.000061001 -0.007101391 -0.001605642 -0.000061412 0.999998709 0.005216259
0.999998669 0.000208544 0.001618229 -0.019519842 -0.000208595 0.999999978 0.000031011 -0.006768611 -0.001618223 -0.000031349 0.999998690 0.005161706
0.999998512 0.000287484 0.001700817 -0.023845068 -0.000287596 0.999999956 0.000065755 -0.006365558 -0.001700798 -0.000066244 0.999998551 0.004690191
0.999998429 0.000291152 0.001748734 -0.026719114 -0.000291215 0.999999957 0.000035641 -0.006932973 -0.001748723 -0.000036150 0.999998470 0.004436058
0.999998410 0.000256364 0.001764473 -0.029221104 -0.000256433 0.999999966 0.000038633 -0.007523350 -0.001764463 -0.000039085 0.999998443 0.004083661
0.999998254 0.000322640 0.001840867 -0.032157802 -0.000322691 0.999999948 0.000027402 -0.007162865 -0.001840858 -0.000027996 0.999998305 0.003545068
0.999998330 0.000299480 0.001802792 -0.034667848 -0.000299579 0.999999954 0.000054509 -0.007265517 -0.001802776 -0.000055049 0.999998373 0.002960212
0.999998182 0.000301595 0.001882638 -0.037718202 -0.000301615 0.999999954 0.000010323 -0.007165809 -0.001882635 -0.000010891 0.999998228 0.002329403
0.999998059 0.000309506 0.001945633 -0.041374302 -0.000309519 0.999999952 0.000006171 -0.006802272 -0.001945631 -0.000006773 0.999998107 0.001479647
0.999998007 0.000379760 0.001960250 -0.048211786 -0.000379871 0.999999926 0.000056080 -0.006410036 -0.001960228 -0.000056824 0.999998077 0.000373411
0.999997954 0.000374450 0.001988057 -0.054011432 -0.000374450 0.999999930 0.000000020 -0.006248929 -0.001988057 -0.000000764 0.999998024 -0.000361337
0.999998046 0.000479980 0.001917787 -0.062982053 -0.000479897 0.999999884 -0.000043905 -0.005288185 -0.001917808 0.000042985 0.999998160 -0.001818238
0.999997900 0.000474189 0.001993807 -0.067926054 -0.000474211 0.999999888 0.000010925 -0.005404840 -0.001993802 -0.000011870 0.999998012 -0.002706286
0.999997713 0.000528310 0.002072224 -0.071721324 -0.000528412 0.999999859 0.000048700 -0.006097303 -0.002072198 -0.000049795 0.999997852 -0.004016060
0.999997644 0.000493277 0.002113879 -0.075494754 -0.000493332 0.999999878 0.000025633 -0.006778768 -0.002113866 -0.000026676 0.999997765 -0.004787816
0.999997478 0.000526926 0.002182999 -0.079324297 -0.000526920 0.999999861 -0.000003553 -0.007632186 -0.002183001 0.000002403 0.999997617 -0.005852474
0.999997360 0.000529272 0.002236056 -0.082997810 -0.000529348 0.999999859 0.000033323 -0.008171265 -0.002236038 -0.000034507 0.999997499 -0.006444467
0.999997334 0.000489293 0.002256663 -0.086158669 -0.000489289 0.999999880 -0.000002691 -0.008564487 -0.002256664 0.000001587 0.999997454 -0.007324946
0.999997190 0.000548898 0.002306039 -0.088472873 -0.000548875 0.999999849 -0.000010853 -0.008632937 -0.002306044 0.000009587 0.999997341 -0.007909045
0.999997293 0.000512653 0.002269825 -0.088945890 -0.000512651 0.999999869 -0.000001740 -0.010452816 -0.002269826 0.000000577 0.999997424 -0.008511408
0.999997165 0.000488646 0.002330619 -0.089199498 -0.000488664 0.999999881 0.000007141 -0.012656217 -0.002330615 -0.000008279 0.999997284 -0.009341500
0.999996999 0.000434652 0.002411183 -0.089297522 -0.000434699 0.999999905 0.000019001 -0.013932013 -0.002411174 -0.000020049 0.999997093 -0.009859395
0.999997045 0.000344941 0.002406400 -0.084082040 -0.000344851 0.999999940 -0.000037914 -0.013929340 -0.002406413 0.000037084 0.999997104 -0.010710310
0.999997045 0.000270440 0.002415866 -0.080151638 -0.000270368 0.999999963 -0.000029875 -0.014021673 -0.002415874 0.000029221 0.999997081 -0.010906655
0.999996999 0.000168029 0.002444079 -0.073388774 -0.000167942 0.999999985 -0.000035855 -0.014063896 -0.002444085 0.000035444 0.999997013 -0.011042935
0.999996879 0.000031302 0.002498079 -0.067575549 -0.000031262 0.999999999 -0.000015865 -0.015299024 -0.002498080 0.000015787 0.999996880 -0.010772311
0.999997102 -0.000069234 0.002406429 -0.058693292 0.000069265 0.999999998 -0.000012574 -0.017180299 -0.002406428 0.000012741 0.999997104 -0.010189761
0.999996789 -0.000129335 0.002530840 -0.053604291 0.000129416 0.999999991 -0.000031808 -0.018006746 -0.002530836 0.000032136 0.999996797 -0.009934585
0.999996545 -0.000197775 0.002621235 -0.048607141 0.000197891 0.999999979 -0.000043958 -0.018540545 -0.002621227 0.000044476 0.999996564 -0.009967686
0.999996737 -0.000204140 0.002546310 -0.046692885 0.000204188 0.999999979 -0.000018782 -0.019126201 -0.002546306 0.000019302 0.999996758 -0.010082416
0.999996638 -0.000203916 0.002585100 -0.045247852 0.000204167 0.999999974 -0.000096871 -0.019808722 -0.002585080 0.000097398 0.999996654 -0.010409145
0.999996409 -0.000220218 0.002671017 -0.043584243 0.000220349 0.999999975 -0.000049052 -0.020238152 -0.002671007 0.000049641 0.999996432 -0.010801118
0.999996124 -0.000253256 0.002772732 -0.041980225 0.000253341 0.999999967 -0.000030256 -0.020699425 -0.002772725 0.000030958 0.999996156 -0.010987793
0.999996106 -0.000258630 0.002778781 -0.039768622 0.000258601 0.999999967 0.000010735 -0.021133754 -0.002778784 -0.000010016 0.999996139 -0.011200836
0.999996098 -0.000257713 0.002781710 -0.038531099 0.000257776 0.999999967 -0.000022272 -0.021671754 -0.002781705 0.000022989 0.999996131 -0.011361899
0.999995891 -0.000252366 0.002855711 -0.036503847 0.000252400 0.999999968 -0.000011444 -0.022114837 -0.002855708 0.000012165 0.999995922 -0.011557486
0.999995793 -0.000298755 0.002885256 -0.034791452 0.000298904 0.999999954 -0.000051473 -0.022379339 -0.002885241 0.000052335 0.999995836 -0.011777564
0.999995483 -0.000282126 0.002992416 -0.030430581 0.000282111 0.999999960 0.000005272 -0.022037189 -0.002992417 -0.000004428 0.999995523 -0.011808935
0.999995521 -0.000328201 0.002975001 -0.026979931 0.000328309 0.999999945 -0.000035651 -0.021840005 -0.002974989 0.000036628 0.999995574 -0.011105673
0.999995409 -0.000418484 0.003001277 -0.023798392 0.000418647 0.999999911 -0.000053636 -0.021775665 -0.003001254 0.000054893 0.999995495 -0.010947276
0.999995312 -0.000333593 0.003043909 -0.021735854 0.000333694 0.999999944 -0.000032802 -0.021542331 -0.003043898 0.000033817 0.999995367 -0.011114756
0.999995035 -0.000387670 0.003127402 -0.019557035 0.000387831 0.999999923 -0.000050945 -0.020995237 -0.003127382 0.000052158 0.999995108 -0.011311123
0.999994888 -0.000399921 0.003172317 -0.016728254 0.000400025 0.999999919 -0.000032036 -0.019453205 -0.003172304 0.000033305 0.999994968 -0.011541451
0.999994710 -0.000421532 0.003225125 -0.014662779 0.000421622 0.999999911 -0.000027137 -0.018501656 -0.003225113 0.000028496 0.999994799 -0.011660286
0.999994627 -0.000473482 0.003243747 -0.013041939 0.000473547 0.999999888 -0.000019136 -0.017130363 -0.003243738 0.000020672 0.999994739 -0.011967294
0.999994429 -0.000423699 0.003310988 -0.012969824 0.000423861 0.999999909 -0.000048327 -0.016235596 -0.003310968 0.000049730 0.999994517 -0.012354416
0.999994274 -0.000410089 0.003359078 -0.011775644 0.000410207 0.999999915 -0.000034446 -0.015522391 -0.003359064 0.000035823 0.999994358 -0.012380244
0.999993977 -0.000440240 0.003442813 -0.012144027 0.000440320 0.999999903 -0.000022608 -0.014853063 -0.003442803 0.000024124 0.999994073 -0.012340663
0.999993958 -0.000360911 0.003457365 -0.014344403 0.000361016 0.999999934 -0.000029705 -0.013707604 -0.003457354 0.000030953 0.999994023 -0.012061748
0.999993843 -0.000326852 0.003493729 -0.016343431 0.000326731 0.999999946 0.000035186 -0.012353999 -0.003493741 -0.000034044 0.999993896 -0.012050379
0.999993475 -0.000314918 0.003598652 -0.017262074 0.000314913 0.999999950 0.000001943 -0.010314746 -0.003598653 -0.000000809 0.999993525 -0.012258560
0.999993380 -0.000317304 0.003624700 -0.016520427 0.000317158 0.999999949 0.000040887 -0.008622270 -0.003624713 -0.000039737 0.999993430 -0.012071010
0.999993639 -0.000338668 0.003550608 -0.015964142 0.000338524 0.999999942 0.000041069 -0.007129084 -0.003550621 -0.000039867 0.999993696 -0.011877868
0.999993203 -0.000359536 0.003669371 -0.015163961 0.000359360 0.999999934 0.000048822 -0.005338200 -0.003669388 -0.000047503 0.999993267 -0.011712835
0.999993310 -0.000357154 0.003640447 -0.013468210 0.000356924 0.999999934 0.000063884 -0.004422583 -0.003640469 -0.000062585 0.999993372 -0.011266854
0.999993165 -0.000433664 0.003671813 -0.010669222 0.000433510 0.999999905 0.000042877 -0.003646368 -0.003671832 -0.000041285 0.999993258 -0.010492253
0.999992937 -0.000454711 0.003730723 -0.007945622 0.000454364 0.999999892 0.000093764 -0.003404240 -0.003730765 -0.000092068 0.999993036 -0.009263015
0.999992660 -0.000479065 0.003801381 -0.003497241 0.000478887 0.999999884 0.000047627 -0.003899551 -0.003801404 -0.000045807 0.999992774 -0.007836226
0.999992395 -0.000520333 0.003865116 0.000017618 0.000519995 0.999999861 0.000088520 -0.004389290 -0.003865162 -0.000086510 0.999992526 -0.006956492
0.999991759 -0.000598625 0.004015323 0.003110543 0.000598440 0.999999820 0.000047253 -0.004226232 -0.004015351 -0.000044850 0.999991937 -0.006496281
0.999991779 -0.000597615 0.004010499 0.002837914 0.000597134 0.999999814 0.000121263 -0.003524637 -0.004010571 -0.000118867 0.999991951 -0.006259274
0.999991858 -0.000571629 0.003994563 0.002323407 0.000571401 0.999999835 0.000058277 -0.002879819 -0.003994595 -0.000055994 0.999992020 -0.005760575
0.999991904 -0.000560347 0.003984801 0.001981075 0.000559856 0.999999836 0.000124289 -0.001659370 -0.003984870 -0.000122057 0.999992053 -0.004977267
0.999991721 -0.000557572 0.004030755 0.002864139 0.000557124 0.999999839 0.000112185 -0.000656032 -0.004030817 -0.000109939 0.999991870 -0.004143954
0.999991820 -0.000567308 0.004004717 0.004324476 0.000566843 0.999999832 0.000117251 0.000737833 -0.004004783 -0.000114980 0.999991974 -0.003020015
0.999991985 -0.000585275 0.003960717 0.006351067 0.000584648 0.999999816 0.000159362 0.001296826 -0.003960810 -0.000157045 0.999992144 -0.001879680
0.999991257 -0.000620859 0.004135284 0.007372807 0.000620248 0.999999797 0.000149007 0.001800321 -0.004135376 -0.000146441 0.999991439 -0.000915327
0.999991441 -0.000601739 0.004093424 0.007838732 0.000601199 0.999999810 0.000133084 0.002688458 -0.004093504 -0.000130622 0.999991613 -0.000211150
0.999991094 -0.000636650 0.004172117 0.009199416 0.000636071 0.999999788 0.000139939 0.002714441 -0.004172205 -0.000137284 0.999991287 0.000621532
0.999991420 -0.000643679 0.004092112 0.009910376 0.000643151 0.999999785 0.000130121 0.002110878 -0.004092195 -0.000127488 0.999991619 0.001500896
0.999991108 -0.000628434 0.004170101 0.011876051 0.000628002 0.999999797 0.000104937 0.000443649 -0.004170166 -0.000102317 0.999991300 0.002767754
0.999990983 -0.000633016 0.004199144 0.012645012 0.000632388 0.999999789 0.000150877 -0.001164530 -0.004199239 -0.000148220 0.999991172 0.003769036
0.999990549 -0.000663746 0.004296775 0.014282493 0.000663221 0.999999772 0.000123688 -0.001870715 -0.004296856 -0.000120837 0.999990761 0.004661283
0.999990062 -0.000749365 0.004394909 0.015499534 0.000749136 0.999999718 0.000053544 -0.003064604 -0.004394948 -0.000050251 0.999990341 0.005454480
0.999990349 -0.000637123 0.004346873 0.014937545 0.000636696 0.999999792 0.000099557 -0.004566090 -0.004346936 -0.000096789 0.999990547 0.005896855
0.999989809 -0.000697874 0.004460419 0.014268771 0.000697259 0.999999747 0.000139359 -0.006294146 -0.004460515 -0.000136247 0.999990043 0.006133094
0.999989553 -0.000626096 0.004527839 0.013553918 0.000625568 0.999999797 0.000118153 -0.007429707 -0.004527912 -0.000115320 0.999989742 0.006441897
0.999989477 -0.000602092 0.004548004 0.012375984 0.000601548 0.999999812 0.000121090 -0.008694593 -0.004548076 -0.000118353 0.999989650 0.006678186
0.999989315 -0.000666441 0.004574524 0.013051032 0.000665867 0.999999770 0.000127085 -0.009952375 -0.004574607 -0.000124037 0.999989529 0.007396577
0.999989306 -0.000642805 0.004579760 0.015113446 0.000642088 0.999999781 0.000158054 -0.011733987 -0.004579861 -0.000155112 0.999989500 0.008249376
0.999988980 -0.000700714 0.004642173 0.016897071 0.000700220 0.999999749 0.000107966 -0.012692841 -0.004642247 -0.000104714 0.999989219 0.008916154
0.999989092 -0.000712317 0.004616042 0.018757138 0.000711969 0.999999744 0.000077032 -0.013768479 -0.004616096 -0.000073745 0.999989343 0.009687337
0.999988591 -0.000657957 0.004731331 0.019645596 0.000657620 0.999999781 0.000072738 -0.014137860 -0.004731378 -0.000069625 0.999988805 0.010359713