1.000000000 0.000000000 0.000000000 0.000000000 -0.000000000 1.000000000 0.000000000 0.000000000 -0.000000000 0.000000000 1.000000000 0.000000000
0.999998963 0.001333252 0.000544360 -0.013031860 -0.001333076 0.999999059 -0.000324029 -0.030467426 -0.000544792 0.000323303 0.999999799 1.158536940
0.999991617 0.003924684 0.001167079 -0.026884031 -0.003924708 0.999992298 0.000018243 -0.060600246 -0.001166999 -0.000022823 0.999999319 2.430037586
0.999985306 0.005152584 0.001684691 -0.037857707 -0.005153505 0.999986573 0.000542609 -0.089235533 -0.001681872 -0.000551284 0.999998434 3.582980057
0.999977174 0.006408336 0.002141410 -0.049748075 -0.006410157 0.999979098 0.000844699 -0.118022913 -0.002135952 -0.000858406 0.999997350 4.844602292
0.999974424 0.006710801 0.002473263 -0.061740531 -0.006715009 0.999976014 0.001697143 -0.142788713 -0.002461815 -0.001713708 0.999995501 5.981542878
0.999975724 0.006349299 0.002870231 -0.070517582 -0.006358747 0.999974356 0.003294618 -0.164951731 -0.002849239 -0.003312789 0.999990454 7.119719477
0.999979351 0.005601386 0.003149993 -0.078928408 -0.005616932 0.999971983 0.004948159 -0.187291145 -0.003122188 -0.004965750 0.999982796 8.368046097
0.999983453 0.004631315 0.003412475 -0.089070839 -0.004649149 0.999975479 0.005237003 -0.210883384 -0.003388138 -0.005252781 0.999980464 9.494348567
0.999987252 0.003374950 0.003755675 -0.102146507 -0.003390296 0.999985900 0.004087241 -0.240181482 -0.003741828 -0.004099922 0.999984595 10.617692814
0.999983677 0.003981150 0.004098197 -0.122173193 -0.004007835 0.999970687 0.006523922 -0.281497776 -0.004072105 -0.006540241 0.999970321 11.863646375
0.999982006 0.003661722 0.004751708 -0.135280884 -0.003713005 0.999934473 0.010828820 -0.319834286 -0.004711745 -0.010846268 0.999930077 12.992489282
0.999984754 0.001479657 0.005319986 -0.141666299 -0.001536101 0.999942410 0.010621518 -0.356712701 -0.005303963 -0.010629528 0.999929438 14.110679175
0.999985300 -0.000495543 0.005399452 -0.143632889 0.000461981 0.999980578 0.006215307 -0.381863609 -0.005402427 -0.006212721 0.999966107 15.336512505
0.999980082 -0.003660999 0.005141256 -0.140950497 0.003639932 0.999984966 0.004100985 -0.398495500 -0.005156193 -0.004082189 0.999978374 16.458128411
0.999975930 -0.004474202 0.005302985 -0.141072363 0.004455003 0.999983500 0.003626766 -0.418794705 -0.005319124 -0.003603053 0.999979362 17.689917608
0.999976428 -0.003578542 0.005859861 -0.144401903 0.003548344 0.999980414 0.005155661 -0.437619453 -0.005878196 -0.005134746 0.999969540 18.809280575
0.999976132 -0.002029270 0.006604293 -0.148175734 0.001990657 0.999980919 0.005847958 -0.454587597 -0.006616034 -0.005834672 0.999961092 19.924747832
0.999971688 -0.001379257 0.007397390 -0.151986883 0.001344170 0.999987834 0.004746101 -0.476136932 -0.007403846 -0.004736023 0.999961376 21.147568623
0.999966883 -0.002159125 0.007846722 -0.152047446 0.002139933 0.999994701 0.002453464 -0.501998430 -0.007851978 -0.002436592 0.999966204 22.256227204
0.999961029 -0.003198060 0.008228732 -0.150976413 0.003194740 0.999994810 0.000416572 -0.540661252 -0.008230022 -0.000390267 0.999966057 23.364946377
0.999949959 -0.004968249 0.008683047 -0.148183833 0.004981694 0.999986425 -0.001527464 -0.585729261 -0.008675341 0.001570644 0.999961135 24.582210742
0.999941037 -0.005833608 0.009159216 -0.145741703 0.005849505 0.999981430 -0.001709839 -0.622534621 -0.009149071 0.001763315 0.999956592 25.685876236
0.999932629 -0.006157171 0.009840094 -0.145287016 0.006163658 0.999980807 -0.000629023 -0.663831167 -0.009836033 0.000689632 0.999951387 26.791554273
0.999921084 -0.006919078 0.010485819 -0.145150007 0.006922113 0.999976010 -0.000253134 -0.694578256 -0.010483816 0.000325698 0.999944990 28.001339240
0.999923846 -0.005707822 0.010941826 -0.144430431 0.005720309 0.999983023 -0.001110213 -0.707593998 -0.010935303 0.001172719 0.999939520 29.092791106
0.999926920 -0.005168874 0.010928739 -0.142596335 0.005239517 0.999965503 -0.006445249 -0.734097557 -0.010895048 0.006502039 0.999919507 30.287312883
0.999924718 -0.003883641 0.011639402 -0.143890745 0.004006790 0.999936047 -0.010575777 -0.765278901 -0.011597585 0.010621617 0.999876331 31.379520992
0.999920075 -0.002047354 0.012476084 -0.145742027 0.002156917 0.999959175 -0.008774784 -0.785277003 -0.012457610 0.008800992 0.999883668 32.475167751
0.999915664 -0.000091861 0.012986770 -0.146073718 0.000172325 0.999980797 -0.006194826 -0.805289140 -0.012985952 0.006196541 0.999896479 33.677324047
0.999916144 -0.001087619 0.012904346 -0.141836300 0.001176500 0.999975626 -0.006882112 -0.824193637 -0.012896546 0.006896717 0.999893051 34.756888224
0.999909894 -0.001767825 0.013307092 -0.137611581 0.001847634 0.999980367 -0.005987594 -0.844472421 -0.013296245 0.006011641 0.999893529 35.831927694
0.999908492 -0.000446219 0.013520669 -0.135619232 0.000484957 0.999995787 -0.002861984 -0.866526090 -0.013519335 0.002868279 0.999904496 37.010518296
0.999908122 -0.001216004 0.013500691 -0.131308811 0.001251288 0.999995823 -0.002605327 -0.888038497 -0.013497466 0.002621981 0.999905467 38.070939031
0.999912862 -0.001461034 0.013119964 -0.127154190 0.001508998 0.999992212 -0.003646691 -0.907605198 -0.013114534 0.003666171 0.999907280 39.125080970
0.999915759 -0.000822777 0.012953657 -0.121065021 0.000878408 0.999990414 -0.004289560 -0.923638971 -0.012950004 0.004300577 0.999906897 40.279428840
0.999914903 -0.001176689 0.012992414 -0.109725486 0.001207749 0.999996431 -0.002383003 -0.935601751 -0.012989563 0.002398492 0.999912755 41.329106191
0.999918843 0.000532073 0.012728874 -0.102812411 -0.000527579 0.999999797 -0.000356353 -0.954593593 -0.012729061 0.000349609 0.999918921 42.467936977
0.999923320 0.000460098 0.012375083 -0.094409227 -0.000443239 0.999998970 -0.001365083 -0.970289437 -0.012375698 0.001359494 0.999922494 43.494962767
0.999931606 -0.000453892 0.011686645 -0.085312868 0.000468925 0.999999066 -0.001283572 -0.988621609 -0.011686051 0.001288964 0.999930885 44.506455288
0.999932677 0.003378132 0.011100858 -0.080343601 -0.003373460 0.999994213 -0.000439489 -1.015655917 -0.011102279 0.000402012 0.999938287 45.608045605
0.999937818 0.003760743 0.010498385 -0.075707907 -0.003739221 0.999990869 -0.002068910 -1.037777207 -0.010506069 0.002029525 0.999942750 46.589268314
0.999928317 0.006919911 0.009771209 -0.073006141 -0.006895359 0.999972990 -0.002544194 -1.053508972 -0.009788551 0.002476636 0.999949024 47.558819504
0.999899509 0.010561483 0.009456577 -0.070020854 -0.010556817 0.999944128 -0.000543181 -1.079136591 -0.009461785 0.000443295 0.999955138 48.612299861
0.999883548 0.012550608 0.008681744 -0.066931719 -0.012567128 0.999919317 0.001850908 -1.101892678 -0.008657813 -0.001959797 0.999960600 49.552604992
0.999867526 0.014237569 0.007888147 -0.060183057 -0.014259400 0.999894635 0.002718227 -1.118345987 -0.007848615 -0.002830347 0.999965194 50.567382741
0.999850671 0.015616853 0.007399319 -0.056636615 -0.015631919 0.999875848 0.001982699 -1.137019934 -0.007367436 -0.002098069 0.999970659 51.471203693
0.999821479 0.017631415 0.006792895 -0.053674813 -0.017642179 0.999843197 0.001527937 -1.157492054 -0.006764891 -0.001647505 0.999975761 52.362228331
0.999839358 0.016859334 0.006084494 -0.049555185 -0.016881740 0.999850831 0.003650029 -1.170486545 -0.006022049 -0.003752159 0.999974828 53.319470075
0.999854609 0.016252488 0.005159121 -0.043015450 -0.016282927 0.999849935 0.005913927 -1.182339305 -0.005062231 -0.005997073 0.999969204 54.172376807
0.999860899 0.016020883 0.004638411 -0.038827470 -0.016051460 0.999849174 0.006631708 -1.195504117 -0.004531465 -0.006705239 0.999967252 54.999011651
0.999894977 0.014044234 0.003577047 -0.031840766 -0.014056928 0.999894899 0.003548693 -1.206672379 -0.003526832 -0.003598602 0.999987306 55.880931825
0.999914340 0.012785588 0.002800108 -0.030246557 -0.012789694 0.999917152 0.001453338 -1.219965872 -0.002781294 -0.001489026 0.999995024 56.658709355
0.999915198 0.012840306 0.002173206 -0.031357079 -0.012841625 0.999917366 0.000594315 -1.238048382 -0.002165395 -0.000622172 0.999997462 57.415845066
0.999911148 0.013206363 0.001813321 -0.031926151 -0.013209305 0.999911441 0.001620199 -1.254542630 -0.001791764 -0.001644008 0.999997043 58.226247288
0.999924122 0.012263275 0.001166932 -0.031511628 -0.012265810 0.999922373 0.002190473 -1.266311127 -0.001139979 -0.002204621 0.999996920 58.938882244
0.999930500 0.011758088 0.000861324 -0.029734989 -0.011761176 0.999924094 0.003671723 -1.280834007 -0.000818086 -0.003681598 0.999992888 59.696441924
0.999936610 0.011235959 0.000727904 -0.031065861 -0.011239117 0.999926760 0.004489629 -1.298823136 -0.000677405 -0.004497525 0.999989657 60.359845712
0.999933655 0.011514484 0.000321116 -0.032808583 -0.011515948 0.999921157 0.005006276 -1.317097294 -0.000263446 -0.005009642 0.999987417 60.999655026
0.999922823 0.012421516 0.000233535 -0.037469157 -0.012422618 0.999907557 0.005527745 -1.333635478 -0.000164851 -0.005530220 0.999984695 61.677005637
0.999924970 0.012249394 -0.000087705 -0.039580954 -0.012248733 0.999910103 0.005454687 -1.350391564 0.000154513 -0.005453204 0.999985119 62.269948780
0.999935311 0.011366937 -0.000407553 -0.042021513 -0.011364192 0.999916204 0.006199954 -1.364772950 0.000477993 -0.006194921 0.999980697 62.841556326
0.999950474 0.009942955 -0.000433723 -0.044811880 -0.009939528 0.999923996 0.007294361 -1.378434814 0.000506218 -0.007289688 0.999973302 63.447167110
0.999948224 0.010159914 -0.000570829 -0.049150951 -0.010155411 0.999921020 0.007404177 -1.391404889 0.000646010 -0.007397996 0.999972426 63.974661176
0.999943638 0.010598083 -0.000634165 -0.053643699 -0.010593264 0.999918164 0.007172800 -1.403979831 0.000710131 -0.007165677 0.999974074 64.483252882
0.999945798 0.010366577 -0.000966902 -0.055749032 -0.010359499 0.999921428 0.007058299 -1.413780874 0.001039996 -0.007047900 0.999974622 65.022146979
0.999949154 0.010015753 -0.001172100 -0.058143208 -0.010008146 0.999929915 0.006324786 -1.422711898 0.001235365 -0.006312734 0.999979311 65.490766177
0.999947216 0.010152174 -0.001580813 -0.062464789 -0.010143975 0.999935489 0.005110518 -1.435284942 0.001632594 -0.005094212 0.999985692 65.981805497
0.999948640 0.009978799 -0.001771991 -0.065162941 -0.009970681 0.999940020 0.004532395 -1.441599592 0.001817112 -0.004514494 0.999988159 66.407513452
0.999946098 0.010173167 -0.002075722 -0.066699028 -0.010162513 0.999935456 0.005080035 -1.448137197 0.002127268 -0.005058666 0.999984942 66.812546816
0.999944912 0.010272691 -0.002155176 -0.070403964 -0.010262439 0.999936221 0.004715479 -1.455457561 0.002203480 -0.004693102 0.999986560 67.234884421
0.999933263 0.011289513 -0.002452940 -0.075427639 -0.011278707 0.999926821 0.004375283 -1.465097292 0.002502156 -0.004347325 0.999987420 67.597630349
0.999935469 0.011102327 -0.002407385 -0.079112262 -0.011091182 0.999927936 0.004594394 -1.473943486 0.002458220 -0.004567397 0.999986548 67.939692305
0.999931163 0.011427368 -0.002661491 -0.081436121 -0.011413868 0.999922191 0.005033367 -1.477179146 0.002718802 -0.005002643 0.999983791 68.293465416
0.999933682 0.011177004 -0.002775918 -0.083669832 -0.011162390 0.999924045 0.005225423 -1.483959099 0.002834112 -0.005194090 0.999982494 68.590392969
0.999927000 0.011767929 -0.002740523 -0.086024694 -0.011751797 0.999913949 0.005830074 -1.490084585 0.002808895 -0.005797442 0.999979250 68.866782722
0.999927033 0.011741156 -0.002841420 -0.088079461 -0.011724005 0.999913394 0.005979281 -1.494117261 0.002911378 -0.005945532 0.999978087 69.144626202
0.999928932 0.011475871 -0.003230354 -0.089696132 -0.011457776 0.999918870 0.005565239 -1.493827198 0.003293958 -0.005527831 0.999979296 69.375530544
0.999932152 0.011227482 -0.003104143 -0.090957273 -0.011208947 0.999919620 0.005925549 -1.491045649 0.003170423 -0.005890353 0.999977626 69.606458448
0.999935667 0.010916219 -0.003081973 -0.093559567 -0.010896967 0.999921430 0.006195950 -1.498585892 0.003149367 -0.006161967 0.999976056 69.792813392
0.999940477 0.010462533 -0.003094927 -0.096367771 -0.010442546 0.999924961 0.006405098 -1.511315080 0.003161708 -0.006372398 0.999974698 69.957920677
0.999939841 0.010557347 -0.002975907 -0.100641997 -0.010536940 0.999921420 0.006791604 -1.525026437 0.003047374 -0.006759839 0.999972509 70.119988534
0.999931397 0.011267110 -0.003202146 -0.106063584 -0.011244646 0.999912633 0.006948639 -1.542882162 0.003280157 -0.006912155 0.999970731 70.246882780
0.999929215 0.011437353 -0.003278905 -0.108708691 -0.011414215 0.999910421 0.006990407 -1.555331596 0.003358563 -0.006952486 0.999970191 70.358164606
0.999933563 0.011021515 -0.003375788 -0.109619906 -0.010998596 0.999916838 0.006734139 -1.568530954 0.003449728 -0.006696563 0.999971627 70.461511799
0.999936765 0.010667865 -0.003558600 -0.110681416 -0.010645992 0.999924665 0.006109655 -1.577965352 0.003623508 -0.006071384 0.999975004 70.539333420
0.999935084 0.010854501 -0.003465063 -0.113506884 -0.010834539 0.999924896 0.005728441 -1.588766634 0.003526982 -0.005690526 0.999977589 70.605329397
0.999932204 0.011109535 -0.003487888 -0.116773333 -0.011090489 0.999923738 0.005433072 -1.604047555 0.003547981 -0.005394022 0.999979158 70.662226945
0.999929883 0.011277655 -0.003611491 -0.119863570 -0.011258585 0.999922796 0.005257904 -1.619070496 0.003670509 -0.005216875 0.999979656 70.700745615
0.999929474 0.011327727 -0.003567793 -0.122680810 -0.011308790 0.999922094 0.005283738 -1.634830815 0.003627368 -0.005243017 0.999979676 70.729399050
0.999929810 0.011270142 -0.003654858 -0.125037959 -0.011251239 0.999923431 0.005151933 -1.647542977 0.003712641 -0.005110450 0.999980050 70.744625911
0.999930495 0.011191843 -0.003707778 -0.127001823 -0.011173071 0.999924850 0.005045475 -1.663438821 0.003763968 -0.005003697 0.999980398 70.747348492
0.999930885 0.011142311 -0.003751501 -0.128391551 -0.011123728 0.999925934 0.004938543 -1.673878811 0.003806250 -0.004896471 0.999980768 70.739536753
0.999929448 0.011247166 -0.003820951 -0.129485881 -0.011233705 0.999930682 0.003526200 -1.683599992 0.003860346 -0.003483027 0.999986483 70.729420638
0.999929137 0.011266958 -0.003844163 -0.130263862 -0.011261708 0.999935626 0.001384699 -1.685872864 0.003859517 -0.001341309 0.999991652 70.726410694
0.999930014 0.011234237 -0.003709309 -0.131372666 -0.011231945 0.999936716 0.000638097 -1.687783482 0.003716243 -0.000596389 0.999992917 70.723749605
0.999929302 0.011224520 -0.003924456 -0.131238892 -0.011220660 0.999936542 0.001004241 -1.683835146 0.003935479 -0.000960135 0.999991795 70.722711596
0.999928998 0.011215644 -0.004025889 -0.132269330 -0.011212357 0.999936788 0.000838078 -1.683741823 0.004035034 -0.000792879 0.999991545 70.721603737
0.999928615 0.011290414 -0.003910353 -0.134110189 -0.011286442 0.999935769 0.001036543 -1.685995311 0.003921804 -0.000992335 0.999991817 70.720666671
0.999928042 0.011301216 -0.004024152 -0.135232207 -0.011296052 0.999935348 0.001303520 -1.687776109 0.004038623 -0.001257969 0.999991053 70.718064975
0.999928540 0.011226735 -0.004108023 -0.137004830 -0.011223061 0.999936600 0.000916249 -1.693226269 0.004118049 -0.000870079 0.999991142 70.716102444
0.999928232 0.011264123 -0.004080434 -0.138638580 -0.011259791 0.999936020 0.001083064 -1.697918700 0.004092373 -0.001037041 0.999991088 70.715163126
0.999927398 0.011290358 -0.004210252 -0.139543151 -0.011285455 0.999935613 0.001186626 -1.700434029 0.004223378 -0.001139025 0.999990433 70.713905643
0.999927373 0.011275947 -0.004254633 -0.140388653 -0.011271957 0.999936008 0.000960559 -1.699823540 0.004265192 -0.000912531 0.999990488 70.712287180
0.999927713 0.011233402 -0.004287191 -0.141542128 -0.011228794 0.999936353 0.001097370 -1.699353170 0.004299245 -0.001049150 0.999990208 70.712268069
0.999927360 0.011264405 -0.004288112 -0.142532045 -0.011259809 0.999936007 0.001094394 -1.698887054 0.004300165 -0.001046032 0.999990207 70.714908795
0.999926594 0.011308992 -0.004348923 -0.142834586 -0.011304075 0.999935442 0.001153464 -1.697856246 0.004361687 -0.001104218 0.999989878 70.719122009
0.999926134 0.011283866 -0.004516710 -0.143149877 -0.011279166 0.999935821 0.001064704 -1.697617109 0.004528434 -0.001013680 0.999989233 70.721568828
0.999926352 0.011258757 -0.004531003 -0.142827601 -0.011253593 0.999935999 0.001163550 -1.694239710 0.004543813 -0.001112474 0.999989058 70.726103734
0.999925659 0.011267471 -0.004660472 -0.142941768 -0.011262105 0.999935889 0.001175993 -1.691985664 0.004673424 -0.001123419 0.999988448 70.729380576
0.999925734 0.011258523 -0.004666027 -0.143353338 -0.011253196 0.999936001 0.001166262 -1.689790973 0.004678859 -0.001113668 0.999988434 70.733784036
0.999924636 0.011323347 -0.004743762 -0.144277291 -0.011317755 0.999935227 0.001204135 -1.687796751 0.004757089 -0.001150356 0.999988023 70.737547524
0.999924126 0.011336758 -0.004818660 -0.144768923 -0.011331167 0.999935097 0.001185827 -1.687464708 0.004831790 -0.001131136 0.999987687 70.739093586
0.999924527 0.011286051 -0.004854414 -0.144662558 -0.011280747 0.999935745 0.001118548 -1.687516046 0.004866726 -0.001063702 0.999987592 70.740520594
0.999923886 0.011321163 -0.004904496 -0.145259410 -0.011315735 0.999935333 0.001133035 -1.687859960 0.004917006 -0.001077451 0.999987331 70.741444141
0.999923440 0.011335892 -0.004961038 -0.146942881 -0.011329962 0.999935067 0.001221947 -1.689857362 0.004974568 -0.001165645 0.999986947 70.744879374
0.999922752 0.011328831 -0.005113531 -0.147990049 -0.011322853 0.999935179 0.001196497 -1.690816021 0.005126754 -0.001138505 0.999986210 70.747110107
0.999922886 0.011306868 -0.005135795 -0.149912101 -0.011301183 0.999935496 0.001134539 -1.693690699 0.005148292 -0.001076411 0.999986168 70.749506529
0.999922154 0.011339708 -0.005205530 -0.151536745 -0.011333622 0.999935056 0.001197063 -1.695335004 0.005218766 -0.001137973 0.999985735 70.751237059
0.999921427 0.011368497 -0.005281679 -0.154509861 -0.011362141 0.999934690 0.001231875 -1.699106758 0.005295338 -0.001171767 0.999985293 70.755766013
0.999921797 0.011324383 -0.005306493 -0.156585108 -0.011318475 0.999935292 0.001142021 -1.701156498 0.005319083 -0.001081871 0.999985268 70.758426022
0.999921481 0.011334802 -0.005343694 -0.158349347 -0.011328340 0.999935066 0.001237983 -1.701681921 0.005357380 -0.001177351 0.999984956 70.761166968
0.999921511 0.011311508 -0.005387200 -0.160466259 -0.011305134 0.999935360 0.001212126 -1.705604286 0.005400562 -0.001151128 0.999984754 70.763850293
0.999921442 0.011339589 -0.005340757 -0.161427545 -0.011333249 0.999935038 0.001215807 -1.705563310 0.005354197 -0.001155184 0.999984999 70.766838993
0.999920355 0.011382922 -0.005450948 -0.163636605 -0.011376388 0.999934532 0.001228275 -1.708224063 0.005464573 -0.001166165 0.999984389 70.771158481
0.999920390 0.011394524 -0.005420213 -0.166558885 -0.011387849 0.999934362 0.001260781 -1.714807180 0.005434223 -0.001198956 0.999984516 70.773216440
0.999920586 0.011368236 -0.005439204 -0.170583205 -0.011362062 0.999934771 0.001164621 -1.723838070 0.005452088 -0.001102728 0.999984529 70.774231528
0.999919145 0.011454932 -0.005521512 -0.173375416 -0.011448652 0.999933780 0.001167667 -1.730286071 0.005534522 -0.001104359 0.999984075 70.774862358
0.999919693 0.011372884 -0.005591489 -0.176658583 -0.011366107 0.999934632 0.001242283 -1.736944808 0.005605252 -0.001178630 0.999983596 70.775187846
0.999918973 0.011424904 -0.005614212 -0.179502617 -0.011418450 0.999934111 0.001180307 -1.739541639 0.005627327 -0.001116106 0.999983544 70.779039844
0.999919111 0.011377929 -0.005684534 -0.182371105 -0.011370925 0.999934551 0.001262931 -1.741065668 0.005698532 -0.001198190 0.999983045 70.784865840
0.999918071 0.011424417 -0.005773515 -0.183877990 -0.011417566 0.999934075 0.001218272 -1.739854108 0.005787052 -0.001152253 0.999982591 70.788806360
0.999918681 0.011369241 -0.005776791 -0.185181678 -0.011361787 0.999934579 0.001321594 -1.740272597 0.005791439 -0.001255852 0.999982441 70.791512774
0.999917717 0.011425688 -0.005832031 -0.186213186 -0.011418706 0.999934049 0.001229194 -1.738851065 0.005845691 -0.001162499 0.999982238 70.796266396
0.999918176 0.011372735 -0.005856804 -0.188002712 -0.011365292 0.999934565 0.001302546 -1.738654925 0.005871235 -0.001235875 0.999982000 70.800133683
0.999917422 0.011404012 -0.005924333 -0.189872946 -0.011396568 0.999934226 0.001288868 -1.736680034 0.005938641 -0.001221245 0.999981620 70.806360347
0.999917452 0.011409359 -0.005908888 -0.191132262 -0.011401410 0.999934053 0.001377207 -1.735319183 0.005924211 -0.001309724 0.999981594 70.810757464
0.999917570 0.011368133 -0.005968145 -0.192295176 -0.011360453 0.999934598 0.001319104 -1.734964838 0.005982750 -0.001251194 0.999981320 70.814919078
0.999917331 0.011380032 -0.005985504 -0.193574177 -0.011371899 0.999934370 0.001391049 -1.735902687 0.006000941 -0.001322868 0.999981119 70.817774143
0.999916811 0.011413972 -0.006007658 -0.195744600 -0.011406220 0.999934072 0.001323047 -1.737988397 0.006022363 -0.001254413 0.999981079 70.822613521
0.999916921 0.011397806 -0.006019980 -0.197126965 -0.011389575 0.999934157 0.001399764 -1.738869573 0.006035538 -0.001331083 0.999980900 70.826681012
0.999916811 0.011363634 -0.006102425 -0.199098905 -0.011355182 0.999934523 0.001417904 -1.739553118 0.006118138 -0.001348492 0.999980375 70.831289803
0.999916292 0.011423956 -0.006074667 -0.200411064 -0.011415631 0.999933855 0.001403473 -1.739250507 0.006090299 -0.001334009 0.999980564 70.835030693
0.999916623 0.011382214 -0.006098483 -0.200901984 -0.011374038 0.999934370 0.001373643 -1.737514906 0.006113718 -0.001304164 0.999980461 70.840894998
0.999915819 0.011390268 -0.006214193 -0.201251719 -0.011381394 0.999934162 0.001461500 -1.734818531 0.006230431 -0.001390651 0.999979624 70.848901333
0.999916119 0.011332904 -0.006270653 -0.201241137 -0.011323568 0.999934727 0.001522414 -1.732650525 0.006287497 -0.001451280 0.999979180 70.854842139
0.999916010 0.011336032 -0.006282361 -0.201404800 -0.011326770 0.999934713 0.001507977 -1.731462784 0.006299045 -0.001436691 0.999979129 70.860793845
0.999915759 0.011353424 -0.006290879 -0.201624744 -0.011343977 0.999934476 0.001535424 -1.729837002 0.006307899 -0.001463932 0.999979033 70.865495085
0.999915510 0.011329031 -0.006373794 -0.202506161 -0.011319544 0.999934773 0.001522544 -1.728458764 0.006390627 -0.001450267 0.999978528 70.872449358
0.999914776 0.011362110 -0.006429907 -0.202898941 -0.011351801 0.999934226 0.001637458 -1.728435627 0.006448089 -0.001564328 0.999977987 70.876416453
0.999914366 0.011368502 -0.006482168 -0.202614102 -0.011358668 0.999934284 0.001551947 -1.729924667 0.006499386 -0.001478186 0.999977786 70.879766758
0.999914671 0.011343730 -0.006478464 -0.202591566 -0.011333655 0.999934508 0.001589824 -1.731420531 0.006496074 -0.001516264 0.999977751 70.881069956
0.999914658 0.011360803 -0.006450465 -0.201756481 -0.011351052 0.999934379 0.001546368 -1.733576910 0.006467610 -0.001473017 0.999978000 70.883333113
0.999914658 0.011325279 -0.006512598 -0.200288778 -0.011315277 0.999934747 0.001570507 -1.734551415 0.006529960 -0.001496682 0.999977560 70.886310657
0.999913548 0.011357321 -0.006626353 -0.199019305 -0.011347398 0.999934441 0.001533100 -1.732324525 0.006643330 -0.001457775 0.999976870 70.888514885
0.999913908 0.011345051 -0.006592850 -0.196983689 -0.011334837 0.999934503 0.001584504 -1.720350290 0.006610395 -0.001509639 0.999977012 70.890451552
0.999914105 0.011267997 -0.006694423 -0.195348962 -0.011257749 0.999935402 0.001566575 -1.709088696 0.006711643 -0.001491077 0.999976365 70.891636275
0.999913758 0.011316058 -0.006665051 -0.193063071 -0.011306126 0.999934919 0.001526038 -1.707090789 0.006681886 -0.001450550 0.999976624 70.892755499
0.999912906 0.011383841 -0.006677405 -0.127656220 -0.011373466 0.999934056 0.001589694 -1.697575400 0.006695062 -0.001513610 0.999976442 70.921057795
0.999913728 0.011333324 -0.006640251 -0.053731186 -0.011323609 0.999934763 0.001498761 -1.687945071 0.006656804 -0.001423440 0.999976830 70.952210535
0.999913400 0.011362765 -0.006639251 -0.007640884 -0.011352680 0.999934348 0.001554765 -1.681651646 0.006656482 -0.001479257 0.999976751 70.972173088
0.999913118 0.011338882 -0.006722047 0.043826705 -0.011329152 0.999934722 0.001483807 -1.674791427 0.006738433 -0.001407523 0.999976306 70.993812342
0.999913119 0.011352601 -0.006698734 0.076072545 -0.011342744 0.999934532 0.001507670 -1.669553991 0.006715412 -0.001431557 0.999976427 71.007560307
0.999912893 0.011335750 -0.006760671 0.112042938 -0.011325905 0.999934746 0.001492740 -1.664558482 0.006777151 -0.001416040 0.999976032 71.022188180
0.999912106 0.011383410 -0.006796872 0.134391565 -0.011373584 0.999934220 0.001482501 -1.661096497 0.006813301 -0.001405066 0.999975802 71.031572528
0.999911611 0.011357004 -0.006912966 0.159068667 -0.011346843 0.999934486 0.001507320 -1.656892470 0.006929632 -0.001428747 0.999974969 71.041889705
0.999910779 0.011409915 -0.006946112 0.174813135 -0.011400338 0.999934010 0.001416827 -1.654475182 0.006961820 -0.001337512 0.999974872 71.047906761
0.999910980 0.011392919 -0.006945089 0.188495942 -0.011383322 0.999934200 0.001419789 -1.652249231 0.006960807 -0.001340604 0.999974875 71.052934163
0.999910368 0.011408687 -0.007006926 0.203546165 -0.011399415 0.999934097 0.001361784 -1.649512375 0.007022001 -0.001281787 0.999974524 71.058105224
0.999910624 0.011392983 -0.006996021 0.213088032 -0.011383300 0.999934197 0.001422325 -1.647904672 0.007011765 -0.001342560 0.999974516 71.061377530
0.999910132 0.011406856 -0.007043553 0.223167339 -0.011397192 0.999934055 0.001410667 -1.645540033 0.007059180 -0.001330263 0.999974199 71.063876890
0.999909507 0.011447270 -0.007066625 0.229782465 -0.011437625 0.999933603 0.001403783 -1.644720090 0.007082226 -0.001322831 0.999974046 71.065802723
0.999909298 0.011415546 -0.007147039 0.236791574 -0.011406095 0.999934021 0.001361748 -1.644420824 0.007162113 -0.001280105 0.999973532 71.066452844
0.999909295 0.011396392 -0.007177994 0.241219649 -0.011386724 0.999934208 0.001386329 -1.643270759 0.007193321 -0.001304469 0.999973277 71.067212010
0.999909359 0.011419103 -0.007132878 0.246299292 -0.011409797 0.999934003 0.001344020 -1.642490344 0.007147754 -0.001262513 0.999973657 71.067952220
0.999909186 0.011409953 -0.007171644 0.249700517 -0.011400548 0.999934099 0.001350961 -1.642577195 0.007186586 -0.001269078 0.999973371 71.068894474
0.999909102 0.011432909 -0.007146823 0.253449660 -0.011423157 0.999933768 0.001403780 -1.642210339 0.007162399 -0.001322013 0.999973476 71.069223471
0.999908408 0.011461356 -0.007198080 0.255721487 -0.011452032 0.999933532 0.001335228 -1.641669662 0.007212905 -0.001252673 0.999973202 71.069496530
0.999908601 0.011430530 -0.007220246 0.257597678 -0.011420582 0.999933778 0.001417450 -1.641132888 0.007235970 -0.001334861 0.999972929 71.069491179
0.999907946 0.011457665 -0.007267810 0.259294437 -0.011448345 0.999933591 0.001322683 -1.640839450 0.007282483 -0.001239356 0.999972714 71.069071186
0.999907725 0.011465954 -0.007285125 0.260585201 -0.011456665 0.999933505 0.001315530 -1.640110861 0.007299724 -0.001231946 0.999972598 71.068967579
0.999907800 0.011435259 -0.007322986 0.262028708 -0.011426306 0.999933920 0.001263366 -1.639037810 0.007336949 -0.001179574 0.999972389 71.069072585
0.999908728 0.011411931 -0.007232142 0.263045917 -0.011402659 0.999934114 0.001321933 -1.637929509 0.007246751 -0.001239347 0.999972974 71.069332083
0.999907390 0.011458999 -0.007341847 0.263983109 -0.011449730 0.999933600 0.001303340 -1.637464435 0.007356294 -0.001219157 0.999972199 71.068811334
0.999906728 0.011469864 -0.007414731 0.264582781 -0.011460189 0.999933424 0.001346012 -1.636905550 0.007429676 -0.001260912 0.999971605 71.068602262
0.999907533 0.011440514 -0.007351179 0.265407629 -0.011430964 0.999933767 0.001339860 -1.636097951 0.007366020 -0.001255705 0.999972082 71.068439321
0.999906779 0.011448528 -0.007440678 0.265788428 -0.011439534 0.999933785 0.001250196 -1.636195725 0.007454499 -0.001164961 0.999971536 71.068015433
0.999906388 0.011435534 -0.007512891 0.265912940 -0.011426006 0.999933863 0.001309869 -1.636472755 0.007527373 -0.001223904 0.999970920 71.067022085
0.999905917 0.011478952 -0.007509365 0.265938149 -0.011469854 0.999933433 0.001253600 -1.636472296 0.007523255 -0.001167350 0.999971019 71.066097015
0.999906125 0.011470059 -0.007495260 0.265948860 -0.011460651 0.999933483 0.001296957 -1.636447297 0.007509637 -0.001210934 0.999971069 71.065560319
0.999906003 0.011465266 -0.007518806 0.265862197 -0.011456054 0.999933574 0.001267094 -1.636734272 0.007532834 -0.001180839 0.999970931 71.065036300
0.999905532 0.011501245 -0.007526528 0.265765667 -0.011492173 0.999933185 0.001247433 -1.636712157 0.007540372 -0.001160819 0.999970897 71.064768836
0.999906432 0.011414528 -0.007538995 0.265937217 -0.011405412 0.999934173 0.001251106 -1.636375031 0.007552780 -0.001165004 0.999970799 71.064620147
0.999906208 0.011480862 -0.007467650 0.266029580 -0.011472015 0.999933442 0.001226490 -1.636060974 0.007481234 -0.001140706 0.999971365 71.064414208
0.999907156 0.011390503 -0.007479056 0.266037630 -0.011381298 0.999934422 0.001272164 -1.635998215 0.007493056 -0.001186925 0.999971222 71.064439374
0.999906760 0.011414586 -0.007495252 0.265992737 -0.011405567 0.999934179 0.001244923 -1.635639726 0.007508969 -0.001159319 0.999971135 71.064916227
0.999906742 0.011415047 -0.007496908 0.265682616 -0.011405672 0.999934118 0.001292063 -1.635047887 0.007511163 -0.001206435 0.999971063 71.065548602
0.999906527 0.011412415 -0.007529576 0.265775926 -0.011403245 0.999934187 0.001259649 -1.635631935 0.007543456 -0.001173670 0.999970859 71.065096397
0.999906455 0.011391193 -0.007571123 0.265154282 -0.011382027 0.999934438 0.001252719 -1.634697243 0.007584897 -0.001166427 0.999970554 71.064787725
0.999905651 0.011430858 -0.007617365 0.264784758 -0.011421866 0.999934020 0.001222960 -1.635143967 0.007630841 -0.001135840 0.999970240 71.064995494
0.999905500 0.011432754 -0.007634392 0.264467254 -0.011423284 0.999933929 0.001282881 -1.634522391 0.007648555 -0.001195550 0.999970035 71.065206151
0.999905910 0.011404194 -0.007623407 0.264024404 -0.011395016 0.999934298 0.001246305 -1.636092054 0.007637119 -0.001159319 0.999970165 71.064427915
0.999905338 0.011459275 -0.007615721 0.263460679 -0.011449912 0.999933639 0.001271924 -1.637207213 0.007629791 -0.001184604 0.999970191 71.063793288
0.999905305 0.011428200 -0.007666577 0.263051979 -0.011418864 0.999934008 0.001260456 -1.639589736 0.007680476 -0.001172794 0.999969817 71.062481459
0.999905174 0.011427053 -0.007685446 0.263009601 -0.011418135 0.999934087 0.001203325 -1.641728237 0.007698690 -0.001115457 0.999969743 71.061111412
0.999904828 0.011403057 -0.007765674 0.262582015 -0.011393729 0.999934315 0.001244380 -1.642699930 0.007779354 -0.001155782 0.999969072 71.060541143
0.999905557 0.011408248 -0.007663504 0.262427836 -0.011399654 0.999934344 0.001164195 -1.643721813 0.007676282 -0.001076724 0.999969957 71.059823119
0.999905059 0.011384001 -0.007763915 0.262318611 -0.011374691 0.999934534 0.001242301 -1.644050050 0.007777550 -0.001153870 0.999969089 71.059316907
0.999904642 0.011394072 -0.007802672 0.262339882 -0.011385313 0.999934505 0.001166128 -1.644651282 0.007815448 -0.001077181 0.999968879 71.058705669
0.999904191 0.011432492 -0.007804349 0.262372453 -0.011423411 0.999934022 0.001207241 -1.644985439 0.007817636 -0.001117974 0.999968817 71.058002362
0.999904363 0.011392726 -0.007840278 0.262267632 -0.011384013 0.999934533 0.001154986 -1.644562510 0.007852924 -0.001065622 0.999968598 71.057914120
0.999903642 0.011413405 -0.007901906 0.262120561 -0.011404262 0.999934248 0.001201098 -1.643920454 0.007915095 -0.001110867 0.999968058 71.058164171
0.999903424 0.011407762 -0.007937665 0.261848418 -0.011398048 0.999934236 0.001267963 -1.643152596 0.007951608 -0.001177367 0.999967692 71.059068181
0.999903369 0.011385415 -0.007976573 0.261890952 -0.011375767 0.999934508 0.001253893 -1.643372689 0.007990327 -0.001163033 0.999967400 71.059078392
0.999901913 0.011411024 -0.008121184 0.261912697 -0.011401476 0.999934256 0.001221033 -1.644243767 0.008134584 -0.001128320 0.999966277 71.059060987
0.999902172 0.011399738 -0.008105039 0.261901061 -0.011390174 0.999934379 0.001225241 -1.644093593 0.008118475 -0.001132804 0.999966403 71.058905742
0.999902223 0.011374535 -0.008134190 0.261769988 -0.011364761 0.999934642 0.001246732 -1.644023814 0.008147839 -0.001154167 0.999966140 71.058024290
0.999902132 0.011383345 -0.008132973 0.261764619 -0.011373712 0.999934561 0.001229646 -1.644442920 0.008146438 -0.001137023 0.999966171 71.057626285
0.999902126 0.011354143 -0.008174430 0.261635638 -0.011344495 0.999934898 0.001225720 -1.645153195 0.008187814 -0.001132865 0.999965838 71.057265430
0.999902030 0.011361712 -0.008175711 0.261636164 -0.011352447 0.999934864 0.001178721 -1.645499880 0.008188571 -0.001085791 0.999965884 71.056871930
0.999900643 0.011411543 -0.008275360 0.261575464 -0.011402321 0.999934318 0.001160629 -1.645660451 0.008288061 -0.001066155 0.999965085 71.056118677
0.999900319 0.011419747 -0.008303078 0.261321592 -0.011409952 0.999934153 0.001226085 -1.646052390 0.008316533 -0.001131225 0.999964777 71.055453079
0.999901074 0.011364300 -0.008288199 0.261147364 -0.011354642 0.999934800 0.001211357 -1.646473605 0.008301425 -0.001117127 0.999964919 71.054794031
0.999901005 0.011359404 -0.008303260 0.261284568 -0.011349898 0.999934878 0.001191084 -1.647572610 0.008316249 -0.001096725 0.999964818 71.053618425
0.999900571 0.011387222 -0.008317427 0.261430263 -0.011378096 0.999934613 0.001143714 -1.648018219 0.008329907 -0.001048964 0.999964756 71.052471098
0.999900776 0.011342303 -0.008354064 0.261135545 -0.011332846 0.999935087 0.001178605 -1.649151602 0.008366890 -0.001083813 0.999964410 71.051307638
0.999900384 0.011374486 -0.008357254 0.260734467 -0.011365770 0.999934814 0.001089636 -1.649466218 0.008369103 -0.000994540 0.999964484 71.050179002
0.999898287 0.011420886 -0.008542781 0.259965723 -0.011411412 0.999934218 0.001156925 -1.649946548 0.008555433 -0.001059322 0.999962841 71.049763739
0.999898333 0.011379366 -0.008592706 0.259675994 -0.011370281 0.999934745 0.001105369 -1.650892858 0.008604723 -0.001007555 0.999962471 71.048696458
0.999897982 0.011383419 -0.008628037 0.259331280 -0.011374006 0.999934665 0.001139166 -1.651879296 0.008640440 -0.001040915 0.999962129 71.047541331
0.999897624 0.011382557 -0.008670569 0.259125813 -0.011373708 0.999934746 0.001069196 -1.652514818 0.008682174 -0.000970470 0.999961838 71.046654743
0.999897154 0.011394672 -0.008708837 0.259252556 -0.011385490 0.999934575 0.001103136 -1.654569205 0.008720837 -0.001003868 0.999961469 71.046047595
0.999897286 0.011386766 -0.008703956 0.259439176 -0.011377426 0.999934646 0.001121921 -1.656023818 0.008716162 -0.001022777 0.999961490 71.045401083
0.999897501 0.011361775 -0.008711875 0.259441955 -0.011352552 0.999934945 0.001107311 -1.657643253 0.008723889 -0.001008295 0.999961438 71.044489744
0.999898010 0.011321777 -0.008705528 0.259381140 -0.011312449 0.999935385 0.001120033 -1.658625022 0.008717647 -0.001021438 0.999961479 71.043871060
0.999897170 0.011364835 -0.008745893 0.259187057 -0.011356107 0.999934969 0.001046927 -1.658730069 0.008757222 -0.000947500 0.999961206 71.043499986
0.999897615 0.011336152 -0.008732234 0.258905023 -0.011326934 0.999935238 0.001104335 -1.659214287 0.008744187 -0.001005312 0.999961264 71.042744057
0.999896978 0.011346994 -0.008790818 0.258761989 -0.011338000 0.999935148 0.001072204 -1.660219516 0.008802415 -0.000972423 0.999960785 71.041902419
0.999896673 0.011368822 -0.008797316 0.258544030 -0.011359229 0.999934832 0.001139599 -1.660936610 0.008809698 -0.001039551 0.999960654 71.041325346
0.999897138 0.011322406 -0.008804333 0.258308458 -0.011313277 0.999935413 0.001085907 -1.660994752 0.008816059 -0.000986190 0.999960651 71.041257028
0.999897118 0.011335380 -0.008789963 0.257981579 -0.011326044 0.999935241 0.001111217 -1.660464267 0.008801990 -0.001011547 0.999960750 71.042073757
0.999896948 0.011324625 -0.008823088 0.257750043 -0.011315611 0.999935403 0.001070821 -1.659100872 0.008834645 -0.000970872 0.999960502 71.042922659
0.999896103 0.011371428 -0.008858572 0.257236815 -0.011361452 0.999934765 0.001175691 -1.657266899 0.008871364 -0.001074923 0.999960071 71.044100586
0.999895850 0.011367889 -0.008891599 0.256829554 -0.011358050 0.999934827 0.001156313 -1.656413383 0.008904165 -0.001055201 0.999959800 71.044465047
0.999895164 0.011357051 -0.008982164 0.256433338 -0.011346823 0.999934916 0.001188866 -1.655534822 0.008995081 -0.001086823 0.999958953 71.044973878
0.999895419 0.011355177 -0.008956077 0.255897604 -0.011344422 0.999934868 0.001250646 -1.654529929 0.008969695 -0.001148914 0.999959111 71.045952554
0.999895085 0.011387592 -0.008952234 0.255218745 -0.011377276 0.999934554 0.001202377 -1.654254801 0.008965341 -0.001100399 0.999959205 71.046691467
0.999895021 0.011364214 -0.008989003 0.254879971 -0.011353957 0.999934832 0.001191206 -1.653064577 0.009001954 -0.001089020 0.999958889 71.047630739
0.999894147 0.011418199 -0.009017729 0.254576906 -0.011407566 0.999934176 0.001229653 -1.652271086 0.009031175 -0.001126653 0.999958583 71.048255275
0.999894394 0.011404726 -0.009007357 0.254575891 -0.011393476 0.999934248 0.001299231 -1.651061289 0.009021582 -0.001196469 0.999958589 71.049323645
0.999893708 0.011415020 -0.009070247 0.254466527 -0.011403677 0.999934129 0.001301358 -1.650119931 0.009084505 -0.001197786 0.999958018 71.050104040
0.999893554 0.011417271 -0.009084411 0.254478309 -0.011405941 0.999934108 0.001298058 -1.648660266 0.009098633 -0.001194303 0.999957893 71.050961417
0.999893840 0.011363450 -0.009120394 0.254514540 -0.011352543 0.999934780 0.001246815 -1.648247853 0.009133967 -0.001143143 0.999957631 71.051326021
0.999893745 0.011377527 -0.009113255 0.254592828 -0.011366440 0.999934597 0.001267477 -1.647161172 0.009127080 -0.001163757 0.999957670 71.052056255
0.999892641 0.011430970 -0.009167299 0.254458431 -0.011419522 0.999933950 0.001300178 -1.647142974 0.009181556 -0.001195353 0.999957134 71.052823815
0.999893082 0.011364723 -0.009201538 0.254797212 -0.011353178 0.999934698 0.001305926 -1.646915428 0.009215779 -0.001201320 0.999956812 71.053700208
0.999892929 0.011377379 -0.009202508 0.254997212 -0.011365289 0.999934481 0.001365041 -1.645767372 0.009217435 -0.001260306 0.999956724 71.054417914
0.999892781 0.011336997 -0.009268149 0.255070984 -0.011325433 0.999935021 0.001299249 -1.646084588 0.009282277 -0.001194144 0.999956206 71.054914979
0.999892451 0.011357508 -0.009278642 0.255426049 -0.011345676 0.999934755 0.001326794 -1.646039662 0.009293105 -0.001221379 0.999956072 71.056121758
0.999892680 0.011318644 -0.009301438 0.255840322 -0.011307061 0.999935232 0.001296913 -1.645536988 0.009315515 -0.001191602 0.999955900 71.057052888
0.999892462 0.011343248 -0.009294882 0.256530894 -0.011331043 0.999934870 0.001364658 -1.645486925 0.009309756 -0.001259190 0.999955870 71.057929595
0.999892115 0.011320105 -0.009360253 0.256551280 -0.011308218 0.999935186 0.001321871 -1.644382990 0.009374610 -0.001215881 0.999955318 71.058868331
0.999892240 0.011320883 -0.009345918 0.256660330 -0.011308955 0.999935170 0.001328165 -1.642006185 0.009360349 -0.001222329 0.999955444 71.060124416
0.999891879 0.011334239 -0.009368289 0.256875029 -0.011322367 0.999935030 0.001319260 -1.639942397 0.009382633 -0.001213046 0.999955246 71.061090111
0.999891722 0.011319666 -0.009402643 0.257689867 -0.011307982 0.999935224 0.001294948 -1.637915643 0.009416693 -0.001188483 0.999954956 71.062305658
0.999891749 0.011310473 -0.009410812 0.258193545 -0.011298227 0.999935257 0.001353433 -1.636390654 0.009425511 -0.001246961 0.999954801 71.063180961
0.999890822 0.011351843 -0.009459332 0.258511478 -0.011340065 0.999934857 0.001297756 -1.634721323 0.009473448 -0.001190344 0.999954417 71.064398277
