1.000000000 -0.000000000 0.000000000 0.000000000 0.000000000 1.000000000 -0.000000000 -0.000000000 -0.000000000 -0.000000000 1.000000000 -0.000000000
0.999875889 -0.000476299 -0.015747346 -0.014140319 0.000549080 0.999989187 0.004617748 -0.004046982 0.015744976 -0.004625822 0.999865340 0.341658872
0.999607760 -0.000514344 -0.028001111 -0.018695849 0.000944731 0.999881593 0.015359304 -0.008400536 0.027989895 -0.015379733 0.999489885 0.660916148
0.999182338 0.003069512 -0.040314184 -0.013101973 -0.002119362 0.999719465 0.023590247 -0.023120647 0.040375285 -0.023485518 0.998908538 0.990482958
0.998521228 0.003547155 -0.054247356 -0.005155481 -0.002235581 0.999704171 0.024219259 -0.043135618 0.054317218 -0.024062170 0.998233766 1.338106534
0.997756903 0.004462794 -0.066792559 -0.026291953 -0.002988260 0.999749972 0.022159968 -0.057957869 0.066874754 -0.021910668 0.997520772 1.636317141
0.996849432 0.001993430 -0.079292100 -0.054569019 -0.000342304 0.999782943 0.020831476 -0.060964406 0.079316415 -0.020738703 0.996633740 1.913340483
0.995690085 0.002977034 -0.092695151 -0.093711245 -0.001371683 0.999848059 0.017377505 -0.060116389 0.092732800 -0.017175461 0.995542883 2.220090691
0.994533695 0.004845348 -0.104303654 -0.125348607 -0.003366190 0.999891329 0.014352640 -0.071139753 0.104361862 -0.013923079 0.994441929 2.481378773
0.993238208 0.009065471 -0.115739707 -0.160282043 -0.007541918 0.999879144 0.013594769 -0.079198481 0.115848962 -0.012629945 0.993186540 2.766540364
0.991713856 0.007057914 -0.128272418 -0.205613196 -0.006190088 0.999955187 0.007162889 -0.086464196 0.128317225 -0.006309519 0.991713104 3.073776903
0.990128455 0.004681023 -0.140084727 -0.234985619 -0.003828572 0.999972483 0.006354127 -0.081985674 0.140110616 -0.005755077 0.990119131 3.376643799
0.988523452 0.002422674 -0.151048055 -0.261631643 -0.000742642 0.999937249 0.011177920 -0.078091769 0.151065657 -0.010937461 0.988463221 3.688763192
0.986588874 0.002810511 -0.163200782 -0.289503468 -0.000420253 0.999892172 0.014678800 -0.092712539 0.163224439 -0.014413355 0.986483673 4.034114054
0.984588474 0.001139201 -0.174883499 -0.331376641 0.001237224 0.999908389 0.013478993 -0.108339706 0.174882833 -0.013487631 0.984496866 4.330443618
0.982470916 0.000453339 -0.186415381 -0.378645846 0.001858642 0.999923516 0.012227350 -0.129767636 0.186406666 -0.012359495 0.982394930 4.617533840
0.980211628 0.004189631 -0.197908089 -0.436439242 -0.000924602 0.999861995 0.016587232 -0.143564723 0.197950271 -0.016076011 0.980080227 4.958434643
0.978013052 0.005123069 -0.208480751 -0.483141704 -0.002621342 0.999921232 0.012274316 -0.164039379 0.208527212 -0.011457942 0.977949445 5.267925004
0.975626699 0.003726713 -0.219405231 -0.536868279 -0.002857877 0.999986769 0.004277213 -0.182733574 0.219418268 -0.003545930 0.975624441 5.573136412
0.972999823 0.000538542 -0.230805230 -0.599330108 -0.001026700 0.999997483 -0.001994922 -0.202290596 0.230803574 0.002178027 0.972997927 5.874098751
0.969826768 -0.007257464 -0.243687030 -0.674659237 0.005351130 0.999949693 -0.008483955 -0.215362422 0.243736343 0.006923965 0.969816815 6.203038887
0.966899251 -0.008027856 -0.255032138 -0.753723327 0.006581019 0.999957050 -0.006525959 -0.213034892 0.255073574 0.004631574 0.966910555 6.510863278
0.963512653 -0.004707041 -0.267621395 -0.850817824 0.004509334 0.999988917 -0.001353362 -0.212594023 0.267624799 0.000097187 0.963523200 6.852661560
0.960278746 -0.001560039 -0.279038164 -0.948645634 0.002618119 0.999990727 0.003419244 -0.229387579 0.279030242 -0.004013983 0.960273925 7.160889127
0.956938585 -0.001896503 -0.290284252 -1.044313453 0.002625116 0.999994306 0.002120618 -0.246113950 0.290278578 -0.002791331 0.956938115 7.466805262
0.953694435 -0.001631639 -0.300772774 -1.143132067 0.002532819 0.999993396 0.002606309 -0.256539003 0.300766535 -0.003247425 0.953692270 7.780291310
0.949449632 0.005371222 -0.313873454 -1.261669362 -0.001647504 0.999925098 0.012127809 -0.271174630 0.313915086 -0.010997636 0.949387366 8.124494232
0.945694312 0.008165329 -0.324954761 -1.368394238 -0.001714625 0.999795850 0.020132497 -0.283664941 0.325052810 -0.018482012 0.945515249 8.437406747
0.942114948 0.003249996 -0.335274309 -1.468766227 0.004427601 0.999745241 0.022132554 -0.287502991 0.335260825 -0.022335870 0.941860546 8.749566709
0.937628839 -0.003144068 -0.347623756 -1.585650046 0.010587341 0.999753516 0.019514498 -0.293911206 0.347476717 -0.021977767 0.937431015 9.080557488
0.933442105 -0.005775449 -0.358681586 -1.700655047 0.013156715 0.999748861 0.018141533 -0.290078289 0.358486732 -0.021653142 0.933283668 9.380419274
0.928644769 0.000751995 -0.370969443 -1.849027073 0.005832567 0.999844743 0.016627410 -0.291240634 0.370924351 -0.017604662 0.928496204 9.702888339
0.923870696 0.004389058 -0.382679597 -1.986987901 0.001584377 0.999881801 0.015292948 -0.292847956 0.382701486 -0.014735015 0.923754541 10.002035271
0.918848028 0.001557043 -0.394608511 -2.116124123 0.004999985 0.999866002 0.015587756 -0.285574265 0.394579905 -0.016295815 0.918717119 10.322400559
0.913928027 -0.002793540 -0.405866674 -2.251921649 0.010858433 0.999786680 0.017569518 -0.281645895 0.405731014 -0.020464351 0.913763402 10.647086935
0.908221012 -0.002881534 -0.418480931 -2.419745875 0.012855986 0.999696448 0.021017485 -0.274974899 0.418293338 -0.024468507 0.907982365 11.007553005
0.902187461 0.001648562 -0.431341011 -2.585712331 0.009874461 0.999651701 0.024473915 -0.269566680 0.431231122 -0.026339319 0.901856951 11.338726492
0.896072244 0.001419877 -0.443905977 -2.752589924 0.010132912 0.999668901 0.023651917 -0.256549447 0.443792583 -0.025691887 0.895761168 11.679851084
0.888922479 -0.000250077 -0.458057599 -2.944478876 0.010777717 0.999734421 0.020369806 -0.233430018 0.457930854 -0.023043994 0.888689095 12.062710491
0.882116259 -0.000637433 -0.471031315 -3.130602542 0.010738617 0.999766390 0.018757615 -0.215773837 0.470909320 -0.021604622 0.881917032 12.414445502
0.874505260 -0.003210971 -0.485005403 -3.323394274 0.013563118 0.999748917 0.017836613 -0.195692664 0.484826353 -0.022176397 0.874329237 12.774914915
0.865269011 -0.008305616 -0.501239020 -3.542714487 0.018695195 0.999701837 0.015707542 -0.174735394 0.500959108 -0.022962011 0.865166295 13.176413481
0.856686383 -0.012462196 -0.515687051 -3.759266813 0.021302373 0.999710012 0.011229429 -0.153429853 0.515397565 -0.020605456 0.856703429 13.532109567
0.847640170 -0.009410429 -0.530488064 -4.000350257 0.016360082 0.999830840 0.008404762 -0.137852059 0.530319234 -0.015803043 0.847650738 13.869428720
0.836744498 -0.005428300 -0.547566598 -4.277421672 0.012371510 0.999883031 0.008992748 -0.124676173 0.547453734 -0.014298858 0.836713781 14.243864871
0.826367642 -0.005116106 -0.563107757 -4.534623880 0.013248144 0.999858593 0.010357618 -0.069521242 0.562975139 -0.016019333 0.826318567 14.600912865
0.815564610 -0.005652516 -0.578638416 -4.796627116 0.015365222 0.999811254 0.011889778 -0.020347481 0.578461993 -0.018587790 0.815497527 14.958304002
0.803314786 -0.006582154 -0.595518286 -5.089413042 0.017206817 0.999777999 0.012160497 0.023497514 0.595306039 -0.020015681 0.803249708 15.322808934
0.792230175 -0.005059629 -0.610201401 -5.370863685 0.016615218 0.999773738 0.013281832 0.054339664 0.609996134 -0.020660898 0.792134991 15.630885460
0.781128926 -0.003034999 -0.624362386 -5.660098347 0.015686921 0.999767919 0.014765806 0.088030818 0.624172669 -0.021328322 0.780995251 15.926827303
0.768693985 -0.000678545 -0.639616367 -5.978429648 0.014002856 0.999777619 0.015768071 0.114450766 0.639463429 -0.021077277 0.768532544 16.268237462
0.757713933 0.000378131 -0.652586740 -6.272034318 0.013498325 0.999776807 0.016252115 0.142566494 0.652447232 -0.021123282 0.757539713 16.565251178
0.747065242 0.001181384 -0.664749674 -6.573972945 0.012856548 0.999785700 0.016225371 0.164028699 0.664626387 -0.020667797 0.746889957 16.838247793
0.735140837 0.002643138 -0.677909259 -6.912731160 0.011569682 0.999797838 0.016444603 0.176938238 0.677815677 -0.019932294 0.734961639 17.122322710
0.724607098 0.004328932 -0.689148616 -7.221504214 0.010557920 0.999793187 0.017381419 0.181152381 0.689081334 -0.019870676 0.724411535 17.385836169
0.714215515 0.005363849 -0.699905299 -7.532944683 0.010032049 0.999789466 0.017899228 0.206757827 0.699853954 -0.019805391 0.714011337 17.647552330
0.703236908 0.005955795 -0.710930643 -7.876727281 0.009658647 0.999792594 0.017929846 0.235493147 0.710889979 -0.019475557 0.703033528 17.925975453
0.694882931 0.006614505 -0.719092456 -8.190597703 0.009750943 0.999779101 0.018619036 0.257904524 0.719056765 -0.019949880 0.694664935 18.158944348
0.687362507 0.008075400 -0.726269628 -8.507780869 0.009179336 0.999761743 0.019803950 0.281116842 0.726256514 -0.020279166 0.687124611 18.378484288
0.680668296 0.009222856 -0.732533692 -8.817256539 0.008567615 0.999752152 0.020548234 0.299885388 0.732541649 -0.020262598 0.680420576 18.616954847
0.674416428 0.009447844 -0.738290742 -9.155545440 0.008050493 0.999764598 0.020147896 0.321298264 0.738307301 -0.019531677 0.674181609 18.872996038
0.669962209 0.009905826 -0.742329114 -9.458296317 0.007563583 0.999768007 0.020167392 0.338876965 0.742356673 -0.019126058 0.669731859 19.114924758
0.666693306 0.010540096 -0.745257635 -9.764355646 0.007623448 0.999751267 0.020959162 0.355775067 0.745293176 -0.019654766 0.666447126 19.337294563
0.664496888 0.010476282 -0.747217595 -10.097479095 0.007946986 0.999746122 0.021084046 0.374299106 0.747248775 -0.019948410 0.664244931 19.578037381
0.663881917 0.009638785 -0.747775296 -10.392371867 0.008607267 0.999752220 0.020528368 0.390217091 0.747787881 -0.020064714 0.663634457 19.810448285
0.664468791 0.009099921 -0.747260609 -10.686153361 0.008332396 0.999773490 0.019584167 0.405843146 0.747269561 -0.019239539 0.664242458 20.036257845
0.666552801 0.007739186 -0.745417647 -11.000016906 0.008399347 0.999804662 0.017891021 0.419749900 0.745410500 -0.018186331 0.666357594 20.302354849
0.670141638 0.005363797 -0.742213861 -11.305374315 0.008383084 0.999855409 0.014794759 0.424386286 0.742185899 -0.016136625 0.669999776 20.484475700
0.675253495 0.002982849 -0.737579704 -11.605695566 0.008565195 0.999892685 0.011885097 0.430227990 0.737536002 -0.014342967 0.675155482 20.705085505
0.682206422 0.002545179 -0.731155195 -11.938573210 0.008425113 0.999900186 0.011341766 0.437982565 0.731111082 -0.013897491 0.682116885 20.955078112
0.689374335 0.004579571 -0.724390816 -12.235549733 0.007364824 0.999884028 0.013330043 0.447470903 0.724367853 -0.014524401 0.689260659 21.205087083
0.698735950 0.007846850 -0.715336634 -12.563753657 0.004970864 0.999862445 0.015823448 0.455827046 0.715362400 -0.014612253 0.698600830 21.471062680
0.708676807 0.010539026 -0.705454543 -12.857115706 0.002633652 0.999841944 0.017582661 0.460447092 0.705528346 -0.014318346 0.708537040 21.707950822
0.719400286 0.012019159 -0.694491733 -13.139724155 0.001655803 0.999817762 0.019018446 0.463626636 0.694593756 -0.014831817 0.719249283 21.957684989
0.731769879 0.012339906 -0.681440071 -13.441902174 0.000515600 0.999825771 0.018659097 0.468173878 0.681551596 -0.014005515 0.731636021 22.235077665
0.744121075 0.011717801 -0.667942003 -13.703810409 -0.000344221 0.999852747 0.017157078 0.475223251 0.668044690 -0.012537024 0.744015535 22.505762017
0.757395425 0.012350925 -0.652839662 -13.965648648 -0.002579167 0.999869877 0.015924077 0.481252485 0.652951390 -0.010377041 0.757328726 22.758905736
0.772166474 0.014229163 -0.635260944 -14.239307001 -0.006413544 0.999872840 0.014600346 0.489379144 0.635387915 -0.007199624 0.772159545 23.054330452
0.785304038 0.015182034 -0.618924126 -14.481466821 -0.008959872 0.999873284 0.013158133 0.495087612 0.619045466 -0.004787654 0.785340556 23.318508747
0.798426976 0.013400439 -0.601942515 -14.704315328 -0.007900754 0.999899399 0.011780056 0.501985678 0.602039817 -0.004649715 0.798452528 23.608305065
0.812998245 0.012277491 -0.582136682 -14.942093153 -0.007700916 0.999916952 0.010333725 0.507379176 0.582215209 -0.003918314 0.813025275 23.929991037
0.826452490 0.012365380 -0.562870660 -15.153925307 -0.008989600 0.999921157 0.008767427 0.509882983 0.562934694 -0.002185880 0.826498489 24.223389368
0.839614728 0.011688002 -0.543056627 -15.359580080 -0.009373610 0.999931364 0.007028692 0.512606206 0.543101505 -0.000810993 0.839666659 24.524633123
0.854061943 0.009725423 -0.520080391 -15.576032677 -0.007316592 0.999950896 0.006683818 0.516873836 0.520119856 -0.001903178 0.854091162 24.868612620
0.866792076 0.007463842 -0.498613866 -15.760724836 -0.004710126 0.999965919 0.006780573 0.522433086 0.498647482 -0.003528813 0.866797691 25.202261669
0.879057864 0.006489440 -0.476670913 -15.941250664 -0.003444070 0.999967699 0.007262231 0.526940824 0.476702644 -0.004742233 0.879051819 25.539534253
0.891910413 0.007291644 -0.452153345 -16.133935939 -0.004468098 0.999963283 0.007312193 0.530856684 0.452190061 -0.004501556 0.891910245 25.918914603
0.902938695 0.009588583 -0.429662393 -16.307609352 -0.007269514 0.999948806 0.007038472 0.532006537 0.429707886 -0.003231871 0.902962174 26.256355202
0.913366372 0.011526123 -0.406975454 -16.464248288 -0.009289801 0.999928943 0.007470505 0.536334375 0.407032641 -0.003042587 0.913408546 26.619502241
0.923970855 0.009712392 -0.382339547 -16.619653564 -0.007380424 0.999944145 0.007565403 0.542798820 0.382391670 -0.004168384 0.923990928 27.031000961
0.932907991 0.007614698 -0.360034300 -16.749245032 -0.005267321 0.999957998 0.007500543 0.551019985 0.360076292 -0.005100900 0.932908915 27.420432025
0.941426676 0.008482719 -0.337111046 -16.874724605 -0.006356245 0.999952335 0.007411138 0.561876689 0.337157844 -0.004834283 0.941435722 27.818608961
0.950017702 0.010988077 -0.312002609 -17.005217986 -0.009187194 0.999931577 0.007241378 0.574464814 0.312060830 -0.004013008 0.950053648 28.265837210
0.957055334 0.012211241 -0.289648015 -17.113572877 -0.010277273 0.999913589 0.008197074 0.583886612 0.289723082 -0.004868262 0.957098133 28.685872482
0.963612458 0.014397161 -0.266915252 -17.214150288 -0.012111713 0.999874556 0.010206825 0.592496561 0.267028718 -0.006602623 0.963665953 29.113968010
0.970228311 0.018378471 -0.241493800 -17.317312463 -0.016237549 0.999809263 0.010852602 0.604631382 0.241647193 -0.006608235 0.970341675 29.592673474
0.975805710 0.021883944 -0.217541512 -17.396257224 -0.020188324 0.999746041 0.010014202 0.621705242 0.217705416 -0.005380118 0.975999696 30.033737938
0.980778604 0.025447624 -0.193457355 -17.475254279 -0.024129223 0.999666804 0.009168530 0.638785229 0.193626213 -0.004324322 0.981065844 30.474248381
0.985268750 0.026131188 -0.169004886 -17.534633202 -0.024991871 0.999648344 0.008865361 0.654735725 0.169177117 -0.004511015 0.985575342 30.930436709
0.989499905 0.027401260 -0.141912329 -17.589072465 -0.026405608 0.999611738 0.008894754 0.670325564 0.142100957 -0.005054077 0.989839267 31.441325760
0.992754879 0.028922869 -0.116624263 -17.632627003 -0.027947990 0.999559496 0.009986132 0.678310037 0.116861717 -0.006654368 0.993125903 31.916713849
0.995492508 0.031535866 -0.089443589 -17.666991482 -0.030631204 0.999464949 0.011469339 0.687979414 0.089757427 -0.008677876 0.995925850 32.452293736
0.997257281 0.033801545 -0.065843529 -17.687249036 -0.033013241 0.999370050 0.013024174 0.696531095 0.066242288 -0.010814744 0.997744958 32.949907997
0.998485562 0.035059333 -0.042396050 -17.695381563 -0.034519848 0.999314296 0.013390937 0.706390484 0.042836456 -0.011907152 0.999011140 33.454279110
0.999191633 0.036542950 -0.016753882 -17.688252494 -0.036341694 0.999265393 0.012163702 0.717938559 0.017186072 -0.011545004 0.999785653 34.016968621
0.999285884 0.037101298 0.007156491 -17.669656771 -0.037176393 0.999251835 0.010662396 0.731158553 -0.006755548 -0.010920834 0.999917546 34.536783412
0.998798384 0.037938486 0.031023544 -17.637672095 -0.038259118 0.999219723 0.009807433 0.748839944 -0.030627258 -0.010982582 0.999470537 35.067355087
0.997651090 0.039165446 0.056199374 -17.589817486 -0.039718061 0.999172617 0.008749666 0.768542875 -0.055810191 -0.010961244 0.998381227 35.659705609
0.996140823 0.040158821 0.078043124 -17.532131259 -0.040879493 0.999134736 0.007658065 0.783657348 -0.077668057 -0.010818874 0.996920571 36.205641157
0.994205445 0.040592207 0.099537959 -17.462559929 -0.041571445 0.999105222 0.007782670 0.797013158 -0.099132979 -0.011875510 0.995003329 36.758451466
0.991779938 0.041162813 0.121153530 -17.385004441 -0.042522209 0.999058029 0.008655422 0.809084024 -0.120683125 -0.013735990 0.992596044 37.306137834
0.988626640 0.041445043 0.144567196 -17.284576244 -0.043282679 0.999016857 0.009588019 0.820844304 -0.144027690 -0.015736227 0.989448531 37.907750010
0.985393003 0.041039154 0.165276791 -17.181992466 -0.043326572 0.999008309 0.010257005 0.831364385 -0.164691949 -0.017268058 0.986193884 38.451820824
0.981511252 0.040380658 0.187096406 -17.052741575 -0.043077993 0.999017873 0.010371851 0.842024420 -0.186493831 -0.018239826 0.982286801 39.053220393
0.977825076 0.040258166 0.205517399 -16.926436556 -0.043187491 0.999019059 0.009785728 0.851229112 -0.204921843 -0.018444511 0.978604536 39.595205358
0.974035331 0.039680718 0.222891486 -16.793429961 -0.042665510 0.999052486 0.008589802 0.858786217 -0.222339444 -0.017876549 0.974805417 40.127591163
0.969874937 0.040424372 0.240225885 -16.654158685 -0.043362765 0.999035175 0.006956328 0.865904528 -0.239712904 -0.017163627 0.970692090 40.653339119
0.964824693 0.041668030 0.259570968 -16.490890283 -0.044504973 0.998996351 0.005059455 0.872018164 -0.259099632 -0.016433686 0.965710782 41.225648414
0.960058657 0.041474363 0.276707884 -16.327918974 -0.044162685 0.999018264 0.003487872 0.877102050 -0.276291573 -0.015568725 0.960947752 41.749193497
0.955014403 0.040518901 0.293778331 -16.155069755 -0.043231592 0.999061311 0.002743313 0.881294057 -0.293391409 -0.015320408 0.955869639 42.267741203
0.949014172 0.040232089 0.312655528 -15.958250034 -0.043058853 0.999070248 0.002139025 0.881926689 -0.312278779 -0.015492553 0.949864172 42.835692911
0.943209090 0.040977561 0.329662633 -15.778120498 -0.043980515 0.999031021 0.001653106 0.877576782 -0.329275456 -0.016057957 0.944097355 43.341122092
0.937138515 0.041097510 0.346529074 -15.581363079 -0.044370748 0.999013987 0.001513724 0.875926979 -0.346125181 -0.016794324 0.938038011 43.851810135
0.930233340 0.038893549 0.364901666 -15.351331023 -0.042314046 0.999103408 0.001379163 0.873609811 -0.364520857 -0.016723409 0.931045043 44.408793913
0.923700641 0.035124245 0.381501524 -15.125202355 -0.038508447 0.999257508 0.001237510 0.873361343 -0.381174796 -0.015834120 0.924367381 44.912818812
0.916994283 0.030105154 0.397762699 -14.891607377 -0.033538842 0.999436009 0.001676254 0.872419756 -0.397487900 -0.014877615 0.917486799 45.409146377
0.909764502 0.024702542 0.414389111 -14.624261780 -0.028064627 0.999604058 0.002025728 0.872699602 -0.414174996 -0.013472612 0.910097556 45.952635688
0.903526554 0.019108026 0.428105886 -14.369203638 -0.022235880 0.999750091 0.002306573 0.874695779 -0.427954825 -0.011603361 0.903725639 46.447926727
0.898854541 0.013138277 0.438050112 -14.108303462 -0.015996562 0.999868027 0.002835382 0.874722194 -0.437955049 -0.009555892 0.898946083 46.942472751
0.895246804 0.006670828 0.445520661 -13.812374708 -0.008373381 0.999963225 0.001853249 0.877579638 -0.445491914 -0.005389629 0.895269739 47.490985000
0.892920608 0.002283758 0.450208366 -13.557217922 -0.002983307 0.999995194 0.000844298 0.870997514 -0.450204274 -0.002097001 0.892923129 47.979836730
0.891676090 -0.001993950 0.452669609 -13.293773734 0.002572181 0.999996473 -0.000661873 0.869762290 -0.452666693 0.001754525 0.891678074 48.476505853
0.891779520 -0.005687822 0.452434456 -13.029112836 0.007320811 0.999971475 -0.001858589 0.869623589 -0.452410979 0.004969639 0.891795722 48.980433987
0.893034121 -0.009660848 0.449885238 -12.740409145 0.011793412 0.999928578 -0.001937742 0.868366105 -0.449834386 0.007036152 0.893084272 49.542234894
0.895574698 -0.011567570 0.444760780 -12.480683359 0.012559746 0.999920867 0.000716033 0.870320131 -0.444733868 0.004944821 0.895649114 50.064621838
0.899127618 -0.014168787 0.437457166 -12.231822933 0.013500172 0.999898112 0.004638090 0.872096211 -0.437478310 0.001735512 0.899227288 50.576645141
0.903885228 -0.018620320 0.427369603 -11.954219321 0.016218513 0.999825592 0.009259895 0.878415505 -0.427467489 -0.001438583 0.904029577 51.158289419
0.908994503 -0.024469967 0.416089191 -11.707231545 0.021012123 0.999696147 0.012888168 0.882661140 -0.416278134 -0.002972356 0.909232468 51.689394941
0.914778189 -0.023941200 0.403246430 -11.471793962 0.019733052 0.999698851 0.014588164 0.891305998 -0.403474250 -0.005387652 0.914975138 52.236453030
0.920843461 -0.021237493 0.389353682 -11.232091381 0.017156895 0.999755418 0.013955135 0.900566784 -0.389554825 -0.006170395 0.920982608 52.838677873
0.926524594 -0.018838192 0.375762291 -11.019410430 0.015353158 0.999806882 0.012266999 0.909003575 -0.375920812 -0.005596538 0.926634891 53.392849524
0.932011008 -0.020191178 0.361867098 -10.806869071 0.017351801 0.999787888 0.011094753 0.916925393 -0.362014358 -0.004061386 0.932163671 53.954321628
0.937511098 -0.019064189 0.347432724 -10.592622050 0.016791332 0.999813391 0.009551696 0.924357248 -0.347549985 -0.003120963 0.937656263 54.584013821
0.942279240 -0.016816193 0.334405518 -10.403654943 0.014841073 0.999854069 0.008460696 0.933799397 -0.334498994 -0.003009402 0.942391302 55.166273899
0.947022130 -0.014099093 0.320858692 -10.225535767 0.012157967 0.999893665 0.008052547 0.940175208 -0.320938107 -0.003724951 0.947092844 55.750651633
0.951250027 -0.013086440 0.308143036 -10.047082081 0.010771155 0.999899542 0.009213459 0.948130915 -0.308232652 -0.005445246 0.951295423 56.347073610
0.955478688 -0.012963535 0.294775210 -9.857229513 0.010045931 0.999884440 0.011409929 0.957404991 -0.294889058 -0.007940652 0.955498503 57.010931840
0.959207332 -0.011923647 0.282451981 -9.689442218 0.008255668 0.999865478 0.014172838 0.968526260 -0.282582977 -0.011262861 0.959176735 57.623032799
0.962760862 -0.011090272 0.270126874 -9.513738933 0.006886243 0.999840054 0.016505922 0.981079259 -0.270266724 -0.014031096 0.962683243 58.301401081
0.965640298 -0.009985399 0.259690407 -9.350903211 0.006074891 0.999855822 0.015856573 0.997486090 -0.259811300 -0.013734155 0.965561734 58.922253790
0.968299330 -0.008778944 0.249638414 -9.193012873 0.005560404 0.999892122 0.013595110 1.013547020 -0.249730834 -0.011776045 0.968243686 59.546801374
0.970575118 -0.006527383 0.240710060 -9.041753896 0.004254640 0.999941343 0.009960336 1.031606546 -0.240760956 -0.008643120 0.970545959 60.175513004
0.972661939 -0.005283736 0.232165531 -8.879151162 0.003981093 0.999973598 0.006079020 1.049653154 -0.232191522 -0.004988559 0.972657294 60.868616174
0.974295232 -0.006212240 0.225189273 -8.731892945 0.005125379 0.999972227 0.005410712 1.063958550 -0.225216631 -0.004117451 0.974300013 61.504692256