1.000000000 -0.000000000 0.000000000 -0.000000000 0.000000000 1.000000000 -0.000000000 -0.000000000 -0.000000000 -0.000000000 1.000000000 -0.000000001
0.999991100 0.000145397 0.004216517 0.005761032 -0.000149135 0.999999596 0.000886157 0.001259443 -0.004216387 -0.000886778 0.999990718 1.487355565
0.999963921 -0.000126961 0.008493538 0.018385962 0.000117201 0.999999332 0.001149596 0.003706423 -0.008493678 -0.001148559 0.999963268 2.980325665
0.999912651 -0.001000182 0.013179132 0.039810525 0.000981864 0.999998543 0.001396285 0.007764032 -0.013180509 -0.001383223 0.999912177 4.628315334
0.999847776 -0.000653266 0.017435557 0.065138778 0.000636901 0.999999351 0.000944140 0.009574771 -0.017436162 -0.000932892 0.999847543 6.129266256
0.999752216 -0.000447516 0.022255460 0.100794638 0.000434301 0.999999727 0.000598606 0.011138102 -0.022255722 -0.000588792 0.999752137 7.785605668
0.999646471 0.000523764 0.026583050 0.138401312 -0.000581105 0.999997521 0.002149367 0.014358817 -0.026581859 -0.002164055 0.999644298 9.297914666
0.999520249 0.000927868 0.030958204 0.182939033 -0.001033581 0.999993690 0.003398867 0.017687670 -0.030954855 -0.003429234 0.999514901 10.812127075
0.999357450 0.001440671 0.035813572 0.241377394 -0.001547409 0.999994443 0.002952822 0.021912887 -0.035809118 -0.003006342 0.999354126 12.480209608
0.999195645 0.001838538 0.040058492 0.301055435 -0.001924525 0.999995926 0.002108070 0.026713571 -0.040054453 -0.002183468 0.999195113 13.998489209
0.999021559 0.002343982 0.044163668 0.366746996 -0.002406029 0.999996192 0.001351826 0.027641104 -0.044160331 -0.001456762 0.999023395 15.519271201
0.998819367 0.001713957 0.048548271 0.445713129 -0.001787089 0.999997333 0.001462993 0.027037802 -0.048545634 -0.001548026 0.998819766 17.195570203
0.998648396 0.002174495 0.051929304 0.522708250 -0.002268665 0.999995887 0.001754562 0.023914239 -0.051925275 -0.001870001 0.998649222 18.719787636
0.998500840 0.002160189 0.054693746 0.605091013 -0.002252189 0.999996151 0.001620518 0.022479199 -0.054690035 -0.001741269 0.998501862 20.244185839
0.998346924 0.002126705 0.057436020 0.698873265 -0.002232064 0.999995942 0.001770277 0.021901179 -0.057432022 -0.001895551 0.998347620 21.921191128
0.998231244 0.002149620 0.059411805 0.787463246 -0.002231309 0.999996654 0.001308651 0.021613046 -0.059408794 -0.001438903 0.998232701 23.445787221
0.998150474 0.001603142 0.060770554 0.879726681 -0.001696889 0.999997449 0.001491056 0.021823150 -0.060768009 -0.001591419 0.998150648 24.970434120
0.998137448 0.000152155 0.061005020 0.984404097 -0.000317339 0.999996310 0.002698032 0.024415809 -0.061004384 -0.002712366 0.998133813 26.647457699
0.998197429 -0.000915670 0.060008792 1.080044778 0.000691918 0.999992732 0.003749327 0.027876725 -0.060011789 -0.003701048 0.998190807 28.172742502
0.998321220 -0.001367087 0.057903993 1.181781132 0.001159439 0.999992777 0.003619520 0.035188016 -0.057908523 -0.003546308 0.998315595 29.850559345
0.998469330 -0.000357829 0.055307035 1.268295252 0.000192950 0.999995522 0.002986471 0.039682295 -0.055307856 -0.002971228 0.998464928 31.379391242
0.998632680 0.001028199 0.052265794 1.349250056 -0.001193706 0.999994372 0.003135540 0.043981841 -0.052262276 -0.003193643 0.998628287 32.912181705
0.998818493 0.003836215 0.048444832 1.430682044 -0.003962428 0.999989001 0.002509532 0.049081303 -0.048434672 -0.002698526 0.998822707 34.600597621
0.998966550 0.005480430 0.045119814 1.501254358 -0.005523180 0.999984409 0.000822867 0.050018516 -0.045114601 -0.001071222 0.998981244 36.138190240
0.999113994 0.007380886 0.041433665 1.565501362 -0.007352147 0.999972615 -0.000845936 0.048270671 -0.041438774 0.000540560 0.999140899 37.680240026
0.999283453 0.008187458 0.036953295 1.631763190 -0.008105918 0.999964371 -0.002355857 0.043007102 -0.036971267 0.002054628 0.999314217 39.380811957
0.999435027 0.007800698 0.032692145 1.688354997 -0.007705775 0.999965724 -0.003028512 0.041568683 -0.032714649 0.002774882 0.999460881 40.929344009
0.999571152 0.007852983 0.028210696 1.738468100 -0.007814005 0.999968358 -0.001491637 0.041090872 -0.028221517 0.001270559 0.999600886 42.482758693
0.999695600 0.007652938 0.023455075 1.784711234 -0.007649825 0.999970715 -0.000222435 0.039840236 -0.023456091 0.000042940 0.999724867 44.196853285
0.999780390 0.008021968 0.019360267 1.818714354 -0.008029809 0.999967707 0.000327317 0.040654541 -0.019357016 -0.000482704 0.999812519 45.759177348
0.999845373 0.008586169 0.015346259 1.846313579 -0.008618687 0.999960749 0.002054101 0.043629553 -0.015328020 -0.002186048 0.999880129 47.325435898
0.999901285 0.008613741 0.011100617 1.869714427 -0.008653488 0.999956300 0.003537630 0.049326732 -0.011069660 -0.003633340 0.999932128 49.050390685
0.999923617 0.009718039 0.007636738 1.883797306 -0.009754324 0.999941245 0.004728570 0.056277553 -0.007590337 -0.004802700 0.999959660 50.620343713
0.999950236 0.009059636 0.004177256 1.894765645 -0.009088084 0.999935293 0.006842294 0.067415745 -0.004114997 -0.006879916 0.999967866 52.349751954
0.999933671 0.011485033 0.000864488 1.899238096 -0.011491905 0.999898562 0.008414413 0.080329837 -0.000767760 -0.008423790 0.999964225 53.921924276
0.999946989 0.010030185 -0.002326816 1.899990638 -0.010005600 0.999896403 0.010347516 0.097508831 0.002430362 -0.010323686 0.999943756 55.497079266
0.999855035 0.016093980 -0.005558097 1.886446784 -0.016043248 0.999830300 0.009054578 0.113965188 0.005702878 -0.008964095 0.999943559 57.227951148
0.999745488 0.021092583 -0.008003841 1.868362620 -0.021062837 0.999770998 0.003782783 0.126245390 0.008081797 -0.003613237 0.999960814 58.799444419
0.999609198 0.026091633 -0.010033796 1.845493184 -0.026056015 0.999653768 0.003664358 0.133413502 0.010125931 -0.003401486 0.999942946 60.377788199
0.999532526 0.028097472 -0.012052412 1.821382284 -0.028034618 0.999592621 0.005352710 0.139164871 0.012197900 -0.005012323 0.999913040 62.118083535
0.999505133 0.028117980 -0.014102072 1.800736706 -0.028073031 0.999600176 0.003375314 0.147298936 0.014191341 -0.002977756 0.999894864 63.699739453
0.999449346 0.029037765 -0.016056544 1.776276621 -0.029043756 0.999578131 -0.000140050 0.153028916 0.016045703 0.000606315 0.999871076 65.281572325
0.999355560 0.031148810 -0.017838605 1.743777491 -0.031191539 0.999511173 -0.002121997 0.155512506 0.017763787 0.002677043 0.999838628 67.027581846
0.999242533 0.033818481 -0.019252793 1.710608261 -0.033809878 0.999427984 0.000772281 0.161042798 0.019267898 -0.000120762 0.999814350 68.622139076
0.999115113 0.036497461 -0.020902778 1.669747956 -0.036446777 0.999331671 0.002800707 0.169251107 0.020991026 -0.002036390 0.999777590 70.377126238
0.999002835 0.038395573 -0.022784102 1.634251992 -0.038337169 0.999260373 0.002994826 0.176728178 0.022882238 -0.002118362 0.999735923 71.813669530
0.998872649 0.039855974 -0.025786272 1.586504413 -0.039772622 0.999201766 0.003737479 0.187391954 0.025914650 -0.002707678 0.999660492 73.574092604
0.998763711 0.040406576 -0.028954406 1.534006419 -0.040263468 0.999173912 0.005508858 0.198079193 0.029153081 -0.004336243 0.999565553 75.339035620
0.998676604 0.040334150 -0.031909203 1.481390793 -0.040105786 0.999165268 0.007764890 0.210685967 0.032195758 -0.006474870 0.999460609 76.946457459
0.998550776 0.041197745 -0.034627932 1.423686929 -0.040936764 0.999127988 0.008212507 0.224600083 0.034936072 -0.006783050 0.999366530 78.554532112
0.998375069 0.043256717 -0.037095517 1.353640202 -0.043056291 0.999053501 0.006185285 0.240329336 0.037327962 -0.004578039 0.999292582 80.323390198
0.998289380 0.043864955 -0.038654616 1.288256412 -0.043640116 0.999025239 0.006641701 0.254318537 0.038908275 -0.004943448 0.999230558 81.936504712
0.998265516 0.043860734 -0.039270809 1.221694126 -0.043447306 0.998991583 0.011320288 0.268777954 0.039727724 -0.009594442 0.999164478 83.557214471
0.998274813 0.043353450 -0.039596407 1.148881566 -0.042752788 0.998959267 0.015892830 0.293457138 0.040244207 -0.014172555 0.999089357 85.343287110
0.998336005 0.041951486 -0.039563799 1.082084636 -0.041264420 0.998985641 0.018025992 0.320447747 0.040279884 -0.016363419 0.999054438 86.968480094
0.998411663 0.040618432 -0.039042217 1.017155079 -0.039905645 0.999025327 0.018866261 0.350447060 0.039770482 -0.017278291 0.999059442 88.594036312
0.998515238 0.038349523 -0.038686345 0.947631521 -0.037700579 0.999138154 0.017367074 0.383760988 0.039319022 -0.015882790 0.999100471 90.383758425
0.998570574 0.036575918 -0.038974499 0.883870370 -0.036100715 0.999265825 0.012827706 0.408412292 0.039415070 -0.011402362 0.999157865 92.011598261
0.998423674 0.040228942 -0.039138206 0.805860170 -0.039898175 0.999161431 0.009196243 0.427828920 0.039475341 -0.007620203 0.999191488 93.808088451
0.998230618 0.044500732 -0.039437513 0.731775111 -0.044170170 0.998981527 0.009214402 0.443226231 0.039807394 -0.007456136 0.999179552 95.446201482
0.998106258 0.046688133 -0.040051426 0.658716244 -0.046295616 0.998870764 0.010672952 0.460052022 0.040504499 -0.008798535 0.999140616 97.089595471
0.998135611 0.045351681 -0.040847604 0.581470624 -0.044887094 0.998917320 0.012220368 0.481082318 0.041357593 -0.010364054 0.999090654 98.900993121
0.998313687 0.040474984 -0.041611985 0.515623110 -0.039933500 0.999107551 0.013762914 0.501368437 0.042131902 -0.012077993 0.999039051 100.552178969
0.998442549 0.035867577 -0.042731633 0.449539154 -0.035290060 0.999276312 0.014193768 0.521342994 0.043209805 -0.012663660 0.998985758 102.207347991
0.998488201 0.033309539 -0.043723983 0.372890973 -0.032677121 0.999351888 0.015099976 0.547199267 0.044198618 -0.013648374 0.998929529 104.030870638
0.998415461 0.034638098 -0.044348263 0.295972675 -0.033928953 0.999285635 0.016644669 0.572539204 0.044893122 -0.015113605 0.998877463 105.691924964
0.998320580 0.036726172 -0.044801864 0.216231447 -0.036106631 0.999241865 0.014560458 0.598095399 0.045302648 -0.012918360 0.998889777 107.352506580
0.998257670 0.038342463 -0.044849523 0.126233055 -0.037747506 0.999188695 0.014038463 0.623319622 0.045351406 -0.012321045 0.998895111 109.187681063
0.998230429 0.039368273 -0.044566244 0.046045891 -0.038599663 0.999093019 0.017977938 0.649031270 0.045233583 -0.016225883 0.998844654 110.863870926
0.998233511 0.039706412 -0.044195675 -0.040832359 -0.038822983 0.999032268 0.020671342 0.682954223 0.044973691 -0.018919019 0.998809010 112.708831850
0.998182674 0.041623349 -0.043575751 -0.120169615 -0.040798422 0.998974109 0.019652446 0.716523559 0.044349047 -0.017838910 0.998856814 114.383852874
0.998103295 0.044198454 -0.042852171 -0.200651378 -0.043443377 0.998886530 0.018394920 0.749227950 0.043617483 -0.016498388 0.998912067 116.061313298
0.997970813 0.047640377 -0.042245133 -0.290314633 -0.046923799 0.998739948 0.017795308 0.778332232 0.043039677 -0.015776896 0.998948785 117.912459323
0.997968322 0.048129347 -0.041746795 -0.367272884 -0.047392855 0.998705804 0.018456258 0.806190697 0.042581054 -0.016440261 0.998957743 119.597914704
0.997990599 0.047991891 -0.041370801 -0.442482680 -0.047197125 0.998685779 0.019978623 0.833740924 0.042275243 -0.017985895 0.998944098 121.285122831
0.998023646 0.047484620 -0.041158383 -0.523145601 -0.046669969 0.998699300 0.020533463 0.867250178 0.042079872 -0.018572021 0.998941622 123.140818637
0.998015061 0.047551498 -0.041289136 -0.597341674 -0.046728364 0.998693592 0.020677727 0.897444164 0.042218453 -0.018707310 0.998933250 124.830304406
0.998037373 0.046987819 -0.041395006 -0.671532026 -0.046163175 0.998720297 0.020657447 0.928216046 0.042312681 -0.018705979 0.998929288 126.520027449
0.998096628 0.045443755 -0.041689156 -0.751991185 -0.044599963 0.998785188 0.020952137 0.961586165 0.042590656 -0.019052922 0.998910918 128.380323318
0.998122126 0.044332286 -0.042271393 -0.825051685 -0.043483021 0.998837548 0.020803342 0.993725131 0.043144515 -0.018926188 0.998889559 130.071586719
0.998128633 0.043736499 -0.042735822 -0.899147293 -0.042885543 0.998866967 0.020630375 1.026228593 0.043589701 -0.018759019 0.998873384 131.763722385
0.998113903 0.043859961 -0.042952776 -0.983843965 -0.042973115 0.998847919 0.021357584 1.058988327 0.043840034 -0.019471487 0.998848794 133.629269720
0.998098517 0.044032475 -0.043133421 -1.061579314 -0.043107881 0.998825148 0.022136697 1.090899839 0.044057479 -0.020235214 0.998824046 135.328528812
0.998082822 0.044618183 -0.042894024 -1.147273750 -0.043627787 0.998765393 0.023755109 1.129386970 0.043900977 -0.021838195 0.998797175 137.199283467
0.998166330 0.043142188 -0.042458550 -1.222129983 -0.042184930 0.998840666 0.023189559 1.166149856 0.043409775 -0.021355926 0.998829072 138.898242218
0.998230064 0.041958732 -0.042145044 -1.296492357 -0.041006462 0.998889235 0.023211335 1.203123560 0.043072149 -0.021442034 0.998841844 140.598413939
0.998321078 0.040133580 -0.041765057 -1.376808311 -0.039271301 0.999002266 0.021265856 1.241106852 0.042576862 -0.019589984 0.998901118 142.468438967
0.998324853 0.040147319 -0.041661492 -1.451173447 -0.039323571 0.999018116 0.020407353 1.271809774 0.042439886 -0.018734889 0.998923350 144.171938530
0.998280359 0.041638383 -0.041262218 -1.526391306 -0.040755271 0.998926538 0.022017701 1.303369260 0.042134706 -0.020298186 0.998905726 145.876427683
0.998206892 0.043807733 -0.040790716 -1.610229426 -0.042845628 0.998789309 0.024169572 1.340744926 0.041800145 -0.022378529 0.998875342 147.752096862
0.998136506 0.045659520 -0.040481139 -1.685996318 -0.044704990 0.998707566 0.024179790 1.376966228 0.041532858 -0.022325022 0.998887689 149.452557931
0.998103704 0.046854502 -0.039920555 -1.760919051 -0.045915736 0.998654144 0.024117317 1.411895950 0.040996833 -0.022238602 0.998911760 151.152568557
0.998138081 0.046173698 -0.039854238 -1.840216053 -0.045294814 0.998716149 0.022681142 1.447884581 0.040850343 -0.020833722 0.998948049 153.022763007
0.998209813 0.044329669 -0.040150343 -1.909862009 -0.043382085 0.998766073 0.024172820 1.482328305 0.041172374 -0.022387741 0.998901209 154.722894819
0.998249481 0.042709638 -0.040912840 -1.985930099 -0.041648276 0.998782098 0.026452641 1.521443068 0.041992795 -0.024702386 0.998812494 156.592989828
0.998272252 0.041157524 -0.041935305 -2.056276570 -0.040123415 0.998876647 0.025210213 1.560062387 0.042925786 -0.023484069 0.998802220 158.286345045
0.998260876 0.040446632 -0.042886987 -2.130633527 -0.039413911 0.998918665 0.024658543 1.594001822 0.043837967 -0.022925315 0.998775582 159.983994729
0.998223580 0.040083700 -0.044079259 -2.214812244 -0.038985456 0.998914375 0.025499116 1.633741784 0.045053504 -0.023735368 0.998702565 161.848595276
0.998204151 0.038906943 -0.045549119 -2.292503658 -0.037779717 0.998964437 0.025352444 1.669968257 0.046488336 -0.023586082 0.998640341 163.541308596
0.998203484 0.037268057 -0.046913714 -2.371208237 -0.036090709 0.999018054 0.025698031 1.707800046 0.047825363 -0.023958715 0.998568332 165.231928876
0.998134335 0.037251343 -0.048375486 -2.461735139 -0.035988824 0.998995119 0.026712470 1.748124033 0.049321950 -0.024921656 0.998471961 167.093501425
0.998051992 0.037593669 -0.049788920 -2.547579626 -0.036350912 0.999010228 0.025635423 1.785538345 0.050703370 -0.023775613 0.998430713 168.784637118
0.997937904 0.039055341 -0.050937420 -2.637112063 -0.037785688 0.998956479 0.025655313 1.822870884 0.051886243 -0.023677703 0.998372267 170.474747366
0.997792918 0.041559636 -0.051788892 -2.738805993 -0.040299814 0.998871370 0.025137838 1.863276743 0.052775161 -0.022995274 0.998341625 172.333187876
0.997684322 0.043052404 -0.052654391 -2.832406096 -0.041862780 0.998847163 0.023491527 1.899887423 0.053605056 -0.021232869 0.998336448 174.018700021
0.997572863 0.045348300 -0.052838577 -2.928554742 -0.044129978 0.998737452 0.024000975 1.935017708 0.053860269 -0.021610956 0.998314599 175.708568897
0.997470257 0.047492856 -0.052891539 -3.035579136 -0.046217428 0.998616458 0.025082239 1.974132340 0.054009588 -0.022574277 0.998285213 177.566680281
0.997449458 0.048420822 -0.052440470 -3.131382204 -0.047168904 0.998577676 0.024853978 2.008526841 0.053569332 -0.022317028 0.998314718 179.256676178
0.997521531 0.047734511 -0.051693431 -3.233703145 -0.046474680 0.998598883 0.025305642 2.050702292 0.052828954 -0.022840487 0.998342333 181.112216158
0.997560912 0.047251473 -0.051376310 -3.325108889 -0.045985169 0.998615140 0.025557103 2.087091600 0.052512771 -0.023132219 0.998352297 182.801726216
0.997619089 0.046065157 -0.051324009 -3.415269875 -0.044813994 0.998675738 0.025268076 2.123263322 0.052420020 -0.022907881 0.998362344 184.489274238
0.997607362 0.046243898 -0.051391185 -3.516706418 -0.044964172 0.998655763 0.025785483 2.161674929 0.052514525 -0.023413025 0.998345659 186.344937278
0.997579337 0.046994193 -0.051254384 -3.609264402 -0.045625299 0.998578400 0.027559223 2.199923658 0.052476644 -0.025154014 0.998305303 188.032988291
0.997513070 0.048430767 -0.051206800 -3.702446693 -0.047017812 0.998488893 0.028447419 2.240080904 0.052507151 -0.025969040 0.998282830 189.716911178
0.997411255 0.050276588 -0.051410635 -3.805663043 -0.048905139 0.998422132 0.027595892 2.284287868 0.052716944 -0.025010209 0.998296255 191.569518353
0.997329921 0.051630623 -0.051645991 -3.899812132 -0.050327975 0.998388669 0.026213732 2.322189854 0.052916203 -0.023544501 0.998321357 193.250930479
0.997286939 0.051961407 -0.052141861 -3.994668412 -0.050736557 0.998410371 0.024546541 2.356385558 0.053334448 -0.021834446 0.998337966 194.930885308
0.997263357 0.051789394 -0.052760363 -4.097422759 -0.050548575 0.998418888 0.024587916 2.395697706 0.053950336 -0.021853667 0.998304452 196.779102465
0.997234714 0.051678672 -0.053406362 -4.191637404 -0.050418087 0.998423010 0.024688240 2.428971769 0.054597996 -0.021927323 0.998267625 198.455028723
0.997213385 0.051587731 -0.053890363 -4.285797274 -0.050282216 0.998414356 0.025307546 2.464509409 0.055110471 -0.022527296 0.998226105 200.130231827
0.997170601 0.051594677 -0.054669751 -4.392488480 -0.050283745 0.998419766 0.025090164 2.499884856 0.055877879 -0.022270174 0.998189211 201.973626599
0.997142512 0.051298786 -0.055454889 -4.487250398 -0.050040616 0.998462508 0.023844422 2.531981819 0.056592817 -0.021001290 0.998176437 203.642286454
0.997111533 0.050941985 -0.056333868 -4.592297566 -0.049663249 0.998480695 0.023871799 2.566212795 0.057464357 -0.021005123 0.998126561 205.474144747
0.997103953 0.050166071 -0.057158300 -4.689016343 -0.048816524 0.998500619 0.024768121 2.599672970 0.058315117 -0.021906122 0.998057848 207.139765144
0.997088531 0.049568397 -0.057943378 -4.786593669 -0.048130357 0.998503747 0.025956428 2.635523510 0.059143299 -0.023092021 0.997982379 208.803856845
0.997056397 0.049136965 -0.058856606 -4.897465273 -0.047772569 0.998560918 0.024369527 2.669740212 0.059969351 -0.021486061 0.997968950 210.630602584
0.996965704 0.049904519 -0.059740472 -5.000869885 -0.048596442 0.998550109 0.023153083 2.701686339 0.060809298 -0.020179656 0.997945395 212.288300613
0.996882921 0.050623733 -0.060511820 -5.105091478 -0.049228208 0.998491045 0.024335491 2.733394162 0.061652464 -0.021280747 0.997870785 213.945270042
0.996826129 0.050918563 -0.061196152 -5.219689377 -0.049490111 0.998470717 0.024636486 2.771827945 0.062357020 -0.021529688 0.997821665 215.764749193
0.996739801 0.051719137 -0.061926570 -5.325639164 -0.050251471 0.998422938 0.025028530 2.805394181 0.063123362 -0.021835031 0.997766843 217.418514336
0.996696039 0.051602179 -0.062723365 -5.433735880 -0.050086546 0.998419254 0.025501610 2.839189950 0.063940154 -0.022275757 0.997705090 219.072649700
0.996622198 0.051844974 -0.063689030 -5.554244364 -0.050302946 0.998406308 0.025582368 2.876180726 0.064913846 -0.022292210 0.997641845 220.890901254
0.996521081 0.052780851 -0.064497418 -5.665496428 -0.051173444 0.998342735 0.026326056 2.912211036 0.065780040 -0.022933915 0.997570560 222.542533051
0.996371014 0.054359477 -0.065496946 -5.790700882 -0.052656847 0.998235360 0.027448554 2.953164181 0.066873457 -0.023900081 0.997475176 224.359323455
0.996240650 0.055459381 -0.066549413 -5.906231595 -0.053712018 0.998170359 0.027766064 2.990938446 0.067967541 -0.024087179 0.997396722 226.010469204
0.996204536 0.054592453 -0.067795183 -6.021206646 -0.052779698 0.998206531 0.028249332 3.027788267 0.069215795 -0.024563903 0.997299247 227.662586439
0.996154425 0.053142523 -0.069657972 -6.148661723 -0.051282918 0.998285397 0.028219299 3.068347846 0.071038181 -0.024538515 0.997171719 229.472420352
0.996109408 0.051614990 -0.071427860 -6.265702235 -0.049826022 0.998403467 0.026606087 3.105741071 0.072687096 -0.022943608 0.997090857 231.113625520
0.996076796 0.050040278 -0.072986210 -6.385969650 -0.048379193 0.998532115 0.024352994 3.140316208 0.074097705 -0.020726438 0.997035579 232.754831541
0.995944043 0.050291072 -0.074607448 -6.522331228 -0.048704943 0.998549970 0.022930024 3.174284575 0.075652440 -0.019203269 0.996949318 234.553022665
0.995847019 0.050574059 -0.075703233 -6.649174601 -0.048906261 0.998521535 0.023725961 3.203141348 0.076791226 -0.019925065 0.996848082 236.191674952
0.995720636 0.052894944 -0.075779549 -6.787879759 -0.051056242 0.998357270 0.026000405 3.239459156 0.077030354 -0.022020120 0.996785553 237.988100310
0.995653106 0.055580684 -0.074737406 -6.908140258 -0.053493037 0.998127871 0.029652103 3.275037569 0.076245572 -0.025525277 0.996762295 239.619084256
0.995602114 0.058065385 -0.073517629 -7.029903494 -0.055991111 0.997981368 0.029969731 3.314635042 0.075109428 -0.025721594 0.996843505 241.245949800
0.995630780 0.058986564 -0.072387391 -7.152163069 -0.057100667 0.997979817 0.027853179 3.345732548 0.073884119 -0.023598114 0.996987596 242.868314795
0.995710098 0.058763271 -0.071472223 -7.290791449 -0.057193298 0.998078932 0.023819579 3.370059340 0.072734636 -0.019629663 0.997158136 244.656688285
0.995950029 0.055741023 -0.070544150 -7.409434436 -0.054341443 0.998288602 0.021607262 3.393288551 0.071627832 -0.017686282 0.997274611 246.279030496
0.996184439 0.052518692 -0.069701874 -7.536344332 -0.051129104 0.998459003 0.021573917 3.413899385 0.070727498 -0.017927806 0.997334555 248.063072835
0.996367496 0.050187229 -0.068797203 -7.645407873 -0.048771499 0.998565285 0.022106837 3.436728903 0.069807979 -0.018671192 0.997385699 249.670270966
0.996529287 0.048056091 -0.067970520 -7.756368348 -0.046625832 0.998659545 0.022475443 3.440010201 0.068959491 -0.019228255 0.997434140 251.272353626
0.996544447 0.047744753 -0.067967673 -7.881450009 -0.046290748 0.998667546 0.022810072 3.449882416 0.068966171 -0.019584976 0.997426737 253.020255050
0.996545631 0.047066523 -0.068421841 -7.995334139 -0.045624491 0.998705498 0.022488551 3.449403939 0.069391726 -0.019289155 0.997402986 254.601767826
0.996563692 0.046039297 -0.068856312 -8.104986685 -0.044628339 0.998763763 0.021891959 3.455711125 0.069779079 -0.018743788 0.997386360 256.162768534
0.996420581 0.047932960 -0.069630858 -8.232641052 -0.046455098 0.998662612 0.022691654 3.450617215 0.070625413 -0.019375722 0.997314711 257.870609952
0.996205609 0.051626744 -0.070064707 -8.352000061 -0.049972166 0.998433476 0.025166991 3.453514386 0.071254239 -0.021570212 0.997224929 259.410895122
0.995805360 0.058177773 -0.070618916 -8.474928830 -0.056385805 0.998040913 0.027110462 3.459736209 0.072057794 -0.023014839 0.997134891 260.934024355
0.995509882 0.062471598 -0.071115221 -8.604733688 -0.060712872 0.997799940 0.026631329 3.473659205 0.072622465 -0.022194142 0.997112530 262.584830898
0.995476353 0.062039497 -0.071957840 -8.713597149 -0.060664626 0.997934332 0.021139371 3.489542005 0.073120675 -0.016678448 0.997183632 264.060452149
0.995546842 0.058626175 -0.073820440 -8.827151297 -0.057491052 0.998194191 0.017410792 3.482928158 0.074707863 -0.013089244 0.997119555 265.668930831
0.995454739 0.058168029 -0.075407844 -8.933345353 -0.057289533 0.998262735 0.013763018 3.473442408 0.076077408 -0.009380382 0.997057790 267.111927240
0.995562051 0.055356925 -0.076103959 -9.035321931 -0.054397364 0.998412246 0.014625799 3.470062320 0.076792764 -0.010421036 0.996992615 268.539357018
0.995511635 0.055955121 -0.076325682 -9.151797648 -0.054018126 0.998169090 0.027212328 3.481061604 0.077708605 -0.022967219 0.996711533 270.095119445
0.995510305 0.054971834 -0.077054066 -9.257630927 -0.052516305 0.998056627 0.033541121 3.498717026 0.078748139 -0.029343937 0.996462575 271.485355231
0.995887050 0.046218810 -0.077928200 -9.359658988 -0.043808027 0.998515495 0.032367632 3.512271955 0.079308509 -0.028820625 0.996433406 272.850817900
0.995843646 0.044799526 -0.079299654 -9.478194049 -0.042644702 0.998679084 0.028662100 3.515202377 0.080478955 -0.025161260 0.996438683 274.328228166
0.995821974 0.042528010 -0.080808190 -9.583666582 -0.040893355 0.998926150 0.021777988 3.521106322 0.081647589 -0.018382481 0.996491724 275.644528444
0.995840849 0.040732627 -0.081497592 -9.690690455 -0.039159339 0.999016230 0.020811478 3.526110584 0.082265123 -0.017533528 0.996456233 276.946614157
0.995620571 0.045335818 -0.081757821 -9.814943819 -0.043456721 0.998751920 0.024619421 3.529106275 0.082771923 -0.020958675 0.996348103 278.355343452
0.995623497 0.044159548 -0.082363749 -9.919899913 -0.042366658 0.998828279 0.023390933 3.535093627 0.083300175 -0.019799085 0.996327796 279.611240818
0.995622353 0.042074738 -0.083461643 -10.031716318 -0.040495622 0.998968893 0.020524502 3.536826367 0.084239148 -0.017054821 0.996299603 280.975538561
0.995531302 0.042209445 -0.084473606 -10.136437709 -0.041011362 0.999032652 0.015869098 3.537253009 0.085061717 -0.012333806 0.996299343 282.201193681
0.995535362 0.039382440 -0.085780925 -10.237026356 -0.038771809 0.999209573 0.008773570 3.534125404 0.086058646 -0.005408517 0.996275392 283.420937688
0.995463469 0.039204194 -0.086692062 -10.350772516 -0.038629474 0.999219150 0.008297778 3.531233679 0.086949677 -0.004911266 0.996200599 284.765964130
0.995397679 0.039925732 -0.087117140 -10.458450859 -0.038962801 0.999159615 0.012726511 3.514739213 0.087552044 -0.009273612 0.996116780 285.998470506
0.995352737 0.039517641 -0.087813919 -10.563410912 -0.038366437 0.999154728 0.014759610 3.510540158 0.088322958 -0.011321911 0.996027545 287.217574197
0.995250581 0.040328867 -0.088599461 -10.679901413 -0.039172898 0.999123605 0.014748095 3.507776867 0.089116586 -0.011207353 0.995958146 288.553248393
0.995139024 0.041168383 -0.089462215 -10.786893178 -0.040094854 0.999101064 0.013764711 3.511987662 0.089948465 -0.010110827 0.995895097 289.759161893
0.994983884 0.043310576 -0.090173530 -10.895844958 -0.042311917 0.999020415 0.012958058 3.517049006 0.090646419 -0.009077644 0.995841766 290.961444598
0.994886590 0.044024589 -0.090898344 -11.019223882 -0.043128752 0.998999869 0.011797150 3.508588647 0.091326799 -0.007816494 0.995790298 292.287240848
0.994743720 0.045788952 -0.091587684 -11.134162310 -0.044939793 0.998925632 0.011313536 3.505840059 0.092007320 -0.007138137 0.995732745 293.488473806
0.994643871 0.046342800 -0.092390009 -11.259344677 -0.045542953 0.998904559 0.010748085 3.499320831 0.092786898 -0.006482803 0.995664886 294.807143246
0.994555374 0.047002273 -0.093007496 -11.373109271 -0.046184921 0.998873194 0.010922226 3.501384109 0.093416064 -0.006567215 0.995605499 296.002604470
0.994535850 0.047380806 -0.093024205 -11.487756223 -0.046418856 0.998844118 0.012478718 3.501299599 0.093507931 -0.008092455 0.995585646 297.199157805
0.994520616 0.047705680 -0.093021028 -11.614031869 -0.046839069 0.998836494 0.011478643 3.499655790 0.093460394 -0.007058729 0.995597976 298.511655106
0.994581142 0.046441621 -0.093013591 -11.728278585 -0.045721118 0.998905547 0.009863405 3.495968915 0.093369864 -0.005557271 0.995615983 299.703482322
0.994646785 0.045556653 -0.092748936 -11.839758974 -0.044878825 0.998948382 0.009381948 3.496928315 0.093078809 -0.005169262 0.995645325 300.891186670
0.994762070 0.044164436 -0.092184197 -11.960702714 -0.043491814 0.999010555 0.009293679 3.496895675 0.092503436 -0.005235742 0.995698600 302.197314154
0.994790412 0.044629919 -0.091652638 -12.071918674 -0.044003017 0.998992195 0.008850383 3.497108974 0.091955262 -0.004771284 0.995751708 303.382342349
0.994852518 0.044767475 -0.090908422 -12.183693678 -0.044069052 0.998981623 0.009676528 3.491592879 0.091249036 -0.005620470 0.995812243 304.569512490
0.994892035 0.046132875 -0.089786390 -12.306626636 -0.045309928 0.998910377 0.011183443 3.488656527 0.090204481 -0.007058103 0.995898255 305.872055189
0.995007848 0.046345885 -0.088382362 -12.413575587 -0.045364510 0.998884848 0.013081338 3.494571622 0.088890068 -0.009006611 0.996000721 307.050480976
0.995136670 0.046214684 -0.086989718 -12.528537570 -0.045189237 0.998884201 0.013721744 3.502277003 0.087526801 -0.009724012 0.996114704 308.342034912
0.995288474 0.044936398 -0.085916090 -12.629109655 -0.044078531 0.998957704 0.011857001 3.506861694 0.086359351 -0.008014081 0.996231819 309.511050058
0.995455261 0.043476999 -0.084726465 -12.728674766 -0.042745417 0.999031548 0.010430545 3.502060156 0.085097900 -0.006761473 0.996349652 310.683823326
0.995612922 0.042552495 -0.083331836 -12.834361794 -0.041850161 0.999072263 0.010157659 3.505174438 0.083686760 -0.006625645 0.996470083 311.967512829
0.995735687 0.042192187 -0.082038168 -12.930625573 -0.041456032 0.999083495 0.010656835 3.507323932 0.082412615 -0.007210414 0.996572211 313.134955615
0.995820952 0.042826535 -0.080662996 -13.026412111 -0.042066871 0.999053197 0.011094498 3.508537241 0.081061763 -0.007654894 0.996679684 314.298970615
0.995857001 0.044874837 -0.079089085 -13.137542681 -0.044127851 0.998963463 0.011168332 3.494106199 0.079508284 -0.007632030 0.996804988 315.583433100
0.995874645 0.046866569 -0.077699530 -13.234941499 -0.046103079 0.998869426 0.011592040 3.490501256 0.078154964 -0.007962031 0.996909428 316.743328251
0.995900612 0.048803653 -0.076158876 -13.329891806 -0.048072702 0.998778751 0.011402726 3.487767052 0.076622362 -0.007694818 0.997030493 317.899922019
0.995878177 0.051592100 -0.074598340 -13.433512072 -0.050948251 0.998645996 0.010509526 3.486447407 0.075039542 -0.006665552 0.997158281 319.169330522
0.995883834 0.053477784 -0.073181385 -13.524946326 -0.052839541 0.998546424 0.010631195 3.487437585 0.073643543 -0.006720565 0.997261983 320.319275000
0.996005449 0.053576124 -0.071433494 -13.623755484 -0.052902986 0.998535906 0.011283523 3.472495320 0.071933436 -0.007459406 0.997381541 321.593044061
0.996078680 0.054230324 -0.069902325 -13.710086067 -0.053661396 0.998509190 0.009992583 3.467124808 0.070340015 -0.006202342 0.997503791 322.741160900
0.996278090 0.052006107 -0.068741049 -13.791865923 -0.051639529 0.998640549 0.007100218 3.461670438 0.069016853 -0.003524036 0.997609270 323.886670735
0.996488018 0.049334640 -0.067658868 -13.876311126 -0.049193430 0.998782221 0.003752614 3.459324832 0.067761608 -0.000411063 0.997701456 325.138794913
0.996639677 0.048134818 -0.066275141 -13.954335924 -0.047954566 0.998840224 0.004308832 3.454780679 0.066405681 -0.001116158 0.997792082 326.280864475
0.996783236 0.047168841 -0.064794144 -14.031344967 -0.046654503 0.998866582 0.009429122 3.442033624 0.065165466 -0.006375852 0.997854103 327.426600318
0.996864383 0.047130784 -0.063561704 -14.117087023 -0.046273844 0.998817837 0.014888233 3.435081369 0.064188258 -0.011900305 0.997866850 328.684062680
0.996927707 0.046780385 -0.062823109 -14.191676404 -0.045822195 0.998811542 0.016608105 3.439905785 0.063525380 -0.013678387 0.997886480 329.816918209
0.996981865 0.046100335 -0.062465344 -14.272981090 -0.045230908 0.998859959 0.015262607 3.441996463 0.063097742 -0.012391178 0.997930425 331.057726457
0.997035643 0.045378536 -0.062134651 -14.345629091 -0.044643465 0.998916187 0.013168622 3.442669970 0.062664881 -0.010355680 0.997980898 332.181811162
0.997076877 0.044826805 -0.061872926 -14.419346636 -0.044170691 0.998952737 0.011932285 3.435626903 0.062343015 -0.009164435 0.998012706 333.305045616
0.997139428 0.043964979 -0.061482037 -14.499457054 -0.043397765 0.999002364 0.010531448 3.425940201 0.061883715 -0.007833139 0.998052628 334.537102040
0.997193314 0.043224331 -0.061132255 -14.570187130 -0.042722671 0.999041896 0.009490173 3.421189367 0.061483890 -0.006851804 0.998084558 335.650148027
0.997224191 0.043105552 -0.060710993 -14.642755991 -0.042560015 0.999041321 0.010251045 3.411061565 0.061094668 -0.007638729 0.998102746 336.762896823
0.997288856 0.042158783 -0.060312318 -14.717231374 -0.041575096 0.999075916 0.010900678 3.406171454 0.060716144 -0.008363634 0.998120033 337.979598246
0.997294417 0.042649118 -0.059874021 -14.788152188 -0.042021952 0.999048230 0.011695678 3.392123385 0.060315845 -0.009148011 0.998137422 339.090576023
0.997357113 0.042047350 -0.059252086 -14.855597814 -0.041379827 0.999065934 0.012448666 3.386045592 0.059720174 -0.009963924 0.998165428 340.194728114
0.997431644 0.041269685 -0.058539976 -14.927893217 -0.040535077 0.999084439 0.013681787 3.382830357 0.059051022 -0.011273725 0.998191304 341.408843547
0.997498778 0.040713168 -0.057780849 -14.992004466 -0.039907405 0.999090310 0.015031687 3.384745840 0.058340274 -0.012688205 0.998216120 342.506185112
0.997661100 0.037756126 -0.056980741 -15.060356666 -0.037018855 0.999217336 0.013939874 3.379166642 0.057462459 -0.011797909 0.998277955 343.712194983
0.997816356 0.035014085 -0.056004767 -15.119210531 -0.034280907 0.999314186 0.013999204 3.377343712 0.056456528 -0.012048740 0.998332354 344.804692066
0.997970116 0.031908769 -0.055113322 -15.175678203 -0.031139155 0.999405966 0.014767158 3.378626676 0.055551785 -0.013021000 0.998370899 345.893560613
0.998094286 0.029552060 -0.054170774 -15.237698524 -0.028773793 0.999472024 0.015091139 3.381732152 0.054588147 -0.013503681 0.998417640 347.087550044
0.998149132 0.029112961 -0.053392380 -15.294458550 -0.028414499 0.999501038 0.013794610 3.387039839 0.053767341 -0.012251960 0.998478323 348.164182826
0.998202083 0.029318306 -0.052278480 -15.352827046 -0.028781044 0.999525208 0.011000467 3.377989583 0.052576173 -0.009476060 0.998571955 349.242029986
0.998221235 0.030911368 -0.050978944 -15.416479528 -0.030563550 0.999504019 0.007588458 3.371121897 0.051188229 -0.006016863 0.998670898 350.420110739
0.998241856 0.032449692 -0.049600539 -15.473067769 -0.032139187 0.999458573 0.007045102 3.360173109 0.049802296 -0.005438595 0.998744288 351.491322349
0.998253396 0.033953519 -0.048345798 -15.527921053 -0.033649735 0.999408582 0.007083887 3.351237537 0.048557728 -0.005444691 0.998805538 352.557577581
0.998295933 0.035009671 -0.046685689 -15.585976931 -0.034710331 0.999371426 0.007207404 3.338765774 0.046908673 -0.005574646 0.998883627 353.728537870
0.998375369 0.034598292 -0.045272291 -15.636440073 -0.034259120 0.999378960 0.008246622 3.325317159 0.045529494 -0.006682236 0.998940645 354.794982906
0.998476028 0.034018489 -0.043455299 -15.691101099 -0.033556212 0.999372680 0.011323702 3.313869249 0.043813254 -0.009848250 0.998991197 355.968562878
0.998579555 0.032647532 -0.042107148 -15.735075178 -0.032197231 0.999417331 0.011328543 3.309869451 0.042452462 -0.009956718 0.999048874 357.027864071
0.998639133 0.032280824 -0.040961324 -15.783822583 -0.031962342 0.999453720 0.008406561 3.305370071 0.041210319 -0.007085901 0.999125367 358.189270410
0.998641675 0.033543876 -0.039869965 -15.828719757 -0.033329240 0.999426199 0.006036122 3.301079362 0.040049563 -0.004699087 0.999186645 359.244347150
0.998601545 0.036154447 -0.038572151 -15.876187550 -0.036003002 0.999341031 0.004613922 3.289791182 0.038713547 -0.003218756 0.999245166 360.301706821
0.998535539 0.039144215 -0.037343118 -15.924232417 -0.039020446 0.999230254 0.004037736 3.275581011 0.037472427 -0.002574678 0.999294345 361.359607837
0.998473837 0.041268221 -0.036700558 -15.972481714 -0.041168674 0.999146205 0.003464320 3.274664608 0.036812190 -0.001948119 0.999320303 362.516563287
0.998413355 0.042368016 -0.037090740 -16.015024534 -0.042274219 0.999100563 0.003309844 3.273712803 0.037197610 -0.001736610 0.999306420 363.568859797
0.998356214 0.042987310 -0.037907282 -16.057102427 -0.042874178 0.999073281 0.003792695 3.272628770 0.038035190 -0.002161217 0.999274063 364.621089329
0.998338578 0.042201941 -0.039231114 -16.106011838 -0.042017767 0.999101683 0.005507684 3.260323397 0.039428307 -0.003850130 0.999214984 365.787656691
0.998279094 0.041646814 -0.041284292 -16.150621396 -0.041362302 0.999114371 0.007722273 3.256703544 0.041569338 -0.006001370 0.999117598 366.847542355
0.998141054 0.041632695 -0.044510167 -16.203854744 -0.041311342 0.999113360 0.008115795 3.255996702 0.044808585 -0.006261933 0.998975965 368.013901821
0.997996861 0.041102533 -0.048092080 -16.254859027 -0.040827574 0.999143836 0.006686163 3.260248088 0.048325724 -0.004709287 0.998820528 369.071764256
0.997852154 0.040213921 -0.051709953 -16.309357529 -0.040092881 0.999190253 0.003376349 3.262827688 0.051803857 -0.001295896 0.998656438 370.131081122
0.997703242 0.038815544 -0.055512104 -16.376627954 -0.038875172 0.999244075 0.000005701 3.256423487 0.055470362 0.002152355 0.998458014 371.304864053
0.997548092 0.038513844 -0.058433614 -16.440695761 -0.038649209 0.999252134 -0.001187746 3.252777647 0.058344169 0.003443247 0.998290590 372.374613174
0.997315520 0.039921967 -0.061383951 -16.509842807 -0.040051447 0.999197231 -0.000879874 3.250701026 0.061299548 0.003336029 0.998113839 373.450132226
0.997040310 0.041526580 -0.064700567 -16.589293937 -0.041642157 0.999132493 -0.000438228 3.248056057 0.064626240 0.003131203 0.997904627 374.635586730
0.996845171 0.042143462 -0.067257967 -16.666225154 -0.042105525 0.999111203 0.001982157 3.239504285 0.067281723 0.000856028 0.997733650 375.726274867
0.996568582 0.044208697 -0.069976083 -16.756154970 -0.043779821 0.999011903 0.007651473 3.235118745 0.070245201 -0.004561677 0.997519325 376.932782667
0.996323972 0.045187459 -0.072777998 -16.842287162 -0.044600963 0.998958132 0.009664602 3.226472532 0.073138892 -0.006383106 0.997301338 378.034972885
0.996035944 0.046265889 -0.075972794 -16.929641704 -0.045908251 0.998924849 0.006448076 3.224917384 0.076189438 -0.002934737 0.997089042 379.133676994
0.995731796 0.047030983 -0.079412067 -17.031464047 -0.047064305 0.998890805 0.001453074 3.220922286 0.079392323 0.002290601 0.996840816 380.349864397
0.995434713 0.048850097 -0.081996341 -17.129445204 -0.048951935 0.998800839 0.000769096 3.208011886 0.081935585 0.003248294 0.996632334 381.469144997
0.995143857 0.051130725 -0.084109167 -17.230407089 -0.050974154 0.998691925 0.004009386 3.200017257 0.084204148 0.000297478 0.996448480 382.595644438
0.994933373 0.051350476 -0.086433283 -17.342010637 -0.051105511 0.998680512 0.005045989 3.190395658 0.086578349 -0.000603206 0.996244862 383.839331478
0.994818605 0.049831308 -0.088615931 -17.443792509 -0.049416292 0.998754625 0.006872378 3.184719802 0.088848030 -0.002457699 0.996042161 384.973925215
0.994731108 0.047581627 -0.090807557 -17.547557740 -0.046942864 0.998855591 0.009158343 3.178227251 0.091139405 -0.004847322 0.995826346 386.116604486
0.994521750 0.046725721 -0.093505059 -17.667893346 -0.045869016 0.998883643 0.011291621 3.171610494 0.093928283 -0.006940778 0.995554772 387.379237862
0.994297669 0.046211563 -0.096107427 -17.782899555 -0.045279017 0.998903943 0.011862679 3.160299871 0.096550281 -0.007443384 0.995300276 388.533325017
0.994028275 0.046370290 -0.098780482 -17.910798360 -0.045497310 0.998903088 0.011073178 3.161200067 0.099185595 -0.006512806 0.995047638 389.799382586
0.993815532 0.046022772 -0.101057372 -18.031933126 -0.045325196 0.998930019 0.009189283 3.158422316 0.101372158 -0.004552007 0.994838160 390.955216501
0.993707493 0.043791795 -0.103090720 -18.152210173 -0.043237150 0.999035856 0.007609735 3.157575241 0.103324570 -0.003104502 0.994642848 392.113118325
0.993517776 0.041565375 -0.105805234 -18.289022243 -0.041067406 0.999132679 0.006881762 3.147423206 0.105999510 -0.002492006 0.994363059 393.396174149
