1.000000000 -0.000000000 -0.000000000 -0.000000000 0.000000000 1.000000000 -0.000000000 0.000000000 0.000000000 -0.000000000 1.000000000 -0.000000000
0.999998267 0.001331948 -0.001300442 -0.009299384 -0.001330507 0.999998501 0.001108151 -0.003930117 0.001301916 -0.001106418 0.999998540 1.762063092
0.999994247 0.002333802 -0.002461388 -0.019742115 -0.002330890 0.999996581 0.001185292 -0.006037460 0.002464146 -0.001179548 0.999996268 3.520207350
0.999984969 0.004113209 -0.003625436 -0.034836186 -0.004104925 0.999988954 0.002289472 -0.006004406 0.003634813 -0.002274555 0.999990807 5.451301645
0.999975186 0.005324127 -0.004613097 -0.049829249 -0.005308384 0.999980068 0.003418194 -0.004316579 0.004631204 -0.003393621 0.999983518 7.203503673
0.999963176 0.006462605 -0.005646288 -0.066143741 -0.006443509 0.999973481 0.003393839 -0.002277795 0.005668072 -0.003357332 0.999978300 8.951797754
0.999946999 0.007733564 -0.006796338 -0.085142573 -0.007713540 0.999965847 0.002967482 0.000116008 0.006819055 -0.002914901 0.999972502 10.870126517
0.999931590 0.008488287 -0.008047608 -0.103170318 -0.008476340 0.999962924 0.001517523 -0.000233838 0.008060191 -0.001449205 0.999966466 12.609863189
0.999920706 0.008761006 -0.009045754 -0.123223621 -0.008763802 0.999961561 -0.000269487 -0.003936520 0.009043045 0.000348741 0.999959050 14.346296477
0.999907311 0.008952234 -0.010258016 -0.146766402 -0.008971641 0.999958047 -0.001847431 -0.011571935 0.010241047 0.001939291 0.999945679 16.253543727
0.999895549 0.008905481 -0.011383489 -0.170667473 -0.008932899 0.999957316 -0.002359927 -0.020947967 0.011361987 0.002461368 0.999932421 17.984382998
0.999884799 0.008719405 -0.012424228 -0.195586465 -0.008763674 0.999955427 -0.003513148 -0.032729161 0.012393042 0.003621625 0.999916645 19.711133452
0.999876674 0.008194385 -0.013397322 -0.225199055 -0.008244055 0.999959332 -0.003656407 -0.045680208 0.013366815 0.003766405 0.999903567 21.607180187
0.999862210 0.008692266 -0.014142358 -0.254264914 -0.008732408 0.999958010 -0.002779145 -0.055572287 0.014117607 0.002902259 0.999896130 23.328049168
0.999852571 0.008901135 -0.014683546 -0.284342003 -0.008918087 0.999959640 -0.001089430 -0.064439994 0.014673256 0.001220218 0.999891597 25.046458432
0.999842373 0.009760881 -0.014830848 -0.320339478 -0.009766492 0.999952260 -0.000305922 -0.072262339 0.014827154 0.000450719 0.999889970 26.931389218
0.999840558 0.009986140 -0.014803209 -0.352671699 -0.009978187 0.999950030 0.000610990 -0.079403401 0.014808571 -0.000463183 0.999890240 28.642591213
0.999840902 0.009967982 -0.014792227 -0.384438069 -0.009959068 0.999950179 0.000676175 -0.084715484 0.014798231 -0.000528751 0.999890360 30.349411549
0.999848810 0.009057791 -0.014842990 -0.417115458 -0.009025242 0.999956721 0.002258366 -0.087848628 0.014862803 -0.002124063 0.999887286 32.224527995
0.999852267 0.008182874 -0.015115682 -0.446869990 -0.008165645 0.999965939 0.001201212 -0.089357643 0.015124996 -0.001077605 0.999885030 33.923153223
0.999859304 0.007051055 -0.015220195 -0.474990509 -0.007050535 0.999975141 0.000087785 -0.091450483 0.015220436 0.000019537 0.999884162 35.614237684
0.999859355 0.006623733 -0.015407660 -0.509229230 -0.006618834 0.999978027 0.000368920 -0.095909557 0.015409765 -0.000266888 0.999881227 37.469983191
0.999864094 0.005741173 -0.015454216 -0.539430907 -0.005712061 0.999981829 0.001927242 -0.099776546 0.015465000 -0.001838705 0.999878719 39.149865404
0.999862275 0.005547498 -0.015641481 -0.570186787 -0.005493645 0.999978841 0.003483843 -0.101780897 0.015660477 -0.003397435 0.999871595 40.821228984
0.999866699 0.004006711 -0.015828153 -0.603181354 -0.003942645 0.999983918 0.004076714 -0.103089281 0.015844233 -0.004013766 0.999866416 42.646194572
0.999863569 0.003346988 -0.016175293 -0.633696647 -0.003280817 0.999986149 0.004115663 -0.104904925 0.016188844 -0.004062033 0.999860701 44.293171677
0.999854987 0.002711531 -0.016812248 -0.663117558 -0.002645200 0.999988635 0.003966377 -0.105247216 0.016822812 -0.003921330 0.999850797 45.924091031
0.999844370 0.002680979 -0.017436984 -0.697597697 -0.002620943 0.999990562 0.003464978 -0.108357156 0.017446109 -0.003418737 0.999841960 47.703106483
0.999831429 0.003100277 -0.018097012 -0.732622488 -0.003044579 0.999990546 0.003104489 -0.111056078 0.018106465 -0.003048868 0.999831416 49.304479827
0.999818490 0.003638568 -0.018701535 -0.768319579 -0.003561149 0.999984959 0.004171340 -0.114150486 0.018716432 -0.004103984 0.999816409 50.891639225
0.999801971 0.004503084 -0.019384065 -0.808695076 -0.004395421 0.999974698 0.005593208 -0.117141748 0.019408762 -0.005506899 0.999796466 52.618123507
0.999786979 0.005038948 -0.020015138 -0.844881600 -0.004910259 0.999966991 0.006473544 -0.119555795 0.020047097 -0.006373886 0.999778719 54.168704876
0.999774468 0.005333035 -0.020556567 -0.881501446 -0.005203204 0.999966212 0.006364097 -0.121762898 0.020589812 -0.006255701 0.999768436 55.701117853
0.999758577 0.005164714 -0.021356806 -0.922133001 -0.005076981 0.999978458 0.004160164 -0.124927352 0.021377832 -0.004050731 0.999763262 57.363246721
0.999737314 0.004421818 -0.022488888 -0.958733000 -0.004350173 0.999985309 0.003233708 -0.130024803 0.022502856 -0.003135028 0.999741863 58.858978719
0.999712157 0.003900598 -0.023672521 -1.002010057 -0.003822138 0.999987055 0.003358727 -0.134969676 0.023685316 -0.003267281 0.999714124 60.486219878
0.999687573 0.003862584 -0.024694891 -1.043016542 -0.003771169 0.999985868 0.003747269 -0.138894661 0.024709017 -0.003652970 0.999688011 61.950935232
0.999661939 0.004382644 -0.025628104 -1.085972355 -0.004254611 0.999978207 0.005048193 -0.141930583 0.025649670 -0.004937449 0.999658800 63.401942088
0.999629194 0.004807497 -0.026802267 -1.133201703 -0.004679977 0.999977440 0.004818472 -0.147257585 0.026824827 -0.004691252 0.999629142 64.981965471
0.999595234 0.005553504 -0.027902105 -1.177272460 -0.005444911 0.999977310 0.003966409 -0.149672811 0.027923499 -0.003812879 0.999602791 66.404497680
0.999563668 0.005773857 -0.028967847 -1.223355381 -0.005680549 0.999978413 0.003302360 -0.153354702 0.028986289 -0.003136366 0.999574889 67.818433497
0.999524842 0.005315416 -0.030361770 -1.274971915 -0.005253110 0.999983931 0.002131520 -0.158075986 0.030372612 -0.001971013 0.999536702 69.363028391
0.999487751 0.004836187 -0.031636161 -1.322884534 -0.004799900 0.999987733 0.001222851 -0.161862747 0.031641687 -0.001070374 0.999498703 70.758347161
0.999450762 0.004548146 -0.032825134 -1.371662195 -0.004514369 0.999989202 0.001103055 -0.165852069 0.032829797 -0.000954264 0.999460501 72.148042142
0.999407305 0.004588955 -0.034117159 -1.427709300 -0.004545749 0.999988765 0.001343841 -0.172700641 0.034122943 -0.001187956 0.999416937 73.668792056
0.999367859 0.004054842 -0.035319133 -1.479550477 -0.004025759 0.999991497 0.000894489 -0.179901741 0.035322459 -0.000751737 0.999375684 75.043270058
0.999321494 0.003926893 -0.036621455 -1.531643288 -0.003946249 0.999992109 -0.000456291 -0.186219001 0.036619374 0.000600499 0.999329105 76.406403172
0.999277804 0.002708395 -0.037901658 -1.589759255 -0.002780770 0.999994410 -0.001856955 -0.194225640 0.037896416 0.001961010 0.999279749 77.897451196
0.999232038 0.002882111 -0.039077192 -1.645629244 -0.002953017 0.999994096 -0.001756909 -0.201194411 0.039071897 0.001870955 0.999234650 79.246167394
0.999187215 0.003204280 -0.040182604 -1.703827996 -0.003215245 0.999994809 -0.000208254 -0.208510123 0.040181728 0.000337282 0.999192331 80.588751715
0.999141430 0.004005484 -0.041235411 -1.770635595 -0.003985170 0.999991894 0.000574827 -0.215806331 0.041237380 -0.000410003 0.999149293 82.056256388
0.999101907 0.004752109 -0.042104593 -1.831522724 -0.004742713 0.999988701 0.000323039 -0.219623173 0.042105652 -0.000123058 0.999113156 83.379311489
0.999057415 0.004785279 -0.043143744 -1.892353146 -0.004783894 0.999988548 0.000135354 -0.223403521 0.043143898 0.000071169 0.999068866 84.695659733
0.999002856 0.004455480 -0.044423442 -1.959801396 -0.004437339 0.999990026 0.000506974 -0.227877191 0.044425258 -0.000309347 0.999012663 86.134017427
0.998957852 0.003994368 -0.045467077 -2.022873864 -0.003984638 0.999992015 0.000304628 -0.231119363 0.045467930 -0.000123141 0.998965791 87.431534437
0.998903452 0.003276108 -0.046702899 -2.092920958 -0.003238747 0.999994372 0.000875610 -0.236288107 0.046705505 -0.000723391 0.998908441 88.849358469
0.998857274 0.002551650 -0.047724584 -2.155943627 -0.002461411 0.999995070 0.001949495 -0.239342947 0.047729323 -0.001829797 0.998858630 90.124480676
0.998809758 0.002385172 -0.048717334 -2.218742134 -0.002272770 0.999994627 0.002362488 -0.240540179 0.048722707 -0.002248953 0.998809812 91.382522470
0.998754973 0.001627876 -0.049858347 -2.289440821 -0.001507189 0.999995843 0.002458097 -0.243833787 0.049862142 -0.002379891 0.998753274 92.751130565
0.998703067 0.001055292 -0.050902553 -2.354876876 -0.000895456 0.999994598 0.003162727 -0.248032275 0.050905615 -0.003113045 0.998698617 93.979804502
0.998652814 0.001245421 -0.051874913 -2.422091948 -0.001028944 0.999990652 0.004199564 -0.253307178 0.051879658 -0.004140530 0.998644760 95.192833406
0.998593443 0.001856600 -0.052987620 -2.498113513 -0.001602458 0.999987011 0.004838329 -0.259337658 0.052995914 -0.004746613 0.998583448 96.507827504
0.998546855 0.002326271 -0.053840199 -2.566654259 -0.002038047 0.999983302 0.005407601 -0.263881035 0.053851880 -0.005290014 0.998534922 97.684168748
0.998494679 0.003233913 -0.054753246 -2.634906969 -0.002959002 0.999982611 0.005101234 -0.268777954 0.054768791 -0.004931540 0.998486885 98.841867706
0.998438989 0.003748461 -0.055727326 -2.709407928 -0.003569241 0.999988135 0.003315192 -0.273323466 0.055739092 -0.003111112 0.998440521 100.092960919
0.998385733 0.003779984 -0.056671323 -2.776057182 -0.003656403 0.999990707 0.002284183 -0.277980772 0.056679431 -0.002073283 0.998390276 101.215866215
0.998325187 0.004639665 -0.057665358 -2.841749071 -0.004527631 0.999987601 0.002073334 -0.282525182 0.057674263 -0.001808774 0.998333816 102.324813374
0.998266993 0.004637515 -0.058664341 -2.915966822 -0.004511436 0.999987221 0.002281414 -0.287786650 0.058674171 -0.002012800 0.998275158 103.529776122
0.998208712 0.005274612 -0.059594839 -2.984640566 -0.005124674 0.999983308 0.002668503 -0.291267956 0.059607919 -0.002358319 0.998219081 104.611217686
0.998144266 0.005289119 -0.060663419 -3.060482747 -0.005139124 0.999983340 0.002628338 -0.294842325 0.060676310 -0.002311704 0.998154818 105.788107735
0.998082123 0.005672257 -0.061643345 -3.130465471 -0.005540558 0.999981989 0.002307185 -0.296005340 0.061655322 -0.001961222 0.998095574 106.845921581
0.998011776 0.006053606 -0.062736336 -3.200859361 -0.005913918 0.999979604 0.002412041 -0.297424028 0.062749658 -0.002036228 0.998027221 107.895305513
0.997946520 0.006126921 -0.063758949 -3.276493273 -0.005978026 0.999978942 0.002525794 -0.300582695 0.063773081 -0.002139455 0.997962132 109.040543017
0.997885290 0.005658651 -0.064752814 -3.346246595 -0.005522567 0.999982150 0.002280387 -0.305297574 0.064764562 -0.001917963 0.997898729 110.072152225
0.997815243 0.005638040 -0.065825177 -3.416217179 -0.005497028 0.999982193 0.002323136 -0.307664458 0.065837102 -0.001956218 0.997828467 111.093317989
0.997723951 0.005624205 -0.067195879 -3.493127997 -0.005446157 0.999981158 0.002832582 -0.310780473 0.067210544 -0.002460176 0.997735782 112.204695491
0.997642902 0.005602707 -0.068390417 -3.563390834 -0.005416136 0.999981089 0.002913150 -0.313233706 0.068405445 -0.002535872 0.997654381 113.202080941
0.997564452 0.005462524 -0.069536501 -3.634215116 -0.005277139 0.999982016 0.002849438 -0.316640671 0.069550816 -0.002475544 0.997575338 114.190142455
0.997485883 0.005717949 -0.070634398 -3.713609414 -0.005586881 0.999982286 0.002053016 -0.319177828 0.070644885 -0.001653228 0.997500159 115.267815451
0.997429668 0.006042642 -0.071397084 -3.785309854 -0.005966142 0.999981377 0.001284688 -0.323214782 0.071403517 -0.000855421 0.997447144 116.242414925
0.997381833 0.006041836 -0.072062308 -3.856932812 -0.005990482 0.999981626 0.000928747 -0.326949195 0.072066595 -0.000494627 0.997399700 117.212673459
0.997333938 0.006247160 -0.072704801 -3.935272970 -0.006190145 0.999980331 0.001009493 -0.330981055 0.072709678 -0.000556749 0.997352993 118.275365942
0.997284277 0.006237389 -0.073383690 -4.005777603 -0.006159744 0.999980204 0.001284344 -0.335659325 0.073390248 -0.000828831 0.997302955 119.236142634
0.997224401 0.006226108 -0.074193869 -4.083122711 -0.006150327 0.999980306 0.001249822 -0.341251933 0.074200190 -0.000790036 0.997243053 120.287255087
0.997170683 0.006373823 -0.074899953 -4.155395962 -0.006290271 0.999979303 0.001351366 -0.345226722 0.074907016 -0.000876401 0.997190138 121.237091976
0.997122378 0.006934194 -0.075490929 -4.228859086 -0.006821279 0.999975197 0.001753490 -0.348921263 0.075501216 -0.001233499 0.997144947 122.181861970
0.997076335 0.007134075 -0.076078160 -4.307750354 -0.006970970 0.999972800 0.002409262 -0.354214476 0.076093278 -0.001871880 0.997098946 123.216081681
0.997035055 0.007056929 -0.076624404 -4.380380063 -0.006867960 0.999972690 0.002729411 -0.357425918 0.076641573 -0.002195065 0.997056293 124.152146591
0.997000300 0.007050064 -0.077075922 -4.452185729 -0.006883361 0.999973361 0.002428304 -0.360382158 0.077090988 -0.001890478 0.997022269 125.082539741
0.996966723 0.006965839 -0.077516645 -4.532556777 -0.006790188 0.999973748 0.002529321 -0.362656974 0.077532229 -0.001995296 0.996987850 126.101086298
0.996916460 0.006956138 -0.078161268 -4.604431794 -0.006739369 0.999972679 0.003036803 -0.364062074 0.078180257 -0.002500682 0.996936103 127.020938392
0.996888020 0.007002109 -0.078519081 -4.676523120 -0.006731033 0.999970440 0.003716493 -0.365645726 0.078542784 -0.003176413 0.996905683 127.931944054
0.996887251 0.006961176 -0.078532477 -4.756114358 -0.006700277 0.999971126 0.003585197 -0.367648818 0.078555167 -0.003047848 0.996905109 128.922737025
0.996930460 0.006792111 -0.077996951 -4.826933203 -0.006572614 0.999973686 0.003070547 -0.370145751 0.078015754 -0.002548478 0.996948869 129.811422236
0.996975067 0.006144405 -0.077478783 -4.894251248 -0.005971199 0.999979129 0.002467004 -0.371634220 0.077492324 -0.001996900 0.996990949 130.688152022
0.997017717 0.005767336 -0.076957191 -4.966205298 -0.005575615 0.999980795 0.002705900 -0.372748951 0.076971319 -0.002268747 0.997030726 131.640339794
0.997038984 0.005016359 -0.076733954 -5.032278205 -0.004798288 0.999983910 0.003026016 -0.374226030 0.076747899 -0.002648865 0.997047012 132.494348283
0.997059488 0.003588160 -0.076547383 -5.101612460 -0.003335086 0.999988543 0.003433686 -0.375273205 0.076558827 -0.003168297 0.997060032 133.418644245
0.997083157 0.002191827 -0.076291376 -5.163569149 -0.001921878 0.999991631 0.003611639 -0.377746162 0.076298654 -0.003454482 0.997079025 134.247656664
0.997123266 0.001746481 -0.075776918 -5.224618975 -0.001432902 0.999990185 0.004192363 -0.377002303 0.075783496 -0.004071722 0.997115983 135.063122524
0.997143302 0.001952280 -0.075507772 -5.292627342 -0.001705821 0.999993006 0.003328370 -0.378430926 0.075513742 -0.003190059 0.997139658 135.948854033
0.997167944 0.001297649 -0.075195789 -5.350998043 -0.001122751 0.999996566 0.002368131 -0.378911937 0.075198604 -0.002276998 0.997165977 136.744082691
0.997197844 0.000551932 -0.074807456 -5.416638998 -0.000485958 0.999999477 0.000900117 -0.380782706 0.074807914 -0.000861241 0.997197590 137.611719400
0.997225762 -0.000068679 -0.074436378 -5.475519783 0.000036993 0.999999908 -0.000427054 -0.383227412 0.074436400 0.000423116 0.997225673 138.391862270
0.997266936 0.000379910 -0.073881761 -5.534339026 -0.000463382 0.999999274 -0.001112660 -0.384730984 0.073881284 0.001143854 0.997266387 139.166112146
0.997289708 0.001072724 -0.073566889 -5.599137315 -0.001138650 0.999998987 -0.000854200 -0.383307689 0.073565899 0.000935652 0.997289919 140.010742230
0.997314052 0.001589205 -0.073226750 -5.655888923 -0.001572735 0.999998723 0.000282576 -0.385541898 0.073227105 -0.000166650 0.997315278 140.773712116
0.997344950 0.002513261 -0.072778666 -5.712411442 -0.002456988 0.999996609 0.000862722 -0.389908557 0.072780587 -0.000681616 0.997347744 141.529596930
0.997406269 0.003093079 -0.071910827 -5.772151951 -0.003101260 0.999995191 -0.000002119 -0.391546588 0.071910475 0.000225128 0.997411065 142.347731153
0.997516962 0.003657873 -0.070331580 -5.823848376 -0.003727462 0.999992685 -0.000858232 -0.392767230 0.070327926 0.001118259 0.997523299 143.081766921
0.997614209 0.004538121 -0.068886110 -5.874672747 -0.004640781 0.999988347 -0.001330329 -0.394463721 0.068879270 0.001646840 0.997623643 143.805069145
0.997714876 0.005365362 -0.067351610 -5.929288427 -0.005416237 0.999985168 -0.000572783 -0.397802823 0.067347537 0.000936267 0.997729138 144.590543368
0.997798349 0.005935060 -0.066054753 -5.976495375 -0.005968362 0.999982142 -0.000306833 -0.401192057 0.066051752 0.000700396 0.997815953 145.292556730
0.997877350 0.005851717 -0.064857934 -6.021619303 -0.005882293 0.999982660 -0.000280474 -0.404072338 0.064855169 0.000661392 0.997894468 145.984964186
0.997970559 0.005756832 -0.063416259 -6.068880384 -0.005792382 0.999983153 -0.000376743 -0.405627551 0.063413022 0.000743310 0.997987092 146.735552313
0.998051760 0.006202752 -0.062082291 -6.111640512 -0.006267380 0.999980002 -0.000846321 -0.405603867 0.062075800 0.001233766 0.998070675 147.411644489
0.998117055 0.005796294 -0.061063472 -6.152524491 -0.005880634 0.999981987 -0.001201564 -0.407155561 0.061055407 0.001558394 0.998133162 148.084858347
0.998186746 0.005660169 -0.059926475 -6.199173417 -0.005724586 0.999983206 -0.000903301 -0.410758359 0.059920356 0.001244717 0.998202385 148.822817208
0.998200640 0.005461465 -0.059713109 -6.242495163 -0.005518585 0.999984459 -0.000791700 -0.415941181 0.059707857 0.001119807 0.998215266 149.491600984
0.998196300 0.004878009 -0.059836048 -6.285390332 -0.004944345 0.999987315 -0.000960619 -0.420637205 0.059830603 0.001254736 0.998207756 150.156809213
0.998149647 0.004383253 -0.060647087 -6.333282814 -0.004430326 0.999989980 -0.000641732 -0.425197148 0.060643666 0.000909231 0.998159065 150.886869680
0.998038734 0.004154766 -0.062461373 -6.381508812 -0.004169184 0.999991304 -0.000100505 -0.430337222 0.062460412 0.000360721 0.998047377 151.548823027
0.997874422 0.003757484 -0.065057814 -6.435004163 -0.003746587 0.999992940 0.000289493 -0.434879511 0.065058443 -0.000045133 0.997881454 152.272733662
0.997728101 0.003921794 -0.067255153 -6.487260860 -0.003893531 0.999992268 0.000551317 -0.439964010 0.067256795 -0.000288204 0.997735657 152.928611026
0.997580699 0.003611425 -0.069424108 -6.537517951 -0.003612362 0.999993469 0.000112046 -0.443900083 0.069424059 0.000139010 0.997587230 153.580593770
0.997422206 0.003686922 -0.071661355 -6.593228420 -0.003759218 0.999992552 -0.000874016 -0.445375232 0.071657599 0.001141154 0.997428637 154.293473384
0.997316442 0.003668386 -0.073119472 -6.644016760 -0.003822893 0.999990746 -0.001973230 -0.446728782 0.073111556 0.002247462 0.997321237 154.939270545
0.997204718 0.003319450 -0.074644035 -6.695753234 -0.003551783 0.999989252 -0.002980005 -0.451012255 0.074633341 0.003236795 0.997205790 155.586684664
0.997136344 0.002638531 -0.075578760 -6.753139600 -0.002950139 0.999987602 -0.004011608 -0.455878160 0.075567239 0.004223088 0.997131766 156.302323069
0.997099705 0.002713881 -0.076057953 -6.806040169 -0.003089179 0.999983626 -0.004817146 -0.460812584 0.076043635 0.005038132 0.997091762 156.956544758
0.997059182 0.002356266 -0.076599188 -6.857770113 -0.002695010 0.999987041 -0.004319217 -0.468333145 0.076588018 0.004512951 0.997052611 157.616135992
0.997024119 0.002236399 -0.077057796 -6.915660333 -0.002511050 0.999990835 -0.003467505 -0.476438412 0.077049335 0.003650682 0.997020598 158.344845948
0.996993250 0.002045767 -0.077461443 -6.967793661 -0.002346223 0.999990073 -0.003787970 -0.482598716 0.077452924 0.003958323 0.996988152 159.008686055
0.996943780 0.001853430 -0.078100343 -7.024530791 -0.002163179 0.999990127 -0.003881630 -0.486270432 0.078092378 0.004038712 0.996937947 159.741271437
0.996923894 0.001595761 -0.078359447 -7.076737739 -0.001923608 0.999989710 -0.004108580 -0.487151493 0.078352084 0.004246675 0.996916705 160.410813415
0.996888295 0.001386832 -0.078815000 -7.131092345 -0.001749132 0.999988219 -0.004527998 -0.491461676 0.078807792 0.004651766 0.996878976 161.086295024
0.996852000 0.000869152 -0.079280097 -7.188326646 -0.001228177 0.999989211 -0.004479915 -0.493707018 0.079275348 0.004563182 0.996842313 161.832068888
0.996829766 0.000731155 -0.079560559 -7.243874958 -0.001084340 0.999989749 -0.004396085 -0.497543671 0.079556530 0.004468419 0.996820341 162.515901848
0.996784995 0.001279970 -0.080112639 -7.300509447 -0.001636778 0.999989032 -0.004388317 -0.501506696 0.080106143 0.004505335 0.996776157 163.204595510
0.996745799 0.001413939 -0.080596611 -7.362441299 -0.001739457 0.999990611 -0.003968787 -0.505590518 0.080590243 0.004096066 0.996738900 163.968096474
0.996726118 0.001325219 -0.080841143 -7.420518654 -0.001669824 0.999989806 -0.004195276 -0.510310734 0.080834759 0.004316532 0.996718169 164.667344490
0.996692077 0.000923085 -0.081265320 -7.478233459 -0.001324547 0.999987184 -0.004886369 -0.513043184 0.081259768 0.004977845 0.996680526 165.370092832
0.996671596 0.001220355 -0.081512216 -7.544485172 -0.001618569 0.999987077 -0.004819432 -0.515208251 0.081505281 0.004935324 0.996660690 166.149638523
0.996640783 0.001961484 -0.081873699 -7.604322135 -0.002362141 0.999985704 -0.004797025 -0.514903672 0.081863119 0.004974308 0.996631168 166.860159693
0.996598317 0.001975491 -0.082388665 -7.669806864 -0.002348039 0.999987452 -0.004425190 -0.517152079 0.082378889 0.004603589 0.996590450 167.646153681
0.996569365 0.002016175 -0.082737149 -7.727028653 -0.002336863 0.999990128 -0.003779332 -0.520415809 0.082728712 0.003959712 0.996564238 168.362498999
0.996539008 0.002375414 -0.083092492 -7.786192554 -0.002696423 0.999989329 -0.003751259 -0.523358679 0.083082694 0.003962328 0.996534779 169.078190998
0.996500237 0.002747705 -0.083544766 -7.853422327 -0.003092750 0.999987214 -0.004000918 -0.528250356 0.083532704 0.004245298 0.996495993 169.865990222
0.996468045 0.002762633 -0.083927374 -7.913904420 -0.003168303 0.999983932 -0.004700776 -0.532331716 0.083913039 0.004950081 0.996460786 170.582718681
0.996411570 0.002958292 -0.084588607 -7.974485126 -0.003378450 0.999982656 -0.004824366 -0.535008639 0.084572868 0.005092832 0.996404282 171.300209790
0.996331599 0.003152395 -0.085518463 -8.040717785 -0.003580729 0.999981800 -0.004855748 -0.537404709 0.085501600 0.005144154 0.996324753 172.089990323
0.996185246 0.003418726 -0.087196720 -8.102945854 -0.003871626 0.999979878 -0.005025413 -0.541955312 0.087177785 0.005343836 0.996178436 172.808208943
0.996012590 0.003482779 -0.089144772 -8.165970977 -0.003972984 0.999977945 -0.005322131 -0.547174787 0.089124270 0.005655080 0.996004460 173.527279896
0.995823126 0.004420022 -0.091196305 -8.240624728 -0.004995375 0.999969029 -0.006081660 -0.552148286 0.091166599 0.006511818 0.995814364 174.321080530
0.995594601 0.005246877 -0.093615495 -8.310279032 -0.005878156 0.999961800 -0.006468839 -0.557840927 0.093577978 0.006990627 0.995587411 175.048605350
0.995378899 0.005486546 -0.095868370 -8.381050407 -0.006164188 0.999958059 -0.006773731 -0.563130246 0.095827185 0.007333380 0.995370972 175.779500373
0.995147630 0.005400873 -0.098244721 -8.459675683 -0.006090526 0.999958865 -0.006721188 -0.569667508 0.098204380 0.007286936 0.995139588 176.588574344
0.994921357 0.005153631 -0.100523301 -8.534305574 -0.005815073 0.999963322 -0.006288070 -0.575291836 0.100487207 0.006840686 0.994914834 177.329999459
0.994713781 0.005301186 -0.102549459 -8.610703171 -0.005941548 0.999964707 -0.005939970 -0.579301843 0.102514351 0.006517873 0.994710171 178.076429126
0.994480133 0.005437804 -0.104784042 -8.697166166 -0.006128903 0.999961532 -0.006274599 -0.581091917 0.104745891 0.006882175 0.994475205 178.904795137
0.994296888 0.004813418 -0.106538866 -8.778661067 -0.005564167 0.999961734 -0.006750591 -0.583976405 0.106502296 0.007304892 0.994285623 179.666106679
0.994134570 0.004782984 -0.108044344 -8.862451533 -0.005605293 0.999957583 -0.007308423 -0.587294187 0.108004805 0.007871176 0.994119211 180.435446003
0.993951132 0.004595051 -0.109727084 -8.959037409 -0.005510545 0.999952482 -0.008041586 -0.591522548 0.109684919 0.008597600 0.993929223 181.294324391
0.993817739 0.004463956 -0.110934103 -9.045694288 -0.005475474 0.999946154 -0.008815210 -0.594261671 0.110888779 0.009368129 0.993788668 182.084557125
0.993653961 0.004272922 -0.112399053 -9.146919471 -0.005376655 0.999940243 -0.009518479 -0.598263024 0.112351665 0.010062405 0.993617558 182.968764015
0.993504215 0.004248999 -0.113715964 -9.241743107 -0.005466281 0.999931031 -0.010394903 -0.602542548 0.113663953 0.010948983 0.993458920 183.785036177
0.993337993 0.003930315 -0.115170238 -9.339046716 -0.005192011 0.999929732 -0.010657118 -0.606337576 0.115120260 0.011184085 0.993288600 184.615063191
0.993164946 0.003004736 -0.116680597 -9.448004637 -0.004282881 0.999933527 -0.010705048 -0.611727187 0.116640675 0.011131608 0.993111796 185.541910274
0.993004705 0.003272910 -0.118029422 -9.553041801 -0.004636432 0.999925634 -0.011279667 -0.618509086 0.117983727 0.011747998 0.992946033 186.399222341
0.992836983 0.002919335 -0.119441212 -9.659969508 -0.004340153 0.999922867 -0.011637140 -0.624149024 0.119398027 0.012072177 0.992773073 187.269378495
0.992654860 0.003149393 -0.120939698 -9.781402936 -0.004588954 0.999921880 -0.011626460 -0.630009273 0.120893634 0.012096049 0.992591767 188.241754936
0.992478678 0.004158653 -0.122346966 -9.895927626 -0.005513365 0.999927165 -0.010736245 -0.636055235 0.122293406 0.011330037 0.992429319 189.139455455
0.992285733 0.004754502 -0.123880663 -10.012747378 -0.006053770 0.999930530 -0.010113748 -0.641432498 0.123823972 0.010785673 0.992245581 190.050546233
0.992077009 0.005063826 -0.125529143 -10.143034362 -0.006315930 0.999934177 -0.009578621 -0.647712614 0.125472376 0.010295563 0.992043691 191.066661085
0.991905993 0.005435305 -0.126858022 -10.263564586 -0.006760456 0.999926968 -0.010017722 -0.653759721 0.126794308 0.010794257 0.991870298 192.002255658
0.991707315 0.005311672 -0.128407116 -10.399132893 -0.006662848 0.999926843 -0.010095328 -0.660366953 0.128344100 0.010867167 0.991670155 193.046569258
0.991557250 0.005255249 -0.129563122 -10.525532613 -0.006655370 0.999924021 -0.010375873 -0.668915342 0.129498750 0.011150563 0.991516888 194.009540636
0.991456640 0.005163456 -0.130334451 -10.654284053 -0.006670322 0.999915838 -0.011127623 -0.679528137 0.130266024 0.011901929 0.991407639 194.986013303
0.991377076 0.004561577 -0.130960624 -10.796035374 -0.006066722 0.999920029 -0.011096445 -0.692282147 0.130899533 0.011795263 0.991325468 196.074212294
0.991275995 0.005515869 -0.131687043 -10.929612665 -0.006817864 0.999932216 -0.009438212 -0.701552132 0.131626057 0.010253697 0.991246409 197.074597167
0.991161944 0.005671754 -0.132536153 -11.063966120 -0.006686039 0.999951662 -0.007209109 -0.711044278 0.132488858 0.008031537 0.991151954 198.083593119
0.991039285 0.005719435 -0.133448209 -11.216606341 -0.006674452 0.999955211 -0.006710213 -0.722306450 0.133403854 0.007540779 0.991033071 199.200710422
0.990877761 0.005817859 -0.134638090 -11.358557633 -0.006801115 0.999953450 -0.006844163 -0.732365955 0.134592004 0.007697418 0.990871204 200.223245676
0.990763430 0.004904778 -0.135512984 -11.501773659 -0.006031166 0.999950585 -0.007902740 -0.741958860 0.135467526 0.008647047 0.990744053 201.251731609
0.990622485 0.004281544 -0.136560464 -11.661676294 -0.005416020 0.999953834 -0.007937032 -0.750468388 0.136520177 0.008602217 0.990599941 202.392223417
0.990525245 0.003955629 -0.137273785 -11.807879960 -0.004976044 0.999962477 -0.007091066 -0.757551873 0.137240585 0.007706960 0.990507761 203.436260063
0.990392467 0.003814191 -0.138232459 -11.955962800 -0.004768789 0.999967012 -0.006575211 -0.765505090 0.138202820 0.007171241 0.990377985 204.487876362
0.990295326 0.002101745 -0.138963125 -12.117958203 -0.003164909 0.999967387 -0.007430164 -0.772623128 0.138942976 0.007797862 0.990269682 205.648752149
0.990175532 0.001805995 -0.139818288 -12.268074734 -0.002930144 0.999965016 -0.007834635 -0.778435924 0.139799248 0.008167352 0.990146184 206.711403632
0.990042818 0.000765539 -0.140764457 -12.433792024 -0.001949977 0.999963847 -0.008276587 -0.785600118 0.140753032 0.008468663 0.990008518 207.887799767
0.989933412 -0.000702332 -0.141532140 -12.585391255 -0.000703094 0.999950946 -0.009879832 -0.796001725 0.141532136 0.009879886 0.989884358 208.963847361
0.989820122 -0.001895105 -0.142311403 -12.739744769 0.000302047 0.999937065 -0.011214940 -0.803810591 0.142323700 0.011057788 0.989758400 210.048559428
0.989684922 -0.002681381 -0.143236044 -12.912159524 0.001099890 0.999937575 -0.011119196 -0.812760393 0.143256918 0.010846956 0.989626091 211.252346296
0.989568032 -0.002259768 -0.144048613 -13.072686624 0.000790226 0.999947072 -0.010258110 -0.820017704 0.144064170 0.010037266 0.989517442 212.354916700
0.989460754 -0.001337892 -0.144795117 -13.236482926 -0.000227534 0.999941715 -0.010794215 -0.825758975 0.144801119 0.010713398 0.989402779 213.464241789
0.989348216 0.000427606 -0.145567594 -13.421030611 -0.002089328 0.999934390 -0.011262781 -0.832848932 0.145553228 0.011446951 0.989284198 214.695339961
0.989255764 0.003039730 -0.146163582 -13.591998361 -0.004594570 0.999936385 -0.010301259 -0.840451870 0.146122971 0.010862139 0.989206799 215.826564613
0.989228283 0.004816717 -0.146301753 -13.764002446 -0.006237128 0.999937751 -0.009251608 -0.847510599 0.146248084 0.010064455 0.989196747 216.967718724
0.989194428 0.006435443 -0.146468321 -13.954599146 -0.007895105 0.999924777 -0.009386573 -0.852400347 0.146396896 0.010441529 0.989170826 218.232195793
0.989179281 0.006954423 -0.146546874 -14.129351257 -0.008654164 0.999902441 -0.010964241 -0.857353561 0.146456327 0.012113841 0.989142962 219.391238155
0.989186023 0.006967206 -0.146500751 -14.304465824 -0.008771622 0.999893378 -0.011674367 -0.860716526 0.146403793 0.012833170 0.989141668 220.561408032
0.989175197 0.006386229 -0.146600293 -14.496032242 -0.007998948 0.999913780 -0.010413914 -0.863914181 0.146521148 0.011473834 0.989140993 221.863457613
0.989179491 0.005597562 -0.146603556 -14.671335543 -0.006950218 0.999937861 -0.008716015 -0.868546111 0.146545658 0.009640629 0.989156928 223.058431043
0.989179614 0.004062600 -0.146653284 -14.865345896 -0.005201131 0.999959235 -0.007380798 -0.871998812 0.146617320 0.008063698 0.989160421 224.383008779
0.989102559 0.002106044 -0.147213082 -15.042668689 -0.003249609 0.999966384 -0.007528020 -0.875511365 0.147192279 0.007924369 0.989076154 225.591803082
0.989042729 -0.000594637 -0.147628340 -15.218961447 -0.000559398 0.999969614 -0.007775522 -0.878790152 0.147628477 0.007772906 0.989012343 226.805253816
0.988958003 -0.001429985 -0.148189149 -15.417552342 0.000611832 0.999984320 -0.005566448 -0.882611330 0.148194785 0.005414316 0.988943371 228.147357878
0.988879778 -0.002050877 -0.148702990 -15.599563584 0.001573436 0.999993223 -0.003328275 -0.886281340 0.148708808 0.003057289 0.988876303 229.370547819
0.988809926 -0.001636392 -0.149171891 -15.784767063 0.000880666 0.999986443 -0.005132055 -0.891598035 0.149178267 0.004943256 0.988797962 230.592647429
0.988755685 -0.001203943 -0.149535096 -15.990830540 -0.000165899 0.999958144 -0.009147863 -0.897798092 0.149539851 0.009069809 0.988714100 231.939036409
0.988666244 0.000506454 -0.150129285 -16.182758820 -0.002240623 0.999932710 -0.011382248 -0.906283868 0.150113418 0.011589628 0.988600851 233.168919700
0.988623545 0.001714030 -0.150401292 -16.373574010 -0.003398671 0.999934330 -0.010944647 -0.916359688 0.150372656 0.011331300 0.988564447 234.405029442
0.988556199 0.003662569 -0.150808576 -16.585044155 -0.004991225 0.999951988 -0.008432631 -0.928181824 0.150770451 0.009088850 0.988527017 235.772206876
0.988493214 0.004643441 -0.151193933 -16.777473045 -0.005727504 0.999960915 -0.006735317 -0.937602884 0.151156748 0.007523779 0.988481173 237.019244262
0.988455211 0.004459051 -0.151447726 -16.988320235 -0.005513772 0.999963380 -0.006545027 -0.944299606 0.151412995 0.007304514 0.988443599 238.394491401
0.988407616 0.004639825 -0.151752617 -17.181671256 -0.005735803 0.999960530 -0.006785183 -0.949860691 0.151715145 0.007576950 0.988395217 239.649681168
0.988326126 0.004548388 -0.152285194 -17.375825134 -0.005758718 0.999955235 -0.007507668 -0.954198921 0.152244229 0.008296992 0.988308077 240.910020980
0.988271183 0.004564990 -0.152640854 -17.592017153 -0.005870449 0.999949939 -0.008102901 -0.959886143 0.152596223 0.008903934 0.988248507 242.303913916
0.988233900 0.004267461 -0.152890640 -17.789324520 -0.005755218 0.999940288 -0.009289614 -0.966091143 0.152841867 0.010060231 0.988199451 243.576340316
0.988180624 0.003236113 -0.153259848 -17.987820846 -0.005044679 0.999922141 -0.011413250 -0.977203788 0.153210981 0.012051499 0.988120011 244.854766165
0.988092518 0.001691254 -0.153851604 -18.206977229 -0.003688550 0.999912581 -0.012697447 -0.990949936 0.153816680 0.013113741 0.988012378 246.269037503
0.988033284 0.000988999 -0.154237647 -18.407650464 -0.002917426 0.999920377 -0.012277122 -1.005321300 0.154213224 0.012580182 0.987957499 247.562423755
0.987982531 -0.000410737 -0.154565033 -18.628762639 -0.001294023 0.999939443 -0.010928632 -1.019804318 0.154560162 0.010997308 0.987922171 248.992312161
0.987929738 -0.000314069 -0.154902336 -18.834140309 -0.001187581 0.999953199 -0.009601540 -1.030678977 0.154898102 0.009669606 0.987883129 250.299298711
0.987897036 -0.001064746 -0.155107423 -19.040245973 -0.000323085 0.999960145 -0.008922064 -1.040168420 0.155110741 0.008864194 0.987857320 251.612497143
0.987825255 -0.001377090 -0.155561464 -19.268668779 0.000180571 0.999970296 -0.007705485 -1.048739993 0.155567455 0.007583583 0.987796161 253.064434853
0.987765986 -0.001231218 -0.155938582 -19.479789379 0.000226758 0.999979115 -0.006459011 -1.057046086 0.155943278 0.006344631 0.987745635 254.391185661
0.987790216 -0.001204729 -0.155785233 -19.691981139 0.000298364 0.999982895 -0.005841293 -1.065134526 0.155789605 0.005723492 0.987773679 255.722747034
0.987948197 -0.000451234 -0.154784226 -19.925785255 -0.000591681 0.999977435 -0.006691731 -1.075105690 0.154783753 0.006702666 0.987925637 257.191271697
0.988112816 0.000432688 -0.153729880 -20.139717394 -0.001609402 0.999970354 -0.007530064 -1.083613061 0.153722065 0.007687966 0.988084218 258.532263644
0.988290216 0.000519412 -0.152584991 -20.350791140 -0.001563812 0.999976166 -0.006724782 -1.090602486 0.152577862 0.006884651 0.988267473 259.880716854
0.988480831 0.001501405 -0.151338670 -20.580571195 -0.002540457 0.999974511 -0.006672626 -1.099870487 0.151324795 0.006980232 0.988459449 261.368391569
0.988658217 0.000743840 -0.150181149 -20.786800255 -0.002109301 0.999957875 -0.008933003 -1.108253754 0.150168178 0.009148464 0.988618139 262.727743630
0.988814584 0.000819663 -0.149147736 -20.994872922 -0.002190435 0.999956860 -0.009026662 -1.115669607 0.149133903 0.009252393 0.988773721 264.094922300
0.989001612 0.002003735 -0.147891162 -21.224660780 -0.002853237 0.999980627 -0.005532173 -1.123222552 0.147877212 0.005893297 0.988988169 265.609322050
0.989190394 0.001801987 -0.146625770 -21.431167329 -0.002558353 0.999984377 -0.004970063 -1.128931263 0.146614523 0.005291459 0.989179550 266.990371640
0.989326273 0.001755334 -0.145706704 -21.637198607 -0.002657296 0.999978494 -0.005995855 -1.133117926 0.145693046 0.006319043 0.989309661 268.376735182
0.989397580 0.001221638 -0.145227185 -21.863365643 -0.002268783 0.999972610 -0.007044986 -1.138002323 0.145214601 0.007299781 0.989373253 269.910588322
0.989443786 0.000066078 -0.144917185 -22.068258041 -0.000957993 0.999981028 -0.006084880 -1.141753264 0.144914034 0.006159477 0.989425077 271.312798876
0.989446487 -0.000527758 -0.144897794 -22.284546035 -0.000362450 0.999981224 -0.006117228 -1.144923102 0.144898302 0.006105188 0.989427718 272.793553143
0.989448832 -0.001121596 -0.144878402 -22.500834308 0.000233094 0.999981064 -0.006149573 -1.148092685 0.144882556 0.006050917 0.989430357 274.274307588
0.989439574 -0.001765725 -0.144935199 -22.708246905 0.000848467 0.999979222 -0.006390316 -1.151277715 0.144943471 0.006199858 0.989420513 275.694510064
0.989429117 -0.002256731 -0.144999758 -22.937942627 0.001296710 0.999976613 -0.006715015 -1.155419646 0.145011521 0.006456009 0.989408904 277.263146101
0.989431618 -0.002892677 -0.144971395 -23.148528407 0.001945888 0.999975847 -0.006672242 -1.159332740 0.144987194 0.006319629 0.989413349 278.696192559
0.989419632 -0.003347154 -0.145043403 -23.357398210 0.002418561 0.999975440 -0.006578035 -1.166079260 0.145061858 0.006157640 0.989403427 280.135232856
0.989398153 -0.003611002 -0.145183522 -23.588968216 0.002734132 0.999976801 -0.006238816 -1.172810590 0.145202682 0.005775723 0.989385073 281.724878718
0.989404747 -0.003094797 -0.145150507 -23.803537572 0.002343358 0.999982955 -0.005347658 -1.178764779 0.145164583 0.004950859 0.989395135 283.177094700
0.989412163 -0.002768195 -0.145106541 -24.018814066 0.001925947 0.999980477 -0.005944501 -1.188138580 0.145120163 0.005602094 0.989398178 284.633737544
0.989417693 -0.003843054 -0.145044337 -24.254751426 0.002667620 0.999962016 -0.008297580 -1.197635121 0.145070715 0.007822850 0.989390363 286.241155921
0.989404802 -0.004878469 -0.145101132 -24.469116573 0.003473463 0.999944617 -0.009934709 -1.210566132 0.145141562 0.009325445 0.989366951 287.708064486
0.989378753 -0.006613495 -0.145210003 -24.683189005 0.005432269 0.999948867 -0.008529616 -1.222882540 0.145258988 0.007650201 0.989364089 289.183741517
0.989344338 -0.007973398 -0.145376084 -24.918722090 0.007019838 0.999950360 -0.007071080 -1.237533996 0.145425248 0.005975217 0.989351199 290.810483481
0.989313352 -0.009005403 -0.145526612 -25.134092377 0.008095150 0.999943800 -0.006845873 -1.248456533 0.145580083 0.005594654 0.989330652 292.293163379
0.989266965 -0.009619118 -0.145802418 -25.351015964 0.008816296 0.999942215 -0.006151421 -1.257879473 0.145853164 0.004799960 0.989294605 293.779586370
0.989219831 -0.009920161 -0.146101731 -25.591478201 0.009223345 0.999942634 -0.005446041 -1.272224358 0.146147375 0.004039786 0.989254580 295.420255526
0.989137411 -0.010306265 -0.146632065 -25.811256194 0.009544780 0.999937066 -0.005895829 -1.284322772 0.146683601 0.004432214 0.989173532 296.913523248
0.989059327 -0.011957932 -0.147032837 -26.030221062 0.011023918 0.999913559 -0.007165670 -1.298169240 0.147105814 0.005466394 0.989105656 298.408893504
0.988953695 -0.014309982 -0.147532413 -26.270523766 0.013590160 0.999890325 -0.005885984 -1.310061540 0.147600461 0.003815977 0.989039707 300.057595711
0.988844952 -0.015339213 -0.148156572 -26.488231437 0.015470531 0.999880289 -0.000266068 -1.318093831 0.148142917 -0.002028961 0.988963882 301.559566234
0.988736385 -0.013861060 -0.149024266 -26.732486445 0.014436170 0.999891934 0.002778106 -1.321734682 0.148969654 -0.004898154 0.988829637 303.208424901
0.988730209 -0.013013067 -0.149141660 -26.956287922 0.012719352 0.999914833 -0.002923064 -1.324732736 0.149166996 0.000993137 0.988811519 304.699318208
0.988762955 -0.008390719 -0.149256206 -27.185491336 0.007779251 0.999958789 -0.004680128 -1.331862783 0.149289324 0.003466435 0.988787480 306.193166398
0.988723826 -0.005642765 -0.149644095 -27.434727770 0.005277337 0.999982045 -0.002838965 -1.342995437 0.149657428 0.002017230 0.988735852 307.839979147
0.988684109 -0.004566445 -0.149942920 -27.660200559 0.004632146 0.999989268 0.000088922 -1.348293075 0.149940905 -0.000782474 0.988694651 309.339419349
