1.000000000 -0.000000000 0.000000000 -0.000000000 0.000000000 1.000000000 0.000000000 -0.000000000 -0.000000000 0.000000000 1.000000000 -0.000000001
0.999999995 0.000070672 0.000077219 -0.000518929 -0.000070668 0.999999996 -0.000048647 -0.000956461 -0.000077223 0.000048641 0.999999996 -0.000254808
0.999999995 0.000069692 0.000068964 -0.001474372 -0.000069690 0.999999997 -0.000032782 -0.001489852 -0.000068966 0.000032778 0.999999997 -0.000033662
0.999999994 0.000044550 0.000097120 -0.002080861 -0.000044547 0.999999999 -0.000029344 -0.001702495 -0.000097122 0.000029340 0.999999995 -0.000384706
0.999999997 0.000066849 0.000031597 -0.002932327 -0.000066848 0.999999998 -0.000009402 -0.001895919 -0.000031598 0.000009399 0.999999999 -0.000679618
0.999999998 0.000056766 0.000041216 -0.003064356 -0.000056767 0.999999998 0.000018750 -0.003053937 -0.000041215 -0.000018753 0.999999999 -0.000996767
0.999999997 0.000079966 0.000013888 -0.003589443 -0.000079966 0.999999996 -0.000033683 -0.004192431 -0.000013891 0.000033682 0.999999999 -0.001140785
0.999999999 0.000030842 0.000037148 -0.004235748 -0.000030842 0.999999999 -0.000024353 -0.004844317 -0.000037149 0.000024352 0.999999999 -0.001350949
0.999999999 0.000034787 0.000036335 -0.004728524 -0.000034788 0.999999999 0.000022645 -0.005389223 -0.000036335 -0.000022646 0.999999999 -0.001455613
0.999999992 0.000110600 0.000060963 -0.005416307 -0.000110605 0.999999992 0.000067145 -0.005958100 -0.000060955 -0.000067152 0.999999996 -0.001536581
0.999999996 0.000069676 0.000054839 -0.006940746 -0.000069678 0.999999997 0.000034993 -0.005107091 -0.000054837 -0.000034997 0.999999998 -0.001710617
0.999999992 0.000097500 0.000081086 -0.008348935 -0.000097506 0.999999993 0.000066464 -0.004158925 -0.000081079 -0.000066472 0.999999995 -0.001362783
0.999999982 0.000152283 0.000109790 -0.009186751 -0.000152296 0.999999982 0.000117009 -0.004146847 -0.000109772 -0.000117026 0.999999987 -0.001352714
0.999999989 0.000112461 0.000100735 -0.010251286 -0.000112463 0.999999993 0.000019800 -0.003786776 -0.000100733 -0.000019811 0.999999995 -0.001501870
0.999999981 0.000137200 0.000135492 -0.011164594 -0.000137211 0.999999987 0.000082413 -0.003068046 -0.000135481 -0.000082431 0.999999987 -0.001659385
0.999999965 0.000146887 0.000219754 -0.011964378 -0.000146888 0.999999989 0.000001809 -0.001776012 -0.000219754 -0.000001841 0.999999976 -0.001802812
0.999999957 0.000147618 0.000252564 -0.012370743 -0.000147636 0.999999986 0.000073364 -0.001019005 -0.000252553 -0.000073401 0.999999965 -0.001765427
0.999999975 0.000147222 0.000170822 -0.013094349 -0.000147212 0.999999987 -0.000063010 -0.000742771 -0.000170832 0.000062985 0.999999983 -0.001813842
0.999999980 0.000101044 0.000174253 -0.014032339 -0.000101054 0.999999993 0.000055010 0.000051928 -0.000174248 -0.000055028 0.999999983 -0.001614998
0.999999976 0.000145090 0.000164901 -0.015114119 -0.000145098 0.999999988 0.000053905 0.000464392 -0.000164893 -0.000053929 0.999999985 -0.001516956
0.999999956 0.000213801 0.000205419 -0.015885982 -0.000213824 0.999999971 0.000108663 0.001681878 -0.000205396 -0.000108706 0.999999973 -0.001048799
0.999999975 0.000177144 0.000134443 -0.016668517 -0.000177161 0.999999976 0.000125447 0.002550262 -0.000134421 -0.000125471 0.999999983 -0.000687485
0.999999966 0.000189959 0.000180989 -0.017274080 -0.000189975 0.999999978 0.000086227 0.003414357 -0.000180973 -0.000086262 0.999999980 -0.000206293
0.999999962 0.000193860 0.000196738 -0.017863434 -0.000193880 0.999999976 0.000099495 0.004034392 -0.000196719 -0.000099533 0.999999976 0.000089953
0.999999956 0.000250119 0.000159117 -0.018526834 -0.000250127 0.999999968 0.000047928 0.005103725 -0.000159105 -0.000047968 0.999999986 0.000644452
0.999999959 0.000199738 0.000206874 -0.018972023 -0.000199768 0.999999969 0.000148676 0.006656210 -0.000206844 -0.000148718 0.999999968 0.001321891
0.999999967 0.000178946 0.000185164 -0.019482298 -0.000178961 0.999999981 0.000081283 0.008057240 -0.000185150 -0.000081317 0.999999980 0.001887140
0.999999973 0.000195155 0.000128044 -0.019995314 -0.000195173 0.999999971 0.000140363 0.009158303 -0.000128016 -0.000140388 0.999999982 0.002888004
0.999999965 0.000175841 0.000197707 -0.020454653 -0.000175863 0.999999978 0.000110492 0.010095836 -0.000197688 -0.000110527 0.999999974 0.003353651
0.999999962 0.000240043 0.000133703 -0.021350276 -0.000240070 0.999999951 0.000198516 0.012250692 -0.000133655 -0.000198549 0.999999971 0.003893355
0.999999967 0.000192031 0.000168041 -0.021820333 -0.000192045 0.999999978 0.000082015 0.013986023 -0.000168025 -0.000082047 0.999999983 0.004432734
0.999999965 0.000182772 0.000190406 -0.021859062 -0.000182807 0.999999966 0.000185389 0.015630746 -0.000190372 -0.000185424 0.999999965 0.005002588
0.999999965 0.000174849 0.000199947 -0.022204255 -0.000174869 0.999999980 0.000096526 0.016839843 -0.000199930 -0.000096561 0.999999975 0.005502523
0.999999978 0.000175202 0.000117081 -0.022597656 -0.000175220 0.999999974 0.000148160 0.018451566 -0.000117055 -0.000148181 0.999999982 0.006262318
0.999999970 0.000155793 0.000190882 -0.023096761 -0.000155825 0.999999973 0.000170364 0.020254339 -0.000190855 -0.000170394 0.999999967 0.006657147
0.999999983 0.000166474 0.000079107 -0.023278734 -0.000166481 0.999999982 0.000090513 0.022200802 -0.000079092 -0.000090526 0.999999993 0.006738435
0.999999980 0.000188487 0.000072691 -0.023323037 -0.000188494 0.999999977 0.000104434 0.023483930 -0.000072671 -0.000104447 0.999999992 0.006818964
0.999999978 0.000201599 0.000052734 -0.023438691 -0.000201604 0.999999975 0.000095117 0.024712541 -0.000052715 -0.000095127 0.999999994 0.006879509
0.999999976 0.000215764 0.000029216 -0.023387940 -0.000215765 0.999999975 0.000058738 0.026622667 -0.000029203 -0.000058744 0.999999998 0.007178967
0.999999976 0.000209600 0.000062311 -0.023531444 -0.000209603 0.999999976 0.000056279 0.027686319 -0.000062300 -0.000056292 0.999999996 0.007262566
0.999999977 0.000162106 0.000143667 -0.023143036 -0.000162123 0.999999980 0.000119582 0.028793409 -0.000143648 -0.000119605 0.999999983 0.007415570
0.999999971 0.000166028 0.000175656 -0.023300668 -0.000166038 0.999999985 0.000058108 0.029751049 -0.000175647 -0.000058137 0.999999983 0.007674336
0.999999959 0.000181675 0.000223255 -0.022561165 -0.000181705 0.999999974 0.000134925 0.031177625 -0.000223230 -0.000134966 0.999999966 0.007682329
0.999999962 0.000128555 0.000245598 -0.022142683 -0.000128589 0.999999982 0.000141236 0.031539738 -0.000245580 -0.000141267 0.999999960 0.007657702
0.999999986 0.000106203 0.000129373 -0.021354725 -0.000106216 0.999999989 0.000105279 0.031223969 -0.000129362 -0.000105293 0.999999986 0.007597671
0.999999968 0.000098673 0.000232400 -0.020799594 -0.000098698 0.999999989 0.000107978 0.031563508 -0.000232389 -0.000108001 0.999999967 0.007706885
0.999999953 0.000127549 0.000277342 -0.020572778 -0.000127559 0.999999991 0.000036746 0.032083317 -0.000277337 -0.000036782 0.999999961 0.007958001
0.999999938 0.000096129 0.000337334 -0.020382894 -0.000096167 0.999999989 0.000113715 0.032434843 -0.000337323 -0.000113748 0.999999937 0.008237187
0.999999932 0.000075000 0.000360375 -0.019414809 -0.000075044 0.999999990 0.000122074 0.032479792 -0.000360366 -0.000122101 0.999999928 0.008264049
0.999999945 0.000097231 0.000316263 -0.018516190 -0.000097268 0.999999988 0.000117368 0.032147184 -0.000316251 -0.000117399 0.999999943 0.008679960
0.999999934 0.000068941 0.000357664 -0.017326538 -0.000069001 0.999999984 0.000168029 0.031768359 -0.000357652 -0.000168053 0.999999922 0.009073208
0.999999940 0.000070151 0.000337785 -0.016262201 -0.000070184 0.999999993 0.000099691 0.031785884 -0.000337778 -0.000099715 0.999999938 0.009475237
0.999999944 -0.000006856 0.000335152 -0.015911086 0.000006817 0.999999993 0.000116562 0.032285114 -0.000335153 -0.000116560 0.999999937 0.009777249
0.999999969 0.000007614 0.000248329 -0.015434820 -0.000007638 0.999999995 0.000098137 0.032179422 -0.000248328 -0.000098139 0.999999964 0.009797845
0.999999970 0.000020496 0.000245761 -0.014913015 -0.000020542 0.999999982 0.000186122 0.032096789 -0.000245758 -0.000186127 0.999999952 0.009991971
0.999999974 0.000023736 0.000227380 -0.013861429 -0.000023755 0.999999996 0.000086807 0.031600443 -0.000227378 -0.000086812 0.999999970 0.010124953
0.999999960 0.000023452 0.000282338 -0.012695924 -0.000023477 0.999999996 0.000089718 0.031041655 -0.000282336 -0.000089724 0.999999956 0.010196046
0.999999943 0.000023168 0.000337297 -0.011530421 -0.000023199 0.999999995 0.000092629 0.030482868 -0.000337295 -0.000092637 0.999999939 0.010267138
0.999999941 0.000002070 0.000344826 -0.010603434 -0.000002115 0.999999991 0.000131735 0.030387001 -0.000344826 -0.000131736 0.999999932 0.009983055
0.999999940 0.000002113 0.000345307 -0.009672588 -0.000002148 0.999999995 0.000102739 0.030112933 -0.000345307 -0.000102740 0.999999935 0.009669737
0.999999932 -0.000009989 0.000367521 -0.008325377 0.000009954 0.999999995 0.000096092 0.029238946 -0.000367521 -0.000096089 0.999999928 0.009429521
0.999999945 -0.000001667 0.000330901 -0.007371221 0.000001664 1.000000000 0.000008483 0.028487393 -0.000330901 -0.000008482 0.999999945 0.009245902
0.999999940 -0.000065919 0.000339151 -0.005611559 0.000065869 0.999999987 0.000146566 0.027576761 -0.000339161 -0.000146543 0.999999932 0.009099785
0.999999920 -0.000047105 0.000396109 -0.004411931 0.000047073 0.999999996 0.000079522 0.026206231 -0.000396113 -0.000079503 0.999999918 0.008944318
0.999999906 -0.000152199 0.000405428 -0.003152929 0.000152153 0.999999982 0.000113561 0.025100497 -0.000405446 -0.000113500 0.999999911 0.008669877
0.999999934 -0.000020932 0.000361896 -0.002366651 0.000020904 0.999999997 0.000078984 0.024374194 -0.000361897 -0.000078977 0.999999931 0.008506632
0.999999928 0.000018881 0.000379595 -0.001089557 -0.000018933 0.999999990 0.000137331 0.023832689 -0.000379592 -0.000137338 0.999999919 0.008147162
0.999999898 -0.000069260 0.000445216 0.000265252 0.000069249 0.999999997 0.000024303 0.023616686 -0.000445217 -0.000024272 0.999999901 0.007749284
0.999999940 -0.000096625 0.000333197 0.001282542 0.000096632 0.999999995 -0.000021591 0.023502928 -0.000333195 0.000021624 0.999999944 0.007314933
0.999999943 -0.000068746 0.000329487 0.002261676 0.000068724 0.999999995 0.000067391 0.023671742 -0.000329492 -0.000067369 0.999999943 0.007065283
0.999999978 -0.000086951 0.000192828 0.003095334 0.000086951 0.999999996 -0.000004904 0.023913467 -0.000192827 0.000004921 0.999999981 0.006653062
0.999999976 -0.000094074 0.000195593 0.003455703 0.000094060 0.999999993 0.000073144 0.024008140 -0.000195600 -0.000073126 0.999999978 0.006262306
0.999999987 -0.000050819 0.000154851 0.003774056 0.000050814 0.999999998 0.000035513 0.023987180 -0.000154853 -0.000035505 0.999999987 0.005946007
0.999999994 -0.000007655 0.000111882 0.003721128 0.000007647 0.999999997 0.000071855 0.024133020 -0.000111883 -0.000071854 0.999999991 0.005492193
0.999999986 -0.000081673 0.000143141 0.004454544 0.000081677 0.999999996 -0.000026725 0.023479189 -0.000143139 0.000026736 0.999999989 0.004685812
0.999999996 -0.000020471 0.000082410 0.005376079 0.000020467 0.999999999 0.000046349 0.022549235 -0.000082411 -0.000046347 0.999999996 0.003957362
0.999999984 -0.000074798 0.000161698 0.006255087 0.000074799 0.999999997 -0.000003406 0.022119783 -0.000161698 0.000003418 0.999999987 0.003360879
0.999999994 -0.000026485 0.000105750 0.006186739 0.000026489 0.999999999 -0.000031282 0.022370920 -0.000105749 0.000031285 0.999999994 0.002699317
0.999999999 0.000001752 0.000050025 0.005898412 -0.000001752 1.000000000 -0.000002169 0.022561746 -0.000050025 0.000002169 0.999999999 0.002347102
0.999999993 -0.000031493 0.000112089 0.005964198 0.000031498 0.999999998 -0.000049185 0.022269220 -0.000112088 0.000049189 0.999999993 0.001834279
0.999999998 -0.000033289 0.000050790 0.005693684 0.000033288 0.999999999 0.000029808 0.022553691 -0.000050791 -0.000029806 0.999999998 0.001267685
0.999999996 -0.000006399 0.000090750 0.005887427 0.000006403 0.999999999 -0.000041509 0.022489537 -0.000090749 0.000041510 0.999999995 0.000791351
0.999999999 -0.000011921 -0.000032054 0.005819066 0.000011924 0.999999998 0.000069465 0.022871630 0.000032053 -0.000069465 0.999999997 0.000965490
0.999999998 0.000001309 -0.000060950 0.006257110 -0.000001310 1.000000000 -0.000004009 0.022498403 0.000060950 0.000004009 0.999999998 0.000997160
0.999999989 -0.000013283 -0.000150473 0.006553602 0.000013288 0.999999999 0.000034496 0.022596847 0.000150472 -0.000034498 0.999999988 0.000894259
0.999999993 0.000010615 -0.000120933 0.006973976 -0.000010616 1.000000000 -0.000009993 0.022511714 0.000120933 0.000009994 0.999999993 0.000713316
0.999999982 -0.000009070 -0.000189219 0.007174077 0.000009073 1.000000000 0.000016857 0.022537213 0.000189219 -0.000016858 0.999999982 0.000296545
0.999999978 0.000034079 -0.000205418 0.007172909 -0.000034090 0.999999998 -0.000053372 0.022602921 0.000205417 0.000053379 0.999999977 0.000334685
0.999999955 0.000061488 -0.000294179 0.006758974 -0.000061494 0.999999998 -0.000021808 0.022335958 0.000294178 0.000021826 0.999999956 0.000258824
0.999999951 0.000034598 -0.000311552 0.007007985 -0.000034613 0.999999998 -0.000046129 0.021430100 0.000311550 0.000046140 0.999999950 -0.000229313
0.999999920 0.000056989 -0.000395205 0.006553759 -0.000056996 0.999999998 -0.000018486 0.021227626 0.000395204 0.000018509 0.999999922 -0.000232939
0.999999924 0.000042904 -0.000388099 0.006685949 -0.000042887 0.999999998 0.000042624 0.020643003 0.000388101 -0.000042607 0.999999924 -0.000138220
0.999999901 0.000053205 -0.000441496 0.006717347 -0.000053205 0.999999999 0.000000745 0.019567194 0.000441496 -0.000000722 0.999999903 -0.000319570
0.999999921 -0.000011044 -0.000396527 0.006512665 0.000011058 0.999999999 0.000035422 0.018052797 0.000396527 -0.000035426 0.999999921 -0.000469562
0.999999911 0.000058117 -0.000416796 0.006318817 -0.000058135 0.999999997 -0.000043846 0.017009479 0.000416793 0.000043870 0.999999912 -0.000713003
0.999999883 0.000056404 -0.000480432 0.005952449 -0.000056406 0.999999998 -0.000004897 0.016361558 0.000480432 0.000004924 0.999999885 -0.000872412
0.999999911 0.000011110 -0.000422162 0.006302076 -0.000011110 1.000000000 0.000002018 0.015416540 0.000422162 -0.000002013 0.999999911 -0.001047536
0.999999910 0.000034105 -0.000422471 0.005223460 -0.000034101 0.999999999 0.000009040 0.014087703 0.000422472 -0.000009025 0.999999911 -0.000927152
0.999999891 0.000086272 -0.000459185 0.004224904 -0.000086261 0.999999996 0.000025493 0.013686387 0.000459187 -0.000025454 0.999999894 -0.000604630
0.999999891 0.000122200 -0.000449987 0.003226561 -0.000122175 0.999999991 0.000055691 0.013652643 0.000449994 -0.000055636 0.999999897 0.000010467
0.999999890 0.000067309 -0.000464875 0.002873966 -0.000067302 0.999999998 0.000016376 0.013440846 0.000464876 -0.000016345 0.999999892 0.000245702
0.999999900 0.000071161 -0.000441559 0.002454926 -0.000071136 0.999999996 0.000055772 0.013443799 0.000441563 -0.000055741 0.999999901 0.000473716
0.999999860 0.000082521 -0.000521733 0.001912765 -0.000082458 0.999999989 0.000120466 0.013913976 0.000521743 -0.000120423 0.999999857 0.000913728
0.999999856 0.000145531 -0.000516253 0.001213491 -0.000145500 0.999999988 0.000059620 0.014292833 0.000516262 -0.000059545 0.999999865 0.001103328
0.999999865 0.000112403 -0.000506882 0.000347358 -0.000112315 0.999999978 0.000174753 0.015096478 0.000506902 -0.000174696 0.999999856 0.001523761
0.999999821 0.000120835 -0.000586441 -0.000236562 -0.000120751 0.999999982 0.000143440 0.015508964 0.000586458 -0.000143370 0.999999818 0.001728566
0.999999837 0.000121685 -0.000558619 -0.000391757 -0.000121599 0.999999981 0.000153904 0.015882208 0.000558638 -0.000153836 0.999999832 0.001950700
0.999999872 0.000198243 -0.000465237 -0.001237667 -0.000198200 0.999999976 0.000092530 0.016617657 0.000465256 -0.000092438 0.999999887 0.002476972
0.999999819 0.000132810 -0.000586122 -0.001964558 -0.000132706 0.999999975 0.000178464 0.017392434 0.000586145 -0.000178386 0.999999812 0.003306190
0.999999820 0.000161795 -0.000577555 -0.002608535 -0.000161720 0.999999979 0.000129632 0.018113592 0.000577576 -0.000129539 0.999999825 0.003570343
0.999999767 0.000238102 -0.000640517 -0.003943660 -0.000238007 0.999999961 0.000148679 0.018970739 0.000640552 -0.000148526 0.999999784 0.003918114
0.999999734 0.000186446 -0.000704837 -0.004479868 -0.000186352 0.999999974 0.000133552 0.019362190 0.000704862 -0.000133421 0.999999743 0.004185684
0.999999718 0.000160598 -0.000733548 -0.005932919 -0.000160503 0.999999979 0.000129047 0.020459928 0.000733569 -0.000128929 0.999999723 0.004540178
0.999999732 0.000189449 -0.000707127 -0.006611503 -0.000189343 0.999999971 0.000149520 0.021019257 0.000707156 -0.000149386 0.999999739 0.004795391
0.999999735 0.000144504 -0.000713068 -0.007207396 -0.000144427 0.999999984 0.000108365 0.021522677 0.000713084 -0.000108262 0.999999740 0.005241067
0.999999681 0.000159828 -0.000782311 -0.008204761 -0.000159691 0.999999972 0.000175244 0.022183786 0.000782339 -0.000175119 0.999999679 0.005908364
0.999999678 0.000224796 -0.000770617 -0.008960382 -0.000224719 0.999999970 0.000100502 0.022317261 0.000770640 -0.000100328 0.999999698 0.006055158
0.999999694 0.000144771 -0.000768756 -0.009558689 -0.000144656 0.999999978 0.000149448 0.022751135 0.000768778 -0.000149337 0.999999693 0.006616226
0.999999692 0.000128791 -0.000773919 -0.010573576 -0.000128661 0.999999978 0.000167347 0.023501384 0.000773940 -0.000167247 0.999999687 0.007455534
0.999999723 0.000113545 -0.000735389 -0.011733133 -0.000113351 0.999999959 0.000263981 0.024260068 0.000735419 -0.000263898 0.999999695 0.007833993
0.999999678 0.000187837 -0.000780834 -0.012505785 -0.000187734 0.999999974 0.000132295 0.024137948 0.000780859 -0.000132148 0.999999686 0.008240669
0.999999747 0.000221237 -0.000675843 -0.013399804 -0.000221077 0.999999947 0.000237086 0.024490382 0.000675896 -0.000236937 0.999999744 0.009028762
0.999999783 0.000149087 -0.000641530 -0.014292235 -0.000148962 0.999999970 0.000194567 0.025037873 0.000641559 -0.000194471 0.999999775 0.009697607
0.999999746 0.000127367 -0.000701429 -0.015113985 -0.000127185 0.999999958 0.000259559 0.025570142 0.000701462 -0.000259469 0.999999720 0.010591440
0.999999776 0.000175078 -0.000646742 -0.015707520 -0.000174913 0.999999952 0.000254518 0.025637410 0.000646787 -0.000254405 0.999999758 0.011385359
0.999999791 0.000167978 -0.000624173 -0.016012513 -0.000167838 0.999999961 0.000223880 0.025940618 0.000624210 -0.000223775 0.999999780 0.011981216
0.999999820 0.000137741 -0.000583589 -0.016432321 -0.000137587 0.999999956 0.000264524 0.027125301 0.000583626 -0.000264443 0.999999795 0.012736768
0.999999817 0.000185699 -0.000575945 -0.017110200 -0.000185548 0.999999949 0.000261704 0.028331419 0.000575993 -0.000261598 0.999999800 0.013525831
0.999999859 0.000123344 -0.000516509 -0.017125940 -0.000123175 0.999999939 0.000327627 0.029229070 0.000516549 -0.000327564 0.999999813 0.014398827
0.999999863 0.000112396 -0.000510478 -0.017323719 -0.000112289 0.999999971 0.000210699 0.029548915 0.000510502 -0.000210641 0.999999848 0.014823288
0.999999847 0.000138454 -0.000535384 -0.017443232 -0.000138287 0.999999942 0.000312330 0.030069055 0.000535427 -0.000312256 0.999999808 0.015328083
0.999999857 0.000136405 -0.000517259 -0.017644022 -0.000136278 0.999999961 0.000245618 0.030799480 0.000517293 -0.000245548 0.999999836 0.015825339
0.999999861 0.000103438 -0.000516137 -0.017801459 -0.000103338 0.999999976 0.000194592 0.031616519 0.000516157 -0.000194539 0.999999848 0.016336627
0.999999908 0.000167760 -0.000395580 -0.017556169 -0.000167661 0.999999955 0.000249671 0.031851934 0.000395622 -0.000249604 0.999999891 0.016645263
0.999999929 0.000110575 -0.000361271 -0.017215733 -0.000110481 0.999999960 0.000260175 0.032339147 0.000361300 -0.000260136 0.999999901 0.016824393
0.999999939 0.000105328 -0.000334156 -0.016860471 -0.000105203 0.999999924 0.000376635 0.032760400 0.000334195 -0.000376600 0.999999873 0.017284546
0.999999923 0.000107689 -0.000376614 -0.016809285 -0.000107605 0.999999970 0.000221913 0.032607283 0.000376638 -0.000221872 0.999999904 0.017441829
0.999999929 0.000100555 -0.000363850 -0.016595030 -0.000100446 0.999999950 0.000300127 0.032588645 0.000363880 -0.000300090 0.999999889 0.017862485
0.999999933 0.000146469 -0.000334899 -0.016820396 -0.000146396 0.999999965 0.000219648 0.032561412 0.000334931 -0.000219599 0.999999920 0.017938884
0.999999945 0.000045386 -0.000329193 -0.016721608 -0.000045291 0.999999957 0.000288637 0.033058813 0.000329206 -0.000288622 0.999999904 0.018060973
0.999999933 0.000094553 -0.000354939 -0.016836611 -0.000094465 0.999999965 0.000248261 0.033220720 0.000354962 -0.000248227 0.999999906 0.018467214
0.999999947 0.000122225 -0.000302028 -0.016820157 -0.000122134 0.999999947 0.000300176 0.033216136 0.000302064 -0.000300139 0.999999909 0.018530098
0.999999949 0.000096317 -0.000305516 -0.016943886 -0.000096250 0.999999971 0.000222078 0.033057870 0.000305537 -0.000222048 0.999999929 0.018751416
0.999999981 0.000009709 -0.000194322 -0.016684376 -0.000009660 0.999999967 0.000254826 0.033161106 0.000194325 -0.000254824 0.999999949 0.019026586
0.999999980 0.000027734 -0.000197308 -0.016816133 -0.000027686 0.999999970 0.000244796 0.033302667 0.000197314 -0.000244790 0.999999951 0.019275937
0.999999981 0.000097565 -0.000170216 -0.016913431 -0.000097520 0.999999960 0.000264327 0.033646350 0.000170242 -0.000264310 0.999999951 0.019660349
0.999999983 0.000005625 -0.000181572 -0.017063229 -0.000005575 0.999999963 0.000272035 0.034055581 0.000181574 -0.000272034 0.999999947 0.019802237
0.999999986 0.000078550 -0.000145303 -0.017573285 -0.000078527 0.999999984 0.000158704 0.034210140 0.000145315 -0.000158692 0.999999977 0.019860962
0.999999964 0.000192609 -0.000185477 -0.018092075 -0.000192555 0.999999939 0.000292186 0.035190153 0.000185534 -0.000292150 0.999999940 0.019848694
0.999999983 0.000147227 -0.000113126 -0.018222626 -0.000147194 0.999999946 0.000294334 0.035152096 0.000113169 -0.000294317 0.999999950 0.020255606
0.999999986 0.000025582 -0.000167196 -0.018480483 -0.000025542 0.999999971 0.000239292 0.035765817 0.000167202 -0.000239287 0.999999957 0.020477224
0.999999979 0.000080684 -0.000186573 -0.019124285 -0.000080641 0.999999969 0.000234033 0.036549743 0.000186592 -0.000234017 0.999999955 0.021107889
0.999999982 0.000152268 -0.000116853 -0.019138843 -0.000152236 0.999999951 0.000275275 0.036108519 0.000116895 -0.000275257 0.999999955 0.021464968
0.999999980 0.000095667 -0.000176088 -0.019281877 -0.000095632 0.999999976 0.000197218 0.035943556 0.000176107 -0.000197201 0.999999965 0.021621967
0.999999966 0.000042126 -0.000259273 -0.019900677 -0.000042080 0.999999984 0.000174776 0.036348504 0.000259280 -0.000174765 0.999999951 0.022064804
0.999999983 0.000100466 -0.000157757 -0.020530586 -0.000100420 0.999999951 0.000295541 0.036818726 0.000157786 -0.000295525 0.999999944 0.022297019
0.999999970 0.000112823 -0.000218252 -0.021202953 -0.000112767 0.999999960 0.000258548 0.037009833 0.000218281 -0.000258523 0.999999943 0.022252698
0.999999996 0.000091694 -0.000004116 -0.021845302 -0.000091693 0.999999961 0.000262072 0.037493908 0.000004140 -0.000262072 0.999999966 0.021945533
0.999999986 0.000119325 -0.000114581 -0.022896174 -0.000119301 0.999999970 0.000215267 0.037894288 0.000114607 -0.000215253 0.999999970 0.021889909
0.999999990 0.000032398 -0.000135508 -0.023437947 -0.000032364 0.999999967 0.000254827 0.038014158 0.000135516 -0.000254822 0.999999958 0.021250272
0.999999994 0.000082254 -0.000077551 -0.023491092 -0.000082245 0.999999990 0.000111824 0.036916157 0.000077561 -0.000111818 0.999999991 0.020674607
0.999999998 -0.000010861 -0.000061318 -0.023522556 0.000010870 0.999999989 0.000144992 0.035999563 0.000061316 -0.000144992 0.999999988 0.020229612
0.999999994 0.000095982 -0.000049447 -0.023846367 -0.000095972 0.999999971 0.000219320 0.035538860 0.000049468 -0.000219315 0.999999975 0.020030763
0.999999991 0.000114253 -0.000073490 -0.023838265 -0.000114246 0.999999989 0.000091925 0.034615003 0.000073500 -0.000091917 0.999999993 0.019077636
0.999999998 0.000056965 -0.000019234 -0.023707472 -0.000056963 0.999999993 0.000105761 0.034156449 0.000019240 -0.000105760 0.999999994 0.019133104
0.999999998 0.000062833 0.000001365 -0.023344565 -0.000062833 0.999999990 0.000127112 0.033154969 -0.000001357 -0.000127112 0.999999992 0.018898864
0.999999998 0.000066838 -0.000002884 -0.023527141 -0.000066838 0.999999988 0.000140048 0.032670538 0.000002893 -0.000140047 0.999999990 0.018626844
0.999999998 0.000054821 0.000022722 -0.023423737 -0.000054822 0.999999997 0.000049446 0.032043208 -0.000022719 -0.000049447 0.999999999 0.018341259
1.000000000 0.000026773 0.000010451 -0.023130158 -0.000026774 0.999999990 0.000140223 0.031002292 -0.000010447 -0.000140223 0.999999990 0.018251313
1.000000000 0.000015748 0.000021989 -0.022907368 -0.000015750 0.999999993 0.000113398 0.030696891 -0.000021987 -0.000113398 0.999999993 0.018245573
1.000000000 0.000018898 -0.000009164 -0.022168910 -0.000018897 0.999999993 0.000120886 0.029552768 0.000009166 -0.000120886 0.999999993 0.017625292
0.999999999 0.000033700 0.000027605 -0.021895983 -0.000033703 0.999999991 0.000127513 0.028943149 -0.000027601 -0.000127514 0.999999991 0.017425055
0.999999999 -0.000033056 -0.000022056 -0.021537702 0.000033059 0.999999990 0.000140616 0.028401416 0.000022051 -0.000140617 0.999999990 0.017258870
0.999999998 0.000009534 0.000059769 -0.021505069 -0.000009541 0.999999992 0.000130019 0.028415214 -0.000059768 -0.000130020 0.999999990 0.017546357
1.000000000 -0.000003148 0.000015045 -0.020742362 0.000003147 0.999999998 0.000059254 0.027562785 -0.000015045 -0.000059254 0.999999998 0.015686355
0.999999989 -0.000068757 0.000131293 -0.019890992 0.000068747 0.999999995 0.000078108 0.026411074 -0.000131299 -0.000078099 0.999999988 0.014570810
0.999999989 -0.000044700 0.000138234 -0.019124198 0.000044699 0.999999999 0.000009241 0.025397260 -0.000138234 -0.000009235 0.999999990 0.012912903
0.999999987 0.000022134 0.000161119 -0.019081202 -0.000022140 0.999999999 0.000042701 0.025307890 -0.000161118 -0.000042705 0.999999986 0.012008002
0.999999980 0.000029784 0.000195751 -0.018125463 -0.000029678 0.999999853 -0.000541797 0.024050061 -0.000195767 0.000541791 0.999999834 0.013700411
0.999999969 -0.000133167 0.000212105 -0.017382926 0.000133448 0.999999114 -0.001324819 0.024025252 -0.000211929 0.001324848 0.999999100 0.021639869
0.999999974 -0.000067858 0.000217468 -0.017328730 0.000068197 0.999998780 -0.001560689 0.023868852 -0.000217362 0.001560703 0.999998758 0.035115997
0.999999936 -0.000344646 0.000094852 -0.015842473 0.000344777 0.999998983 -0.001384011 0.022548625 -0.000094375 0.001384043 0.999999038 0.054196043
0.999999625 -0.000847017 0.000179922 -0.014484781 0.000847253 0.999998778 -0.001314161 0.021979247 -0.000178809 0.001314313 0.999999120 0.080492681
0.999999411 -0.001078641 0.000123806 -0.013489972 0.001078817 0.999998394 -0.001431368 0.021272925 -0.000122262 0.001431501 0.999998968 0.108627101
0.999999058 -0.001370134 0.000076447 -0.012584030 0.001370260 0.999997642 -0.001684516 0.019822514 -0.000074139 0.001684620 0.999998578 0.144082989
0.999998820 -0.001516988 0.000243764 -0.011401189 0.001517514 0.999996492 -0.002170976 0.017690410 -0.000240470 0.002171343 0.999997614 0.180342805
0.999999322 -0.001108940 0.000355451 -0.011282708 0.001110030 0.999994635 -0.003081788 0.015984060 -0.000352031 0.003082180 0.999995188 0.222480379
0.999999766 -0.000528241 0.000435712 -0.011878931 0.000530369 0.999987859 -0.004899038 0.014417583 -0.000433119 0.004899268 0.999987905 0.277860314
0.999999537 0.000156958 0.000949181 -0.012237557 -0.000150349 0.999975775 -0.006959002 0.012958797 -0.000950251 0.006958856 0.999975335 0.340734526
0.999998422 0.000496242 0.001705820 -0.011678146 -0.000481434 0.999962297 -0.008670264 0.011182427 -0.001710059 0.008669429 0.999960958 0.417356753
0.999995553 0.000578203 0.002925600 -0.010049513 -0.000550295 0.999954427 -0.009531042 0.009609626 -0.002930977 0.009529389 0.999950299 0.520977973
0.999991229 0.000629241 0.004140854 -0.008741243 -0.000589378 0.999953545 -0.009620846 0.009075777 -0.004146715 0.009618321 0.999945145 0.633070791
0.999983163 0.000859424 0.005738951 -0.007529782 -0.000805298 0.999955240 -0.009427060 0.009164257 -0.005746796 0.009422280 0.999939096 0.763277511
0.999969329 0.000893566 0.007780887 -0.004928821 -0.000814131 0.999947584 -0.010206214 0.008932843 -0.007789599 0.010199567 0.999917642 0.925867526
0.999951283 0.000743892 0.009842688 -0.001397337 -0.000631390 0.999934496 -0.011428263 0.007306912 -0.009850545 0.011421491 0.999886252 1.093113525
0.999921551 0.000086948 0.012525335 0.004423153 0.000066656 0.999924810 -0.012262510 0.005742091 -0.012525460 0.012262383 0.999846362 1.298107402
0.999885121 -0.000380725 0.015152531 0.010943869 0.000583081 0.999910682 -0.013352439 0.004014510 -0.015146094 0.013359740 0.999796036 1.504815096
0.999839388 -0.000237893 0.017920403 0.016523177 0.000499931 0.999893007 -0.014619296 0.003993199 -0.017915008 0.014625907 0.999732532 1.732837858
0.999770958 0.000497627 0.021395899 0.024598956 -0.000139771 0.999860140 -0.016723656 0.003457325 -0.021401229 0.016716835 0.999631199 2.008337070
0.999695648 0.000663365 0.024661143 0.033560331 -0.000228505 0.999844517 -0.017632054 0.003184398 -0.024669005 0.017621053 0.999540364 2.284863060
0.999603533 0.000441969 0.028152824 0.044833917 0.000062176 0.999839708 -0.017904053 0.000764538 -0.028156225 0.017898705 0.999443277 2.585294180
0.999485300 -0.000690958 0.032072707 0.062039587 0.001266718 0.999838355 -0.017934867 -0.003120082 -0.032055130 0.017966263 0.999324613 2.943309320
0.999371713 -0.000933290 0.035430342 0.076483098 0.001500464 0.999871107 -0.015984948 -0.007475987 -0.035410856 0.016028067 0.999244301 3.293697025
0.999250229 -0.000412046 0.038714477 0.093211182 0.000973368 0.999894667 -0.014481298 -0.012180102 -0.038704432 0.014508124 0.999145375 3.706001978
0.999157003 -0.001275788 0.041032374 0.111166777 0.001829400 0.999907772 -0.013457356 -0.014995132 -0.041011421 0.013521076 0.999067187 4.099915976
0.999090207 -0.003599001 0.042494760 0.132808698 0.004081805 0.999928045 -0.011280207 -0.018312694 -0.042451105 0.011443400 0.999033009 4.509489620
0.999054337 -0.005319834 0.043152410 0.155344013 0.005746132 0.999935852 -0.009760878 -0.019824071 -0.043097715 0.009999607 0.999020818 4.971997843
0.999070794 -0.006141381 0.042659494 0.173405575 0.006529808 0.999938431 -0.008971933 -0.020099098 -0.042601768 0.009242155 0.999049384 5.403223346
0.999135784 -0.006319375 0.041082252 0.189612895 0.006656950 0.999945154 -0.008085450 -0.020283812 -0.041028903 0.008351945 0.999123053 5.844434267
0.999238782 -0.007089002 0.038361485 0.206742177 0.007388526 0.999943275 -0.007671822 -0.021513078 -0.038304923 0.007949417 0.999234477 6.340751141
0.999378982 -0.008366459 0.034229412 0.220587244 0.008636175 0.999932757 -0.007739387 -0.023498805 -0.034162359 0.008030192 0.999384035 6.802206733
0.999545538 -0.009637962 0.028562675 0.231348995 0.009858814 0.999922508 -0.007601459 -0.025636697 -0.028487199 0.007879599 0.999563100 7.273760519
0.999724012 -0.011764980 0.020334321 0.239100672 0.011915113 0.999902526 -0.007277929 -0.027543767 -0.020246714 0.007518207 0.999766746 7.805455425
0.999853293 -0.013925263 0.009973896 0.240849844 0.014005767 0.999869529 -0.008047623 -0.029135653 -0.009860529 0.008186134 0.999917875 8.299513533
0.999843595 -0.017178166 -0.004206752 0.234115577 0.017138637 0.999810250 -0.009259077 -0.032009215 0.004365008 0.009185530 0.999948285 8.856841983
0.999604089 -0.020221009 -0.019564670 0.219047998 0.020042047 0.999755879 -0.009300494 -0.035042027 0.019747959 0.008904696 0.999765335 9.376367231
0.999067927 -0.021349382 -0.037516399 0.190314753 0.021062814 0.999746009 -0.008017236 -0.038915907 0.037678034 0.007219562 0.999263851 9.908594772
0.998072909 -0.021758921 -0.058112113 0.144848567 0.021383305 0.999746298 -0.007077766 -0.040197573 0.058251374 0.005821497 0.998284973 10.451912962
0.996257599 -0.022695660 -0.083400864 0.079220478 0.022207061 0.999730392 -0.006781558 -0.041574576 0.083532291 0.004904091 0.996493004 11.060741982
0.993714971 -0.025397093 -0.109020841 0.006159541 0.024974511 0.999674355 -0.005240074 -0.042694259 0.109118422 0.002484398 0.994025652 11.626525681
0.990199445 -0.025011115 -0.137402702 -0.088053377 0.024762971 0.999687170 -0.003515294 -0.043393244 0.137447640 0.000078344 0.990509031 12.201230908
0.985040319 -0.025639790 -0.170405901 -0.217391432 0.025574248 0.999669596 -0.002580034 -0.042722138 0.170415750 -0.001816565 0.985370576 12.841766663
0.978988271 -0.025055685 -0.202371388 -0.357073674 0.025180558 0.999681002 -0.001957893 -0.041896785 0.202355889 -0.003179070 0.979306892 13.430218113
0.970705293 -0.023214266 -0.239149183 -0.540334959 0.023823753 0.999716116 -0.000342181 -0.039048931 0.239089236 -0.005365274 0.970982776 14.083372623
0.961914334 -0.020148357 -0.272607517 -0.733291775 0.021001124 0.999779430 0.000210445 -0.035782695 0.272543148 -0.005927494 0.962125302 14.677172412
0.951619398 -0.019052635 -0.306687981 -0.948899113 0.019735839 0.999804848 -0.000873560 -0.034525390 0.306644773 -0.005221448 0.951809708 15.268297224
0.938211411 -0.020213645 -0.345471788 -1.207739878 0.020852529 0.999780818 -0.001867397 -0.033028615 0.345433813 -0.005451947 0.938427278 15.917060541
0.924395217 -0.019939540 -0.380914554 -1.470908883 0.020294948 0.999789279 -0.003084118 -0.029528334 0.380895783 -0.004879697 0.924605100 16.500174711
0.908803916 -0.019180079 -0.416782396 -1.758202867 0.018609644 0.999812070 -0.005431990 -0.028394621 0.416808256 -0.002819559 0.908990059 17.075133529
0.889676136 -0.020897828 -0.456113642 -2.097319699 0.021123693 0.999766272 -0.004603453 -0.030178341 0.456103237 -0.005539222 0.889909633 17.706338372
0.870625015 -0.022997226 -0.491409413 -2.430359195 0.025046205 0.999683391 -0.002409583 -0.031915100 0.491309242 -0.010210098 0.870925360 18.275226463
0.848043730 -0.022290819 -0.529457224 -2.829473110 0.026229241 0.999655951 -0.000074804 -0.033528334 0.529276732 -0.013823824 0.848336633 18.889888788
0.825868554 -0.022773353 -0.563402615 -3.218679508 0.028261161 0.999600051 0.001021933 -0.033758837 0.563154010 -0.016766394 0.826181850 19.437021395
0.801797275 -0.023379395 -0.597138622 -3.632121170 0.029793712 0.999555690 0.000869998 -0.032338260 0.596852968 -0.018488538 0.802137587 19.971860841
0.773590737 -0.022416820 -0.633288921 -4.119083718 0.030027207 0.999548239 0.001298106 -0.028683997 0.632973726 -0.020020100 0.773914374 20.543500406
0.746839509 -0.021068011 -0.664670509 -4.588301925 0.029238599 0.999571776 0.001169830 -0.025902335 0.664361236 -0.020307710 0.747135694 21.046609349
0.718749342 -0.019629280 -0.694992140 -5.082153353 0.029515543 0.999561691 0.002292976 -0.023148008 0.694642509 -0.022161146 0.719013677 21.535898073
0.686550433 -0.017463017 -0.726872442 -5.656703703 0.028287539 0.999596172 0.002703166 -0.018662371 0.726531705 -0.022417292 0.686767170 22.055121662
0.656457888 -0.014446740 -0.754224325 -6.208131258 0.027231830 0.999618768 0.004554769 -0.013921161 0.753870989 -0.023528922 0.656601036 22.511122231
0.625092189 -0.012043748 -0.780458009 -6.785786115 0.026540131 0.999630743 0.005830843 -0.007759137 0.780099594 -0.024358272 0.625181012 22.951834745
0.589278235 -0.011646400 -0.807846225 -7.447650934 0.026886599 0.999624960 0.005201059 -0.000874102 0.807482676 -0.024785108 0.589370364 23.418768183
0.556547553 -0.014431766 -0.830690403 -8.073082783 0.031038933 0.999512288 0.003430779 0.004372917 0.830235753 -0.027693136 0.556724065 23.828786176
0.523175296 -0.016002819 -0.852074832 -8.724759992 0.029409404 0.999567194 -0.000715453 0.008245722 0.851717498 -0.024684705 0.523419496 24.215630461
0.486805288 -0.017599520 -0.873333194 -9.474051834 0.026322164 0.999638532 -0.005472585 0.012513593 0.873113827 -0.020323936 0.487092581 24.614179737
0.453611808 -0.021755936 -0.890933784 -10.176186524 0.030017621 0.999507726 -0.009123999 0.014963492 0.890693702 -0.022604959 0.454041568 24.966461442
0.417399878 -0.020810880 -0.908484589 -10.982070030 0.028175314 0.999553455 -0.009951973 0.013922152 0.908286020 -0.021442886 0.417799844 25.327419692
0.386803262 -0.020302812 -0.921938735 -11.736551268 0.029615697 0.999515394 -0.009585805 0.012512175 0.921686577 -0.023596037 0.387217097 25.636188050
0.355577936 -0.021593587 -0.934397158 -12.506447521 0.029842192 0.999485658 -0.011741533 0.006698347 0.934170100 -0.023709429 0.356039447 25.920718462
0.322611175 -0.023919399 -0.946229302 -13.369512330 0.029040915 0.999460146 -0.015363678 -0.002774905 0.946085966 -0.022522870 0.323131653 26.207987711
0.293169772 -0.027623651 -0.955661247 -14.166397324 0.030979768 0.999332068 -0.019382253 -0.010049647 0.955558339 -0.023923873 0.293829729 26.449247392
0.266490829 -0.026568495 -0.963471200 -14.979479724 0.026289437 0.999448457 -0.020289084 -0.021586181 0.963478855 -0.019922261 0.267042319 26.662422749
0.240959275 -0.025852099 -0.970190856 -15.885422304 0.023458427 0.999508262 -0.020807102 -0.037265490 0.970251684 -0.017745487 0.241447236 26.879744477
0.220964886 -0.025352768 -0.974952182 -16.718305259 0.019926701 0.999570746 -0.021476729 -0.052026086 0.975078174 -0.014681978 0.221375233 27.060948851
0.204973255 -0.024467481 -0.978461704 -17.559248655 0.015886856 0.999638966 -0.021668979 -0.067077582 0.978638632 -0.011103119 0.205287964 27.228399614
0.190508114 -0.023038901 -0.981415237 -18.492123268 0.012953950 0.999696527 -0.020953493 -0.084797394 0.981600149 -0.008721394 0.190748745 27.399610308
0.180195724 -0.022479273 -0.983373878 -19.345811668 0.009990938 0.999729084 -0.021022380 -0.101632188 0.983580033 -0.006036685 0.180371495 27.551521643
0.172641490 -0.022642751 -0.984724439 -20.289999235 0.007690103 0.999736258 -0.021639707 -0.119638495 0.984954709 -0.003836721 0.172770083 27.713221320
0.168894768 -0.023565830 -0.985352327 -21.153370705 0.006540498 0.999718917 -0.022788346 -0.136086337 0.985612388 -0.002595862 0.169001427 27.860228793
0.167139550 -0.025325152 -0.985607938 -22.018921012 0.004521519 0.999679224 -0.024919953 -0.156257180 0.985922881 -0.000291335 0.167200443 28.004104111
0.166988621 -0.024926619 -0.985643680 -22.979024216 0.002245564 0.999687392 -0.024901335 -0.176817711 0.985956266 0.001944914 0.166992393 28.164570148
0.167406387 -0.022752992 -0.985625387 -23.858033068 0.001534801 0.999738455 -0.022818108 -0.194790121 0.985886782 0.002307158 0.167397524 28.313739603
0.168542314 -0.018765572 -0.985515774 -24.742476325 0.002110728 0.999823341 -0.018677033 -0.212353242 0.985692159 0.001067715 0.168552148 28.467021792
0.169568695 -0.018462394 -0.985345420 -25.715806217 0.005219809 0.999827310 -0.017835461 -0.228034032 0.985504546 -0.002118979 0.169635783 28.639522775
0.170768696 -0.019223778 -0.985123596 -26.604434399 0.008319873 0.999802144 -0.018067987 -0.242240326 0.985276018 -0.005110656 0.170894848 28.800386588
0.171807915 -0.018525735 -0.984956262 -27.587627135 0.009936066 0.999804894 -0.017071850 -0.256998274 0.985080360 -0.006853512 0.171958468 28.977361549
0.172940044 -0.016539398 -0.984793476 -28.486630522 0.011060856 0.999828560 -0.014849507 -0.270245463 0.984870245 -0.008324585 0.173093335 29.140538618
0.173934245 -0.012734483 -0.984674927 -29.390885796 0.011142444 0.999877823 -0.010962882 -0.280876752 0.984694229 -0.009064865 0.174054888 29.305391938
0.175216841 -0.003006420 -0.984525276 -30.394797053 0.009901228 0.999950148 -0.001291392 -0.284533025 0.984480078 -0.009521736 0.175237873 29.485288259
0.176402350 0.004043088 -0.984309842 -31.307106030 0.013192774 0.999892030 0.006471426 -0.286648833 0.984229730 -0.014127352 0.176329964 29.656356633
