1.000000000 0.000000000 0.000000000 -0.000000000 -0.000000000 1.000000000 -0.000000000 0.000000000 -0.000000000 0.000000000 1.000000000 0.000000000
0.999990351 -0.001578930 0.004099359 0.009184786 0.001582825 0.999998299 -0.000947097 0.000619973 -0.004097857 0.000953577 0.999991149 0.682507987
0.999966826 -0.002525236 0.007744036 0.018265169 0.002533863 0.999996180 -0.001104415 0.000398989 -0.007741217 0.001124001 0.999969405 1.363803425
0.999929155 -0.003585296 0.011350400 0.034178829 0.003587276 0.999993554 -0.000154147 0.001194877 -0.011349774 0.000194853 0.999935570 2.116239470
0.999887969 -0.002258710 0.014796902 0.045934557 0.002247826 0.999997191 0.000752131 -0.002598104 -0.014798560 -0.000718786 0.999890237 2.797913363
0.999827234 -0.002360590 0.018437177 0.065680153 0.002351307 0.999997098 0.000525178 -0.000726287 -0.018438363 -0.000481736 0.999829883 3.546897498
0.999768571 -0.002789557 0.021331266 0.100166555 0.002765459 0.999995504 0.001159098 -0.024437203 -0.021334403 -0.001099839 0.999771791 4.238337774
0.999686226 -0.004648293 0.024613868 0.135693021 0.004634370 0.999989067 0.000622698 -0.036446873 -0.024616493 -0.000508433 0.999696839 4.924301697
0.999610414 -0.005110723 0.027439026 0.171551513 0.005085483 0.999986579 0.000989563 -0.049361353 -0.027443715 -0.000849637 0.999622989 5.609447089
0.999525164 -0.007522983 0.029880632 0.215481852 0.007441567 0.999968292 0.002835010 -0.064226637 -0.029901012 -0.002611305 0.999549454 6.363865400
0.999457220 -0.009006552 0.031688272 0.253883462 0.008910379 0.999955262 0.003174871 -0.070860896 -0.031715449 -0.002890793 0.999492758 7.046022485
0.999427415 -0.010001107 0.032323661 0.292582954 0.009885951 0.999944212 0.003720446 -0.080075446 -0.032359066 -0.003398766 0.999470529 7.728718131
0.999440133 -0.008025422 0.032480952 0.330269035 0.007901901 0.999961059 0.003929472 -0.084486663 -0.032511223 -0.003670610 0.999464630 8.478538615
0.999442743 -0.006718744 0.032696514 0.362733149 0.006633620 0.999974322 0.002711240 -0.092425385 -0.032713891 -0.002492833 0.999461649 9.165697526
0.999474464 -0.006599038 0.031737182 0.395071643 0.006591721 0.999978218 0.000335171 -0.093546493 -0.031738702 -0.000125792 0.999496193 9.851313811
0.999517902 -0.006360898 0.030389184 0.429177187 0.006465979 0.999973448 -0.003360818 -0.094357096 -0.030366999 0.003555694 0.999532492 10.606978591
0.999557721 -0.003947151 0.029475112 0.457251540 0.004113975 0.999975850 -0.005601309 -0.092387892 -0.029452291 0.005720091 0.999549820 11.294966323
0.999601801 0.001129686 0.028195108 0.482961607 -0.000988912 0.999986980 -0.005006273 -0.095416770 -0.028200397 0.004976397 0.999589902 12.057155135
0.999614414 0.000991494 0.027749608 0.511896638 -0.000914766 0.999995724 -0.002777552 -0.099903011 -0.027752243 0.002751097 0.999611047 12.751118999
0.999643948 -0.000503321 0.026678147 0.543932286 0.000496439 0.999999842 0.000264596 -0.101200177 -0.026678276 -0.000251258 0.999644040 13.446257120
0.999650701 -0.001328966 0.026395269 0.576937240 0.001182885 0.999983903 0.005549216 -0.100283805 -0.026402219 -0.005516055 0.999636182 14.214127533
0.999632192 -0.001971388 0.027048001 0.605443143 0.001782417 0.999973849 0.007008857 -0.100814399 -0.027061110 -0.006958069 0.999609565 14.907838825
0.999628339 -0.004586072 0.026872879 0.641104444 0.004437269 0.999974507 0.005594305 -0.103229919 -0.026897850 -0.005472984 0.999623205 15.667775578
0.999625748 -0.006198715 0.026644684 0.671340195 0.006249476 0.999978812 -0.001822240 -0.101743845 -0.026632824 0.001988073 0.999643307 16.353935889
0.999634184 -0.007300432 0.026042304 0.695770879 0.007522158 0.999936206 -0.008426261 -0.103561970 -0.025979128 0.008619073 0.999625328 17.040407216
0.999627365 -0.009232131 0.025688488 0.723159079 0.009517357 0.999894169 -0.011003234 -0.105478043 -0.025584186 0.011243620 0.999609439 17.733978116
0.999606399 -0.011954490 0.025379864 0.752117885 0.012126011 0.999904596 -0.006615034 -0.108618976 -0.025298363 0.006920187 0.999655993 18.505086123
0.999575345 -0.014303545 0.025387765 0.778984502 0.014344445 0.999896091 -0.001429641 -0.113606484 -0.025364678 0.001793207 0.999676656 19.209717284
0.999574475 -0.014455310 0.025335993 0.801200191 0.014454708 0.999895504 0.000206910 -0.123518022 -0.025336337 0.000159403 0.999678971 19.911000310
0.999649036 -0.008746412 0.025006090 0.812529513 0.008811232 0.999958097 -0.002483177 -0.139320990 -0.024983323 0.002702640 0.999684215 20.679440371
0.999664265 -0.005929557 0.025222960 0.824279661 0.006074464 0.999965462 -0.005672300 -0.147138750 -0.025188455 0.005823612 0.999665758 21.379506066
0.999659475 -0.007392249 0.025025767 0.842235409 0.007597328 0.999938256 -0.008109601 -0.154547630 -0.024964273 0.008296968 0.999653913 22.150690146
0.999637846 -0.008625812 0.025490618 0.864934347 0.008753614 0.999949650 -0.004906360 -0.158934590 -0.025447013 0.005127718 0.999663021 22.860812745
0.999647388 -0.006450158 0.025758409 0.878950667 0.006438950 0.999979136 0.000518062 -0.164301476 -0.025761213 -0.000352023 0.999668063 23.573117901
0.999650360 -0.004307842 0.026088307 0.900216044 0.004224141 0.999985756 0.003262648 -0.166379069 -0.026101990 -0.003151307 0.999654318 24.353563877
0.999660679 -0.004188745 0.025709537 0.919936803 0.004133807 0.999989058 0.002189664 -0.167707179 -0.025718428 -0.002082642 0.999667057 25.055174443
0.999655176 -0.006173055 0.025522997 0.943689947 0.006144965 0.999980425 0.001178832 -0.165595282 -0.025529774 -0.001021588 0.999673540 25.759806879
0.999651568 -0.006266947 0.025641128 0.962519610 0.006304877 0.999979146 -0.001398694 -0.165649692 -0.025631828 0.001559870 0.999670234 26.533046998
0.999651512 -0.006205940 0.025658144 0.981138448 0.006277181 0.999976662 -0.002696920 -0.166793537 -0.025640808 0.002857041 0.999667138 27.237873145
0.999660989 -0.004064259 0.025717491 0.997644242 0.004136352 0.999987662 -0.002750694 -0.167800416 -0.025705994 0.002856138 0.999665466 27.943355775
0.999628070 -0.001610013 0.027223682 1.014423290 0.001673416 0.999995940 -0.002306346 -0.173187846 -0.027219858 0.002351045 0.999626706 28.718039595
0.999595353 -0.000274504 0.028443906 1.034207968 0.000342678 0.999997081 -0.002391972 -0.184204796 -0.028443166 0.002400751 0.999592528 29.422176537
0.999545528 -0.002169922 0.030067081 1.061455336 0.002257188 0.999993338 -0.002868742 -0.209480941 -0.030060656 0.002935305 0.999543766 30.192365490
0.999494423 -0.001930512 0.031735962 1.087837366 0.002084543 0.999986206 -0.004821145 -0.227174230 -0.031726217 0.004884862 0.999484660 30.890228598
0.999438593 -0.000750327 0.033495319 1.115287006 0.000950028 0.999981868 -0.005946537 -0.247396861 -0.033490250 0.005975020 0.999421184 31.656618879
0.999375907 -0.001545101 0.035290363 1.145522069 0.001785058 0.999975497 -0.006769008 -0.260840860 -0.035279040 0.006827779 0.999354177 32.352205604
0.999340030 -0.000608300 0.036319898 1.163122828 0.000850660 0.999977474 -0.006657861 -0.271893409 -0.036315030 0.006684363 0.999318036 33.034522960
0.999274172 -0.000550571 0.038089722 1.185128078 0.000806122 0.999977269 -0.006694176 -0.284204659 -0.038085171 0.006720023 0.999251901 33.716781417
0.999190132 0.001993348 0.040188392 1.202803757 -0.001748629 0.999979722 -0.006123522 -0.297385582 -0.040199784 0.006048288 0.999173356 34.464818817
0.999117952 0.003516390 0.041844381 1.224837577 -0.003247877 0.999973709 -0.006483217 -0.307160203 -0.041866079 0.006341593 0.999103106 35.144757392
0.999031754 0.002059213 0.043946722 1.253364650 -0.001733284 0.999970722 -0.007453289 -0.316362526 -0.043960783 0.007369900 0.999006073 35.823866615
0.998939841 0.002978051 0.045938281 1.280532202 -0.002554728 0.999953760 -0.009270992 -0.331824579 -0.045963766 0.009143803 0.998901258 36.570362167
0.998845534 0.003558281 0.047905503 1.308791025 -0.003062976 0.999941137 -0.010408647 -0.342311886 -0.047939720 0.010249897 0.998797639 37.253175959
0.998761822 0.003678113 0.049611435 1.337094691 -0.003170135 0.999941785 -0.010313948 -0.358098374 -0.049646482 0.010143903 0.998715339 37.936440411
0.998671515 -0.000157561 0.051528449 1.379057129 0.000649017 0.999954464 -0.009520976 -0.372259746 -0.051524602 0.009541770 0.998626141 38.691313713
0.998576021 -0.000967963 0.053338478 1.411710711 0.001416282 0.999963985 -0.008368019 -0.386735663 -0.053328457 0.008431646 0.998541428 39.376894085
0.998430025 -0.001761903 0.055985549 1.449376580 0.002309151 0.999950175 -0.009711619 -0.397704360 -0.055965649 0.009825651 0.998384346 40.060083434
0.998262924 -0.000799713 0.058910902 1.494145132 0.001401304 0.999947289 -0.010171279 -0.422825131 -0.058899663 0.010236163 0.998211426 40.809916104
0.998090386 -0.000680087 0.061766655 1.537860373 0.001280204 0.999952359 -0.009676816 -0.439867366 -0.061757131 0.009737411 0.998043706 41.493226665
0.997900191 -0.000135337 0.064770292 1.580942768 0.000826247 0.999943048 -0.010640415 -0.456293020 -0.064765163 0.010671588 0.997843470 42.175211816
0.997685399 0.001242566 0.067987501 1.628158967 -0.000553973 0.999948373 -0.010146143 -0.474448055 -0.067996598 0.010084995 0.997634580 42.924564447
0.997439468 0.001458257 0.071500911 1.676225171 -0.000697562 0.999942908 -0.010662775 -0.494291524 -0.071512378 0.010585596 0.997383540 43.606934452
0.997168296 0.002298536 0.075167188 1.728914629 -0.001465544 0.999936928 -0.011135145 -0.522518637 -0.075188042 0.010993453 0.997108772 44.355487183
0.996915965 0.002750392 0.078428272 1.781068149 -0.001934695 0.999943268 -0.010474638 -0.543012290 -0.078452632 0.010290599 0.996864729 45.036874396
0.996646771 0.004446848 0.081703362 1.829403019 -0.003661302 0.999945648 -0.009761918 -0.566833705 -0.081742331 0.009430044 0.996608883 45.715848108
0.996322272 0.005387377 0.085515529 1.886516186 -0.004761274 0.999960361 -0.007523774 -0.582478709 -0.085552672 0.007088941 0.996308430 46.465136117
0.996055778 0.004741202 0.088602528 1.940305955 -0.004303460 0.999977577 -0.005130894 -0.608397618 -0.088624868 0.004729359 0.996053847 47.144070631
0.995738924 0.001328151 0.092207540 2.004797681 -0.000861851 0.999986640 -0.005096703 -0.623765422 -0.092213078 0.004995517 0.995726766 47.815646418
0.995398292 0.001180749 0.095816730 2.069761071 -0.000409100 0.999967332 -0.008072633 -0.642168466 -0.095823132 0.007996286 0.995366258 48.549874140
0.995049737 0.000917894 0.099373936 2.131393234 0.000123399 0.999945161 -0.010471887 -0.651453094 -0.099378098 0.010432311 0.994995056 49.215732031
0.994706061 0.001149043 0.102754714 2.195616993 0.000232785 0.999909721 -0.013434832 -0.661412848 -0.102760874 0.013387629 0.994615993 49.878569938
0.994372436 -0.000408466 0.105940042 2.269056377 0.001890170 0.999901795 -0.013886219 -0.681976260 -0.105923967 0.014008319 0.994275556 50.606904563
0.994010206 -0.000729091 0.109284853 2.337750637 0.002108013 0.999919616 -0.012502687 -0.696934041 -0.109266953 0.012658173 0.993931841 51.269465662
0.993549234 -0.001660123 0.113389435 2.415684683 0.003117494 0.999914788 -0.012676687 -0.712913070 -0.113358728 0.012948404 0.993469747 51.992493039
0.993182963 -0.003642884 0.116508931 2.493509044 0.004989814 0.999924028 -0.011271159 -0.726591753 -0.116459020 0.011775680 0.993125687 52.648023289
0.992828065 -0.001823450 0.119537061 2.565681868 0.003245704 0.999926233 -0.011704412 -0.741195163 -0.119506901 0.012008450 0.992760745 53.299713857
0.992472095 0.002608529 0.122443199 2.633015432 -0.001240105 0.999935938 -0.011250873 -0.757426333 -0.122464703 0.011014335 0.992411750 53.950525281
0.992108993 0.002240986 0.125358384 2.712945896 -0.000672885 0.999921021 -0.012549891 -0.779076981 -0.125376608 0.012366508 0.992032144 54.661675392
0.991881155 -0.000853745 0.127165427 2.795584832 0.002744540 0.999888266 -0.014694308 -0.796277334 -0.127138673 0.014924018 0.991772671 55.306471132
0.991398864 -0.000866509 0.130872237 2.882045598 0.003030237 0.999861985 -0.016334892 -0.813949223 -0.130840020 0.016590967 0.991264661 56.012920934
0.990975194 0.000523165 0.134044360 2.956893403 0.001830250 0.999846356 -0.017433161 -0.832267723 -0.134032885 0.017521164 0.990821979 56.654448048
0.990642309 -0.000666498 0.136482127 3.037533003 0.002781157 0.999879020 -0.015303937 -0.852643841 -0.136455415 0.015540305 0.990524315 57.297108038
0.990260676 -0.000600905 0.139224398 3.124416651 0.002463175 0.999909788 -0.013204112 -0.879662478 -0.139203903 0.013418447 0.990172823 58.003945344
0.989850996 -0.002137716 0.142093056 3.208641712 0.003926958 0.999916483 -0.012312821 -0.897830978 -0.142054867 0.012745852 0.989776721 58.644322609
0.989519859 -0.002146052 0.144380898 3.288062558 0.004111962 0.999902842 -0.013319104 -0.917566580 -0.144338287 0.013773207 0.989432543 59.283659328
0.989116049 -0.002254239 0.147120222 3.382359382 0.004526566 0.999875555 -0.015112410 -0.933034595 -0.147067846 0.015613877 0.989003162 59.984143448
0.988687731 -0.000605011 0.149987349 3.463168573 0.002900303 0.999882009 -0.015084974 -0.956169448 -0.149960525 0.015349337 0.988572829 60.621312847
0.988258540 -0.000835423 0.152788611 3.552386314 0.003082296 0.999890561 -0.014469492 -0.973808438 -0.152759802 0.014770539 0.988152961 61.255764954
0.987859018 -0.000535010 0.155352100 3.653330528 0.002683799 0.999903610 -0.013622323 -0.996062123 -0.155329837 0.013873869 0.987765234 61.950474070
0.987403588 -0.000095121 0.158221823 3.746984821 0.002151335 0.999915448 -0.012824550 -1.013294659 -0.158207226 0.013003395 0.987320305 62.578075066
0.986957497 0.002846739 0.160955882 3.836483309 -0.000592697 0.999901113 -0.014050378 -1.033548154 -0.160979963 0.013771728 0.986861587 63.202285246
0.986491907 0.001091123 0.163806370 3.942621752 0.001424568 0.999882858 -0.015239457 -1.056559708 -0.163803809 0.015266954 0.986374793 63.884070288
0.986143883 -0.002083554 0.165879176 4.046003509 0.004931552 0.999847395 -0.016759088 -1.072692101 -0.165818943 0.017344914 0.986003667 64.499643793
0.985594782 -0.001902515 0.169113294 4.153213441 0.005102980 0.999815979 -0.018492367 -1.093747715 -0.169046992 0.019088963 0.985423120 65.174216547
0.985135836 -0.000095509 0.171777108 4.250575648 0.003168982 0.999839767 -0.017618088 -1.112776290 -0.171747901 0.017900568 0.984978288 65.789191137
0.984725827 -0.001863083 0.174102196 4.350989312 0.005070596 0.999825486 -0.017980182 -1.137860168 -0.174038314 0.018588352 0.984563425 66.399655908
0.984327365 -0.001055668 0.176347736 4.463513530 0.004390280 0.999818847 -0.018520205 -1.160797587 -0.176296239 0.019004161 0.984153686 67.066720201
0.983861312 0.001002927 0.178929909 4.559752552 0.002286686 0.999832156 -0.018177736 -1.185456812 -0.178918108 0.018293528 0.983693884 67.672829582
0.983414550 0.001129656 0.181368540 4.662855872 0.002182196 0.999834528 -0.018059761 -1.202926211 -0.181358930 0.018156013 0.983249357 68.275121851
0.982913009 -0.003147499 0.184043772 4.785123782 0.006425552 0.999831119 -0.017217593 -1.220772916 -0.183958498 0.018105979 0.982767238 68.935162755
0.982431073 -0.002467903 0.186609473 4.884277741 0.005828079 0.999830577 -0.017459999 -1.234369114 -0.186534768 0.018240821 0.982279010 69.533102985
0.981784132 0.000942595 0.189997449 4.989261336 0.001889676 0.999889793 -0.014725171 -1.250819349 -0.189990389 0.014815973 0.981674151 70.191989647
0.981321468 0.003331098 0.192346250 5.090967763 -0.000844220 0.999915014 -0.013009679 -1.264534269 -0.192373240 0.012604294 0.981240882 70.786451432
0.980867289 0.001267450 0.194673458 5.198841973 0.001006632 0.999932418 -0.011582151 -1.271498715 -0.194674982 0.011556517 0.980799724 71.377234854
0.980392197 -0.002221585 0.197043660 5.303626380 0.004472322 0.999929735 -0.010978284 -1.276353492 -0.197005426 0.011644267 0.980333246 71.965547457
0.979702442 -0.003504219 0.200426658 5.421827746 0.006373384 0.999886224 -0.013671832 -1.284383699 -0.200355945 0.014671724 0.979613309 72.605460188
0.979152353 -0.001366398 0.203122632 5.530160201 0.004623295 0.999868239 -0.015560514 -1.292948221 -0.203074606 0.016175210 0.979029656 73.187067301
0.978589286 0.002290078 0.205810022 5.643713825 0.001050657 0.999869490 -0.016121377 -1.299155785 -0.205820081 0.015992442 0.978459164 73.768091327
0.977905148 0.002641954 0.209032395 5.767387023 0.000512077 0.999886864 -0.015033164 -1.311956726 -0.209048463 0.014808049 0.977793159 74.406302975
0.977371584 0.000579776 0.211528839 5.886225498 0.002249673 0.999911198 -0.013135281 -1.330180022 -0.211517671 0.013313921 0.977283487 74.989708245
0.976620124 -0.000918139 0.214970440 6.014102201 0.003444329 0.999929347 -0.011377034 -1.357069683 -0.214944806 0.011851469 0.976554286 75.634081577
0.975833769 0.001066604 0.218511597 6.123630738 0.001298380 0.999942132 -0.010679275 -1.378402878 -0.218510343 0.010704909 0.975775914 76.215143995
0.975000230 0.001861891 0.222196050 6.237247578 0.000880826 0.999924652 -0.012243947 -1.391885586 -0.222202105 0.012133567 0.974925126 76.785911780
0.974247950 0.001461933 0.225474601 6.370819796 0.001942327 0.999887465 -0.014875633 -1.408184493 -0.225470974 0.014930501 0.974135473 77.412168026
0.973349414 -0.001400659 0.229322820 6.501761535 0.005286286 0.999852675 -0.016330476 -1.434265680 -0.229266162 0.017107525 0.973213419 77.975901032
0.972454583 -0.000377604 0.233092131 6.629355486 0.004007283 0.999877981 -0.015098504 -1.472984669 -0.233057988 0.015616675 0.972337438 78.548449516
0.971341334 -0.002557964 0.237675137 6.771286754 0.005824647 0.999897970 -0.013043086 -1.499885022 -0.237617523 0.014053662 0.971257127 79.170985840
0.970292757 -0.002443254 0.241921466 6.899428549 0.005398298 0.999918692 -0.011552817 -1.537876564 -0.241873570 0.012515578 0.970227054 79.734952700
0.969022906 -0.002006803 0.246962711 7.030835380 0.004683803 0.999936470 -0.010252707 -1.574339731 -0.246926446 0.011091833 0.968970743 80.292336993
0.967844522 -0.000943723 0.251547391 7.178941028 0.003654540 0.999940176 -0.010309627 -1.623053613 -0.251522613 0.010897406 0.967790071 80.904036144
0.966591369 -0.000667699 0.256321438 7.317227961 0.004393433 0.999892860 -0.013963043 -1.657348344 -0.256284653 0.014622688 0.966490742 81.453589884
0.965210217 -0.002566571 0.261462520 7.459511146 0.007105623 0.999839994 -0.016416348 -1.688301188 -0.261378550 0.017703081 0.965074015 81.999832352
0.963743135 -0.003303445 0.266811277 7.616088101 0.008214446 0.999816733 -0.017292287 -1.726411621 -0.266705255 0.018857029 0.963593648 82.599769218
0.962307570 -0.000933714 0.271961888 7.755667811 0.005606510 0.999849706 -0.016405287 -1.753624123 -0.271905695 0.017311689 0.962168176 83.143795548
0.960750041 0.003469470 0.277393801 7.912861510 0.000695710 0.999888515 -0.014915571 -1.793391092 -0.277414625 0.014523121 0.960640518 83.746151459
0.959530049 0.004755289 0.281566107 8.061788443 -0.000859215 0.999902199 -0.013959000 -1.823456837 -0.281604949 0.013152154 0.959440292 84.287412723
0.958284587 0.001805364 0.285810061 8.218655847 0.002014592 0.999912544 -0.013070773 -1.855936719 -0.285808662 0.013101311 0.958197143 84.825367871
0.956719286 -0.001327626 0.291009355 8.393669916 0.004713809 0.999929098 -0.010935250 -1.879571794 -0.290974204 0.011833727 0.956657711 85.410112948
0.955289082 -0.000414423 0.295673128 8.550160613 0.003922165 0.999928793 -0.011270582 -1.906998833 -0.295647404 0.011926342 0.955222684 85.941690861
0.953887453 0.004470377 0.300131208 8.704349524 -0.001071177 0.999933422 -0.011489297 -1.932769338 -0.300162588 0.010638002 0.953828734 86.473275868
0.952293270 0.007519438 0.305091767 8.876437936 -0.004115556 0.999921925 -0.011798532 -1.958662115 -0.305156666 0.009980041 0.952249866 87.054202006
0.950835906 0.007827822 0.309596195 9.038135811 -0.004095851 0.999910931 -0.012702489 -1.976073749 -0.309668053 0.010809923 0.950783278 87.573442009
0.949441154 0.006682950 0.313873913 9.201212856 -0.002575161 0.999905552 -0.013500184 -1.994783232 -0.313934489 0.012009354 0.949368691 88.087752848
0.948043637 0.007919665 0.318041730 9.378191692 -0.003428170 0.999886373 -0.014679555 -2.021616916 -0.318121849 0.012826557 0.947963063 88.651681797
0.946600292 0.011235672 0.322213667 9.537528287 -0.006626050 0.999859468 -0.015399324 -2.046501725 -0.322341408 0.012442001 0.946541713 89.162822215
0.945259334 0.012600832 0.326076694 9.701088683 -0.007344753 0.999822582 -0.017345305 -2.077893228 -0.326237407 0.014000859 0.945184178 89.665998615
0.944181917 0.011919776 0.329208788 9.885601793 -0.005953982 0.999799394 -0.019123860 -2.098718273 -0.329370699 0.016096299 0.944063479 90.206555171
0.943042990 0.012082604 0.332451395 10.051574066 -0.006244902 0.999807084 -0.018622458 -2.117543318 -0.332612268 0.015485652 0.942936516 90.696251055
0.941813773 0.012516950 0.335901984 10.230815981 -0.007216845 0.999829061 -0.017022486 -2.139798265 -0.336057635 0.013607860 0.941743114 91.227044554
0.941265276 0.015987624 0.337289307 10.392132456 -0.010645960 0.999787004 -0.017680807 -2.177343164 -0.337500140 0.013051561 0.941234993 91.706220814
0.940890166 0.016207848 0.338323811 10.551791629 -0.011122191 0.999794217 -0.016965262 -2.208937271 -0.338529160 0.012199546 0.940876814 92.170515471
0.940759872 0.011837310 0.338866850 10.731774243 -0.007522648 0.999873090 -0.014043280 -2.242570795 -0.338990079 0.010662178 0.940729528 92.670485950
0.940548958 0.011765175 0.339454323 10.882662228 -0.007733084 0.999882597 -0.013228434 -2.262727902 -0.339570105 0.009816961 0.940529516 93.112604195
0.940485795 0.013043423 0.339582595 11.033350832 -0.008781197 0.999862242 -0.014085042 -2.284295396 -0.339719531 0.010264840 0.940470772 93.548818937
0.940473184 0.016364185 0.339473716 11.199797269 -0.012069022 0.999818225 -0.014759960 -2.316865919 -0.339653543 0.009784230 0.940499729 94.025399819
0.940288597 0.018539089 0.339873000 11.344971721 -0.014717241 0.999796192 -0.013819447 -2.341954502 -0.340059932 0.007992276 0.940369803 94.450749772
0.940532321 0.020598099 0.339079153 11.488045065 -0.017081893 0.999764947 -0.013351410 -2.376755227 -0.339274465 0.006765319 0.940663100 94.873445252
0.940829198 0.022945010 0.338103457 11.638508897 -0.018589471 0.999697323 -0.016115031 -2.399528910 -0.338370880 0.008876328 0.940970966 95.323480197
0.940820599 0.025084752 0.337975379 11.781387900 -0.020350160 0.999638953 -0.017545200 -2.432642734 -0.338293471 0.009629033 0.940991397 95.730907429
0.941115241 0.026163015 0.337072100 11.922248289 -0.021380655 0.999611281 -0.017892861 -2.458680221 -0.337409205 0.009632422 0.941308794 96.134197427
0.941460451 0.021756408 0.336420686 12.086561417 -0.017377896 0.999720632 -0.016020799 -2.485512246 -0.336675256 0.009236665 0.941575518 96.574071869
0.941559326 0.020050639 0.336249918 12.229316102 -0.015856932 0.999758524 -0.015213549 -2.503539540 -0.336473763 0.008992567 0.941649903 96.967520500
0.941442766 0.019540022 0.336606157 12.366297825 -0.016171440 0.999787192 -0.012808376 -2.521938008 -0.336784801 0.006614947 0.941558410 97.359898642
0.941389030 0.020968195 0.336670505 12.516849616 -0.019000430 0.999777709 -0.009138718 -2.554888088 -0.336787289 0.002206204 0.941578172 97.797452538
0.941298688 0.021358063 0.336898522 12.650471433 -0.019521794 0.999770373 -0.008837439 -2.578486270 -0.337009911 0.001741806 0.941499488 98.184347632
0.941248178 0.022764612 0.336947533 12.787403162 -0.020616437 0.999737921 -0.009952477 -2.602925467 -0.337085790 0.002421093 0.941470822 98.566734726
0.941184147 0.025039836 0.336964995 12.930795803 -0.022126544 0.999677233 -0.012483796 -2.622130521 -0.337168826 0.004293680 0.941434409 98.978175935
0.941358028 0.022019839 0.336690050 13.075371046 -0.018563670 0.999736789 -0.013481193 -2.635418084 -0.336898284 0.006440426 0.941519021 99.348713291
0.941447073 0.018852233 0.336633334 13.229594651 -0.015478051 0.999799495 -0.012704289 -2.649091985 -0.336805341 0.006749988 0.941550105 99.753338606
0.941498603 0.014414644 0.336708477 13.374835274 -0.010321885 0.999849526 -0.013942135 -2.661531735 -0.336858782 0.009651035 0.941505719 100.117158381
0.941465951 0.014690480 0.336787844 13.507309325 -0.010040735 0.999828773 -0.015543775 -2.673653600 -0.336958522 0.011252337 0.941452250 100.477803267
0.941241932 0.017706867 0.337268575 13.646862387 -0.013265030 0.999792335 -0.015470128 -2.690270684 -0.337472464 0.010087256 0.941281352 100.875283365
0.940987095 0.025109379 0.337509713 13.763611105 -0.020870644 0.999651217 -0.016182097 -2.708300747 -0.337798317 0.008183099 0.941182944 101.233025988
0.940673974 0.032472699 0.337754348 13.878763177 -0.028122614 0.999446592 -0.017765921 -2.728827269 -0.338144339 0.007213404 0.941066614 101.587511732
0.940823065 0.029596014 0.337603372 14.020996655 -0.024201908 0.999503468 -0.020176355 -2.743715471 -0.338032881 0.010811734 0.941072196 101.968501728
0.940996702 0.022323742 0.337678630 14.161765203 -0.017421713 0.999694356 -0.017540774 -2.746190560 -0.337966996 0.010622870 0.941098010 102.313550331
0.940928494 0.015331441 0.338258061 14.298424927 -0.011012688 0.999831548 -0.014683187 -2.750970194 -0.338426195 0.010090699 0.940938834 102.655680759
0.940674066 0.017009611 0.338884898 14.431111658 -0.013393228 0.999825700 -0.013007318 -2.760695567 -0.339047080 0.007696884 0.940737921 103.029122267
0.940223489 0.022620145 0.339806004 14.546274525 -0.019119014 0.999724056 -0.013648251 -2.777721824 -0.340020962 0.006335651 0.940396515 103.363796147
0.939801894 0.028711770 0.340511431 14.654106984 -0.025779833 0.999581379 -0.013132642 -2.792853304 -0.340745947 0.003563754 0.940148658 103.692165977
0.939060361 0.033058323 0.342159005 14.774660741 -0.031223571 0.999453311 -0.010870478 -2.809660468 -0.342331311 -0.000475391 0.939579187 104.045711211
0.938256925 0.033515670 0.344311838 14.885845030 -0.032378424 0.999434670 -0.009054124 -2.821663480 -0.344420644 -0.002653181 0.938811686 104.354417584
0.937276080 0.027838241 0.347474577 15.019246444 -0.025367695 0.999610210 -0.011657994 -2.829595441 -0.347663673 0.002112130 0.937616931 104.676234384
0.935996821 0.021320149 0.351362209 15.141225881 -0.017522070 0.999748651 -0.013986105 -2.834220139 -0.351572080 0.006934357 0.936135133 104.957352230
0.934060879 0.015685679 0.356769160 15.263961081 -0.011793838 0.999844878 -0.013081521 -2.840799767 -0.356919009 0.008011259 0.934100980 105.234943684
0.931536931 0.020192222 0.363085693 15.375011103 -0.016903274 0.999782287 -0.012233481 -2.855675943 -0.363253665 0.005258603 0.931675438 105.528562843
0.928765535 0.027944988 0.369612849 15.467795937 -0.024591459 0.999602573 -0.013782481 -2.870678341 -0.369851106 0.003711374 0.929083627 105.788792570
0.925647153 0.034147652 0.376843849 15.566804614 -0.030074318 0.999408327 -0.016689251 -2.890603898 -0.377190779 0.004115036 0.926126440 106.040414146
0.921849582 0.035600177 0.385909283 15.683283171 -0.031456783 0.999359714 -0.017047946 -2.907712868 -0.386269101 0.003576177 0.922379202 106.309774466
0.918294015 0.033822087 0.394451731 15.798076932 -0.029534064 0.999420241 -0.016938761 -2.926485423 -0.394795948 0.003905000 0.918760529 106.547044692
0.914440274 0.032838848 0.403386410 15.908849830 -0.028754558 0.999455549 -0.016179632 -2.942756498 -0.403698107 0.003196110 0.914886672 106.778100724
0.909688450 0.032557022 0.414013241 16.030381621 -0.028707492 0.999467388 -0.015518363 -2.962221359 -0.414297964 0.002231594 0.910138570 107.026630294
0.905112365 0.032801738 0.423905240 16.144566567 -0.028705959 0.999459105 -0.016045751 -2.979719572 -0.424202280 0.002354601 0.905564400 107.249215893
0.900712198 0.030931226 0.433313739 16.263948403 -0.025829795 0.999510412 -0.017656655 -2.996609206 -0.433647736 0.004711159 0.901070167 107.467879563
0.896793511 0.027066915 0.441620629 16.398495215 -0.020149921 0.999589913 -0.020346642 -3.015801075 -0.441990247 0.009348116 0.896971144 107.703254065
0.894762077 0.023680242 0.445914870 16.512947110 -0.015825424 0.999647206 -0.021331199 -3.033469579 -0.446262682 0.012029556 0.894821160 107.917394547
0.894226197 0.025212516 0.446904730 16.624798247 -0.018199945 0.999634746 -0.019978395 -3.058155007 -0.447245201 0.009731562 0.894358444 108.158645892
0.894624624 0.031681705 0.445693900 16.715725678 -0.025750373 0.999480932 -0.019359345 -3.079208007 -0.446075891 0.005842563 0.894976069 108.379780843
0.895776786 0.037839324 0.442890658 16.807856729 -0.031535704 0.999269384 -0.021591620 -3.099601149 -0.443384087 0.005374403 0.896315607 108.593459229
0.898053914 0.037005068 0.438326126 16.916440333 -0.030095078 0.999289154 -0.022704009 -3.111744139 -0.438854708 0.007197965 0.898529206 108.825525710
0.900690155 0.033740845 0.433149859 17.014150159 -0.027177171 0.999402870 -0.021337850 -3.124009236 -0.433611169 0.007447004 0.901069307 109.036959361
0.903543618 0.033502640 0.427184391 17.086143898 -0.027104987 0.999410928 -0.021050318 -3.132421532 -0.427637990 0.007441053 0.903919454 109.208316204
0.909412111 0.033353040 0.414556616 17.199101587 -0.027247556 0.999415717 -0.020634805 -3.152084346 -0.415002631 0.007469887 0.909789546 109.487803852
0.914012998 0.033505499 0.404298926 17.282447372 -0.027131652 0.999400934 -0.021485945 -3.162594178 -0.404776622 0.008669136 0.914374504 109.704100586
0.918396883 0.035350013 0.394078092 17.361102559 -0.029116953 0.999338550 -0.021786829 -3.169258352 -0.394587593 0.008534602 0.918818694 109.923709581
0.923354080 0.036024460 0.382255779 17.451999218 -0.030109665 0.999316499 -0.021446257 -3.176454692 -0.382767097 0.008292895 0.923807652 110.171003972
0.928099787 0.035811621 0.370605333 17.537711908 -0.029844350 0.999316250 -0.021825374 -3.188775435 -0.371133533 0.009195649 0.928533974 110.402710788
0.932888307 0.035142401 0.358447232 17.635594546 -0.029113023 0.999329440 -0.022205884 -3.202744859 -0.358987240 0.010280127 0.933285852 110.671361538
0.937215953 0.034975578 0.346991306 17.720412476 -0.029647939 0.999347025 -0.020652444 -3.215140208 -0.347487060 0.009068223 0.937640928 110.927200760
0.941590692 0.035067068 0.334928752 17.803146095 -0.030676530 0.999360144 -0.018391656 -3.230025583 -0.335359387 0.007042960 0.942063946 111.194235048
0.945706526 0.035080807 0.323123046 17.883556995 -0.031060650 0.999362686 -0.017591410 -3.239697880 -0.323534236 0.006599899 0.946193447 111.465544014
0.950014171 0.036442996 0.310072546 17.969835763 -0.032721864 0.999316564 -0.017195508 -3.254554346 -0.310487287 0.006189825 0.950557379 111.771590520
0.953775284 0.036856829 0.298252045 18.046086231 -0.033312630 0.999301072 -0.016959836 -3.266001183 -0.298668674 0.006240313 0.954336461 112.056001169
0.957247012 0.038392456 0.286712708 18.121223462 -0.034908142 0.999241532 -0.017256373 -3.276834707 -0.287157760 0.006510003 0.957861180 112.347926401
0.960577823 0.039094047 0.275248799 18.199879951 -0.035166517 0.999197176 -0.019191674 -3.291124852 -0.275778103 0.008755555 0.961181449 112.679446294
0.963325499 0.039543401 0.265405919 18.275570333 -0.035272697 0.999160409 -0.020840198 -3.301385457 -0.266007179 0.010714312 0.963911502 112.991727622
0.965769244 0.039610383 0.256360655 18.354362510 -0.034795495 0.999122987 -0.023292285 -3.317181723 -0.257058440 0.013574777 0.966300514 113.315174718
0.967888904 0.039296839 0.248287794 18.442281694 -0.034058388 0.999098033 -0.025360324 -3.331752679 -0.249060427 0.016089694 0.968354287 113.685098064
0.969443061 0.038897188 0.242213047 18.520222158 -0.033471493 0.999088902 -0.026476867 -3.348615773 -0.243022243 0.017560583 0.969861751 114.038228081
0.970677178 0.039241797 0.237162175 18.609293464 -0.033969186 0.999077319 -0.026279381 -3.365098837 -0.237974600 0.017452589 0.971114564 114.442384227
0.971223362 0.040549067 0.234693320 18.690582504 -0.035143866 0.999012877 -0.027169483 -3.382253492 -0.235563346 0.018139606 0.971689696 114.823858401
0.971318589 0.044518726 0.233577145 18.781645054 -0.039026297 0.998843391 -0.028086084 -3.399149984 -0.234557344 0.018164884 0.971932554 115.258734204
0.971646741 0.042581647 0.232571310 18.874700762 -0.036541513 0.998875102 -0.030220002 -3.418746792 -0.233596508 0.020864659 0.972109735 115.667076168
0.971906617 0.036404504 0.232534385 18.979108016 -0.030263962 0.999093988 -0.029921498 -3.437011766 -0.233412983 0.022043490 0.972127802 116.088765382
0.971907878 0.026421059 0.233873907 19.089817838 -0.020168542 0.999373411 -0.029086349 -3.455896562 -0.234495856 0.023552356 0.971831765 116.520075844
0.971642307 0.020677623 0.235549706 19.202354388 -0.014794980 0.999533618 -0.026714321 -3.475678152 -0.235992239 0.022471811 0.971495075 117.006953371
0.971135807 0.018642647 0.237797595 19.305500405 -0.013431670 0.999633248 -0.023515101 -3.494163839 -0.238148766 0.019642338 0.971030043 117.463033520
0.970391447 0.019911428 0.240715549 19.417327360 -0.015716663 0.999689548 -0.019333738 -3.515697012 -0.241025781 0.014978049 0.970403128 117.975590122
0.969478458 0.018422373 0.244483404 19.528413163 -0.014461926 0.999733668 -0.017984620 -3.534061193 -0.244749610 0.013900001 0.969486678 118.445038504
0.968361644 0.013446020 0.249188544 19.656333060 -0.009177925 0.999790746 -0.018281965 -3.553489473 -0.249382220 0.015416520 0.968282417 118.917290859
0.967318314 0.006547927 0.253480580 19.801951609 -0.001394775 0.999788799 -0.020503949 -3.574367105 -0.253561303 0.019480297 0.967123148 119.438109181
0.966402700 0.004539446 0.256992637 19.930034642 0.001820177 0.999698099 -0.024503035 -3.595050751 -0.257026281 0.024147571 0.966102679 119.914066874
0.965388232 0.003562815 0.260792767 20.057285389 0.004095863 0.999576297 -0.028817531 -3.610953388 -0.260784940 0.028888276 0.964964602 120.393295514
0.964480096 0.002034890 0.264147693 20.186527265 0.006170495 0.999523916 -0.030230211 -3.627721426 -0.264083451 0.030786359 0.964008367 120.877688381
0.963767664 0.004123842 0.266711238 20.334861390 0.003976799 0.999547222 -0.029825084 -3.643220894 -0.266713471 0.029805109 0.963314891 121.419141558
0.963183275 0.004892683 0.268801118 20.469429044 0.002638130 0.999614241 -0.027647943 -3.660689682 -0.268832698 0.027339168 0.962798811 121.914312836
0.962538740 0.006246426 0.271072235 20.588623858 0.000409688 0.999699961 -0.024491232 -3.681130753 -0.271143885 0.023684815 0.962247382 122.362651387
0.961771736 0.007576211 0.273747563 20.745958350 -0.000477142 0.999662084 -0.025990183 -3.702723369 -0.273851967 0.024866007 0.961450353 122.956850289
0.961378043 0.007586399 0.275126707 20.879528590 -0.000162732 0.999635541 -0.026995516 -3.717545306 -0.275231233 0.025908124 0.961028895 123.453000754
0.960622172 0.006770419 0.277775457 21.034154078 0.001589005 0.999552887 -0.029858022 -3.729674392 -0.277853411 0.029123664 0.960181907 123.996330923
0.959298784 0.008461305 0.282266274 21.173483184 0.000204532 0.999529932 -0.030657347 -3.742425647 -0.282392991 0.029467288 0.958846118 124.493048940
0.957831623 0.008827831 0.287194448 21.315734458 -0.000210983 0.999549256 -0.030020655 -3.761494306 -0.287330015 0.028694140 0.957401749 124.992680298
0.956211691 0.008191488 0.292561278 21.477855255 0.000574780 0.999553766 -0.029865345 -3.785261149 -0.292675369 0.028725750 0.955780288 125.541151253
0.954565641 0.005871547 0.297942885 21.631417084 0.003143450 0.999551854 -0.029769278 -3.806106930 -0.297984155 0.029353298 0.954119399 126.038166080
0.953034041 0.004273550 0.302833046 21.787390119 0.005398334 0.999501894 -0.031093757 -3.824485539 -0.302815084 0.031268203 0.952536259 126.535297785
0.951325796 0.005560186 0.308136843 21.960254461 0.004675141 0.999461821 -0.032468612 -3.846325950 -0.308151542 0.032328811 0.950787818 127.086108800
0.949671058 0.006708871 0.313177064 22.121594757 0.003745681 0.999455945 -0.032768636 -3.866758640 -0.313226519 0.032292486 0.949129255 127.588937913
0.947553597 0.005907548 0.319542301 22.305063844 0.004177195 0.999514822 -0.030865391 -3.888752541 -0.319569605 0.030581403 0.947069187 128.145035519
0.945269313 0.003855006 0.326268395 22.477715771 0.006248310 0.999532988 -0.029912617 -3.907954286 -0.326231337 0.030314105 0.944803773 128.648139397
0.942686840 0.001912728 0.333673287 22.651763544 0.008234557 0.999545672 -0.028993832 -3.924320209 -0.333577147 0.030079756 0.942242801 129.153897588
0.939827964 0.001484548 0.341644835 22.846977178 0.008760236 0.999557062 -0.028441832 -3.942255465 -0.341535731 0.029723318 0.939398674 129.710581403
0.937149348 0.002202795 0.348921549 23.027516750 0.008301461 0.999556270 -0.028606792 -3.958447247 -0.348829737 0.029705395 0.936715221 130.218912480
0.934397711 0.005679835 0.356186269 23.208306038 0.005022907 0.999563417 -0.029116081 -3.971840632 -0.356196138 0.028995090 0.933961239 130.728334383
0.931524984 0.007858294 0.363592425 23.412680995 0.002756202 0.999585264 -0.028665354 -3.985290235 -0.363666891 0.027704627 0.931116988 131.291074000
0.928578897 0.008436311 0.371039164 23.607421354 0.002595351 0.999569564 -0.029222434 -4.000645914 -0.371125985 0.028098313 0.928157308 131.801342498
0.925393756 0.008969269 0.378900976 23.828754389 0.002443292 0.999557990 -0.029628617 -4.019753648 -0.378999245 0.028343902 0.924962808 132.364127771
0.922602677 0.009515592 0.385634223 24.035654608 0.002141759 0.999553939 -0.029788177 -4.034933220 -0.385745659 0.028308587 0.922170760 132.877320810
0.919881451 0.010505939 0.392055790 24.245671588 0.001171463 0.999563091 -0.029533949 -4.049297662 -0.392194779 0.027627010 0.919467239 133.393342889
0.917296595 0.012688087 0.398002475 24.457835068 -0.001026156 0.999564239 -0.029500490 -4.064857814 -0.398203346 0.026652287 0.916909893 133.912019033
0.914825051 0.015830804 0.403539974 24.696020375 -0.004262868 0.999554260 -0.029548420 -4.083877992 -0.403827876 0.025311397 0.914484762 134.483872452
0.912657104 0.016651193 0.408386763 24.919452841 -0.004796885 0.999537361 -0.030034223 -4.103415084 -0.408697933 0.025451963 0.912314747 135.004075589
0.911075303 0.017063716 0.411886661 25.146615545 -0.004644513 0.999504422 -0.031134193 -4.121214933 -0.412213804 0.026452581 0.910703047 135.524859596
0.910022563 0.017646199 0.414182987 25.398548260 -0.004255239 0.999438622 -0.033231518 -4.141733030 -0.414536884 0.028478984 0.909586785 136.099191477
0.909384859 0.019426890 0.415501835 25.627149401 -0.005379987 0.999374541 -0.034951134 -4.160952712 -0.415920948 0.029548637 0.908920592 136.625020024
0.908976633 0.019445464 0.416393269 25.866705863 -0.004989253 0.999347313 -0.035777856 -4.176275537 -0.416817212 0.030443743 0.908480374 137.143474049
0.909077824 0.020023192 0.416144905 26.132552274 -0.005471065 0.999332046 -0.036132111 -4.194275138 -0.416590420 0.030570145 0.908580150 137.716872388
0.909708489 0.019052942 0.414810137 26.373823718 -0.004547551 0.999344017 -0.035928479 -4.212004368 -0.415222572 0.030798072 0.909198380 138.242556020
0.910881338 0.017300286 0.412305577 26.615745051 -0.002705473 0.999349728 -0.035955545 -4.229562750 -0.412659507 0.031635754 0.910335823 138.769305156
0.913005222 0.015096808 0.407668433 26.876546570 -0.000384178 0.999346393 -0.036147474 -4.249358689 -0.407947689 0.032846215 0.912414275 139.357162580
0.915468387 0.013432234 0.402165646 27.114238439 0.000596599 0.999396287 -0.034737658 -4.266763442 -0.402389458 0.032041159 0.914907694 139.896422021
0.918148798 0.010446364 0.396098041 27.347050872 0.002459665 0.999482887 -0.032061001 -4.284127173 -0.396228134 0.030411038 0.917648317 140.442183387
0.921349075 0.007474214 0.388664403 27.599195152 0.003882319 0.999588365 -0.028425830 -4.304026004 -0.388716876 0.027699032 0.920940798 141.047145923
0.924139175 0.010378632 0.381915003 27.815846357 0.000577296 0.999591883 -0.028561062 -4.323691769 -0.382055562 0.026614875 0.923756026 141.600102942
0.926932831 0.010568152 0.375078445 28.032101117 0.000550419 0.999563926 -0.029523811 -4.339561946 -0.375226895 0.027573040 0.926522803 142.152729589
0.929602023 0.012227654 0.368362001 28.266826966 -0.001357249 0.999556307 -0.029754771 -4.356526161 -0.368562392 0.027160136 0.929206161 142.765030181
0.931647580 0.013093495 0.363127177 28.476545233 -0.002306884 0.999543551 -0.030122549 -4.373325323 -0.363355837 0.027225907 0.931252536 143.322953604
0.933704989 0.012570076 0.357822564 28.713977517 -0.002031402 0.999553432 -0.029812912 -4.398649788 -0.358037523 0.027109583 0.933313561 143.946613389
