1.000000000 0.000000000 0.000000000 -0.000000000 -0.000000000 1.000000000 -0.000000000 -0.000000000 -0.000000000 -0.000000000 1.000000000 -0.000000000
0.999985953 -0.000003243 0.005300355 -0.000711997 -0.000002862 0.999999336 0.001151959 -0.009005813 -0.005300355 -0.001151958 0.999985290 0.760152664
0.999922386 0.001348444 0.012385600 0.003587382 -0.001391979 0.999992882 0.003506959 -0.014432318 -0.012380783 -0.003523927 0.999917146 1.577760538
0.999797429 0.001364655 0.020080821 0.020187074 -0.001482990 0.999981618 0.005879224 -0.013821204 -0.020072428 -0.005907812 0.999781074 2.302809131
0.999575436 0.002649904 0.029015948 0.042019400 -0.002900293 0.999958893 0.008590674 -0.014514008 -0.028991991 -0.008671182 0.999542033 3.009680389
0.999129204 0.005005718 0.041421942 0.076294602 -0.005369473 0.999947954 0.008675110 -0.017455246 -0.041376361 -0.008889970 0.999104081 3.762791852
0.998471445 0.007270492 0.054789722 0.121652537 -0.007691605 0.999942450 0.007479040 -0.024325239 -0.054732193 -0.007889029 0.998469905 4.429609728
0.997531812 0.007874208 0.069773069 0.179268731 -0.008206322 0.999956316 0.004474553 -0.023460725 -0.069734787 -0.005036089 0.997552854 5.077403149
0.995969765 0.009222117 0.089214231 0.248434644 -0.009482264 0.999951936 0.002492595 -0.018586198 -0.089186956 -0.003328502 0.996009341 5.769914149
0.993901273 0.010377197 0.109784216 0.321189572 -0.010664736 0.999941065 0.002032255 -0.006246491 -0.109756657 -0.003190681 0.993953367 6.386429105
0.991146655 0.009529699 0.132429199 0.407087330 -0.009859456 0.999949712 0.001834544 0.003989014 -0.132405057 -0.003123982 0.991190770 6.985058581
0.987045039 0.010024493 0.160129948 0.522805748 -0.010039105 0.999949349 -0.000717771 0.004871388 -0.160129033 -0.000899089 0.987095682 7.628168936
0.981800630 0.013752995 0.189415888 0.644219714 -0.012960769 0.999901313 -0.005420594 0.002845588 -0.189471745 0.002866967 0.981881988 8.201287759
0.974266307 0.017637072 0.224708916 0.794227640 -0.015156563 0.999803723 -0.012759095 0.009338292 -0.224889844 0.009024941 0.974342398 8.818518839
0.965710857 0.019499560 0.258886668 0.957176367 -0.015484864 0.999726284 -0.017537872 0.014258268 -0.259157788 0.012927689 0.965748474 9.370725881
0.955483058 0.019500338 0.294400853 1.146116955 -0.014304999 0.999701807 -0.019790494 0.012963776 -0.294698986 0.014698077 0.955477092 9.916221559
0.942054917 0.020639767 0.334823138 1.381142666 -0.013762387 0.999643028 -0.022900077 0.005329367 -0.335176268 0.016965164 0.942002682 10.504799960
0.927821416 0.022458937 0.372347977 1.609124531 -0.013816558 0.999570015 -0.025862853 -0.007853634 -0.372768725 0.018851541 0.927732773 11.024068298
0.911905000 0.022928344 0.409760371 1.856653177 -0.013101401 0.999555654 -0.026773997 -0.019676049 -0.410192179 0.019046907 0.911800193 11.528703885
0.892947018 0.022190526 0.449614506 2.156380842 -0.010798752 0.999552783 -0.027885863 -0.033647796 -0.450032232 0.020045323 0.892787307 12.071248843
0.874325749 0.019055496 0.484965331 2.452787028 -0.005689036 0.999562678 -0.029018758 -0.052315692 -0.485306212 0.022612862 0.874051794 12.548830869
0.852177375 0.017229543 0.522969276 2.795921504 -0.001780982 0.999547453 -0.030028597 -0.073155759 -0.523249987 0.024658292 0.851822411 13.052212004
0.830143511 0.018243387 0.557251227 3.126159397 -0.000653122 0.999495670 -0.031748697 -0.084364378 -0.557549392 0.025992022 0.829736760 13.501269572
0.803059934 0.022922540 0.595457219 3.504581081 -0.003406589 0.999420133 -0.033879097 -0.088518396 -0.595888528 0.025178468 0.802672354 13.979093800
0.775895419 0.029393142 0.630176438 3.870738169 -0.009015031 0.999328596 -0.035511778 -0.085945161 -0.630797137 0.021872366 0.775639459 14.410524587
0.746406854 0.031525818 0.664742756 4.265027847 -0.010337446 0.999306035 -0.035785270 -0.094735294 -0.665409607 0.019838629 0.746214770 14.825540218
0.713878075 0.029260833 0.699658415 4.687613329 -0.009090839 0.999429671 -0.032522148 -0.101333694 -0.700211004 0.016856366 0.713736935 15.226328369
0.674483991 0.027946611 0.737760349 5.181646665 -0.006936873 0.999479090 -0.031518695 -0.118725757 -0.738256883 0.016141105 0.674326508 15.648815671
0.636321637 0.028746924 0.770888052 5.648951045 -0.006027891 0.999460207 -0.032294869 -0.135344431 -0.771400310 0.015903094 0.636151439 16.006664526
0.591907985 0.029886659 0.805451256 6.193102351 -0.006320675 0.999453689 -0.032440292 -0.155854301 -0.805980761 0.014110673 0.591773523 16.383272316
0.549436737 0.030349703 0.834983932 6.709325195 -0.008062043 0.999486126 -0.031023979 -0.175889630 -0.835496424 0.010314037 0.549399077 16.705278480
0.505856320 0.031064968 0.862058206 7.249715096 -0.009690357 0.999492928 -0.030331232 -0.195675374 -0.862563319 0.006989594 0.505900845 17.003943885
0.460385377 0.030071901 0.887209663 7.810077530 -0.007963588 0.999525753 -0.029746430 -0.211865442 -0.887683438 0.006629450 0.460406521 17.268829665
0.408675729 0.028129994 0.912246048 8.448391860 -0.005030080 0.999579150 -0.028569577 -0.226981904 -0.912665792 0.007087022 0.408645234 17.529359458
0.361165183 0.026465934 0.932126207 9.047302199 -0.001621740 0.999613475 -0.027753740 -0.244934479 -0.932500445 0.008512018 0.361068504 17.735703593
0.310127022 0.025458110 0.950354205 9.724170395 0.001400572 0.999628075 -0.027235105 -0.264512400 -0.950694098 0.009777382 0.309976022 17.938092961
0.267957432 0.024374086 0.963122380 10.357396951 0.004845169 0.999633188 -0.026646089 -0.283029993 -0.963418569 0.011806509 0.267741046 18.094843048
0.231380935 0.023540411 0.972578383 11.005031271 0.009111045 0.999610934 -0.026362270 -0.301548924 -0.972820565 0.014960932 0.231076435 18.231414515
0.196747935 0.023803227 0.980165117 11.735305791 0.013724304 0.999540443 -0.027028626 -0.319088721 -0.980358044 0.018769910 0.196330836 18.363888356
0.169949678 0.024270064 0.985153831 12.413652843 0.016181196 0.999493172 -0.027414756 -0.332171199 -0.985319885 0.020600096 0.169470824 18.472640922
0.147224562 0.024307186 0.988804374 13.109507045 0.016727399 0.999493833 -0.027060525 -0.344935001 -0.988961639 0.020524099 0.146743446 18.574701076
0.127173028 0.024046844 0.991589013 13.892913170 0.018018332 0.999485107 -0.026549213 -0.361514722 -0.991716875 0.021243124 0.126674263 18.671289943
0.113526167 0.024153836 0.993241361 14.622065157 0.020938704 0.999424242 -0.026697459 -0.368656296 -0.993314341 0.023828047 0.112955053 18.750649405
0.104487244 0.024955617 0.994213072 15.368940499 0.024335906 0.999321627 -0.027641438 -0.378427706 -0.994228434 0.027083254 0.103809046 18.822719195
0.098587982 0.025439224 0.994803124 16.290441166 0.026839428 0.999241560 -0.028212592 -0.386696554 -0.994766332 0.029481369 0.097830434 18.908236614
0.096487426 0.025563216 0.995005879 17.000141941 0.029076885 0.999171088 -0.028489862 -0.398962732 -0.994909399 0.031680585 0.095664148 18.974168516
0.095323441 0.025567838 0.995117946 17.805012847 0.030889719 0.999112697 -0.028629436 -0.412264746 -0.994966968 0.033467970 0.094449077 19.047633989
0.094952720 0.025202176 0.995162716 18.629731913 0.031579597 0.999100089 -0.028315033 -0.418543956 -0.994980759 0.034115427 0.094071396 19.123167057
0.095364701 0.024309250 0.995145534 19.556936058 0.032386418 0.999096770 -0.027509357 -0.428268072 -0.994915420 0.034852621 0.094491275 19.210135497
0.096349004 0.023399463 0.995072527 20.419210573 0.033050214 0.999097143 -0.026694227 -0.434673760 -0.994798750 0.035459322 0.095488657 19.289127988
0.097153899 0.024144604 0.994976461 21.294542260 0.033788164 0.999049429 -0.027542667 -0.447624485 -0.994695672 0.036294305 0.096245745 19.370855893
0.098104331 0.026228387 0.994830444 22.274651747 0.034003946 0.998980566 -0.029691073 -0.460390190 -0.994595029 0.036740984 0.097112451 19.463570474
0.099044968 0.026507586 0.994729834 23.183803882 0.035075214 0.998930928 -0.030111966 -0.471667772 -0.994464592 0.037872801 0.098009322 19.551972595
0.100135490 0.024433262 0.994673765 24.110191445 0.035646912 0.998968542 -0.028127394 -0.490449524 -0.994335045 0.038273599 0.099161234 19.643623411
0.100859583 0.021973237 0.994657992 25.144994641 0.036908136 0.998985267 -0.025811364 -0.506532819 -0.994215839 0.039314296 0.099946246 19.744105400
0.101782480 0.022638456 0.994549057 26.097054853 0.036136500 0.998997092 -0.026437926 -0.517529404 -0.994150130 0.038630439 0.100862327 19.839147975
0.102474103 0.024732973 0.994428146 27.060656012 0.036206840 0.998935668 -0.028576134 -0.515838624 -0.994076518 0.038933414 0.101469534 19.929298098
0.104071051 0.027473358 0.994190339 28.134769650 0.034089485 0.998932510 -0.031172863 -0.526246108 -0.993985474 0.037135629 0.103023404 20.040914777
0.105656238 0.028829732 0.993984711 29.123679006 0.032026529 0.998962432 -0.032378387 -0.542392614 -0.993886845 0.035254859 0.104623296 20.147136688
0.107797060 0.027454415 0.993793766 30.227219567 0.029035889 0.999105256 -0.030750680 -0.565623445 -0.993748817 0.032170518 0.106903446 20.270914961
0.109912812 0.025042961 0.993625696 31.242530518 0.027507978 0.999222975 -0.028226908 -0.586757030 -0.993560509 0.030435133 0.109138525 20.386144839
0.112326926 0.022685173 0.993412324 32.262875914 0.026124415 0.999326377 -0.025774159 -0.609902135 -0.993327829 0.028847448 0.111658623 20.503380734
0.115053870 0.020828989 0.993140856 33.391646526 0.026552033 0.999358439 -0.024035403 -0.631310931 -0.993004329 0.029135275 0.114427003 20.636756806
0.118038137 0.019139637 0.992824593 34.424186975 0.027919546 0.999355002 -0.022584919 -0.650005408 -0.992616490 0.030385094 0.117427633 20.764368059
0.120969259 0.019282546 0.992468953 35.459191594 0.028979543 0.999316558 -0.022947823 -0.669987125 -0.992233150 0.031537278 0.120327784 20.894598310
0.124386272 0.021749869 0.991995463 36.599994328 0.031620242 0.999165053 -0.025871926 -0.693827289 -0.991729911 0.034585249 0.123594680 21.039443915
0.127439429 0.022918570 0.991581530 37.641872469 0.033823701 0.999051099 -0.027438284 -0.716411437 -0.991269463 0.037035677 0.126543310 21.176275887
0.130020887 0.020109488 0.991307307 38.692692286 0.032881488 0.999156924 -0.024581494 -0.735195184 -0.990965881 0.035791767 0.129250040 21.323248433
0.132311496 0.013297755 0.991118983 39.858039604 0.034454812 0.999244032 -0.018006385 -0.754855827 -0.990609173 0.036531270 0.131753301 21.480721535
0.133921526 0.008837777 0.990952531 40.921905040 0.035006683 0.999293949 -0.013643121 -0.768834450 -0.990373443 0.036517068 0.133517590 21.627501981
0.134975653 0.009780961 0.990800639 41.984167484 0.035198379 0.999272820 -0.014659632 -0.784085670 -0.990223534 0.036853269 0.134533227 21.773418323
0.136113288 0.018984838 0.990511357 43.149677718 0.037078107 0.999018262 -0.024243056 -0.797946883 -0.989999185 0.040026088 0.135275739 21.931338502
0.136571557 0.023890383 0.990342092 44.215760352 0.035156028 0.998962540 -0.028946473 -0.819402773 -0.990006194 0.038769759 0.135589978 22.079922241
0.136559721 0.023597000 0.990350758 45.399283622 0.033921318 0.999018608 -0.028480947 -0.846735115 -0.990050901 0.037483353 0.135625261 22.241244978
0.135887091 0.021081949 0.990500000 46.480667416 0.033274511 0.999112410 -0.025830201 -0.873126436 -0.990165393 0.036468394 0.135064987 22.387102730
0.135017026 0.018982543 0.990661428 47.565564378 0.032752337 0.999184602 -0.023609668 -0.895550617 -0.990301816 0.035634184 0.134285210 22.533320952
0.134178936 0.019195057 0.990771196 48.762068802 0.033317845 0.999159725 -0.023869771 -0.916321949 -0.990396857 0.036213182 0.133426651 22.691679720
0.133675277 0.019801751 0.990827337 49.853223261 0.034049721 0.999118294 -0.024561189 -0.935512421 -0.990440072 0.037020618 0.132883170 22.834381346
0.132994974 0.018900952 0.990936472 50.952070746 0.034631751 0.999118969 -0.023704999 -0.953338363 -0.990511473 0.037470511 0.132223228 22.979626148
0.132258355 0.017750348 0.991056332 52.169299745 0.035390040 0.999117605 -0.022617597 -0.977516568 -0.990583299 0.038064889 0.131513466 23.138583887
0.131401096 0.017618439 0.991172711 53.283316270 0.035267612 0.999126045 -0.022435287 -0.996451549 -0.990701745 0.037904316 0.130664897 23.282308309
0.130546350 0.013769986 0.991346578 54.406757404 0.037192504 0.999131716 -0.018775851 -1.012546238 -0.990744351 0.039321780 0.129920858 23.427046524
0.129547709 0.006714503 0.991550456 55.653393556 0.040385218 0.999111616 -0.012042101 -1.025749440 -0.990750435 0.041604008 0.129161454 23.585753874
0.128955728 0.003410920 0.991644486 56.791823636 0.043729662 0.999001746 -0.009122932 -1.033994928 -0.990685690 0.044540733 0.128677839 23.728723146
0.128097031 0.003250008 0.991756315 57.935944287 0.049676776 0.998718348 -0.009689165 -1.037463586 -0.990516718 0.050508409 0.127771406 23.869760342
0.128373585 0.004969090 0.991713432 59.202527969 0.051658765 0.998596366 -0.011690612 -1.043570759 -0.990379521 0.052731456 0.127936698 24.031044072
0.128687863 0.007965848 0.991653155 60.359784549 0.055722054 0.998329841 -0.015250590 -1.047943014 -0.990118421 0.057219516 0.128029060 24.176255915
0.129503136 0.012358156 0.991501999 61.640327149 0.054632474 0.998314562 -0.019578784 -1.057643301 -0.990072841 0.056703721 0.128609709 24.343354260
0.130195548 0.015979521 0.991359558 62.813002187 0.052420651 0.998360728 -0.022976792 -1.072750086 -0.990101608 0.054959189 0.129144466 24.501406756
0.131290222 0.018570921 0.991170015 63.997591304 0.051421560 0.998351000 -0.025516758 -1.090617944 -0.990009445 0.054317609 0.130118779 24.663244763
0.131921838 0.018109871 0.991094678 65.309573743 0.048578024 0.998513654 -0.024711520 -1.116736992 -0.990069091 0.051405410 0.130846014 24.842544016
0.132548435 0.018556330 0.991002813 66.507663453 0.046331802 0.998615823 -0.024895845 -1.140578681 -0.990093065 0.049214851 0.131505216 25.004767492
0.133630112 0.019259617 0.990844115 67.713074807 0.046672600 0.998579465 -0.025704470 -1.165147215 -0.989931645 0.049680162 0.132541389 25.167034525
0.135602370 0.021925912 0.990520697 69.047076325 0.048289885 0.998420616 -0.028711672 -1.198206802 -0.989585815 0.051725502 0.134329402 25.346291800
0.137186473 0.024289925 0.990247379 70.268312849 0.047827937 0.998370841 -0.031115153 -1.228486289 -0.989389893 0.051630067 0.135801238 25.515581694
0.138837672 0.024395678 0.990014622 71.499208440 0.047266917 0.998393949 -0.031230777 -1.256958604 -0.989186504 0.051130947 0.137461583 25.688959966
0.140459596 0.022744003 0.989825142 72.865377802 0.044269958 0.998591971 -0.029227505 -1.289052053 -0.989096190 0.047924801 0.139254948 25.889423632
0.141789830 0.021167646 0.989670437 74.116190744 0.042035952 0.998740751 -0.027384127 -1.317519902 -0.989003854 0.045484529 0.140721479 26.074986315
0.143222841 0.020640832 0.989475201 75.375273111 0.039906376 0.998848961 -0.026612671 -1.345623143 -0.988885584 0.043297912 0.142234285 26.265095516
0.145284170 0.020268086 0.989182346 76.771087230 0.039480558 0.998875077 -0.026265315 -1.375904877 -0.988601940 0.042869406 0.144320542 26.474036575
0.147097482 0.018256052 0.988953511 78.047591540 0.039865795 0.998907827 -0.024369468 -1.391372285 -0.988318293 0.043010106 0.146209034 26.665413274
0.148613517 0.016272891 0.988761455 79.332124511 0.040158349 0.998940500 -0.022476324 -1.410559762 -0.988079617 0.043047313 0.147802569 26.858609658
0.150564031 0.015232747 0.988482896 80.752775463 0.040266825 0.998957030 -0.021527530 -1.433373418 -0.987779862 0.043044339 0.149793623 27.075953461
0.152175163 0.015552482 0.988231167 82.049603307 0.041142925 0.998909801 -0.022056032 -1.455339391 -0.987496825 0.044015101 0.151369387 27.275711229
0.154067357 0.015402641 0.987940286 83.481052535 0.042534723 0.998848184 -0.022205909 -1.478358308 -0.987144390 0.045442972 0.153234752 27.497564649
0.155732664 0.013951494 0.987700710 84.785361951 0.043660503 0.998825845 -0.020992674 -1.494320387 -0.986833876 0.046392755 0.154940680 27.701218268
0.157348949 0.012725096 0.987461078 86.090571094 0.043852017 0.998840630 -0.019859428 -1.511427331 -0.986568958 0.046427020 0.156608502 27.904857020
0.158704784 0.010857495 0.987266381 87.529661548 0.044697780 0.998835302 -0.018169970 -1.524872822 -0.986313794 0.047012277 0.158034635 28.133597363
0.159577826 0.009034973 0.987144005 88.840107365 0.044521954 0.998874774 -0.016339585 -1.541930335 -0.986180872 0.046557015 0.158996010 28.347746240
0.160314446 0.007783830 0.987035303 90.148909278 0.045695204 0.998838274 -0.015298732 -1.554512608 -0.986007721 0.047555387 0.159772521 28.559494869
0.161481031 0.008124628 0.986842372 91.586213281 0.046751434 0.998780431 -0.015873041 -1.569312334 -0.985767812 0.048699491 0.160904256 28.790989112
0.162157795 0.009140359 0.986722506 92.893580902 0.048074613 0.998696473 -0.017151851 -1.583399778 -0.985593061 0.050217609 0.161506999 29.000579383
0.162801625 0.011105641 0.986596318 94.200478604 0.047378427 0.998695151 -0.019059907 -1.603863826 -0.985520632 0.049846365 0.162063026 29.214003868
0.163425392 0.012886598 0.986471529 95.640258162 0.047028183 0.998676208 -0.020837031 -1.626537848 -0.985434164 0.049797264 0.162603018 29.449244364
0.163867742 0.013517149 0.986389705 96.949880231 0.046534711 0.998687067 -0.021416424 -1.653851354 -0.985384130 0.049410821 0.163023578 29.668347294
0.164386619 0.017360932 0.986243194 98.255015671 0.045439769 0.998650361 -0.025153219 -1.682790877 -0.985348805 0.048949515 0.163375880 29.889443490
0.164972205 0.019243187 0.986110476 99.691846262 0.044518381 0.998645378 -0.026935537 -1.722967435 -0.985292995 0.048343656 0.163892055 30.134162637
0.165442504 0.018207306 0.986051354 101.000185303 0.042622977 0.998763364 -0.025593436 -1.765177610 -0.985297955 0.046262686 0.164461862 30.361790058
0.165794830 0.016061918 0.986029456 102.308885958 0.042293363 0.998831598 -0.023381829 -1.806763907 -0.985252935 0.045579088 0.164921803 30.589868520
0.166805318 0.015718069 0.985864559 103.740584832 0.041280538 0.998884898 -0.022910201 -1.845276420 -0.985125324 0.044518563 0.165970463 30.837170994
0.167909306 0.017238171 0.985651719 105.036405574 0.041431092 0.998840279 -0.024526763 -1.871469546 -0.984931434 0.044954899 0.167000382 31.057098433
0.169165553 0.017513360 0.985432036 106.463927484 0.039693980 0.998909831 -0.024567013 -1.903458066 -0.984787999 0.043271612 0.168285959 31.304658210
0.170110713 0.016046576 0.985294298 107.765398782 0.039087028 0.998970666 -0.023017672 -1.930005689 -0.984649455 0.042427778 0.169308399 31.530698951
0.171262255 0.012168962 0.985150322 109.071495279 0.038498142 0.999077381 -0.019033657 -1.954936733 -0.984473023 0.041186204 0.170635763 31.759297873
0.172844996 0.009560560 0.984902636 110.507296511 0.039324426 0.999088608 -0.016599486 -1.977117350 -0.984163704 0.041599869 0.172311503 32.010172597
0.174228772 0.011661039 0.984636154 111.808966850 0.041863542 0.998938107 -0.019238061 -1.993680727 -0.983814911 0.044572181 0.173555587 32.236723635
0.175588799 0.012067802 0.984389629 113.115443309 0.044335956 0.998813386 -0.020152975 -2.009177763 -0.983464741 0.047182492 0.174845406 32.467074971
0.177559597 0.010962329 0.984048991 114.557805424 0.043523297 0.998872092 -0.018980705 -2.028046527 -0.983147147 0.046199263 0.176882209 32.730161369
0.179189040 0.011133845 0.983751658 115.870087818 0.044872978 0.998802800 -0.019477742 -2.046917100 -0.982790773 0.047634064 0.178474907 32.970164829
0.180597701 0.011051624 0.983494958 117.182864572 0.042918190 0.998895891 -0.019105688 -2.063375738 -0.982620221 0.045660267 0.179923985 33.217310449
0.182204658 0.010182697 0.983207900 118.630839866 0.042139189 0.998946792 -0.018154786 -2.084395141 -0.982357242 0.044739471 0.181583668 33.490482049
0.183691393 0.009645061 0.982936643 119.948752357 0.042613327 0.998933675 -0.017765618 -2.094469932 -0.982059864 0.045149592 0.183084510 33.738426005
0.185190832 0.009229296 0.982659237 121.275392557 0.043990105 0.998875655 -0.017671928 -2.113189280 -0.981717488 0.046499962 0.184576616 33.992401449
0.186718179 0.008336892 0.982378144 122.735436805 0.045437304 0.998820610 -0.017112585 -2.129201785 -0.981362203 0.047831846 0.186119159 34.272648096
0.188127357 0.008933993 0.982104007 124.062003456 0.046698442 0.998746288 -0.018030724 -2.143186958 -0.981033819 0.049254799 0.187474296 34.528332558
0.189613070 0.013298688 0.981768827 125.390034259 0.046215577 0.998679107 -0.022453553 -2.160416800 -0.980770618 0.049630500 0.188748004 34.785728123
0.190765421 0.017196411 0.981485016 126.855975358 0.045256192 0.998629339 -0.026292971 -2.183771986 -0.980591878 0.049434064 0.189725702 35.073643092
0.191083321 0.018190334 0.981405256 128.197114768 0.043418334 0.998693029 -0.026964477 -2.210036907 -0.980613080 0.047763443 0.190043786 35.336969309
0.191675374 0.018676222 0.981280668 129.681547110 0.040698553 0.998807695 -0.026959529 -2.245123034 -0.980614184 0.045104181 0.190686743 35.630199200
0.192305883 0.018918742 0.981152653 131.032399001 0.039631387 0.998848765 -0.027027712 -2.271297266 -0.980534446 0.044082028 0.191334718 35.900098372
0.192564457 0.017392923 0.981130173 132.388957471 0.038339149 0.998946135 -0.025233502 -2.298703531 -0.980535078 0.042474771 0.191694690 36.173998965
0.192616195 0.017980402 0.981109426 133.883332903 0.034963104 0.999071502 -0.025173713 -2.336151309 -0.980651101 0.039151496 0.191808700 36.480799860
0.192985891 0.018743176 0.981022497 135.238456308 0.032542862 0.999145214 -0.025491228 -2.364543238 -0.980661719 0.036844727 0.192210973 36.754132573
0.193307902 0.016218286 0.981004089 136.597790521 0.031289666 0.999252880 -0.022685643 -2.393788823 -0.980639083 0.035080604 0.192656013 37.027454073
0.193438234 0.011390177 0.981046336 138.093824305 0.031228511 0.999354469 -0.017760233 -2.419867391 -0.980615332 0.034072124 0.192957665 37.327963052
0.193814748 0.008655141 0.980999965 139.451839843 0.032526178 0.999354638 -0.015243231 -2.442232833 -0.980498797 0.034862542 0.193408148 37.597409323
0.194431943 0.008190807 0.980881813 140.804743850 0.034308581 0.999296523 -0.015145280 -2.464663268 -0.980315837 0.036597389 0.194014150 37.864008993
0.194948552 0.008892988 0.980773153 142.288914831 0.036936727 0.999182995 -0.016401840 -2.490103389 -0.980117718 0.039424065 0.194460800 38.154925366
0.195436569 0.009037668 0.980674700 143.638318838 0.040852367 0.999014579 -0.017348065 -2.514412996 -0.979865109 0.043453329 0.194874771 38.419755887
0.196416191 0.010124772 0.980468342 144.985275744 0.044166626 0.998840384 -0.019162344 -2.542817332 -0.979525390 0.047067773 0.195741247 38.682493295
0.197822425 0.012432419 0.980159029 146.465696597 0.045566419 0.998722008 -0.021864401 -2.576375228 -0.979178222 0.048987606 0.197003109 38.976025806
0.198100110 0.010590271 0.980124580 147.813564084 0.046205697 0.998729095 -0.020130262 -2.609563449 -0.979092120 0.049275146 0.197359013 39.242804389
0.197951873 0.005187783 0.980198012 149.297238120 0.042382034 0.999005526 -0.013846413 -2.642811013 -0.979295062 0.044283709 0.197535146 39.546367519
0.197729736 0.002627395 0.980253053 150.638320214 0.042347921 0.999039923 -0.011219874 -2.662688763 -0.979341414 0.043730181 0.197428635 39.817011607
0.198536933 0.004911970 0.980081098 151.972709555 0.042588969 0.998999645 -0.013634116 -2.680301350 -0.979167639 0.044447519 0.198129130 40.081804176
0.199751737 0.006157588 0.979827193 153.440723256 0.047094274 0.998764255 -0.015877434 -2.704115879 -0.978714143 0.049315795 0.199214907 40.367508724
0.201281670 0.005754440 0.979516501 154.770671499 0.050190338 0.998608597 -0.016180257 -2.721463142 -0.978246707 0.052419054 0.200712789 40.628971301
0.203554198 0.008563245 0.979026230 156.094931234 0.050359369 0.998546505 -0.019204449 -2.745211437 -0.977767673 0.053212289 0.202827094 40.897296264
0.205394746 0.011659472 0.978609756 157.548419090 0.053160387 0.998319882 -0.023051831 -2.775602297 -0.977234348 0.056757998 0.204429836 41.191774592
0.206358815 0.011880264 0.978404261 158.868680052 0.048946982 0.998549077 -0.022448459 -2.808080704 -0.977251366 0.052522373 0.205477901 41.470280818
0.207601799 0.011964313 0.978140250 160.186202805 0.045807276 0.998709374 -0.021938106 -2.841733115 -0.977140311 0.049360330 0.206785810 41.744021176
0.209090502 0.009304938 0.977852024 161.639111710 0.043463498 0.998878138 -0.018798656 -2.875760416 -0.976929929 0.046431490 0.208451506 42.044673459
0.210389926 0.010002901 0.977566377 162.953448243 0.041912784 0.998935967 -0.019241952 -2.908298150 -0.976718689 0.045020841 0.209746814 42.320955410
0.211606429 0.013417147 0.977262861 164.392367319 0.040567682 0.998923458 -0.022498640 -2.944555428 -0.976512664 0.044406146 0.210834323 42.630108706
0.212454529 0.014452791 0.977064066 165.698779238 0.038676725 0.998982721 -0.023186948 -2.977076850 -0.976405236 0.042715810 0.211679417 42.912693996
0.213161596 0.013391643 0.976925175 167.004016985 0.036981210 0.999078924 -0.021764494 -3.010677276 -0.976316815 0.040767230 0.212470019 43.196948814
0.213975910 0.013534547 0.976745169 168.434988293 0.036194565 0.999107534 -0.021773574 -3.047216526 -0.976168153 0.040011887 0.213295067 43.509091784
0.214627772 0.012990710 0.976609523 169.733542102 0.036797939 0.999094061 -0.021376814 -3.080443466 -0.976002475 0.040525275 0.213955301 43.792640345
0.215212136 0.009452791 0.976521572 171.030789184 0.037102051 0.999152072 -0.017848645 -3.108211552 -0.975862272 0.040072198 0.214678934 44.078420938
0.215760166 0.004035152 0.976438052 172.455686857 0.037291532 0.999227870 -0.012369513 -3.139582517 -0.975734028 0.039081719 0.215443094 44.388907662
0.215943034 0.003257029 0.976400532 173.746631101 0.038539628 0.999186729 -0.011856553 -3.164374131 -0.975645070 0.040190454 0.215641889 44.671288231
0.215962207 0.005247439 0.976387623 175.033718517 0.039042863 0.999139381 -0.014005407 -3.186507270 -0.975620818 0.041145607 0.215571471 44.961369035
0.216114582 0.009576067 0.976321047 176.443565511 0.039270906 0.999057478 -0.018491927 -3.210861688 -0.975577923 0.042337387 0.215534828 45.273984741
0.216327951 0.012468466 0.976241136 177.725467221 0.039872646 0.998971401 -0.021594264 -3.233788625 -0.975506222 0.043596761 0.215608285 45.556470680
0.216401950 0.011653867 0.976234799 179.013057008 0.040362099 0.998967091 -0.020872301 -3.259057457 -0.975469680 0.043919692 0.215708052 45.839644685
0.216401031 0.008150857 0.976270535 180.433364637 0.040801873 0.999016001 -0.017384939 -3.285628821 -0.975451588 0.043595785 0.215855522 46.154926142
0.216659100 0.006710726 0.976224257 181.727081698 0.041172497 0.999023855 -0.016005105 -3.307456850 -0.975378726 0.043661242 0.216171312 46.441371047
0.216683203 0.007300826 0.976214673 183.021510569 0.042031766 0.998975011 -0.016800527 -3.329596765 -0.975336721 0.044672419 0.216154239 46.728342687
0.216473695 0.007641184 0.976258548 184.448160114 0.044700308 0.998843101 -0.017729714 -3.353479814 -0.975264591 0.047477074 0.215881693 47.042623399
0.216743332 0.008325132 0.976193127 185.747353294 0.045202323 0.998805532 -0.018554208 -3.376787338 -0.975181562 0.048147698 0.216108124 47.329493822
0.217153781 0.012077430 0.976062688 187.173878036 0.046757889 0.998646936 -0.022759543 -3.407021095 -0.975016890 0.050580951 0.216295243 47.647647900
0.217477193 0.017854835 0.975902083 188.471588815 0.046188570 0.998524333 -0.028561725 -3.443306607 -0.974971941 0.051287046 0.216331580 47.939141255
0.218283144 0.020909330 0.975661452 189.905820695 0.042737561 0.998606436 -0.030962667 -3.492154511 -0.974949214 0.048456019 0.217085339 48.268940267
0.219848178 0.021214135 0.975303409 191.213377169 0.040145927 0.998719845 -0.030772974 -3.538873862 -0.974707691 0.045919842 0.218715078 48.569344097
0.221157393 0.017913701 0.975073590 192.525306828 0.037271463 0.998945586 -0.026805846 -3.589079407 -0.974525652 0.042270731 0.220256532 48.875052297
0.222377272 0.014392702 0.974854450 193.837376361 0.036194021 0.999079919 -0.023006703 -3.633500103 -0.974288634 0.040400070 0.221651737 49.178990044
0.224094441 0.010800061 0.974507588 195.281524875 0.036443974 0.999146332 -0.019453653 -3.677960287 -0.973885783 0.039874385 0.223509542 49.522266492
0.226320542 0.010322113 0.973998186 196.592164353 0.039590562 0.999020058 -0.019786644 -3.716210016 -0.973247964 0.043039259 0.225690103 49.835172654
0.228848787 0.011678536 0.973391928 197.899491328 0.041735695 0.998890902 -0.021796715 -3.753884706 -0.972566895 0.045613340 0.228107559 50.149529048
0.231281367 0.010784622 0.972827128 199.339893796 0.042533734 0.998870393 -0.021185367 -3.797135942 -0.971956692 0.046277751 0.230561400 50.500179569
0.233234419 0.009244502 0.972376596 200.645738895 0.040237132 0.999006652 -0.019148963 -3.834521781 -0.971587710 0.043591843 0.232630764 50.823682992
0.234807500 0.007053698 0.972016298 202.086580709 0.038866295 0.999105876 -0.016639113 -3.873166084 -0.971264562 0.041685661 0.234323401 51.183163475
0.235800551 0.004719342 0.971790012 203.398798889 0.037398470 0.999203379 -0.013927044 -3.901778608 -0.971081590 0.039627464 0.235436211 51.508576308
0.236981061 0.003630152 0.971507488 204.711109819 0.039886950 0.999113497 -0.013462980 -3.924279938 -0.970695116 0.041940941 0.236626181 51.830985453
0.239050033 0.005802480 0.970989914 206.148819447 0.045029545 0.998840064 -0.017054825 -3.949199511 -0.969962588 0.047800191 0.238511468 52.185121772
0.241307907 0.010045928 0.970396606 207.454046757 0.045060032 0.998751935 -0.021544523 -3.980313676 -0.969401922 0.048924966 0.240554070 52.515279489
0.243929807 0.011697960 0.969722335 208.761567836 0.044427276 0.998742652 -0.023223543 -4.015864960 -0.968774724 0.048747036 0.243103394 52.848387272
0.246238408 0.006022052 0.969190580 210.214104715 0.039891474 0.999070360 -0.016342778 -4.048543552 -0.968387999 0.042686660 0.245769267 53.228936019
0.248383078 0.002243585 0.968659286 211.532337343 0.039251206 0.999152693 -0.012378985 -4.074763606 -0.967866308 0.041095775 0.248084558 53.574060008
0.250922836 0.002878984 0.968002811 212.847604180 0.041069404 0.999063499 -0.013617253 -4.101404502 -0.967135479 0.043172178 0.250569608 53.918340957
0.254184081 0.007176119 0.967129235 214.292058310 0.042703374 0.998913982 -0.018635403 -4.132958306 -0.966212645 0.046036504 0.253601588 54.300119663
0.256542895 0.008653259 0.966494110 215.606838990 0.046415229 0.998695929 -0.021261870 -4.163080269 -0.965417718 0.050314627 0.255806702 54.647403657
0.259035351 0.007116736 0.965841622 216.927200482 0.043615802 0.998866591 -0.019057684 -4.197707955 -0.964882557 0.047062570 0.258431355 55.010088159
0.260898470 0.005788888 0.965348889 218.375751238 0.044658739 0.998839055 -0.018059341 -4.232328600 -0.964332715 0.047822918 0.260337057 55.408197834
0.261862896 0.010829590 0.965044322 219.687826039 0.041573140 0.998882310 -0.022490106 -4.264973493 -0.964209260 0.046009247 0.261119994 55.778018679
0.262522722 0.017081147 0.964774614 220.998852485 0.038092358 0.998880452 -0.028050213 -4.304046037 -0.964173632 0.044114359 0.261578154 56.145203990
0.262681564 0.020923131 0.964655699 222.451608775 0.036844014 0.998818213 -0.031696954 -4.363443510 -0.964178881 0.043867994 0.261600238 56.546042649
0.262809862 0.017406352 0.964690621 223.771681407 0.035317994 0.998993636 -0.027646949 -4.414196241 -0.964201024 0.041336828 0.261930623 56.909867653
0.262918932 0.012275165 0.964739838 225.223508492 0.034802338 0.999147669 -0.022197586 -4.462523800 -0.964190040 0.039411368 0.262267634 57.307056127
0.262818527 0.012452152 0.964764928 226.539044364 0.034678595 0.999148731 -0.022342986 -4.497037969 -0.964221871 0.039328843 0.262162974 57.668495314
0.262262587 0.011568563 0.964927201 227.857556095 0.035599218 0.999131516 -0.021654337 -4.529814374 -0.964339687 0.040029776 0.261622984 58.035574898
0.261538450 0.011955653 0.965119009 229.309363560 0.033168392 0.999221363 -0.021366436 -4.569490703 -0.964622982 0.037599590 0.260938256 58.446656250
0.260606704 0.012606469 0.965362742 230.631079618 0.033407981 0.999198155 -0.022067046 -4.602732926 -0.964866858 0.038001640 0.259976581 58.817114592
0.259185142 0.009299572 0.965782885 231.958197526 0.032596438 0.999299760 -0.018370146 -4.640596233 -0.965277439 0.036242351 0.258700517 59.196523910
0.258562181 0.006801748 0.965970670 233.421806707 0.032274492 0.999356106 -0.015675767 -4.679278140 -0.965455310 0.035229373 0.258176172 59.606117332
0.258429300 0.006361984 0.966009225 234.752037419 0.034185314 0.999291770 -0.015726522 -4.711531407 -0.965425119 0.037087523 0.258028786 59.977294485
0.258508802 0.010703400 0.965949603 236.078780026 0.035467642 0.999159245 -0.020563287 -4.739090971 -0.965357574 0.039575745 0.257911836 60.345867647
0.258470701 0.012200862 0.965942046 237.541376995 0.034623085 0.999160791 -0.021885035 -4.774922216 -0.965398435 0.039100534 0.257831359 60.752873858
0.258452479 0.011796628 0.965951943 238.874509548 0.033489687 0.999214967 -0.021163434 -4.809177835 -0.965443296 0.037819170 0.257854520 61.119645879
0.258586218 0.008927002 0.965946933 240.345523755 0.034808641 0.999221772 -0.018552872 -4.848072431 -0.965360827 0.038420817 0.258074242 61.520140107
0.258696639 0.004478056 0.965948237 241.688343100 0.036339419 0.999236260 -0.014364663 -4.878391758 -0.965274829 0.038818088 0.258336332 61.884766030
0.259085838 0.002504562 0.965851053 243.030155894 0.039778128 0.999120534 -0.013261164 -4.905015949 -0.965034833 0.041855526 0.258758354 62.245706319
0.259382597 0.004076382 0.965766044 244.505303519 0.042883287 0.998956189 -0.015733940 -4.933579076 -0.964822104 0.045496333 0.258937042 62.636971177
0.259672292 0.009606861 0.965649009 245.842439040 0.042261267 0.998879479 -0.021301918 -4.961043708 -0.964771624 0.046341068 0.258975326 62.995562365
0.259481626 0.013990584 0.965646700 247.178742432 0.041712880 0.998799574 -0.025679698 -4.991522106 -0.964846787 0.046943314 0.258586550 63.353428544
0.259039526 0.014850365 0.965752551 248.659008977 0.038471582 0.998929675 -0.025679591 -5.034259664 -0.965100234 0.043806058 0.258190953 63.757344449
0.258523081 0.014815815 0.965891458 250.009685492 0.036953802 0.998998824 -0.025214420 -5.077868571 -0.965298002 0.042211872 0.257716753 64.117724099
0.258301169 0.015514722 0.965939853 251.359457635 0.034511321 0.999084634 -0.025275730 -5.117546773 -0.965447810 0.039864611 0.257529296 64.480137851
0.258130513 0.018545578 0.965932037 252.842493455 0.033237414 0.999053404 -0.028063687 -5.159701769 -0.965538147 0.039349177 0.257269761 64.874716393
0.257763557 0.018546251 0.966030013 254.198285650 0.031670918 0.999116319 -0.027632134 -5.198600834 -0.965688822 0.037717614 0.256948400 65.240220729
0.257218648 0.015046901 0.966236078 255.560799322 0.030104531 0.999268693 -0.023575340 -5.234962680 -0.965884198 0.035152101 0.256577562 65.606547059
0.257000555 0.012751174 0.966327130 257.061916068 0.029863536 0.999330642 -0.021129060 -5.269823605 -0.965949732 0.034288125 0.256447734 66.006603489
0.256908203 0.012220636 0.966358542 258.426715035 0.030353744 0.999324705 -0.020707127 -5.294444274 -0.965959018 0.034652431 0.256363772 66.367839571
0.256844482 0.010334213 0.966397494 259.792549682 0.032119408 0.999299172 -0.019222591 -5.310482316 -0.965918866 0.035977332 0.256332550 66.721460548
0.256768346 0.006933579 0.966448106 261.305838915 0.033456397 0.999311166 -0.016058127 -5.330187649 -0.965893724 0.036457090 0.256359502 67.118888056
0.256830605 0.007806687 0.966424904 262.679593490 0.034297783 0.999263869 -0.017186706 -5.343780832 -0.965847660 0.037560304 0.256373792 67.477854902
0.256860196 0.010526841 0.966391238 264.201264333 0.035043694 0.999181647 -0.020198399 -5.366196006 -0.965813015 0.039054083 0.256281095 67.879203261
0.256752111 0.011533380 0.966408472 265.589694868 0.035168323 0.999155082 -0.021267588 -5.389699217 -0.965837224 0.039447464 0.256129567 68.245599168
0.256628397 0.011358369 0.966443404 267.262356354 0.035915652 0.999128244 -0.021279512 -5.416789490 -0.965842602 0.040171372 0.255996737 68.683700203
0.256655496 0.010552268 0.966445346 268.522437033 0.036118445 0.999137210 -0.020501067 -5.437223187 -0.965827839 0.040168214 0.256052924 69.012816332
0.256712619 0.009470870 0.966441376 269.926709860 0.036871235 0.999128086 -0.019585176 -5.456934011 -0.965784211 0.040661649 0.256139585 69.378053063
0.256551936 0.008301951 0.966494791 271.335471734 0.036867660 0.999151321 -0.018368827 -5.473354111 -0.965827044 0.040344959 0.256028132 69.742627555
0.256265858 0.007475091 0.966577433 272.890208929 0.038461216 0.999099332 -0.017923711 -5.490763965 -0.965840849 0.041768979 0.255747547 70.143331050
0.256355278 0.010102686 0.966529827 274.308803204 0.037932986 0.999069907 -0.020503879 -5.511971267 -0.965838009 0.041919640 0.255733619 70.516191218
0.256424284 0.012164628 0.966487769 275.728881259 0.039079824 0.998972689 -0.022941984 -5.532386259 -0.965773966 0.043653054 0.255685465 70.883895893
0.256263397 0.010387685 0.966551172 277.309700296 0.040045832 0.998969649 -0.021353513 -5.561103447 -0.965777098 0.044178470 0.255583372 71.296958250
0.256070598 0.007813289 0.966626506 278.752796513 0.041162738 0.998972181 -0.018979228 -5.584272555 -0.965781279 0.044649016 0.255485787 71.673805812
0.256392323 0.008714106 0.966533518 280.344465256 0.043193597 0.998857126 -0.020463494 -5.610130259 -0.965607213 0.046994742 0.255722905 72.089904268
0.256600638 0.010362243 0.966461969 281.795346088 0.044405307 0.998760227 -0.022498378 -5.635231271 -0.965496909 0.048689139 0.255822373 72.469459550
0.256619662 0.010103431 0.966459658 283.255545399 0.044827537 0.998744836 -0.022343795 -5.667036950 -0.965472341 0.049057863 0.255844650 72.855516307
0.256681710 0.010914880 0.966434356 284.867712553 0.042586200 0.998837342 -0.022591590 -5.705581629 -0.965557308 0.046955614 0.255918453 73.285125003
0.256545109 0.013128834 0.966443087 286.334973099 0.042692488 0.998777901 -0.024900937 -5.739244911 -0.965588918 0.047648073 0.255671083 73.669845565
0.256303396 0.015723824 0.966468484 287.803837562 0.040120566 0.998832948 -0.026890180 -5.774141803 -0.965763382 0.045667307 0.255373428 74.055058412
0.256378759 0.016689368 0.966432303 289.426489359 0.038420662 0.998884768 -0.027442168 -5.818093086 -0.965812500 0.044166558 0.255451621 74.483585055
0.256212860 0.016327174 0.966482485 290.907177816 0.035800145 0.999011070 -0.026367249 -5.860219074 -0.965957204 0.041355841 0.255374969 74.880879751
0.256085291 0.016600647 0.966511636 292.395676564 0.033787427 0.999087859 -0.026112431 -5.907446766 -0.966063525 0.039342951 0.255290812 75.287429402
0.255876527 0.015792661 0.966580465 294.037631499 0.031481561 0.999200089 -0.024659531 -5.957580796 -0.966196726 0.036739257 0.255174671 75.736602803
0.255627186 0.013061443 0.966687199 295.537337479 0.030930883 0.999286349 -0.021681156 -6.002787978 -0.966280509 0.035442781 0.255040755 76.147221722
0.255413214 0.009067086 0.966789469 297.039836004 0.031650210 0.999341669 -0.017733953 -6.039282628 -0.966313797 0.035128576 0.254958093 76.552255411
0.255037518 0.005597212 0.966914958 298.695291010 0.033303699 0.999339082 -0.014569229 -6.073132646 -0.966357453 0.035917545 0.254682552 76.998924604
0.254729817 0.005694066 0.966995500 300.201538373 0.034843415 0.999279265 -0.015062758 -6.100367882 -0.966384321 0.037530359 0.254347824 77.403022573
0.254274058 0.008816980 0.967092014 301.703461183 0.035895034 0.999183438 -0.018547311 -6.113615029 -0.966465856 0.039429901 0.253749941 77.797446333
0.253608551 0.012804599 0.967222180 303.355753936 0.036301981 0.999081997 -0.022744865 -6.132433888 -0.966625506 0.040880374 0.252910905 78.231648639
0.253110487 0.013136272 0.967348189 304.856067306 0.036051264 0.999085230 -0.023000207 -6.171502592 -0.966765425 0.040695719 0.252405370 78.638458986
0.252331091 0.009582909 0.967593504 306.511065585 0.035888724 0.999170282 -0.019254779 -6.215053386 -0.966975191 0.039584276 0.251777809 79.078845535
0.251583874 0.007129072 0.967809243 308.016248539 0.036665583 0.999184824 -0.016891480 -6.256777473 -0.967140729 0.039734914 0.251117397 79.475666984
0.250887190 0.005419731 0.968001159 309.523900674 0.038110037 0.999153770 -0.015471536 -6.312606919 -0.967265860 0.040772170 0.250468335 79.867038405
