1.000000000 -0.000000000 -0.000000000 -0.000000000 0.000000000 1.000000000 0.000000000 -0.000000000 0.000000000 -0.000000000 1.000000000 -0.000000000
0.999988270 0.000703498 -0.004792077 -0.008540150 -0.000700204 0.999999517 0.000689215 0.006143118 0.004792560 -0.000685852 0.999988280 1.339458091
0.999952031 0.003093342 -0.009293414 -0.023093688 -0.003104967 0.999994415 -0.001236713 0.010349849 0.009289536 0.001265510 0.999956051 2.564573206
0.999894562 0.004998956 -0.013633619 -0.042861602 -0.005067102 0.999974819 -0.004968433 0.013871000 0.013608439 0.005036992 0.999894714 3.796524054
0.999792616 0.007433072 -0.018959834 -0.070573472 -0.007554743 0.999951276 -0.006353791 0.015017136 0.018911683 0.006495710 0.999800057 5.162149283
0.999688037 0.007207786 -0.023913950 -0.100260938 -0.007339741 0.999958295 -0.005434733 0.015329351 0.023873780 0.005608559 0.999699248 6.414873264
0.999538577 0.007157390 -0.029519560 -0.140744420 -0.007321426 0.999958332 -0.005452528 0.016958365 0.029479304 0.005666138 0.999549331 7.803265393
0.999371518 0.006481469 -0.034850528 -0.181722394 -0.006757548 0.999946670 -0.007809845 0.017164536 0.034798050 0.008040441 0.999362020 9.072380039
0.999173136 0.006142108 -0.040191023 -0.230608408 -0.006498297 0.999940710 -0.008737760 0.017690225 0.040134972 0.008991708 0.999153809 10.349253794
0.998963306 0.006713244 -0.045024950 -0.286996714 -0.007081348 0.999942757 -0.008021035 0.014852573 0.044968525 0.008331557 0.998953661 11.632650011
0.998740514 0.008113861 -0.049513139 -0.357848647 -0.008423701 0.999946204 -0.006052273 0.010325586 0.049461368 0.006461735 0.998755135 13.049607167
0.998577238 0.008601433 -0.052626178 -0.426580400 -0.008847835 0.999950951 -0.004450946 0.007706504 0.052585312 0.004910241 0.998604363 14.346550957
0.998404723 0.008896605 -0.055757154 -0.505822560 -0.009157744 0.999948255 -0.004429751 0.004879175 0.055714859 0.004933294 0.998434533 15.775477959
0.998233888 0.008667966 -0.058770503 -0.581632534 -0.008959550 0.999948818 -0.004699697 0.003775875 0.058726758 0.005217954 0.998260457 17.079789262
0.998057345 0.009011452 -0.061646815 -0.659989467 -0.009221812 0.999952584 -0.003128663 0.001797262 0.061615698 0.003691080 0.998093123 18.391515468
0.997842150 0.010585350 -0.064799645 -0.754767356 -0.010673489 0.999942522 -0.001014149 -0.000663974 0.064785186 0.001703599 0.997897779 19.839484457
0.997643296 0.012067702 -0.067544235 -0.844294115 -0.012082417 0.999926987 0.000190674 -0.001284076 0.067541604 0.000625873 0.997716262 21.159834173
0.997445108 0.012733101 -0.070293133 -0.938482898 -0.012752860 0.999918665 0.000167683 -0.003075809 0.070289551 0.000729184 0.997526364 22.479897113
0.997220010 0.011606722 -0.073603915 -1.041319686 -0.011768080 0.999929207 -0.001758934 -0.004311847 0.073578288 0.002620221 0.997286002 23.934340620
0.996971609 0.010560288 -0.077046029 -1.140229274 -0.010763205 0.999939613 -0.002218928 -0.007679177 0.077017944 0.003041470 0.997025068 25.256210967
0.996676967 0.008489443 -0.081012059 -1.241427029 -0.008729592 0.999958489 -0.002610641 -0.011484039 0.080986534 0.003309168 0.996709702 26.582984326
0.996277392 0.006347883 -0.085971291 -1.360513569 -0.006639319 0.999973141 -0.003104413 -0.015644841 0.085949275 0.003663647 0.996292778 28.042561086
0.995867599 0.005834633 -0.090629371 -1.476366635 -0.006186711 0.999974366 -0.003604364 -0.021574838 0.090606017 0.004150167 0.995878168 29.371836021
0.995448564 0.005439161 -0.095145004 -1.599481261 -0.005824206 0.999975934 -0.003769691 -0.027781616 0.095122210 0.004306678 0.995456286 30.702412415
0.994971076 0.007004105 -0.099917464 -1.744887658 -0.007335703 0.999968737 -0.002951700 0.068822005 0.099893666 0.003669821 0.994991351 32.168052740
0.994525609 0.008549092 -0.104142817 -1.882300101 -0.008706723 0.999961535 -0.001059083 0.066103234 0.104129757 0.001960028 0.994561789 33.501698802
0.994059538 0.010419805 -0.108337726 -2.025730533 -0.010441055 0.999945422 0.000371117 0.063188090 0.108335680 0.000762248 0.994114078 34.831094373
0.993510084 0.011834917 -0.113126685 -2.188020423 -0.011763576 0.999929964 0.001298160 0.060355249 0.113134126 0.000041039 0.993579724 36.293042555
0.993008571 0.012955463 -0.117329166 -2.340622662 -0.012800795 0.999915920 0.002071737 0.058267833 0.117346141 -0.000555346 0.993090920 37.619386190
0.992438357 0.014780879 -0.121850863 -2.499645841 -0.014623065 0.999890680 0.002189341 0.058176454 0.121869903 -0.000390953 0.992546006 38.945902008
0.991764075 0.018569825 -0.126724826 -2.682904163 -0.018420361 0.999827566 0.002351326 0.057307657 0.126746638 0.000002357 0.991935124 40.401218626
0.991158519 0.022627873 -0.130739321 -2.858337184 -0.022676287 0.999742234 0.001118600 0.055272197 0.130730933 0.001855973 0.991416148 41.720954081
0.990580731 0.026082589 -0.134422895 -3.038887309 -0.026458776 0.999649393 -0.001012541 0.052525535 0.134349355 0.004559668 0.990923539 43.038281996
0.989998062 0.027924485 -0.138289766 -3.241431628 -0.028567979 0.999588286 -0.002670161 0.048248214 0.138158268 0.006594113 0.990388212 44.486186454
0.989562102 0.025891461 -0.141762048 -3.423956164 -0.026607817 0.999640956 -0.003159682 0.041318564 0.141629341 0.006898680 0.989895721 45.802986211
0.989159843 0.022699255 -0.145077734 -3.605391233 -0.023383577 0.999722026 -0.003013217 0.032486714 0.144969008 0.006372990 0.989415672 47.119121821
0.988748856 0.018859492 -0.148391440 -3.808393812 -0.019246399 0.999814084 -0.001171693 0.024405713 0.148341754 0.004014511 0.988928009 48.566531338
0.988411540 0.015997549 -0.150952661 -3.997410647 -0.016202315 0.999868726 -0.000126573 0.018252031 0.150930820 0.002570889 0.988540985 49.880760370
0.988090129 0.013336339 -0.153297224 -4.191944701 -0.013531428 0.999908420 -0.000229315 0.015655002 0.153280127 0.002300914 0.988180099 51.191843715
0.987732241 0.011823954 -0.155708750 -4.412399404 -0.012130362 0.999925907 -0.001017744 0.017455521 0.155685179 0.002894063 0.987802485 52.632428391
0.987449169 0.011639966 -0.157507617 -4.616465672 -0.012051178 0.999926011 -0.001655925 0.016561958 0.157476688 0.003533294 0.987516384 53.942952728
0.987230682 0.011334217 -0.158893413 -4.824141314 -0.011831031 0.999927632 -0.002181085 0.016103248 0.158857193 0.004033107 0.987293333 55.255022949
0.987005106 0.011103935 -0.160304782 -5.056930594 -0.011634631 0.999929501 -0.002372281 0.013625148 0.160267139 0.004206540 0.987064714 56.698710964
0.986839106 0.009894410 -0.161402228 -5.272904723 -0.010483181 0.999941139 -0.002796651 0.011083897 0.161365057 0.004451853 0.986884745 58.013261133
0.986667399 0.010106013 -0.162435564 -5.488016280 -0.011002761 0.999928786 -0.004621972 0.005575396 0.162377287 0.006347589 0.986708328 59.330162223
0.986543905 0.010486259 -0.163159930 -5.725679583 -0.011755265 0.999907686 -0.006814140 0.000686740 0.163073413 0.008640437 0.986576102 60.782341933
0.986495100 0.012064200 -0.163345867 -5.945165679 -0.013354910 0.999887657 -0.006805857 -0.003425879 0.163245409 0.008895414 0.986545391 62.104015587
0.986535401 0.013647309 -0.162977461 -6.164273738 -0.014740678 0.999876217 -0.005501261 -0.010430488 0.162882210 0.007829587 0.986614455 63.430158307
0.986583128 0.013087352 -0.162734303 -6.404702354 -0.013918045 0.999895276 -0.003965526 -0.015991942 0.162665362 0.006177265 0.986661959 64.896012108
0.986602763 0.011095338 -0.162763266 -6.620535543 -0.012031282 0.999916264 -0.004765739 -0.024247362 0.162696760 0.006660142 0.986653641 66.234086667
0.986674707 0.007056627 -0.162552229 -6.833192954 -0.008319106 0.999940280 -0.007087234 -0.034042145 0.162492509 0.008345084 0.986674487 67.579645730
0.986813902 0.003148004 -0.161828344 -7.068868313 -0.004432565 0.999961467 -0.007577375 -0.048089267 0.161798255 0.008194773 0.986789831 69.070357484
0.986899715 0.000110045 -0.161334871 -7.285697262 -0.001166323 0.999978503 -0.006452424 -0.063362794 0.161330693 0.006556063 0.986878628 70.435530748
0.987003354 -0.003127220 -0.160669223 -7.524853053 0.002411372 0.999986280 -0.004650207 -0.076525554 0.160681561 0.004202336 0.986997354 71.939681331
0.987123908 -0.004605843 -0.159891137 -7.745036375 0.004014438 0.999983855 -0.004021615 -0.081633079 0.159907079 0.003327959 0.987126461 73.306442859
0.987260544 -0.005531548 -0.159015783 -7.969003862 0.005218956 0.999983541 -0.002383333 -0.087455390 0.159026350 0.001523074 0.987273164 74.672693976
0.987467224 -0.003656673 -0.157781844 -8.192706179 0.003743260 0.999992962 0.000251611 -0.092586857 0.157779814 -0.000839076 0.987473962 76.043135241
0.987716021 -0.003483696 -0.156220760 -8.436097664 0.003435475 0.999993931 -0.000578675 -0.097071350 0.156221828 0.000034874 0.987721995 77.553774178
0.987870608 -0.002070949 -0.155265490 -8.656276158 0.001334559 0.999987363 -0.004846869 -0.105001591 0.155273566 0.004580868 0.987860889 78.927326310
0.988024031 -0.000355174 -0.154299667 -8.874898296 -0.001074426 0.999957271 -0.009181592 -0.115399708 0.154296335 0.009237417 0.987981433 80.302201913
0.988129964 0.006220280 -0.153494245 -9.121550887 -0.008303158 0.999881898 -0.012932433 -0.135821785 0.153395674 0.014053411 0.988064911 81.813212331
0.988346099 0.007434819 -0.152041811 -9.338258281 -0.008987228 0.999914241 -0.009525737 -0.152668009 0.151957950 0.010781160 0.988328158 83.188959016
0.988468431 0.009411795 -0.151134311 -9.554368608 -0.009245030 0.999955633 0.001806057 -0.163532342 0.151144603 -0.000387989 0.988511587 84.571472254
0.988533405 0.001328635 -0.150996499 -9.779438507 -0.000333292 0.999978052 0.006616944 -0.162386212 0.151001976 -0.006490744 0.988512151 86.090556078
0.988333891 -0.011083200 -0.151898924 -9.974296851 0.011634145 0.999928570 0.002738740 -0.162137457 0.151857720 -0.004474004 0.988392238 87.466570872
0.988101848 -0.017991422 -0.152745037 -10.167967365 0.017513638 0.999836619 -0.004472974 -0.165986895 0.152800557 0.001744632 0.988255506 88.837542627
0.988017149 -0.021229857 -0.152877095 -10.383958270 0.020187630 0.999761201 -0.008366604 -0.177658387 0.153018210 0.005180122 0.988209792 90.347502154
0.988035512 -0.018588519 -0.153102237 -10.588659923 0.017761754 0.999819353 -0.006766185 -0.194396652 0.153200353 0.003965867 0.988187191 91.725592831
0.987983294 -0.017765340 -0.153536329 -10.793437654 0.017342483 0.999841230 -0.004093074 -0.206914260 0.153584667 0.001381187 0.988134526 93.105270005
0.987864732 -0.014901251 -0.154600205 -11.020403938 0.014701748 0.999888962 -0.002433749 -0.216646004 0.154619305 0.000131321 0.987974116 94.621001166
0.987797248 -0.012706185 -0.155226123 -11.233811226 0.012738787 0.999918550 -0.000784737 -0.219279617 0.155223451 -0.001202232 0.987878654 95.998165390
0.987703899 -0.012712839 -0.155818456 -11.444537502 0.012818540 0.999917786 -0.000326486 -0.220930891 0.155809796 -0.001674894 0.987785656 97.374915324
0.987546113 -0.017545191 -0.156348461 -11.672532665 0.017246648 0.999845931 -0.003265961 -0.227848667 0.156381674 0.000528801 0.987696559 98.897684922
0.987216712 -0.023393727 -0.157657534 -11.879383698 0.023210462 0.999726088 -0.003003742 -0.237303221 0.157684618 -0.000693960 0.987489281 100.291213673
0.986869196 -0.027813248 -0.159108809 -12.085333871 0.027834960 0.999610342 -0.002092566 -0.243666441 0.159105012 -0.002363698 0.987258835 101.683429965
0.986733565 -0.030367361 -0.159482583 -12.312058497 0.030288387 0.999536917 -0.002926528 -0.249332492 0.159497600 -0.001942767 0.987196405 103.210006561
0.986720281 -0.030349435 -0.159568163 -12.525615654 0.030317235 0.999536849 -0.002636791 -0.256519211 0.159574284 -0.002235891 0.987183392 104.600562961
0.986686250 -0.029593074 -0.159920275 -12.747086301 0.029573134 0.999559480 -0.002505208 -0.266444336 0.159923964 -0.002257489 0.987126755 105.995389498
0.986525181 -0.032636685 -0.160321286 -12.993201649 0.031689675 0.999461944 -0.008460896 -0.282892538 0.160511160 0.003266357 0.987028621 107.528123725
0.986256122 -0.037919646 -0.160813442 -13.207980182 0.035785136 0.999229007 -0.016149777 -0.302840126 0.161301850 0.010173086 0.986852685 108.921089268
0.986051616 -0.039637532 -0.161651096 -13.427267668 0.037747672 0.999178487 -0.014746679 -0.327594738 0.162102820 0.008439034 0.986737786 110.327376612
0.985872064 -0.039417600 -0.162795964 -13.673975439 0.037996777 0.999207795 -0.011833292 -0.352190189 0.163133436 0.005480390 0.986588793 111.873362070
0.985841635 -0.037855542 -0.163350021 -13.902927792 0.036470807 0.999268906 -0.011468784 -0.367796004 0.163664753 0.005348898 0.986501514 113.279917195
0.985938754 -0.034196939 -0.163570607 -14.136048814 0.033212838 0.999410015 -0.008748143 -0.380480192 0.163773262 0.003192489 0.986492842 114.689658039
0.986001618 -0.031396937 -0.163752987 -14.392823966 0.031115471 0.999506615 -0.004284144 -0.393125999 0.163806703 -0.000871078 0.986492071 116.247531642
0.985970790 -0.031240366 -0.163968415 -14.625053893 0.031312239 0.999507346 -0.002146895 -0.406311558 0.163954705 -0.003017442 0.986463253 117.669354701
0.985878792 -0.032346773 -0.164306707 -14.854325017 0.032289422 0.999473996 -0.003020580 -0.416843973 0.164317988 -0.002327443 0.986404675 119.092532186
0.985776915 -0.034035338 -0.164576639 -15.109946585 0.033606320 0.999420607 -0.005391308 -0.428455983 0.164664779 -0.000216188 0.986349565 120.662110246
0.985744393 -0.034995639 -0.164570038 -15.343654479 0.034545575 0.999387451 -0.005596978 -0.438041086 0.164665101 -0.000167977 0.986349520 122.092539007
0.985764051 -0.035635050 -0.164314877 -15.580397906 0.035327953 0.999364285 -0.004791840 -0.448487659 0.164381177 -0.001081284 0.986396299 123.529951885
0.985779067 -0.036748181 -0.163979277 -15.836790023 0.036479805 0.999323578 -0.004648731 -0.454557926 0.164039190 -0.001399310 0.986452830 125.109734406
0.985743274 -0.038641421 -0.163759088 -16.070580043 0.038561084 0.999249503 -0.003670588 -0.457527822 0.163778024 -0.002696471 0.986493532 126.550693637
0.985648143 -0.041825342 -0.163549319 -16.302084356 0.042024185 0.999114071 -0.002245363 -0.460714358 0.163498339 -0.004659889 0.986532604 127.996962245
0.985537712 -0.045304249 -0.163287918 -16.554806325 0.045534732 0.998960032 -0.002332925 -0.461989310 0.163223795 -0.005136086 0.986575701 129.590079661
0.985435786 -0.048688211 -0.162928726 -16.782264849 0.048694412 0.998805882 -0.003957896 -0.464242564 0.162926872 -0.004033466 0.986629903 131.043250560
0.985318187 -0.052449402 -0.162471941 -17.009113087 0.052222377 0.998619380 -0.005670713 -0.466836802 0.162545054 -0.002897214 0.986696869 132.503359681
0.985297843 -0.054618551 -0.161879506 -17.258834156 0.054362618 0.998503153 -0.006013275 -0.469485432 0.161965634 -0.002875327 0.986792210 134.117562331
0.985204281 -0.057596828 -0.161416018 -17.483945486 0.057586591 0.998329235 -0.004745759 -0.473221434 0.161419671 -0.004619856 0.986875041 135.590771154
0.985232204 -0.059326331 -0.160617220 -17.708532740 0.059525682 0.998220374 -0.003574544 -0.474144399 0.160543446 -0.006039094 0.987010299 137.069702169
0.985198644 -0.062171246 -0.159744696 -17.955969214 0.062609576 0.998035463 -0.002292654 -0.472961587 0.159573408 -0.007742828 0.987155700 138.705757980
0.985157002 -0.064298012 -0.159158557 -18.176613957 0.064544288 0.997908252 -0.003626946 -0.469500647 0.159058843 -0.006699664 0.987246372 140.198397230
0.985131351 -0.065536902 -0.158811634 -18.421558276 0.065247528 0.997844267 -0.007041275 -0.471673538 0.158930741 -0.003425485 0.987283792 141.839337498
0.985081980 -0.065979220 -0.158934687 -18.639671271 0.065422925 0.997819387 -0.008735665 -0.477239377 0.159164485 -0.001792626 0.987250451 143.334777907
0.985048263 -0.064793732 -0.159629858 -18.863287642 0.064402093 0.997894852 -0.007631165 -0.484785412 0.159788266 -0.002763431 0.987147443 144.832248883
0.984969893 -0.063541663 -0.160613722 -19.112276308 0.063467446 0.997968212 -0.005597510 -0.488832723 0.160643064 -0.004680364 0.987001469 146.477972333
0.985007431 -0.061046165 -0.161349705 -19.345662734 0.061038434 0.998122846 -0.005009373 -0.495840226 0.161352629 -0.004914263 0.986884582 147.972075949
0.984954452 -0.059623768 -0.162202757 -19.581491606 0.059699564 0.998206644 -0.004411082 -0.502777258 0.162174875 -0.005338719 0.986747591 149.465985918
0.984894118 -0.057533617 -0.163320112 -19.821277613 0.057634394 0.998329234 -0.004125123 -0.507117642 0.163284576 -0.005350047 0.986564506 150.961329938
0.984755392 -0.056192661 -0.164618353 -20.084811313 0.056252690 0.998407300 -0.004301003 -0.507755479 0.164597850 -0.005024789 0.986347961 152.603133573
0.984621965 -0.055820662 -0.165540445 -20.323979622 0.055946318 0.998426132 -0.003907410 -0.501777316 0.165498020 -0.005414057 0.986195261 154.092729319
0.984410760 -0.056485038 -0.166567990 -20.562429204 0.056695745 0.998385390 -0.003493684 -0.501519930 0.166496388 -0.006004476 0.986023782 155.575788501
0.984068181 -0.058294255 -0.167963076 -20.827003169 0.058698633 0.998272465 -0.002560638 -0.503980035 0.167822184 -0.007339361 0.985789962 157.205455203
0.983891489 -0.058197780 -0.169028268 -21.069557178 0.058413481 0.998285616 -0.003700446 -0.509151655 0.168953846 -0.006232692 0.985604257 158.681970149
0.983806686 -0.057050687 -0.169910633 -21.315846832 0.056813088 0.998365181 -0.006264019 -0.522549318 0.169990226 -0.003490564 0.985439566 160.155243939
0.983845301 -0.053959355 -0.170695082 -21.588451568 0.053719594 0.998537875 -0.006026474 -0.538799735 0.170770689 -0.003240552 0.985305471 161.774762617
0.983755382 -0.053130729 -0.171471494 -21.835970869 0.053486200 0.998565334 -0.002549502 -0.553285975 0.171360946 -0.006663272 0.985185783 163.247624076
0.983476032 -0.055244530 -0.172403412 -22.082203220 0.056161621 0.998421593 0.000442436 -0.566503847 0.172106847 -0.010117580 0.985026329 164.719498345
0.982920792 -0.060802014 -0.173694652 -22.347047151 0.061677291 0.998096079 -0.000359025 -0.576733433 0.173385781 -0.010360123 0.984799492 166.329271029
0.982518716 -0.063853720 -0.174870452 -22.591465361 0.064173629 0.997931397 -0.003830495 -0.589274290 0.174753305 -0.007458538 0.984584000 167.786287873
0.982746250 -0.058715530 -0.175391832 -22.845627829 0.058004233 0.998274095 -0.009183722 -0.604508301 0.175628349 -0.001148200 0.984455872 169.233761915
0.982994422 -0.055232427 -0.175132365 -23.129617126 0.054495292 0.998473294 -0.009019093 -0.624008848 0.175363135 -0.000678171 0.984503586 170.829347828
0.983401871 -0.047641271 -0.175074468 -23.391160136 0.048358359 0.998830036 -0.000170392 -0.641363398 0.174877755 -0.008298751 0.984555180 172.284785733
0.983241712 -0.048786763 -0.175657585 -23.641576353 0.049904922 0.998752067 0.001951072 -0.647491922 0.175343190 -0.010684553 0.984449392 173.733261111
0.982705074 -0.056304462 -0.176410162 -23.908057999 0.057620744 0.998335794 0.002343618 -0.646870784 0.175984623 -0.012467971 0.984313955 175.324836006
0.982290231 -0.061807614 -0.176877700 -24.148265524 0.063104814 0.998005436 0.001712524 -0.647489965 0.176419059 -0.012844030 0.984231348 176.768271001
0.982040137 -0.065315930 -0.177005646 -24.396911258 0.066092194 0.997812373 -0.001513262 -0.654640728 0.176717263 -0.010212608 0.984208673 178.204092832
0.981948869 -0.066411977 -0.177104116 -24.673047158 0.066467000 0.997772748 -0.005628699 -0.663566816 0.177083474 -0.006244485 0.984176026 179.783308183
0.982172814 -0.064029631 -0.176739269 -24.930471211 0.063648763 0.997941650 -0.007829332 -0.675225441 0.176876787 -0.003559479 0.984226566 181.220768286
0.982353175 -0.063007200 -0.176103185 -25.183612347 0.062534532 0.998008801 -0.008238031 -0.688459736 0.176271584 -0.002919875 0.984337240 182.660449377
0.982436627 -0.061898997 -0.176030647 -25.462703642 0.061909684 0.998066949 -0.005436567 -0.697883407 0.176026889 -0.005556919 0.984369674 184.245953498
0.982337689 -0.063908222 -0.175864732 -25.711360095 0.064385223 0.997920615 -0.002998330 -0.704671127 0.175690660 -0.008377718 0.984409775 185.685134283
0.982302272 -0.065203923 -0.175586715 -25.964556920 0.065774747 0.997831179 -0.002573222 -0.713494907 0.175373683 -0.009021490 0.984460606 187.118502298
0.982152174 -0.067854122 -0.175422135 -26.238016837 0.068049613 0.997669867 -0.004907807 -0.726465735 0.175346393 -0.007117195 0.984481075 188.691594135
0.982046380 -0.069494848 -0.175372098 -26.481798185 0.069420144 0.997565888 -0.006568258 -0.731846750 0.175401683 -0.005724022 0.984480312 190.119301452
0.982206747 -0.068740042 -0.174770458 -26.752582214 0.068134119 0.997631206 -0.009471965 -0.740586939 0.175007566 -0.002604404 0.984563644 191.684754294
0.982402695 -0.066919827 -0.174375120 -27.000805858 0.065764895 0.997758101 -0.012399646 -0.754398918 0.174813971 0.000713684 0.984601222 193.103625669
0.982651679 -0.062668336 -0.174551877 -27.256247396 0.061547559 0.998034017 -0.011832123 -0.769813181 0.174950211 0.000883614 0.984576885 194.522567431
0.982833886 -0.057726181 -0.175229108 -27.538229887 0.057075000 0.998331481 -0.008757790 -0.788096326 0.175442289 -0.001393749 0.984488731 196.082005548
0.982872371 -0.054879811 -0.175926432 -27.799499478 0.054673296 0.998486123 -0.006024438 -0.798629289 0.175990721 -0.003697224 0.984384882 197.494465599
0.982861355 -0.053249849 -0.176487989 -28.053176400 0.053609996 0.998558217 -0.002730392 -0.802189617 0.176378924 -0.006777923 0.984299007 198.902227639
0.982564775 -0.055378907 -0.177481380 -28.301706927 0.056109749 0.998424199 -0.000902509 -0.800032213 0.177251685 -0.009071662 0.984123745 200.306204276
0.982001637 -0.060151080 -0.179038076 -28.574331476 0.060885818 0.998143765 -0.001393294 -0.791177270 0.178789548 -0.009532662 0.983841159 201.848222097
0.981518002 -0.064758057 -0.180079996 -28.822161466 0.065125715 0.997869539 -0.003876222 -0.788245254 0.179947359 -0.007923257 0.983644331 203.244475538
0.981221637 -0.066547882 -0.181039989 -29.079262347 0.066637610 0.997761565 -0.005593535 -0.777398787 0.181006981 -0.006575575 0.983459829 204.640431679
0.981106585 -0.065116885 -0.182180298 -29.364803991 0.065052250 0.997861738 -0.006336892 -0.779495053 0.182203387 -0.005634071 0.983244722 206.170791374
0.981076217 -0.063222042 -0.183009370 -29.634929149 0.063047249 0.997987519 -0.006779175 -0.780011184 0.183069660 -0.004887350 0.983087795 207.559128890
0.981149757 -0.061104681 -0.183334043 -29.901079525 0.060896994 0.998121110 -0.006767985 -0.785391285 0.183403134 -0.004524085 0.983027377 208.944091900
0.981259945 -0.058891169 -0.183468666 -30.195330375 0.058635464 0.998256143 -0.006823179 -0.791245768 0.183550547 -0.004062458 0.983001878 210.464229036
0.981295448 -0.058007468 -0.183560282 -30.458265686 0.057783754 0.998307491 -0.006571980 -0.798384842 0.183630829 -0.004157748 0.982986486 211.843114703
0.981458083 -0.055348327 -0.183511835 -30.722416394 0.054906804 0.998463389 -0.007490261 -0.808273701 0.183644422 -0.002724672 0.982988963 213.218014898
0.981691286 -0.051208065 -0.183466492 -31.016872659 0.049984949 0.998686178 -0.011288150 -0.820634757 0.183803494 0.001910915 0.982961151 214.724390186
0.981671986 -0.053396657 -0.182945096 -31.275068341 0.052821000 0.998571779 -0.008021526 -0.829930350 0.183112133 -0.001788835 0.983090406 216.098815120
0.981709432 -0.051893477 -0.183176578 -31.536406219 0.052588977 0.998615678 -0.001062064 -0.837194670 0.182978117 -0.008590430 0.983079454 217.474611772
0.981189694 -0.059076442 -0.183784545 -31.807801807 0.059693784 0.998214363 -0.002176613 -0.840814968 0.183584959 -0.008835125 0.982964142 218.979006599
0.980793554 -0.064648058 -0.184023458 -32.058279339 0.064755193 0.997886386 -0.005433768 -0.844258710 0.183985786 -0.006587070 0.982906832 220.341878039
0.980705736 -0.066450494 -0.183849371 -32.311265701 0.066214016 0.997777766 -0.007431952 -0.852931251 0.183934671 -0.004884847 0.982926332 221.702667776
0.980834418 -0.065308221 -0.183572004 -32.594557039 0.065046840 0.997854389 -0.007451653 -0.866423336 0.183664784 -0.004631941 0.982978022 223.198798190
0.981018350 -0.063208351 -0.183324033 -32.851563467 0.063033824 0.997988327 -0.006785023 -0.879325542 0.183384115 -0.004899383 0.983029126 224.556447990
0.981096095 -0.063211075 -0.182906569 -33.105796724 0.063227266 0.997982596 -0.005748997 -0.890749034 0.182900973 -0.005924364 0.983113491 225.912635711
0.981143575 -0.063484890 -0.182556716 -33.384631519 0.063727824 0.997956984 -0.004541298 -0.903211403 0.182472054 -0.007178277 0.983184836 227.403148606
0.981062665 -0.064957040 -0.182473640 -33.634764378 0.064973458 0.997869582 -0.005894658 -0.913992888 0.182467795 -0.006072914 0.983193075 228.753895347
0.981057636 -0.065702272 -0.182233714 -33.885758128 0.065444141 0.997828526 -0.007436204 -0.924820743 0.182326574 -0.004630784 0.983227123 230.102180067
0.981291873 -0.065060279 -0.181199945 -34.161418205 0.064794336 0.997871252 -0.007393084 -0.937360251 0.181295212 -0.004485957 0.983418488 231.585670989
0.981570462 -0.064224304 -0.179985185 -34.411773972 0.064140308 0.997921052 -0.006292477 -0.949412914 0.180015136 -0.005367796 0.983649194 232.935538295
0.981839574 -0.064936873 -0.178253340 -34.683157927 0.064753436 0.997877762 -0.006853029 -0.964360567 0.178320059 -0.004813941 0.983960763 234.420661139
0.982065970 -0.065927771 -0.176635101 -34.927851982 0.065345319 0.997821044 -0.009118820 -0.978587441 0.176851405 -0.002586994 0.984234163 235.770171111
0.982341083 -0.066503217 -0.174880871 -35.169254030 0.065734305 0.997785108 -0.010192143 -0.992285892 0.175171339 -0.001483512 0.984536846 237.121167639
0.982773903 -0.066306612 -0.172507651 -35.433424667 0.065729379 0.997796331 -0.009062644 -1.008058490 0.172728415 -0.002432291 0.984966486 238.611664976
0.983133700 -0.066870111 -0.170224897 -35.669177316 0.066596580 0.997753112 -0.007322779 -1.021284046 0.170332096 -0.004137125 0.985378030 239.969417366
0.983397507 -0.068102864 -0.168200304 -35.900816345 0.067854971 0.997669015 -0.007227737 -1.032904484 0.168300461 -0.004305488 0.985726340 241.328182683
0.983453151 -0.071044487 -0.166651077 -36.149832168 0.070626042 0.997467126 -0.008443614 -1.045539881 0.166828843 -0.003466007 0.985979779 242.824638155
0.983574276 -0.071963436 -0.165538237 -36.376178394 0.071394115 0.997403939 -0.009394808 -1.057485070 0.165784572 -0.002577965 0.986158623 244.187045424
0.983744690 -0.072832966 -0.164139407 -36.604887585 0.072223956 0.997341434 -0.009683237 -1.068690539 0.164408290 -0.002328964 0.986389624 245.556074607
0.984136191 -0.070720083 -0.162710257 -36.857242671 0.070198437 0.997492802 -0.008960411 -1.082310567 0.162935991 -0.002603741 0.986633206 247.065145386
0.984492535 -0.069113510 -0.161238241 -37.080284423 0.068646409 0.997605075 -0.008472621 -1.093042292 0.161437660 -0.002727194 0.986879144 248.443880660
0.984865137 -0.067170339 -0.159777367 -37.299924200 0.066926547 0.997733958 -0.006912776 -1.101198757 0.159879638 -0.003885195 0.987128870 249.826435664
0.985389636 -0.063691443 -0.157957799 -37.540253886 0.063663314 0.997957660 -0.005243132 -1.109908612 0.157969138 -0.004889589 0.987431944 251.347276049
0.985760264 -0.062017129 -0.156302838 -37.752548844 0.062156800 0.998058386 -0.003998724 -1.113670993 0.156247347 -0.005773502 0.987701085 252.731649077
0.986138553 -0.059924717 -0.154724858 -37.960209548 0.060224516 0.998181059 -0.002753279 -1.113857623 0.154608412 -0.006603115 0.987953763 254.116924604
0.986514009 -0.058686383 -0.152794042 -38.183094096 0.059052750 0.998252563 -0.002143189 -1.114582705 0.152652820 -0.006908622 0.988255730 255.636725610
0.986801518 -0.058043424 -0.151174488 -38.384731184 0.058289922 0.998295759 -0.002804180 -1.119824144 0.151079614 -0.006044780 0.988503116 257.012664801
0.987040293 -0.058091492 -0.149588896 -38.579493090 0.058363051 0.998292096 -0.002577697 -1.123907519 0.149483155 -0.006186173 0.988744920 258.390772829
0.987290914 -0.057719458 -0.148071317 -38.795966988 0.058223139 0.998303157 -0.000934280 -1.128950977 0.147873989 -0.007698771 0.988976245 259.903846695
0.987515040 -0.057293760 -0.146736060 -38.987343296 0.058192595 0.998303686 0.001836570 -1.124310798 0.146381926 -0.010352592 0.989173976 261.285372183
0.987734123 -0.056667288 -0.145499557 -39.180021144 0.057863530 0.998316492 0.003999290 -1.115766393 0.145027979 -0.012369353 0.989350233 262.664722795
0.988100379 -0.054143533 -0.143965685 -39.394160499 0.055431872 0.998450202 0.004950018 -1.106774483 0.143474555 -0.012871402 0.989570300 264.174297359
0.988461728 -0.051618497 -0.142404155 -39.589448617 0.052759833 0.998598195 0.004248038 -1.101968449 0.141985255 -0.011712242 0.989799480 265.535069689
0.988735388 -0.050086297 -0.141045012 -39.781351157 0.051151116 0.998683185 0.003931905 -1.097373854 0.140662348 -0.011102224 0.989995376 266.891112063
0.988960565 -0.049619540 -0.139624148 -39.990410343 0.050628059 0.998710804 0.003678328 -1.090653427 0.139261628 -0.010706621 0.990197742 268.379888677
0.989082606 -0.050187015 -0.138552740 -40.178467589 0.051050774 0.998692449 0.002685184 -1.085693580 0.138236814 -0.009729093 0.990351416 269.726774223
0.989210748 -0.050277205 -0.137601956 -40.362561323 0.050999585 0.998697181 0.001726972 -1.079873383 0.137335859 -0.008725982 0.990486102 271.076058103
0.989411779 -0.049785976 -0.136329336 -40.561511097 0.050230182 0.998737651 -0.000181876 -1.085379818 0.136166296 -0.006667897 0.990663555 272.544619445
0.989665287 -0.048746938 -0.134856800 -40.739910594 0.048867944 0.998802329 -0.002414771 -1.096932496 0.134812999 -0.004200359 0.990862156 273.873326540
0.989926819 -0.047147210 -0.133499191 -40.911532872 0.047137409 0.998883174 -0.003235740 -1.110560138 0.133502651 -0.003089660 0.991043640 275.192414130
0.990166652 -0.046000472 -0.132113426 -41.087746168 0.045974841 0.998937324 -0.003245955 -1.138046256 0.132122348 -0.002859857 0.991229291 276.631892636
0.990343727 -0.046337138 -0.130660522 -41.245832673 0.046320925 0.998921596 -0.003164919 -1.162016390 0.130666271 -0.002917959 0.991422116 277.939794965
0.990364957 -0.048585138 -0.129679357 -41.401986319 0.048501176 0.998815869 -0.003807400 -1.179014937 0.129710783 -0.002518886 0.991548672 279.242245799
0.990537396 -0.048195586 -0.128502342 -41.572986184 0.047978180 0.998836905 -0.004788615 -1.196680648 0.128583671 -0.001422006 0.991697644 280.668073163
0.990764143 -0.047386907 -0.127046815 -41.730185690 0.047349530 0.998872878 -0.003315942 -1.207632986 0.127060750 -0.002730290 0.991891179 281.965898314
0.990951951 -0.046649966 -0.125849164 -41.881727864 0.046735299 0.998904716 -0.002276023 -1.225596211 0.125817499 -0.003626169 0.992046777 283.255424668
0.991160910 -0.046118241 -0.124391154 -42.052436195 0.046241538 0.998928486 -0.001897402 -1.234740099 0.124345371 -0.003871408 0.992231445 284.679115443
0.991429587 -0.043791720 -0.123083955 -42.203074434 0.043765139 0.999037577 -0.002920938 -1.241950037 0.123093409 -0.002490882 0.992391963 285.965633543
0.991647546 -0.043515803 -0.121414660 -42.354694293 0.043411332 0.999051129 -0.003506754 -1.245300554 0.121452052 -0.001793308 0.992595680 287.256295458
0.991973480 -0.042303921 -0.119159532 -42.518797717 0.042084756 0.999104548 -0.004356165 -1.250213742 0.119237113 -0.000693600 0.992865565 288.674841722
0.992168515 -0.043187391 -0.117202758 -42.664425357 0.042739915 0.999066181 -0.006329749 -1.257495949 0.117366677 0.001270942 0.993087835 289.967326168
0.992256108 -0.045401104 -0.115613819 -42.805683980 0.044928308 0.998967790 -0.006693425 -1.264582717 0.115798370 0.001447259 0.993271686 291.263247144
0.992352646 -0.047708097 -0.113842712 -42.958036840 0.047201083 0.998859842 -0.007146555 -1.272597663 0.114053862 0.001718403 0.993473082 292.689289016
0.992526088 -0.048908895 -0.111802881 -43.096795969 0.048462870 0.998802478 -0.006705217 -1.280609543 0.111996939 0.001236815 0.993707782 293.990173578
0.992744452 -0.049720276 -0.109482178 -43.247182734 0.049274871 0.998762300 -0.006771721 -1.290402567 0.109683364 0.001327868 0.993965692 295.422304514
0.992993939 -0.050540888 -0.106811307 -43.381815310 0.050039891 0.998720048 -0.007367099 -1.299493625 0.107046934 0.001970658 0.994252016 296.727165764
0.993371231 -0.049869211 -0.103569586 -43.514516582 0.049279992 0.998750998 -0.008241779 -1.307618612 0.103851238 0.003083238 0.994588062 298.033452578
0.993794005 -0.049675937 -0.099527771 -43.656306071 0.049182338 0.998762341 -0.007408413 -1.314424057 0.099772609 0.002467428 0.995007205 299.476864718
0.994200991 -0.048647566 -0.095905177 -43.778991300 0.048230762 0.998814011 -0.006660738 -1.316708601 0.096115463 0.001996533 0.995368189 300.789233561
0.994536091 -0.048717109 -0.092328796 -43.901907089 0.048282746 0.998809641 -0.006933752 -1.329211850 0.092556684 0.002437979 0.995704432 302.095787724
0.994934205 -0.047327606 -0.088690618 -44.032923971 0.046836305 0.998873563 -0.007613580 -1.350524390 0.088951046 0.003421070 0.996030124 303.531417848
0.995285369 -0.046967637 -0.084859155 -44.145014902 0.046486976 0.998889737 -0.007632446 -1.370346240 0.085123417 0.003651617 0.996363724 304.840054043
0.995617877 -0.045874922 -0.081489474 -44.253586731 0.045493407 0.998943275 -0.006533308 -1.386186487 0.081703077 0.002797444 0.996652789 306.154135734
0.995873978 -0.046078917 -0.078177708 -44.364293990 0.045716274 0.998933815 -0.006423064 -1.404709611 0.078390324 0.002822569 0.996918748 307.596775031
0.996090419 -0.046278854 -0.075247222 -44.458562487 0.045913273 0.998923745 -0.006581959 -1.410578030 0.075470843 0.003101380 0.997143186 308.909729820
0.996262335 -0.046918432 -0.072526001 -44.547826677 0.046532645 0.998892238 -0.007000746 -1.412950994 0.072774124 0.003599753 0.997341952 310.217091957
0.996404337 -0.047405069 -0.070222192 -44.643624492 0.047015592 0.998868280 -0.007189743 -1.414067305 0.070483550 0.003862353 0.997505464 311.654057351
0.996532518 -0.048206070 -0.067816785 -44.725103621 0.047841910 0.998830500 -0.006984615 -1.406891939 0.068074174 0.003715912 0.997673343 312.953146997
0.996683633 -0.048569418 -0.065289723 -44.806686114 0.048202865 0.998811769 -0.007178776 -1.406658969 0.065560813 0.004007817 0.997840527 314.253474486
0.996877085 -0.047713631 -0.062924460 -44.894800213 0.047286758 0.998847231 -0.008256613 -1.405253480 0.063245875 0.005255334 0.997984139 315.685006107
0.997065083 -0.046805858 -0.060584083 -44.971300702 0.046341773 0.998884706 -0.009043483 -1.404980787 0.060939802 0.006209367 0.998122129 316.991410247
0.997252796 -0.046067688 -0.058005416 -45.044956229 0.045646752 0.998920953 -0.008561755 -1.408601599 0.058337246 0.005890475 0.998279554 318.301594533
0.997447933 -0.046270333 -0.054375329 -45.119774153 0.045904127 0.998914094 -0.007965207 -1.414517658 0.054684835 0.005448827 0.998488798 319.746005892
0.997643839 -0.046241976 -0.050679881 -45.184012348 0.045884191 0.998913100 -0.008201195 -1.424199099 0.051004037 0.005856466 0.998681275 321.060561087
0.997811325 -0.046175574 -0.047332617 -45.241709156 0.045753290 0.998903045 -0.009967141 -1.436876789 0.047740934 0.007779703 0.998829455 322.374423595
0.997944480 -0.046905093 -0.043666092 -45.300623397 0.046498189 0.998865388 -0.010288600 -1.453524511 0.044099136 0.008237057 0.998993202 323.824022905
0.998115034 -0.046305423 -0.040276391 -45.349286665 0.045942116 0.998895044 -0.009900120 -1.468252741 0.040690316 0.008031076 0.999139530 325.144882166
0.998278959 -0.046005325 -0.036367977 -45.395560715 0.045676453 0.998907988 -0.009823048 -1.484606091 0.036780175 0.008144982 0.999290187 326.466634664
0.998480258 -0.044463823 -0.032559820 -45.439071993 0.044191337 0.998982171 -0.009041483 -1.504733434 0.032928699 0.007588880 0.999428892 327.918636601
0.998597409 -0.044113227 -0.029278613 -45.472003922 0.043904259 0.999005741 -0.007742401 -1.522579703 0.029591044 0.006446086 0.999541304 329.243951511
0.998698739 -0.043942544 -0.025882058 -45.499522621 0.043769662 0.999015639 -0.007208965 -1.538412676 0.026173361 0.006066735 0.999639010 330.572161750
0.998818721 -0.043183062 -0.022279727 -45.522350386 0.043020426 0.999044301 -0.007728361 -1.561590497 0.022592169 0.006760748 0.999721904 332.034096088
0.998867103 -0.043615281 -0.019031998 -45.540095789 0.043482425 0.999027230 -0.007339725 -1.578227956 0.019333608 0.006503853 0.999791934 333.369080329
0.998952716 -0.042850100 -0.016041816 -45.551950981 0.042741411 0.999061237 -0.007058119 -1.597533835 0.016329197 0.006365078 0.999846410 334.703614720
0.999043515 -0.041827155 -0.012749276 -45.564557454 0.041741668 0.999104616 -0.006899268 -1.612004822 0.013026438 0.006360492 0.999894923 336.180548545
0.999095083 -0.041363343 -0.009904009 -45.569865657 0.041304162 0.999127953 -0.006107284 -1.626776851 0.010147990 0.005692681 0.999932304 337.526040547
0.999141224 -0.040869431 -0.006819378 -45.572913939 0.040832432 0.999150984 -0.005479418 -1.639840562 0.007037529 0.005196261 0.999961735 338.876214847
0.999192523 -0.040024155 -0.003516950 -45.569901537 0.040002836 0.999181931 -0.005936506 -1.660852204 0.003751677 0.005791025 0.999976194 340.361233893
0.999233700 -0.039138700 -0.000418764 -45.564000170 0.039134826 0.999209531 -0.006984212 -1.677103181 0.000691786 0.006962472 0.999975522 341.713489340
0.999210832 -0.039647145 0.002411874 -45.553710985 0.039662052 0.999192115 -0.006483801 -1.691159009 -0.002152861 0.006574344 0.999976071 343.071006361
0.999166652 -0.040465553 0.005342369 -45.535985324 0.040494815 0.999164679 -0.005487722 -1.702828490 -0.005115843 0.005699487 0.999970672 344.503382730
0.999112981 -0.041289353 0.008272823 -45.518258350 0.041327478 0.999135559 -0.004491598 -1.714496736 -0.008080216 0.004829509 0.999955692 345.935744514
0.999050064 -0.042134157 0.011121256 -45.493388777 0.042190513 0.999097655 -0.004882234 -1.723918012 -0.010905512 0.005346808 0.999926238 347.300834657
0.998980982 -0.042832166 0.014226823 -45.461808915 0.042908761 0.999065861 -0.005122833 -1.740164455 -0.013994111 0.005728069 0.999885671 348.805810208
0.998871133 -0.044254442 0.017262813 -45.428781936 0.044345349 0.999004150 -0.004919111 -1.761053561 -0.017027929 0.005679083 0.999838886 350.174110138
0.998813960 -0.044241164 0.020332063 -45.394803850 0.044365561 0.998999055 -0.005708291 -1.773107710 -0.020059170 0.006603564 0.999776986 351.549348507
0.998677332 -0.045679784 0.023599668 -45.354199779 0.045840136 0.998928931 -0.006298672 -1.775930589 -0.023286669 0.007372153 0.999701647 353.068153232
0.998560889 -0.046682106 0.026399466 -45.314379930 0.046871533 0.998879106 -0.006602381 -1.774798385 -0.026061662 0.007830263 0.999629670 354.453713273
0.998410747 -0.048214445 0.029177858 -45.269828062 0.048421588 0.998806261 -0.006434456 -1.774590517 -0.028832794 0.007837068 0.999553526 355.842954178
0.998318932 -0.048302079 0.032034656 -45.216363976 0.048551830 0.998795682 -0.007064315 -1.782471056 -0.031654855 0.008607781 0.999461793 357.370201161
0.998197601 -0.048902693 0.034786135 -45.163290873 0.049241663 0.998746750 -0.008954826 -1.797812471 -0.034304624 0.010651613 0.999354660 358.756437663
0.998125938 -0.048421585 0.037416059 -45.110963487 0.048804808 0.998764129 -0.009397083 -1.796610500 -0.036914796 0.011205556 0.999255590 360.153685478
0.998023944 -0.048227003 0.040278575 -45.048378558 0.048633190 0.998774651 -0.009165661 -1.801524583 -0.039787187 0.011106425 0.999146449 361.695010413
0.997938149 -0.047931652 0.042684985 -44.988594874 0.048339327 0.998794207 -0.008569794 -1.800539681 -0.042222752 0.010615488 0.999051826 363.101256639
0.997853491 -0.047561168 0.045014949 -44.924881389 0.047983825 0.998813168 -0.008355129 -1.800481373 -0.044564144 0.010497184 0.998951373 364.511135438
0.997755183 -0.046824486 0.047875481 -44.849361779 0.047298993 0.998841780 -0.008826280 -1.802506212 -0.047406745 0.011070928 0.998814315 366.060616610
0.997660678 -0.046070961 0.050503837 -44.777351354 0.046570824 0.998876533 -0.008765232 -1.806364086 -0.050043275 0.011096732 0.998685403 367.472691849
0.997566465 -0.045267143 0.053028604 -44.702182865 0.045762841 0.998918918 -0.008170496 -1.811659104 -0.052601421 0.010577353 0.998559568 368.888024834
0.997448049 -0.044790711 0.055598404 -44.614809050 0.045275704 0.998946422 -0.007493771 -1.816840424 -0.055204176 0.009991905 0.998425090 370.448583801
