1.000000000 0.000000000 0.000000000 -0.000000000 -0.000000000 1.000000000 0.000000000 0.000000000 -0.000000000 -0.000000000 1.000000000 -0.000000000
0.999999297 -0.001003677 -0.000630979 0.007205732 0.001003710 0.999999495 0.000052143 -0.007344618 0.000630926 -0.000052776 0.999999800 0.549802323
0.999998104 -0.001411019 -0.001342176 0.014807561 0.001410369 0.999998888 -0.000484624 -0.022023597 0.001342858 0.000482730 0.999998982 1.143605384
0.999997215 -0.000971855 -0.002150553 0.019602100 0.000967745 0.999997704 -0.001911706 -0.024772383 0.002152406 0.001909620 0.999995860 1.674490293
0.999994783 -0.001412837 -0.002904849 0.025350110 0.001405626 0.999995930 -0.002482833 -0.020945481 0.002908345 0.002478737 0.999992699 2.249890161
0.999990824 -0.002415095 -0.003538137 0.029598520 0.002405031 0.999993058 -0.002845914 -0.019437786 0.003544986 0.002837378 0.999989691 2.764139864
0.999983925 -0.003791713 -0.004215773 0.034755517 0.003780193 0.999989109 -0.002737127 -0.020908748 0.004226106 0.002721146 0.999987368 3.270437428
0.999979172 -0.004109631 -0.004976650 0.035925893 0.004104304 0.999990994 -0.001080211 -0.021533625 0.004981045 0.001059763 0.999987033 3.817255864
0.999979589 -0.003414224 -0.005400407 0.033884948 0.003419643 0.999993659 0.000994443 -0.023302383 0.005396978 -0.001012890 0.999984923 4.303483782
0.999977444 -0.003243618 -0.005881397 0.027107434 0.003255332 0.999992735 0.001983174 -0.030293114 0.005874921 -0.002002275 0.999980738 4.774401490
0.999973769 -0.003399961 -0.006395447 0.023460253 0.003415802 0.999991122 0.002467604 -0.035277467 0.006387000 -0.002489384 0.999976504 5.277470768
0.999970883 -0.003996560 -0.006500786 0.019870374 0.004016919 0.999987059 0.003121853 -0.039148464 0.006488225 -0.003147876 0.999973997 5.721578261
0.999969957 -0.004488233 -0.006319926 0.019053912 0.004510048 0.999983907 0.003441693 -0.039294777 0.006304377 -0.003470093 0.999974106 6.152401480
0.999970580 -0.004889733 -0.005910191 0.017372334 0.004902629 0.999985629 0.002169402 -0.037766110 0.005899498 -0.002198314 0.999980181 6.608716162
0.999971680 -0.005103130 -0.005531478 0.016672383 0.005102476 0.999986974 -0.000132347 -0.036027850 0.005532081 0.000104119 0.999984693 7.012001238
0.999971465 -0.005384731 -0.005298508 0.016451415 0.005374432 0.999983645 -0.001956057 -0.034503483 0.005308955 0.001927524 0.999984050 7.410613969
0.999971798 -0.005643416 -0.004955307 0.016535800 0.005629571 0.999980224 -0.002803327 -0.035280455 0.004971029 0.002775352 0.999983793 7.845738317
0.999970341 -0.006153708 -0.004631310 0.017731439 0.006141883 0.999977853 -0.002563170 -0.037328843 0.004646980 0.002534649 0.999985990 8.238534596
0.999975347 -0.005457426 -0.004418407 0.016419834 0.005448012 0.999982870 -0.002139768 -0.044891980 0.004430009 0.002115644 0.999987949 8.666588775
0.999980888 -0.004337708 -0.004405411 0.015359886 0.004327802 0.999988091 -0.002255665 -0.050331644 0.004415143 0.002236556 0.999987752 9.050962720
0.999986213 -0.002958743 -0.004338113 0.013144628 0.002948192 0.999992686 -0.002436565 -0.056693258 0.004345291 0.002423742 0.999987622 9.429743004
0.999987517 -0.002658185 -0.004230831 0.011877258 0.002646136 0.999992435 -0.002850896 -0.062682002 0.004238377 0.002839666 0.999986986 9.843028076
0.999987893 -0.002690239 -0.004120331 0.010438603 0.002677152 0.999991365 -0.003178502 -0.072750885 0.004128846 0.003167433 0.999986460 10.214302501
0.999988202 -0.002759713 -0.003997536 0.010429472 0.002744882 0.999989348 -0.003710770 -0.080709365 0.004007734 0.003699754 0.999985125 10.581943795
0.999988531 -0.002603712 -0.004019676 0.009214337 0.002585020 0.999985854 -0.004648512 -0.085374071 0.004031722 0.004638068 0.999981117 10.980810576
0.999989717 -0.002150960 -0.003992405 0.007631528 0.002130260 0.999984306 -0.005181691 -0.090522111 0.004003488 0.005173133 0.999978605 11.340609808
0.999992836 -0.000944098 -0.003665635 0.004560650 0.000925350 0.999986502 -0.005112671 -0.091975571 0.003670413 0.005109242 0.999980212 11.736238644
0.999994205 0.000218612 -0.003397460 0.002039827 -0.000236432 0.999986214 -0.005245521 -0.099415898 0.003396267 0.005246294 0.999980471 12.089610709
0.999994989 0.000878430 -0.003041464 0.000011369 -0.000894663 0.999985341 -0.005340119 -0.110710914 0.003036729 0.005342813 0.999981116 12.439145686
0.999996547 0.001202770 -0.002336552 -0.001581760 -0.001216356 0.999982313 -0.005821927 -0.120985413 0.002329508 0.005824749 0.999980323 12.786191287
0.999998162 0.001156727 -0.001529096 -0.000920259 -0.001167495 0.999974399 -0.007059578 -0.126851472 0.001520891 0.007061350 0.999973912 13.166531941
0.999998699 0.001316910 -0.000931001 0.000798862 -0.001324976 0.999961136 -0.008716172 -0.132251303 0.000919487 0.008717394 0.999961580 13.515605210
0.999999311 0.001173085 -0.000049420 0.002835128 -0.001173516 0.999950595 -0.009870723 -0.136310807 0.000037839 0.009870774 0.999951282 13.866291454
0.999999063 0.000993834 0.000940995 0.005197703 -0.000983944 0.999944880 -0.010453157 -0.141324571 -0.000951332 0.010452221 0.999944922 14.253844307
0.999998573 0.000317093 0.001659644 0.008912767 -0.000298769 0.999939131 -0.011029249 -0.146289387 -0.001663040 0.011028738 0.999937799 14.606818828
0.999997454 -0.000377447 0.002224917 0.013404348 0.000403888 0.999929164 -0.011895530 -0.153125425 -0.002220269 0.011896398 0.999926770 14.962278457
0.999995121 -0.001132196 0.002911477 0.017866486 0.001169655 0.999916150 -0.012896699 -0.159768562 -0.002896631 0.012900041 0.999912595 15.358380297
0.999991403 -0.001804459 0.003733251 0.022798607 0.001855065 0.999905837 -0.013596908 -0.165948308 -0.003708365 0.013603717 0.999900589 15.721498437
0.999989014 -0.001691368 0.004371607 0.026679724 0.001752788 0.999899276 -0.014084250 -0.174046895 -0.004347345 0.014091758 0.999891256 16.089429389
0.999986136 -0.001594846 0.005018311 0.030690516 0.001666779 0.999895461 -0.014362791 -0.180979280 -0.004994880 0.014370956 0.999884257 16.498664077
0.999982954 -0.002136468 0.005433805 0.036284257 0.002216026 0.999889821 -0.014677685 -0.185229230 -0.005401848 0.014689477 0.999877512 16.879326832
0.999975300 -0.003762554 0.005936620 0.045660036 0.003853281 0.999874819 -0.015345938 -0.191097898 -0.005878137 0.015368434 0.999864620 17.307199321
0.999966628 -0.005256188 0.006254288 0.055556916 0.005357167 0.999853772 -0.016239950 -0.200178715 -0.006168013 0.016272913 0.999848562 17.705385257
0.999958017 -0.006268190 0.006683849 0.065291258 0.006378271 0.999842237 -0.016577680 -0.208088742 -0.006578882 0.016619615 0.999840241 18.113785359
0.999953355 -0.006669850 0.006985759 0.076346695 0.006779784 0.999851659 -0.015833311 -0.220262772 -0.006879117 0.015879934 0.999850242 18.578172152
0.999956244 -0.005813964 0.007328504 0.083550749 0.005921566 0.999873715 -0.014747538 -0.229853175 -0.007241837 0.014790289 0.999864392 19.015895504
0.999955979 -0.005303922 0.007740079 0.090652346 0.005411501 0.999888122 -0.013944858 -0.237542842 -0.007665250 0.013986129 0.999872808 19.467477723
0.999952364 -0.005744647 0.007891050 0.100057696 0.005852098 0.999889547 -0.013661872 -0.247272857 -0.007811696 0.013707400 0.999875535 19.981370100
0.999944667 -0.006713082 0.008099169 0.107725403 0.006816246 0.999895125 -0.012778034 -0.258455179 -0.008012540 0.012832533 0.999885556 20.464213432
0.999951074 -0.006288883 0.007635362 0.113333708 0.006378218 0.999910826 -0.011732802 -0.266137365 -0.007560895 0.011780928 0.999902017 20.964945557
0.999956738 -0.005935669 0.007161652 0.118526461 0.006018064 0.999915316 -0.011538825 -0.272008335 -0.007092555 0.011581425 0.999907779 21.533853658
0.999958824 -0.005839399 0.006946350 0.122228203 0.005927577 0.999901246 -0.012742153 -0.281360382 -0.006871257 0.012782804 0.999894687 22.070256942
0.999964898 -0.005575602 0.006254246 0.126180795 0.005660979 0.999889886 -0.013717461 -0.285116335 -0.006177074 0.013752385 0.999886351 22.621623799
0.999975183 -0.004595728 0.005339777 0.129126578 0.004668142 0.999896226 -0.013628847 -0.286678466 -0.005276588 0.013653435 0.999892865 23.248108883
0.999983140 -0.003300643 0.004777663 0.129303384 0.003358353 0.999920888 -0.012121888 -0.285862897 -0.004737275 0.012137729 0.999915113 23.837205912
0.999989150 -0.002176319 0.004118601 0.129532280 0.002219234 0.999942997 -0.010444070 -0.292415297 -0.004095636 0.010453097 0.999936977 24.440876956
0.999993009 -0.002180347 0.003037790 0.131883492 0.002207281 0.999958034 -0.008891480 -0.299609027 -0.003018276 0.008898123 0.999955856 25.124397733
0.999987942 -0.004176467 0.002583189 0.137638448 0.004197021 0.999959166 -0.008003245 -0.304625973 -0.002549659 0.008013990 0.999964637 25.760350816
0.999990390 -0.003917092 0.001968795 0.138817498 0.003935033 0.999950002 -0.009192826 -0.305937771 -0.001932687 0.009200485 0.999955807 26.477089426
0.999993230 -0.003348600 0.001525481 0.139610984 0.003364127 0.999941379 -0.010291850 -0.307510263 -0.001490928 0.010296913 0.999945874 27.143252943
0.999992036 -0.003801314 0.001215503 0.141245512 0.003813761 0.999938562 -0.010408048 -0.314306149 -0.001175864 0.010412601 0.999945096 27.826454919
0.999980930 -0.006135521 0.000703586 0.146088807 0.006140902 0.999949791 -0.007918587 -0.319493012 -0.000654966 0.007922757 0.999968400 28.526736085
0.999950995 -0.009886719 0.000509394 0.151951341 0.009888589 0.999943844 -0.003811115 -0.325869013 -0.000471686 0.003815966 0.999992608 29.314055223
0.999882251 -0.015339338 0.000434858 0.161268731 0.015339946 0.999881311 -0.001431421 -0.330557326 -0.000412850 0.001437923 0.999998881 30.044425460
0.999865511 -0.016397852 -0.000266330 0.166839463 0.016397758 0.999865486 -0.000350627 -0.336130564 0.000272044 0.000346212 0.999999903 30.863423310
0.999869927 -0.016111774 -0.000734248 0.169262792 0.016112557 0.999869609 0.001072988 -0.335569046 0.000716864 -0.001084679 0.999999155 31.625723277
0.999815487 -0.019183072 -0.001000465 0.182789322 0.019182288 0.999815694 -0.000786587 -0.344167793 0.001015369 0.000767251 0.999999190 32.396000220
0.999704978 -0.024250279 -0.001371659 0.193774156 0.024249506 0.999705771 -0.000577311 -0.364935756 0.001385255 0.000543878 0.999998893 33.260177447
0.999724152 -0.023445766 -0.001384249 0.195206036 0.023446615 0.999724910 0.000600465 -0.382435279 0.001369789 -0.000632755 0.999998862 34.062205674
0.999793660 -0.020255774 -0.001529947 0.192827255 0.020255758 0.999794831 -0.000025758 -0.404831010 0.001530155 -0.000005237 0.999998829 34.880867890
0.999830109 -0.018336349 -0.001879324 0.193858477 0.018332520 0.999829875 -0.002034623 -0.420978202 0.001916312 0.001999824 0.999996164 35.792736042
0.999806379 -0.019584580 -0.001909949 0.195243011 0.019567920 0.999773387 -0.008382841 -0.454204276 0.002073690 0.008343844 0.999963039 36.624086070
0.999837126 -0.017981383 -0.001546565 0.195819357 0.017959505 0.999752161 -0.013155680 -0.465902989 0.001782739 0.013125762 0.999912264 37.460894716
0.999901988 -0.013956149 -0.001114075 0.192669278 0.013939905 0.999812294 -0.013455720 -0.484559000 0.001301656 0.013438871 0.999908847 38.389970818
0.999921030 -0.012533920 -0.000914028 0.194712032 0.012522455 0.999854030 -0.011623517 -0.499826864 0.001059583 0.011611153 0.999932027 39.245016034
0.999929800 -0.011818078 -0.000853187 0.198195036 0.011811087 0.999899974 -0.007780725 -0.523257231 0.000945054 0.007770101 0.999969366 40.113890447
0.999916599 -0.012907542 -0.000437495 0.204935433 0.012905599 0.999907962 -0.004184953 -0.546354509 0.000491472 0.004178957 0.999991147 41.076068508
0.999899580 -0.014168792 -0.000274347 0.211456620 0.014167993 0.999895919 -0.002723938 -0.562312377 0.000312914 0.002719777 0.999996252 41.948612512
0.999898403 -0.014253023 -0.000187128 0.220899478 0.014252127 0.999889865 -0.004139490 -0.563241562 0.000246107 0.004136403 0.999991415 42.828492083
0.999900079 -0.014134884 -0.000193407 0.230878237 0.014132872 0.999867768 -0.008044114 -0.563646606 0.000307084 0.008040577 0.999967627 43.796074963
0.999905318 -0.013760411 -0.000080038 0.240243866 0.013758951 0.999856660 -0.009866692 -0.569914829 0.000215796 0.009864656 0.999951320 44.689555232
0.999919010 -0.012725122 0.000209818 0.249434244 0.012726415 0.999885382 -0.008201281 -0.576918365 -0.000105431 0.008203287 0.999966347 45.669210152
0.999932203 -0.011624931 0.000670868 0.258690775 0.011627491 0.999924606 -0.003947562 -0.580590999 -0.000624927 0.003955094 0.999991983 46.567622440
0.999928381 -0.011938090 0.000845368 0.266716591 0.011939061 0.999928063 -0.001152444 -0.584070494 -0.000831550 0.001162454 0.999998979 47.460512897
0.999917852 -0.012802232 0.000625692 0.279168311 0.012802662 0.999917805 -0.000688948 -0.580266192 -0.000616820 0.000696902 0.999999567 48.360974183
0.999890932 -0.014767343 -0.000224195 0.292012684 0.014766685 0.999887329 -0.002697212 -0.575949060 0.000264000 0.002693607 0.999996337 49.351567082
0.999889415 -0.014797794 -0.001477562 0.298866818 0.014791607 0.999882134 -0.004114114 -0.572189613 0.001538267 0.004091803 0.999990445 50.251100704
0.999921925 -0.012200562 -0.002699886 0.303343496 0.012188599 0.999916018 -0.004403924 -0.557990104 0.002753390 0.004370672 0.999986658 51.247936875
0.999956579 -0.008580552 -0.003635212 0.303309751 0.008568166 0.999957480 -0.003409366 -0.548780221 0.003664311 0.003378071 0.999987581 52.160616475
0.999980622 -0.004492937 -0.004309175 0.306834686 0.004483230 0.999987397 -0.002259541 -0.531552378 0.004319272 0.002240178 0.999988163 53.085142678
0.999987803 0.000491542 -0.004914586 0.304723309 -0.000507259 0.999994760 -0.003197260 -0.520194000 0.004912988 0.003199714 0.999982812 54.100524324
0.999974449 0.004325394 -0.005691503 0.304882650 -0.004354903 0.999977087 -0.005182645 -0.506431911 0.005668956 0.005207299 0.999970373 55.030882058
0.999971676 0.004291938 -0.006182690 0.306404960 -0.004336258 0.999964873 -0.007172884 -0.498522793 0.006151687 0.007199490 0.999955161 55.965136156
0.999963214 0.004814620 -0.007098658 0.307822807 -0.004864607 0.999963376 -0.007041488 -0.480311199 0.007064496 0.007075761 0.999950012 57.004315989
0.999959919 0.004766937 -0.007578760 0.308893878 -0.004811305 0.999971333 -0.005846806 -0.467492323 0.007550671 0.005883035 0.999954188 57.959545201
0.999954426 0.004391941 -0.008476860 0.309064149 -0.004439558 0.999974427 -0.005606673 -0.456101372 0.008452020 0.005644051 0.999948353 58.917113467
0.999954974 0.003113474 -0.008964172 0.311248689 -0.003169226 0.999975684 -0.006211909 -0.433612858 0.008944614 0.006240039 0.999940526 59.976952278
0.999945780 0.004088089 -0.009577291 0.308848183 -0.004161190 0.999962269 -0.007625228 -0.418628451 0.009545757 0.007664668 0.999925063 60.943632848
0.999934019 0.005283714 -0.010200016 0.303625834 -0.005392223 0.999928853 -0.010640125 -0.406722213 0.010143071 0.010694424 0.999891368 62.013194877
0.999930768 0.004801251 -0.010742812 0.300747934 -0.004945710 0.999897164 -0.013461115 -0.400150737 0.010677077 0.013513314 0.999851684 62.992741648
0.999923870 0.005267414 -0.011158330 0.296906663 -0.005429736 0.999879150 -0.014567218 -0.393600282 0.011080249 0.014626695 0.999831630 63.980571213
0.999915771 0.005995067 -0.011511303 0.289655029 -0.006144301 0.999896972 -0.012972804 -0.393929787 0.011432344 0.013042441 0.999849587 64.974109933
0.999911362 0.006010745 -0.011880158 0.282159968 -0.006135677 0.999925969 -0.010507642 -0.394605879 0.011816120 0.010579604 0.999874218 66.073319848
0.999907486 0.005726314 -0.012338105 0.273599481 -0.005855782 0.999927907 -0.010482879 -0.399895112 0.012277187 0.010554158 0.999868932 67.077900204
0.999901134 0.005985068 -0.012724003 0.267005769 -0.006123934 0.999921809 -0.010902860 -0.395888419 0.012657754 0.010979703 0.999859604 68.087353345
0.999891946 0.006287686 -0.013287669 0.255701298 -0.006427931 0.999923810 -0.010538296 -0.399395460 0.013220395 0.010622569 0.999856181 69.209415202
0.999883913 0.006743508 -0.013663276 0.244136420 -0.006882033 0.999925140 -0.010116950 -0.404507590 0.013594029 0.010209807 0.999855471 70.232634489
0.999880813 0.006806862 -0.013857327 0.232092506 -0.006947859 0.999924326 -0.010152324 -0.408991956 0.013787173 0.010247393 0.999852442 71.262225542
0.999876402 0.006967587 -0.014093718 0.220720211 -0.007108104 0.999925285 -0.009944798 -0.410930169 0.014023374 0.010043749 0.999851223 72.402785441
0.999882905 0.005688600 -0.014206203 0.210271930 -0.005822670 0.999938735 -0.009413940 -0.414974884 0.014151781 0.009495556 0.999854770 73.448754981
0.999883549 0.005391854 -0.014276427 0.198009563 -0.005514107 0.999948349 -0.008537777 -0.419800902 0.014229655 0.008615505 0.999861635 74.495981617
0.999892087 0.003643578 -0.014231625 0.186157112 -0.003767506 0.999955136 -0.008690879 -0.425718342 0.014199321 0.008743559 0.999860955 75.652131584
0.999891521 0.002889878 -0.014442830 0.173800264 -0.003023861 0.999952520 -0.009263537 -0.431107930 0.014415374 0.009306205 0.999852785 76.705303535
0.999894201 0.002577260 -0.014315856 0.162038600 -0.002693165 0.999963706 -0.008082884 -0.432415937 0.014294505 0.008120584 0.999864852 77.873976825
0.999893668 0.002042257 -0.014438873 0.150303796 -0.002136466 0.999976513 -0.006512290 -0.436455389 0.014425234 0.006542446 0.999874547 78.935370980
0.999891036 0.002729046 -0.014507560 0.136666912 -0.002825181 0.999974161 -0.006610197 -0.440997207 0.014489146 0.006650464 0.999872910 79.995611235
0.999889691 0.003547603 -0.014422937 0.120726736 -0.003643801 0.999971257 -0.006648972 -0.443991406 0.014398935 0.006700793 0.999873877 81.164084303
0.999884541 0.004282407 -0.014579623 0.105293301 -0.004364631 0.999974724 -0.005612555 -0.447190936 0.014555219 0.005675542 0.999877959 82.227085464
0.999886603 0.004595702 -0.014340903 0.093368000 -0.004670683 0.999975575 -0.005199380 -0.447339885 0.014316658 0.005265773 0.999883646 83.295350955
0.999884035 0.005247219 -0.014296286 0.077879881 -0.005320899 0.999972733 -0.005120607 -0.450442749 0.014269028 0.005196082 0.999884691 84.465729859
0.999887347 0.005098872 -0.014117147 0.066322938 -0.005170975 0.999973749 -0.005075698 -0.455787164 0.014090896 0.005148126 0.999887465 85.530202696
0.999882252 0.006346640 -0.013971472 0.051225443 -0.006424456 0.999964062 -0.005531849 -0.466295282 0.013935861 0.005620956 0.999887092 86.588877572
0.999888407 0.006382345 -0.013507014 0.036231097 -0.006463933 0.999961076 -0.006005371 -0.479844607 0.013468159 0.006092010 0.999890742 87.750841779
0.999893557 0.006753508 -0.012933100 0.024937136 -0.006813982 0.999966031 -0.004637577 -0.487646768 0.012901341 0.004725209 0.999905609 88.805635953
0.999897084 0.007497682 -0.012231337 0.013047880 -0.007546635 0.999963679 -0.003961029 -0.496773257 0.012201194 0.004052927 0.999917349 89.855368706
0.999909732 0.006578916 -0.011715160 0.002930818 -0.006631371 0.999968136 -0.004444290 -0.505440902 0.011685548 0.004521576 0.999921499 91.005371963
0.999916407 0.006178294 -0.011358131 -0.006503614 -0.006224091 0.999972625 -0.004001241 -0.520185687 0.011333100 0.004071600 0.999927489 92.039785733
0.999925067 0.005826029 -0.010766497 -0.013667239 -0.005857565 0.999978640 -0.002899854 -0.534351578 0.010749373 0.002962702 0.999937835 93.072252441
0.999934355 0.005230516 -0.010194454 -0.016334031 -0.005268995 0.999979082 -0.003751346 -0.547316270 0.010174619 0.003804814 0.999940999 94.205313438
0.999937173 0.005773113 -0.009608401 -0.021397819 -0.005816421 0.999973024 -0.004485485 -0.553103826 0.009582246 0.004541089 0.999943778 95.231050944
0.999944845 0.005423460 -0.008994011 -0.026878661 -0.005471062 0.999971113 -0.005276416 -0.559469719 0.008965135 0.005325331 0.999945632 96.250685606
0.999946642 0.006078852 -0.008352313 -0.033014080 -0.006121832 0.999968103 -0.005129998 -0.568158777 0.008320862 0.005180856 0.999951960 97.367797541
0.999951199 0.006059272 -0.007802884 -0.036955606 -0.006093296 0.999972000 -0.004343968 -0.571411255 0.007776345 0.004391301 0.999960122 98.380701109
0.999945925 0.007416618 -0.007289712 -0.045174546 -0.007447258 0.999963511 -0.004184988 -0.572648001 0.007258407 0.004239051 0.999964672 99.489614009
0.999950185 0.007337910 -0.006766275 -0.051509149 -0.007377245 0.999955928 -0.005806793 -0.578653338 0.006723367 0.005856420 0.999960249 100.489196655
0.999943994 0.008507652 -0.006295197 -0.056901822 -0.008551455 0.999939184 -0.006964271 -0.587284821 0.006235565 0.007017714 0.999955934 101.484295146
0.999950676 0.008155481 -0.005668590 -0.056493504 -0.008187712 0.999950313 -0.005686161 -0.590964897 0.005621935 0.005732293 0.999967767 102.479428032
0.999951682 0.008266168 -0.005320249 -0.054775259 -0.008281724 0.999961476 -0.002908646 -0.592336767 0.005296001 0.002952566 0.999981617 103.570665225
0.999961070 0.007133039 -0.005194062 -0.046634307 -0.007143528 0.999972477 -0.002003737 -0.588546592 0.005179626 0.002040763 0.999984503 104.556911417
0.999967789 0.005831071 -0.005515349 -0.042475950 -0.005845147 0.999979692 -0.002539483 -0.588561854 0.005500430 0.002571639 0.999981566 105.631981570
0.999974527 0.004390397 -0.005627673 -0.035548449 -0.004410523 0.999983905 -0.003568885 -0.587520572 0.005611913 0.003593615 0.999977796 106.604575509
0.999974306 0.004146560 -0.005847458 -0.032115962 -0.004175744 0.999978844 -0.004987507 -0.588896800 0.005826653 0.005011796 0.999970466 107.570191419
0.999973722 0.003703011 -0.006232427 -0.025834497 -0.003738146 0.999977135 -0.005635203 -0.586162040 0.006211417 0.005658352 0.999964700 108.629914806
0.999967464 0.004291986 -0.006830113 -0.024428093 -0.004334193 0.999971531 -0.006176750 -0.586386470 0.006803408 0.006206152 0.999957598 109.588959400
0.999962712 0.004631702 -0.007288449 -0.022804553 -0.004674001 0.999972272 -0.005797250 -0.584531289 0.007261396 0.005831101 0.999956634 110.544435155
0.999957962 0.004494675 -0.007991992 -0.016946125 -0.004531358 0.999979255 -0.004577843 -0.577801200 0.007971250 0.004613865 0.999957585 111.588501532
0.999952782 0.004702415 -0.008504148 -0.015638083 -0.004726330 0.999984927 -0.002794266 -0.576799811 0.008490880 0.002834328 0.999959935 112.534811742
0.999944791 0.005258279 -0.009097568 -0.011032398 -0.005273544 0.999984726 -0.001654740 -0.569476957 0.009088728 0.001702625 0.999957247 113.477297258
0.999938151 0.005061143 -0.009903470 -0.009128892 -0.005074232 0.999986285 -0.001297014 -0.565387992 0.009896770 0.001347187 0.999950118 114.505379085
0.999937254 0.003862629 -0.010515146 -0.003575429 -0.003880853 0.999991002 -0.001713200 -0.559051839 0.010508433 0.001753900 0.999943247 115.435058718
0.999935709 0.002613393 -0.011033952 -0.000132228 -0.002628230 0.999995661 -0.001330444 -0.555720664 0.011030427 0.001359358 0.999938239 116.359024138
0.999931207 0.001720556 -0.011602618 0.005536760 -0.001737819 0.999997398 -0.001477882 -0.550847736 0.011600045 0.001497943 0.999931595 117.369631841
0.999922719 0.001841006 -0.012294962 0.007879806 -0.001878047 0.999993731 -0.003001820 -0.546328531 0.012289358 0.003024679 0.999919908 118.282852310
0.999914922 0.002059654 -0.012880447 0.011301335 -0.002126773 0.999984222 -0.005199373 -0.545267835 0.012869534 0.005226324 0.999903526 119.189321500
0.999908133 0.001330519 -0.013489068 0.017205862 -0.001418420 0.999977810 -0.006508989 -0.545005749 0.013480109 0.006527525 0.999887833 120.181757167
0.999902704 0.002414948 -0.013738631 0.017787643 -0.002497285 0.999979007 -0.005979078 -0.548852288 0.013723904 0.006012805 0.999887744 121.080401599
0.999899212 0.003458858 -0.013769632 0.019101056 -0.003522580 0.999983187 -0.004606121 -0.552058963 0.013753468 0.004654161 0.999894585 122.064717446
0.999893267 0.003715253 -0.014129784 0.020244186 -0.003761867 0.999987565 -0.003273834 -0.552552459 0.014117445 0.003326639 0.999894810 122.955792025
0.999891821 0.002905868 -0.014418814 0.025098941 -0.002941122 0.999992736 -0.002424436 -0.550847966 0.014411664 0.002466582 0.999893104 123.841384393
0.999889204 0.003046273 -0.014570491 0.025335753 -0.003064992 0.999994506 -0.001262520 -0.550355876 0.014566565 0.001307039 0.999893048 124.807177304
0.999891288 0.001860124 -0.014627127 0.030082655 -0.001860399 0.999998269 -0.000005167 -0.547839223 0.014627092 0.000032379 0.999893018 125.672187429
0.999888823 0.001828055 -0.014798649 0.031725169 -0.001811257 0.999997700 0.001148403 -0.545026384 0.014800714 -0.001121471 0.999889835 126.519477360
0.999892850 0.001754973 -0.014532984 0.032533327 -0.001741106 0.999998017 0.000966810 -0.537417649 0.014534652 -0.000941402 0.999893923 127.429543433
0.999891103 0.002437746 -0.014554696 0.030476030 -0.002434648 0.999997010 0.000230571 -0.535663944 0.014555214 -0.000195110 0.999894048 128.232866145
0.999894906 0.002484001 -0.014283101 0.028926561 -0.002481398 0.999996901 0.000199940 -0.535164706 0.014283553 -0.000164477 0.999897971 129.016222214
0.999899542 0.002471300 -0.013957055 0.028429502 -0.002478092 0.999996819 -0.000469348 -0.536029854 0.013955851 0.000503888 0.999902485 129.850901093
0.999906047 0.002463127 -0.013484428 0.028895812 -0.002474410 0.999996602 -0.000820136 -0.535210856 0.013482362 0.000853425 0.999908745 130.587682287
0.999907419 0.003024388 -0.013266745 0.029178819 -0.003023959 0.999995426 0.000052385 -0.535151843 0.013266843 -0.000012262 0.999911991 131.374489919
0.999906556 0.003972010 -0.013080595 0.028664420 -0.003960334 0.999991736 0.000918410 -0.537141425 0.013084135 -0.000866521 0.999914024 132.065031554
0.999909985 0.004039692 -0.012794677 0.030137560 -0.004021661 0.999990884 0.001434647 -0.540364968 0.012800356 -0.001383062 0.999917116 132.731242238
0.999914203 0.003509827 -0.012620170 0.031853212 -0.003482066 0.999991471 0.002221035 -0.544461610 0.012627858 -0.002176901 0.999917896 133.372702611
0.999918347 0.003770908 -0.012209852 0.034891406 -0.003737148 0.999989134 0.002786569 -0.540269106 0.012220227 -0.002740712 0.999921574 134.052902511
0.999922844 0.003459493 -0.011930540 0.037515247 -0.003438787 0.999992546 0.001755625 -0.539240024 0.011936525 -0.001714463 0.999927287 134.644478004
0.999924787 0.003588549 -0.011727838 0.040719020 -0.003579951 0.999993308 0.000754011 -0.538334275 0.011730465 -0.000711970 0.999930942 135.271717826
0.999925059 0.003849850 -0.011621301 0.047493941 -0.003843812 0.999992466 0.000541858 -0.544651544 0.011623300 -0.000497147 0.999932324 135.819389597
0.999926211 0.003339446 -0.011679949 0.053499928 -0.003347594 0.999994167 -0.000678128 -0.548242442 0.011677616 0.000717177 0.999931557 136.349953282
0.999924671 0.002104257 -0.012092295 0.057652474 -0.002131543 0.999995210 -0.002244010 -0.547400698 0.012087515 0.002269616 0.999924368 136.919117202
0.999917329 0.001544934 -0.012765100 0.060499666 -0.001596155 0.999990713 -0.004003352 -0.550082956 0.012758796 0.004023396 0.999910509 137.426910006
0.999907449 0.002027615 -0.013452952 0.061419871 -0.002103678 0.999981869 -0.005642289 -0.552666271 0.013441268 0.005670068 0.999893586 137.929746527
0.999896476 0.002405292 -0.014186294 0.061942102 -0.002491561 0.999978494 -0.006066609 -0.556854669 0.014171397 0.006101327 0.999880966 138.477280969
0.999883941 0.002489089 -0.015030292 0.060369444 -0.002570446 0.999982138 -0.005395991 -0.558281233 0.015016592 0.005433999 0.999872479 138.971818728
0.999873588 0.002281028 -0.015735486 0.059431550 -0.002355157 0.999986210 -0.004693990 -0.559755184 0.015724561 0.004730456 0.999865171 139.459752071
0.999859332 0.002973543 -0.016506793 0.061318223 -0.003036242 0.999988267 -0.003774617 -0.567838821 0.016495375 0.003824204 0.999856629 139.986368390
0.999850565 0.003333800 -0.016962711 0.062471634 -0.003381256 0.999990448 -0.002769759 -0.574552653 0.016953315 0.002826701 0.999852287 140.454200247
0.999840801 0.003701081 -0.017454924 0.063735667 -0.003735220 0.999991174 -0.001923593 -0.580890200 0.017447650 0.001988485 0.999845801 140.909856474
0.999837304 0.004358436 -0.017503434 0.057392503 -0.004383377 0.999989431 -0.001386828 -0.587902629 0.017497205 0.001463327 0.999845841 141.400206110
0.999832297 0.004941887 -0.017633943 0.053388514 -0.004960149 0.999987206 -0.000992007 -0.590339455 0.017628815 0.001079308 0.999844018 141.829023746
0.999833876 0.004746456 -0.017598074 0.045707815 -0.004756945 0.999988532 -0.000554221 -0.590540224 0.017595242 0.000637842 0.999844988 142.281991707
0.999840233 0.004604006 -0.017271676 0.038098246 -0.004607678 0.999989370 -0.000172814 -0.588985566 0.017270696 0.000252369 0.999850819 142.677810827
0.999841391 0.005431082 -0.016961631 0.027009298 -0.005424074 0.999985184 0.000459110 -0.585287127 0.016963873 -0.000367036 0.999856036 143.058802166
0.999839626 0.006633572 -0.016634850 0.018859872 -0.006621887 0.999977788 0.000757405 -0.580844561 0.016639505 -0.000647129 0.999861344 143.454984301
0.999844482 0.007195030 -0.016101015 0.011101051 -0.007188593 0.999974057 0.000457681 -0.574316303 0.016103890 -0.000341866 0.999870266 143.795546940
0.999853747 0.007069360 -0.015572661 0.007296798 -0.007065096 0.999974988 0.000328799 -0.570351438 0.015574596 -0.000218729 0.999878685 144.114228822
0.999866199 0.006690369 -0.014927285 0.003000125 -0.006690487 0.999977618 0.000042029 -0.565302789 0.014927232 0.000057848 0.999888581 144.446017575
0.999868164 0.007009268 -0.014646639 -0.000976506 -0.007015689 0.999975315 -0.000387057 -0.562148002 0.014643564 0.000489763 0.999892657 144.734831123
0.999872008 0.007194811 -0.014289913 -0.004748903 -0.007218156 0.999972696 -0.001582800 -0.553007396 0.014278135 0.001685745 0.999896641 145.016561680
0.999873404 0.007596528 -0.013981000 -0.010432344 -0.007639638 0.999966219 -0.003032701 -0.542760862 0.013957490 0.003139127 0.999897662 145.320686708
0.999875397 0.007698727 -0.013781120 -0.013900823 -0.007756082 0.999961461 -0.004113267 -0.538745477 0.013748921 0.004219642 0.999896576 145.593908107
0.999875582 0.007758718 -0.013733981 -0.019117018 -0.007824048 0.999958301 -0.004709515 -0.532496076 0.013696869 0.004816384 0.999894594 145.864787343
0.999874648 0.007630101 -0.013873315 -0.021796450 -0.007697263 0.999958883 -0.004794213 -0.530749204 0.013836165 0.004900399 0.999892268 146.158158626
0.999874965 0.007425235 -0.013961383 -0.024642071 -0.007493783 0.999960092 -0.004863964 -0.521085865 0.013924710 0.004967980 0.999890705 146.423612965
0.999874039 0.007412381 -0.014034326 -0.028617707 -0.007479149 0.999960934 -0.004711002 -0.513807354 0.013998858 0.004815374 0.999890416 146.685335219
0.999874020 0.007206987 -0.014142270 -0.034277192 -0.007273395 0.999962737 -0.004649878 -0.504148103 0.014108231 0.004752154 0.999889181 146.969894541
0.999872937 0.007031348 -0.014306316 -0.038384870 -0.007104857 0.999961786 -0.005093908 -0.500096293 0.014269952 0.005194905 0.999884684 147.223680879
0.999872079 0.006871233 -0.014443377 -0.042527948 -0.006953640 0.999959787 -0.005663076 -0.498079654 0.014403884 0.005762786 0.999879652 147.474033661
0.999867373 0.007296746 -0.014560002 -0.048066005 -0.007383178 0.999955389 -0.005891365 -0.490461192 0.014516364 0.005998083 0.999876641 147.747175879
0.999863502 0.007478363 -0.014732655 -0.051305433 -0.007562850 0.999955228 -0.005687318 -0.484499416 0.014689463 0.005797962 0.999875294 147.992818146
0.999858891 0.007458705 -0.015052110 -0.054047007 -0.007538304 0.999957865 -0.005238485 -0.476152868 0.015012403 0.005351214 0.999872988 148.259189892
0.999855678 0.007453071 -0.015266760 -0.056771185 -0.007532868 0.999958231 -0.005176035 -0.470789348 0.015227545 0.005290290 0.999870059 148.496684427
0.999854418 0.007442143 -0.015354409 -0.059886020 -0.007517981 0.999959796 -0.004887395 -0.461852038 0.015317419 0.005002118 0.999870169 148.730278285
0.999850317 0.007354132 -0.015660789 -0.062899866 -0.007426678 0.999961937 -0.004579230 -0.454501187 0.015626516 0.004694852 0.999866876 148.980259455
0.999848316 0.007340280 -0.015794443 -0.065794621 -0.007414931 0.999961590 -0.004673074 -0.445757549 0.015759534 0.004789480 0.999864340 149.200910156
0.999847005 0.007212509 -0.015935693 -0.068256842 -0.007285889 0.999963099 -0.004551545 -0.440613110 0.015902276 0.004666954 0.999862659 149.413950448
0.999849794 0.006663165 -0.015999709 -0.070503322 -0.006732143 0.999968260 -0.004261221 -0.434167314 0.015970808 0.004368293 0.999862916 149.639902088
0.999852941 0.006088507 -0.016032045 -0.071865505 -0.006151504 0.999973540 -0.003883088 -0.429284654 0.016007978 0.003981138 0.999863938 149.834595588
0.999854289 0.005481718 -0.016166346 -0.073428066 -0.005537083 0.999978952 -0.003381889 -0.420922756 0.016147468 0.003470911 0.999863597 150.035281270
0.999851559 0.005440734 -0.016348052 -0.075641091 -0.005488370 0.999980819 -0.002870419 -0.416377593 0.016332121 0.002959717 0.999862241 150.202041500
0.999849501 0.006069990 -0.016252109 -0.078622285 -0.006109481 0.999978501 -0.002381358 -0.412663514 0.016237305 0.002480292 0.999865090 150.354548455
0.999843253 0.006775785 -0.016357228 -0.081901937 -0.006809420 0.999974813 -0.002001445 -0.407772013 0.016343255 0.002112515 0.999864208 150.491387861
0.999838987 0.006991636 -0.016526280 -0.083820551 -0.007023182 0.999973623 -0.001851555 -0.402390422 0.016512898 0.001967324 0.999861717 150.623487485
0.999841256 0.006795257 -0.016470797 -0.084621967 -0.006827594 0.999974872 -0.001907913 -0.392875066 0.016457418 0.002020066 0.999862527 150.729490849
0.999840402 0.006479452 -0.016648936 -0.085356068 -0.006530623 0.999974112 -0.003021001 -0.384673274 0.016628930 0.003129247 0.999856833 150.834734000
0.999836361 0.006768332 -0.016776200 -0.086796136 -0.006834777 0.999969012 -0.003906469 -0.374905962 0.016749240 0.004020491 0.999851638 150.925109415
0.999834512 0.007186773 -0.016712220 -0.087181381 -0.007257494 0.999964949 -0.004174870 -0.369225579 0.016681630 0.004295468 0.999851625 151.010398403
0.999831720 0.007306947 -0.016826770 -0.083376029 -0.007374518 0.999964978 -0.003957134 -0.359777511 0.016797266 0.004080557 0.999850589 151.103900968
0.999833620 0.006769686 -0.016938241 -0.080008276 -0.006834593 0.999969511 -0.003777025 -0.354290909 0.016912155 0.003892163 0.999849404 151.179464606
0.999835233 0.006470885 -0.016959818 -0.077762913 -0.006533282 0.999972083 -0.003626285 -0.349503277 0.016935879 0.003736490 0.999849596 151.248411498
0.999835740 0.006505508 -0.016916583 -0.077705769 -0.006569687 0.999971422 -0.003741038 -0.343716615 0.016891763 0.003851560 0.999849906 151.318685142
0.999831636 0.006839391 -0.017027135 -0.078713091 -0.006910396 0.999967657 -0.004114745 -0.339785219 0.016998442 0.004231716 0.999846561 151.375915703
0.999827949 0.007105048 -0.017134489 -0.079340247 -0.007185284 0.999963487 -0.004625726 -0.328680005 0.017100998 0.004748047 0.999842494 151.431117320
0.999829767 0.007141014 -0.017013045 -0.079502805 -0.007226452 0.999961559 -0.004965708 -0.320893197 0.016976931 0.005087807 0.999842937 151.486060483
0.999827326 0.007081116 -0.017180684 -0.083154188 -0.007165228 0.999962621 -0.004839093 -0.310925370 0.017145776 0.004961361 0.999840691 151.535428753
0.999827724 0.006980705 -0.017198601 -0.086382755 -0.007060843 0.999964476 -0.004603290 -0.303764726 0.017165856 0.004723933 0.999841496 151.580418122
0.999827442 0.007114818 -0.017159998 -0.089605041 -0.007194045 0.999963727 -0.004559671 -0.296583210 0.017126935 0.004682334 0.999842360 151.625681624
0.999825749 0.007152847 -0.017242614 -0.092495682 -0.007230378 0.999964011 -0.004438318 -0.290826850 0.017210247 0.004562216 0.999841484 151.664709392
0.999825773 0.007200345 -0.017221460 -0.095313604 -0.007275356 0.999964302 -0.004297007 -0.283988939 0.017189905 0.004421551 0.999842466 151.691798299
0.999825702 0.007136813 -0.017252014 -0.098922469 -0.007211103 0.999964977 -0.004247821 -0.274613076 0.017221094 0.004371486 0.999842150 151.718449972
0.999825246 0.007141436 -0.017276478 -0.102181812 -0.007213815 0.999965448 -0.004130772 -0.270448745 0.017246381 0.004254680 0.999842218 151.734663441
0.999825162 0.007160126 -0.017273595 -0.103442265 -0.007230719 0.999965746 -0.004027795 -0.264168203 0.017244164 0.004151991 0.999842688 151.745336870
0.999825289 0.007155150 -0.017268335 -0.103930283 -0.007222549 0.999966529 -0.003843868 -0.256718800 0.017240253 0.003967917 0.999843502 151.749036651
0.999824699 0.007147149 -0.017305761 -0.106289118 -0.007222832 0.999964606 -0.004314758 -0.251513094 0.017274311 0.004438998 0.999840934 151.744305913
0.999827182 0.006854909 -0.017280545 -0.108004578 -0.006948154 0.999961594 -0.005341718 -0.248453718 0.017243264 0.005460863 0.999836411 151.742657191
0.999828321 0.006665691 -0.017288658 -0.108263154 -0.006769829 0.999959251 -0.005972001 -0.246412478 0.017248146 0.006088017 0.999832705 151.743345138
0.999829714 0.006575326 -0.017242640 -0.109392807 -0.006671611 0.999962440 -0.005532546 -0.239706446 0.017205614 0.005646640 0.999836028 151.744157125
0.999829336 0.006634690 -0.017241811 -0.111437965 -0.006739173 0.999959238 -0.006008885 -0.233964327 0.017201242 0.006124055 0.999833293 151.743089034
0.999828090 0.006759394 -0.017265604 -0.112077160 -0.006877984 0.999953100 -0.006818453 -0.229599721 0.017218706 0.006936034 0.999827689 151.745344016
0.999828296 0.006775470 -0.017247380 -0.112416084 -0.006899491 0.999950698 -0.007141390 -0.222882466 0.017198144 0.007259162 0.999825749 151.750888951
0.999829752 0.006875406 -0.017122958 -0.112062216 -0.007001505 0.999948731 -0.007315316 -0.217323960 0.017071784 0.007433957 0.999826630 151.760513507
0.999830571 0.006660603 -0.017160000 -0.111187453 -0.006785131 0.999950995 -0.007208944 -0.212318095 0.017111143 0.007324156 0.999826768 151.772957622
0.999830557 0.006682945 -0.017152138 -0.111085481 -0.006806089 0.999951411 -0.007131180 -0.207633255 0.017103647 0.007246710 0.999827460 151.788529429
0.999833252 0.006699784 -0.016987701 -0.111290658 -0.006821101 0.999951576 -0.007093580 -0.203906645 0.016939353 0.007208272 0.999830535 151.806028307
0.999832884 0.006682323 -0.017016212 -0.109520619 -0.006807153 0.999950268 -0.007288618 -0.197478716 0.016966661 0.007403232 0.999828648 151.827217086
0.999833530 0.006632620 -0.016997672 -0.109134635 -0.006759423 0.999949674 -0.007413470 -0.192453986 0.016947645 0.007527131 0.999828045 151.853280731
0.999832302 0.006622480 -0.017073665 -0.109274652 -0.006758561 0.999945758 -0.007924870 -0.182278510 0.017020257 0.008038934 0.999822828 151.888025550
0.999831998 0.006597981 -0.017100959 -0.109953640 -0.006748420 0.999938908 -0.008754411 -0.174145499 0.017042152 0.008868345 0.999815442 151.927890603
0.999831153 0.006688704 -0.017115079 -0.110866574 -0.006855550 0.999929371 -0.009708466 -0.165609146 0.017048934 0.009824160 0.999806391 151.982568738
0.999833079 0.006747079 -0.016979130 -0.111903195 -0.006923245 0.999922592 -0.010338188 -0.161347092 0.016908063 0.010454013 0.999802396 152.044553032
0.999835710 0.006683185 -0.016848991 -0.112687095 -0.006866770 0.999917432 -0.010861695 -0.159259552 0.016775010 0.010975608 0.999799047 152.118438601
0.999840621 0.006591084 -0.016591842 -0.113666865 -0.006776818 0.999914727 -0.011163042 -0.156183192 0.016516851 0.011273703 0.999800029 152.215053087
0.999847611 0.006437398 -0.016226968 -0.115100239 -0.006621341 0.999914145 -0.011307546 -0.153204252 0.016152784 0.011413267 0.999804393 152.316724852
0.999850884 0.006446714 -0.016020287 -0.117017138 -0.006634157 0.999909838 -0.011674887 -0.146183823 0.015943578 0.011779428 0.999803504 152.433083076
0.999858233 0.006327497 -0.015603744 -0.119032420 -0.006517461 0.999904902 -0.012153618 -0.142317242 0.015525358 0.012253592 0.999804387 152.578576089
0.999864118 0.006154641 -0.015292705 -0.120225659 -0.006349196 0.999899114 -0.012706302 -0.138934121 0.015212960 0.012801671 0.999802322 152.726706660
0.999873624 0.005839235 -0.014786454 -0.121250808 -0.006037356 0.999892126 -0.013389821 -0.138513717 0.014706673 0.013477400 0.999801017 152.891706868
0.999883634 0.005760185 -0.014125843 -0.122288850 -0.005961784 0.999880386 -0.014271344 -0.139295432 0.014041948 0.014353898 0.999798374 153.093454312
0.999887544 0.006242859 -0.013635502 -0.124679523 -0.006444651 0.999869622 -0.014805559 -0.140226647 0.013541295 0.014891770 0.999797414 153.297816838
0.999892306 0.006421915 -0.013196023 -0.126141787 -0.006621944 0.999862988 -0.015170889 -0.139209519 0.013096789 0.015256638 0.999797834 153.519796146
