1.000000000 -0.000000000 0.000000000 0.000000000 0.000000000 1.000000000 0.000000000 0.000000000 -0.000000000 -0.000000000 1.000000000 -0.000000000
0.999998907 0.000486800 0.001395984 0.013169041 -0.000485965 0.999999703 -0.000598376 -0.025272136 -0.001396275 0.000597697 0.999998847 1.690316428
0.999995703 0.000589325 0.002871530 0.027579175 -0.000588233 0.999999754 -0.000381132 -0.049860648 -0.002871754 0.000379442 0.999995805 3.237604468
0.999989662 0.000993855 0.004437208 0.043948533 -0.000997189 0.999999222 0.000749428 -0.068964144 -0.004436459 -0.000753845 0.999989875 4.781747627
0.999976133 0.001731485 0.006688493 0.052340156 -0.001737058 0.999998149 0.000827390 -0.090745755 -0.006687048 -0.000838988 0.999977289 6.470097060
0.999954596 0.002378520 0.009227631 0.066551793 -0.002381795 0.999997104 0.000343943 -0.111831984 -0.009226786 -0.000365905 0.999957365 8.000625730
0.999919219 0.002938992 0.012366029 0.085131103 -0.002958372 0.999994424 0.001549181 -0.136390735 -0.012361407 -0.001585639 0.999922338 9.684089213
0.999889604 0.002147718 0.014702627 0.108694484 -0.002186827 0.999994112 0.002644449 -0.172141762 -0.014696860 -0.002676309 0.999888414 11.212099126
0.999862137 0.001447135 0.016541237 0.135378893 -0.001502690 0.999993271 0.003346658 -0.210826354 -0.016536283 -0.003371053 0.999857584 12.738933501
0.999830718 0.000141256 0.018398776 0.163350359 -0.000205822 0.999993828 0.003507444 -0.257295227 -0.018398167 -0.003510637 0.999824576 14.417346026
0.999797445 -0.000702947 0.020114050 0.194786395 0.000634371 0.999993966 0.003415508 -0.293499130 -0.020116330 -0.003402056 0.999791858 15.940368286
0.999760522 -0.001362282 0.021841313 0.227801717 0.001276090 0.999991346 0.003959722 -0.330651883 -0.021846518 -0.003930903 0.999753608 17.463542332
0.999721276 -0.001480732 0.023562228 0.271367162 0.001442999 0.999997649 0.001618328 -0.370428406 -0.023564569 -0.001583877 0.999721062 19.131889101
0.999681097 -0.000501275 0.025247846 0.316750595 0.000466962 0.999998959 0.001364936 -0.426521322 -0.025248504 -0.001352711 0.999680291 20.646140526
0.999633679 0.000648447 0.027057117 0.367731950 -0.000727576 0.999995487 0.002914765 -0.472177302 -0.027055105 -0.002933384 0.999629640 22.311286364
0.999599400 0.000538155 0.028297510 0.417112624 -0.000630154 0.999994545 0.003242319 -0.512218708 -0.028295611 -0.003258852 0.999594287 23.820436871
0.999568255 0.000374061 0.029379636 0.466411769 -0.000419790 0.999998710 0.001550355 -0.549175567 -0.029379018 -0.001562019 0.999567123 25.322679104
0.999535963 -0.000160742 0.030460358 0.523377364 0.000188527 0.999999569 -0.000909281 -0.596207676 -0.030460198 0.000914601 0.999535562 26.969578144
0.999507427 -0.000655462 0.031376338 0.577323309 0.000691527 0.999999113 -0.001138591 -0.639082690 -0.031375564 0.001159728 0.999506993 28.468457925
0.999485096 -0.000351313 0.032084579 0.622652197 0.000338978 0.999999867 0.000389908 -0.688364453 -0.032084712 -0.000378831 0.999485081 30.119462278
0.999457585 -0.000778714 0.032923080 0.661107671 0.000681145 0.999995344 0.002974680 -0.717504133 -0.032925243 -0.002950641 0.999453462 31.618019386
0.999423110 -0.000942457 0.033949345 0.705537071 0.000783127 0.999988619 0.004706161 -0.746846453 -0.033953394 -0.004676860 0.999412474 33.109214880
0.999394550 -0.001575777 0.034757006 0.747973075 0.001435296 0.999990702 0.004066390 -0.777629990 -0.034763091 -0.004014041 0.999387520 34.745088418
0.999364855 -0.002398681 0.035554647 0.795223358 0.002296679 0.999993130 0.002909460 -0.799474895 -0.035561382 -0.002825954 0.999363498 36.221276595
0.999339631 -0.001683460 0.036296949 0.842667481 0.001626159 0.999997385 0.001608148 -0.827267739 -0.036299562 -0.001548061 0.999339755 37.696442517
0.999300193 -0.001313893 0.037381777 0.901979570 0.001314239 0.999999136 0.000015316 -0.862736434 -0.037381765 0.000033823 0.999301057 39.312328633
0.999225834 0.000372433 0.039339467 0.950926275 -0.000330546 0.999999372 -0.001071242 -0.887347646 -0.039339842 0.001057410 0.999225329 40.773903382
0.999109507 0.001460510 0.042167056 1.017763681 -0.001410570 0.999998268 -0.001214076 -0.923416543 -0.042168757 0.001153515 0.999109836 42.377442119
0.999013299 0.001887747 0.044371885 1.092095513 -0.001847420 0.999997842 -0.000949826 -0.965355777 -0.044373583 0.000866915 0.999014631 43.823021610
0.998941804 0.002012357 0.045948032 1.170536026 -0.002013101 0.999997973 -0.000030080 -1.011314034 -0.045948000 -0.000062450 0.998943831 45.266212449
0.998846124 0.002332338 0.047968530 1.259573558 -0.002384893 0.999996617 0.001038413 -1.061432669 -0.047965946 -0.001151614 0.998848308 46.848586734
0.998730121 0.002294066 0.050327762 1.341728622 -0.002407879 0.999994679 0.002200919 -1.100068104 -0.050322445 -0.002319308 0.998730330 48.284613217
0.998589242 0.002675980 0.053031733 1.425777965 -0.002842905 0.999991239 0.003072459 -1.136052660 -0.053023046 -0.003218889 0.998588101 49.717485324
0.998434780 0.002643311 0.055865935 1.527626099 -0.002787559 0.999992979 0.002504264 -1.174669063 -0.055858923 -0.002656074 0.998435139 51.280205323
0.998309972 0.002873853 0.058042583 1.615935382 -0.002980155 0.999994037 0.001744963 -1.206619040 -0.058037222 -0.001914990 0.998312583 52.701893946
0.998187332 0.001782004 0.060157088 1.727459408 -0.001852929 0.999997653 0.001123230 -1.236720219 -0.060154945 -0.001232661 0.998188290 54.258342080
0.998086819 0.001136881 0.061817555 1.827512028 -0.001180249 0.999999082 0.000665051 -1.260706891 -0.061816742 -0.000736739 0.998087244 55.674552245
0.997993595 0.001668517 0.063292979 1.928091407 -0.001661937 0.999998607 -0.000156604 -1.285767324 -0.063293152 0.000051100 0.997994977 57.089781251
0.997871867 0.002222803 0.065167444 2.039238416 -0.002149216 0.999996971 -0.001199273 -1.313444678 -0.065169912 0.001056662 0.997873622 58.645486534
0.997749880 0.003285842 0.066965513 2.137908246 -0.003139159 0.999992438 -0.002295538 -1.324646721 -0.066972550 0.002080157 0.997752650 60.053207939
0.997619935 0.003850396 0.068845036 2.243692270 -0.003775135 0.999992126 -0.001223254 -1.343721354 -0.068849204 0.000960443 0.997626616 61.606715932
0.997525193 0.003037349 0.070244309 2.344048597 -0.003103008 0.999994845 0.000825634 -1.354263010 -0.070241439 -0.001041559 0.997529476 63.017423237
0.997428663 0.001720137 0.071645684 2.447980802 -0.001856130 0.999996600 0.001831600 -1.364421292 -0.071642290 -0.001959874 0.997428464 64.427507188
0.997300553 0.001634446 0.073409371 2.560005817 -0.001696875 0.999998250 0.000788054 -1.374800935 -0.073407955 -0.000910494 0.997301581 65.976136200
0.997117654 0.002426069 0.075832041 2.660420663 -0.002414925 0.999997056 -0.000238663 -1.383253926 -0.075832397 0.000054847 0.997120577 67.384486993
0.996870876 0.004231226 0.078933848 2.758931352 -0.004201106 0.999991025 -0.000547657 -1.391502370 -0.078935457 0.000214334 0.996879706 68.794474195
0.996590245 0.005155898 0.082348646 2.868633504 -0.005051976 0.999986158 -0.001470286 -1.408853748 -0.082355087 0.001049249 0.996602498 70.345269430
0.996370204 0.005503057 0.084947827 2.981536043 -0.005312685 0.999982845 -0.002466937 -1.420941513 -0.084959946 0.002006682 0.996382347 71.751846819
0.996165937 0.005483132 0.087311865 3.103924296 -0.005172428 0.999979462 -0.003784399 -1.440416811 -0.087330822 0.003318275 0.996173838 73.308693880
0.995984211 0.004827412 0.089398813 3.221965262 -0.004554756 0.999984334 -0.003253641 -1.466847792 -0.089413119 0.002833386 0.995990595 74.725930357
0.995820805 0.004095911 0.091236763 3.342098686 -0.003899782 0.999989686 -0.002327840 -1.486289850 -0.091245357 0.001962308 0.995826508 76.138439942
0.995634176 0.003117531 0.093289168 3.480898488 -0.002985255 0.999994331 -0.001557428 -1.515242097 -0.093293494 0.001272137 0.995637839 77.689845354
0.995492048 0.002233840 0.094818737 3.609603156 -0.002101607 0.999996675 -0.001494426 -1.543610926 -0.094821760 0.001288418 0.995493432 79.098435601
0.995347815 0.001974269 0.096326686 3.747868737 -0.001736192 0.999995228 -0.002555302 -1.566137354 -0.096331271 0.002376172 0.995346492 80.497669430
0.995227359 0.002051935 0.097561743 3.901471065 -0.001802140 0.999994869 -0.002648427 -1.590066955 -0.097566676 0.002459967 0.995225950 82.034587608
0.995109068 0.002146777 0.098758972 4.040807754 -0.002087258 0.999997572 -0.000705987 -1.612884306 -0.098760247 0.000496398 0.995111133 83.430978423
0.994975865 0.001918091 0.100096694 4.197318230 -0.002163009 0.999994927 0.002338342 -1.634197087 -0.100091701 -0.002543104 0.994974967 84.961939272
0.994858954 0.001114281 0.101264108 4.343873806 -0.001494806 0.999992104 0.003681943 -1.655493339 -0.101259205 -0.003814384 0.994852765 86.349500177
0.994769096 0.000828946 0.102145775 4.489846347 -0.001157741 0.999994338 0.003159638 -1.676780607 -0.102142578 -0.003261369 0.994764423 87.733556863
0.994641210 0.000375107 0.103386279 4.654523522 -0.000487432 0.999999318 0.001061191 -1.693074601 -0.103385810 -0.001105898 0.994640715 89.248314470
0.994536328 0.001421192 0.104381381 4.806100709 -0.001347924 0.999998793 -0.000772470 -1.705811738 -0.104382353 0.000627551 0.994537043 90.622146815
0.994422513 0.002051784 0.105449777 4.963941031 -0.001829842 0.999995903 -0.002201425 -1.718440461 -0.105453862 0.001996190 0.994422193 91.992866908
0.994301965 0.002865970 0.106561666 5.137384494 -0.002391852 0.999986666 -0.004576779 -1.745589362 -0.106573362 0.004295820 0.994295562 93.499010578
0.994211346 0.002454260 0.107414042 5.302769452 -0.001822006 0.999980437 -0.005983880 -1.774613314 -0.107426627 0.005753533 0.994196367 94.865131937
0.994134260 0.002225425 0.108130112 5.479568530 -0.001508363 0.999976331 -0.006712810 -1.813545046 -0.108142491 0.006510335 0.994114087 96.365285139
0.994039273 0.001854438 0.109006815 5.645934065 -0.001250709 0.999983501 -0.005606557 -1.857199604 -0.109015413 0.005436802 0.994025191 97.725401969
0.993843632 0.002709692 0.110758712 5.804757581 -0.002250165 0.999988336 -0.004273686 -1.882966961 -0.110769001 0.003998151 0.993838137 99.080902265
0.993501929 0.002877054 0.113778910 5.981598141 -0.002537604 0.999991888 -0.003128139 -1.903514187 -0.113786987 0.002819086 0.993501170 100.565944035
0.993227174 0.002752681 0.116155946 6.148831653 -0.002447055 0.999993159 -0.002773692 -1.916702363 -0.116162787 0.002470667 0.993227115 101.907856922
0.993061084 0.000835900 0.117596705 6.335861114 -0.000493163 0.999995546 -0.002943586 -1.933314282 -0.117598641 0.002865167 0.993057073 103.373261559
0.992988249 -0.000170500 0.118212982 6.504068732 0.000484267 0.999996436 -0.002625533 -1.954204686 -0.118212113 0.002664370 0.992984792 104.695640102
0.992871089 -0.000641398 0.119191397 6.671669086 0.000949007 0.999996364 -0.002524063 -1.974013203 -0.119189345 0.002619182 0.992868088 106.005688305
0.992721442 -0.000133261 0.120433051 6.853581792 0.000404160 0.999997443 -0.002224950 -1.998595560 -0.120432447 0.002257429 0.992718958 107.429760779
0.992598680 0.001476790 0.121431791 7.015049369 -0.001169283 0.999995927 -0.002603568 -2.025701988 -0.121435142 0.002442310 0.992596364 108.709466598
0.992446938 0.002165934 0.122655547 7.177249612 -0.001822571 0.999994101 -0.002911536 -2.045646220 -0.122661130 0.002665997 0.992445031 109.970104904
0.992168185 0.003395380 0.124862985 7.351868801 -0.003108611 0.999992065 -0.002491435 -2.080931944 -0.124870453 0.002083772 0.992170866 111.341874281
0.991895927 0.003471954 0.127005571 7.511836065 -0.003330902 0.999993577 -0.001322960 -2.116611188 -0.127009348 0.000889195 0.991901121 112.570351047
0.991677083 0.001672982 0.128739131 7.689396959 -0.001883000 0.999997088 0.001509646 -2.146602723 -0.128736230 -0.001739497 0.991677345 113.901817513
0.991490922 -0.000010232 0.130175848 7.851732912 -0.000340786 0.999996366 0.002674214 -2.167258495 -0.130175402 -0.002695821 0.991487316 115.091607552
0.991314162 -0.001402558 0.131507660 8.013327518 0.001292514 0.999998740 0.000922139 -2.185477334 -0.131508788 -0.000744154 0.991314725 116.263435050
0.991144878 -0.001212702 0.132779366 8.189213141 0.001396945 0.999998186 -0.001294444 -2.204487045 -0.132777556 0.001468467 0.991144775 117.529814693
0.990916311 -0.000829772 0.134477418 8.347568529 0.001162107 0.999996462 -0.002392835 -2.227529517 -0.134474957 0.002527377 0.990913769 118.664855839
0.990700487 -0.000028346 0.136060810 8.504771989 0.000427910 0.999995682 -0.002907413 -2.252112852 -0.136060140 0.002938597 0.990696221 119.784875424
0.990465002 0.000539073 0.137763528 8.676655104 -0.000037786 0.999993370 -0.003641339 -2.283003117 -0.137764577 0.003601413 0.990458455 120.994950011
0.990266489 0.000501861 0.139183435 8.832665416 0.000060401 0.999991856 -0.004035466 -2.312301778 -0.139184327 0.004004593 0.990258394 122.078505152
0.990075229 0.000813909 0.140536039 9.002024245 -0.000240089 0.999991566 -0.004099991 -2.345425932 -0.140538191 0.004025558 0.990067074 123.257692223
0.989892650 0.000157977 0.141818602 9.159124695 0.000453463 0.999990742 -0.004279093 -2.362265823 -0.141817965 0.004300152 0.989883414 124.315478406
0.989752479 0.000019559 0.142793659 9.315221517 0.000676504 0.999988126 -0.004826054 -2.378466116 -0.142792058 0.004873200 0.989740714 125.360638172
0.989567557 -0.000140139 0.144069535 9.485476780 0.000747391 0.999991064 -0.004160881 -2.412158012 -0.144067664 0.004225150 0.989558819 126.503288875
0.989418179 -0.000168819 0.145091829 9.642034043 0.000594012 0.999995656 -0.002887189 -2.434928062 -0.145090712 0.002942824 0.989413981 127.532031480
0.989233268 0.000019092 0.146347331 9.813939436 0.000261171 0.999998169 -0.001895843 -2.448431746 -0.146347099 0.001913653 0.989231451 128.652707870
0.989078720 0.000743330 0.147386337 9.973607378 -0.000489756 0.999998337 -0.001756756 -2.455479789 -0.147387398 0.001665386 0.989077440 129.662350771
0.988940163 0.001026326 0.148311497 10.132124664 -0.000735127 0.999997693 -0.002018227 -2.463925863 -0.148313227 0.001886878 0.988938636 130.661671929
0.988777367 0.000615678 0.149395247 10.306985022 -0.000126173 0.999994593 -0.003286037 -2.459445326 -0.149396462 0.003230309 0.988772098 131.751823908
0.988643275 0.000469829 0.150280582 10.460445965 0.000224193 0.999989389 -0.004601202 -2.457691706 -0.150281149 0.004582639 0.988632680 132.740027344
0.988463660 0.000259587 0.151457998 10.635566609 0.000482425 0.999988062 -0.004862356 -2.464161193 -0.151457452 0.004879330 0.988451735 133.823318973
0.988340256 0.000005332 0.152261414 10.795605147 0.000740051 0.999988019 -0.004838747 -2.475267902 -0.152259616 0.004895010 0.988328411 134.803846483
0.988205764 -0.000749682 0.153130027 10.956655918 0.001507080 0.999987199 -0.004830097 -2.488875701 -0.153124446 0.005003908 0.988194245 135.780806635
0.988077147 -0.001214895 0.153954781 11.133131473 0.002066271 0.999983446 -0.005370149 -2.502868171 -0.153945708 0.005624234 0.988063301 136.851044363
0.987957805 -0.001074194 0.154719818 11.292095499 0.002086636 0.999977461 -0.006381461 -2.520672089 -0.154709476 0.006627459 0.987937779 137.820587269
0.987812263 -0.001027205 0.155646643 11.469286755 0.002134897 0.999973572 -0.006949711 -2.532721915 -0.155635390 0.007197299 0.987788350 138.879985548
0.987718903 -0.001216241 0.156236646 11.629525204 0.002350174 0.999972222 -0.007073271 -2.543847318 -0.156223703 0.007353587 0.987694325 139.839784545
0.987637503 -0.001210396 0.156750429 11.791022337 0.002348428 0.999972213 -0.007075154 -2.560959828 -0.156737510 0.007355804 0.987612902 140.795602876
0.987567814 -0.000291343 0.157193279 11.964185650 0.001554638 0.999967478 -0.007913675 -2.589584599 -0.157185862 0.008059669 0.987536150 141.840702263
0.987461247 0.000033741 0.157861600 12.121194982 0.001290321 0.999964846 -0.008284991 -2.624883729 -0.157856330 0.008384799 0.987426490 142.785530765
0.987390996 0.000352673 0.158300018 12.292289318 0.000788022 0.999974177 -0.007143078 -2.647633491 -0.158298449 0.007177755 0.987365222 143.812373576
0.987237675 0.000615002 0.159252616 12.447873301 0.000154205 0.999988383 -0.004817700 -2.668110859 -0.159253729 0.004780773 0.987226111 144.736278475
0.987070511 0.000388341 0.160286165 12.601960555 0.000187459 0.999993584 -0.003577192 -2.691538233 -0.160286526 0.003560988 0.987064106 145.649397463
0.986887596 -0.000739366 0.161407333 12.773923828 0.001158863 0.999996191 -0.002504868 -2.721255635 -0.161404866 0.002659072 0.986884694 146.640909878
0.986696983 -0.001694486 0.162561350 12.928867432 0.002048041 0.999995888 -0.002007348 -2.747881839 -0.162557280 0.002313577 0.986696396 147.527281993
0.986477632 -0.002678515 0.163874056 13.100836043 0.002917294 0.999995005 -0.001216442 -2.766718978 -0.163869979 0.001678062 0.986480519 148.484428929
0.986286888 -0.003696119 0.164998526 13.252986376 0.004032835 0.999990413 -0.001705762 -2.786649883 -0.164990640 0.002347782 0.986292338 149.339559787
0.986110769 -0.004325582 0.166032652 13.402686652 0.004661268 0.999987804 -0.001632192 -2.808329533 -0.166023566 0.002383445 0.986118905 150.180843612
0.985918068 -0.005817551 0.167127851 13.564903847 0.006108875 0.999980585 -0.001229071 -2.830942960 -0.167117456 0.002232727 0.985934466 151.089131436
0.985804158 -0.006207464 0.167784476 13.706163391 0.006453151 0.999978756 -0.000919105 -2.854313502 -0.167775206 0.001988797 0.985823273 151.899413277
0.985650485 -0.006006613 0.168692152 13.855685099 0.006188294 0.999980700 -0.000551288 -2.881585091 -0.168685585 0.001587294 0.985668633 152.772694698
0.985527225 -0.005494850 0.169428141 13.988268539 0.005697878 0.999983513 -0.000712130 -2.902747180 -0.169421435 0.001667205 0.985542286 153.546611867
0.985410032 -0.005484865 0.170108746 14.118176241 0.005753198 0.999982862 -0.001084527 -2.924350915 -0.170099882 0.002047373 0.985424699 154.302427041
0.985290320 -0.004739625 0.170823068 14.257945555 0.005036990 0.999986460 -0.001307410 -2.947110502 -0.170814558 0.002148612 0.985300853 155.108015461
0.985140538 -0.004252075 0.171697528 14.380056679 0.004589229 0.999988242 -0.001566770 -2.973554520 -0.171688847 0.002331448 0.985148468 155.826710924
0.984984181 -0.003499130 0.172609152 14.511872087 0.003869394 0.999990878 -0.001808674 -2.998523176 -0.172601249 0.002449408 0.984988736 156.591574182
0.984842056 -0.003603858 0.173416082 14.625427297 0.003980479 0.999990414 -0.001824055 -3.027476485 -0.173407846 0.002486685 0.984846960 157.270261135
0.984718320 -0.003365307 0.174122097 14.737818762 0.003703427 0.999991835 -0.001616982 -3.052411456 -0.174115233 0.002237120 0.984722743 157.925448019
0.984535754 -0.003622011 0.175146312 14.855742314 0.003863529 0.999991998 -0.001037993 -3.081195756 -0.175141151 0.001698624 0.984541869 158.627215302
0.984357885 -0.002728637 0.176159326 14.959233223 0.002950530 0.999995149 -0.000997696 -3.107517052 -0.176155749 0.001501853 0.984361162 159.244443711
0.984045603 -0.003385310 0.177884204 15.072203290 0.003526314 0.999993669 -0.000476523 -3.146307179 -0.177881465 0.001096196 0.984051311 159.904060505
0.983817081 -0.003547916 0.179140623 15.174348024 0.003650047 0.999993310 -0.000240516 -3.174088320 -0.179138571 0.000890495 0.983823449 160.479840484
0.983560777 -0.002861169 0.180554734 15.283971721 0.003043612 0.999995099 -0.000733415 -3.205497144 -0.180551751 0.001270896 0.983564665 161.099592848
0.983350698 -0.001610943 0.181710786 15.381897159 0.001934369 0.999996845 -0.001602686 -3.229911529 -0.181707631 0.001927498 0.983350711 161.649296286
0.983122098 -0.001617367 0.182943503 15.481727743 0.002184828 0.999993407 -0.002900331 -3.255786695 -0.182937606 0.003251079 0.983119150 162.190829376
0.982920548 -0.002273683 0.184016376 15.595058922 0.003186254 0.999984049 -0.004663648 -3.279417227 -0.184002837 0.005170318 0.982912114 162.779386631
0.982729503 -0.002204382 0.185034768 15.698993160 0.003284043 0.999979324 -0.005528635 -3.297714601 -0.185018755 0.006040815 0.982716423 163.310954993
0.982451808 -0.002069455 0.186505128 15.812681300 0.003202491 0.999978202 -0.005774015 -3.312942080 -0.186489114 0.006269973 0.982437020 163.895303236
0.982229328 -0.001248329 0.187680551 15.914529091 0.002481514 0.999976849 -0.006335852 -3.326232242 -0.187668297 0.006688992 0.982209686 164.422773247
0.982061754 -0.000936543 0.188557242 16.014766666 0.002249510 0.999974693 -0.006749346 -3.349528844 -0.188546149 0.007052436 0.982039008 164.952616807
0.981850004 -0.000860544 0.189657133 16.126921459 0.002160420 0.999975573 -0.006647181 -3.367860416 -0.189646780 0.006936274 0.981827880 165.528138227
0.981632176 -0.000988078 0.190780753 16.229435046 0.002330523 0.999974080 -0.006812339 -3.382445873 -0.190769077 0.007131830 0.981609034 166.048718239
0.981446244 -0.000524064 0.191736789 16.342046580 0.002014575 0.999969251 -0.007578874 -3.399222198 -0.191726921 0.007824525 0.981417121 166.615068400
0.981289146 0.000205428 0.192539787 16.442453684 0.001257691 0.999971257 -0.007476796 -3.418366523 -0.192535789 0.007579055 0.981260683 167.131211631
0.981102445 0.000141177 0.193488948 16.543698384 0.001347279 0.999970507 -0.007561109 -3.437540677 -0.193484309 0.007678906 0.981073319 167.644560796
0.980918100 -0.000399569 0.194420991 16.655296691 0.002056929 0.999963249 -0.008322788 -3.455881002 -0.194410520 0.008563884 0.980882873 168.207354318
0.980756231 -0.000797162 0.195234677 16.757654876 0.002584796 0.999957038 -0.008901735 -3.470738587 -0.195219193 0.009235074 0.980716157 168.715911074
0.980573847 -0.000632908 0.196149257 16.867941192 0.002435846 0.999956976 -0.008950562 -3.489814807 -0.196135153 0.009254477 0.980533200 169.274925595
0.980414486 -0.000163517 0.196945192 16.966409988 0.001951752 0.999958616 -0.008885800 -3.512907778 -0.196935589 0.009096155 0.980374232 169.782979310
0.980278109 -0.000035719 0.197622941 17.065407946 0.001750619 0.999962317 -0.008502940 -3.536432152 -0.197615190 0.008681209 0.980241232 170.287487842
0.980156535 -0.000666653 0.198223921 17.176091058 0.002368517 0.999962345 -0.008348590 -3.564367390 -0.198210891 0.008652422 0.980121206 170.838129844
0.980066671 -0.001882467 0.198659950 17.278403048 0.003645898 0.999957132 -0.008511215 -3.587576686 -0.198635412 0.009065852 0.980031522 171.334535817
0.979981683 -0.002601308 0.199070674 17.390719586 0.004386455 0.999954024 -0.008526906 -3.613192108 -0.199039341 0.009229426 0.979948039 171.877722369
0.979875137 -0.002353301 0.199597539 17.490127824 0.004174839 0.999953390 -0.008705669 -3.634129772 -0.199567748 0.009363756 0.979839290 172.368270327
0.979833717 -0.001784688 0.199806662 17.587000377 0.003599646 0.999955495 -0.008720661 -3.656245150 -0.199782206 0.009264031 0.979796534 172.861078436
0.979786749 -0.002330200 0.200031239 17.695404695 0.004203744 0.999951183 -0.008942034 -3.677113398 -0.200000637 0.009602167 0.979748714 173.396641367
0.979722635 -0.003147235 0.200333854 17.793901872 0.004959981 0.999951169 -0.008547354 -3.695329166 -0.200297171 0.009367688 0.979690405 173.884085662
0.979660981 -0.003210599 0.200634132 17.903380022 0.004909127 0.999956198 -0.007968844 -3.707357234 -0.200599759 0.008791704 0.979633831 174.414156013
0.979590603 -0.003763792 0.200967867 18.002740192 0.005462362 0.999953890 -0.007898078 -3.724915159 -0.200928874 0.008834642 0.979565994 174.895882842
0.979542660 -0.003731507 0.201202021 18.101679981 0.005515672 0.999950279 -0.008307640 -3.742018024 -0.201161017 0.009247452 0.979514538 175.372992482
0.979467020 -0.003772701 0.201569154 18.210664077 0.005600287 0.999948215 -0.008497287 -3.758503648 -0.201526658 0.009451658 0.979437426 175.896399451
0.979498759 -0.003667669 0.201416805 18.310268859 0.005567713 0.999945181 -0.008867680 -3.773083559 -0.201373240 0.009807313 0.979465484 176.369146639
0.979647848 -0.003753445 0.200688829 18.419675829 0.005870733 0.999933204 -0.009955993 -3.793421053 -0.200638055 0.010931558 0.979604447 176.890748310
0.979735555 -0.004214654 0.200251038 18.518358500 0.006532238 0.999919103 -0.010914066 -3.811650719 -0.200188840 0.012000986 0.979683829 177.364617750
0.979818031 -0.004242187 0.199846514 18.626417606 0.006540151 0.999919859 -0.010839873 -3.831537367 -0.199784513 0.011928129 0.979767252 177.885859913
0.979900652 -0.003677103 0.199452225 18.723779543 0.006014418 0.999920149 -0.011114055 -3.849602265 -0.199395432 0.012090259 0.979844522 178.359324917
0.979958542 -0.002824548 0.199181522 18.821467134 0.005291057 0.999915763 -0.011852034 -3.866741395 -0.199131267 0.012668383 0.979890938 178.833167170
0.979907742 -0.002761530 0.199432172 18.931996081 0.005436365 0.999902452 -0.012865902 -3.890281589 -0.199377189 0.013691583 0.979827167 179.356034748
0.979880243 -0.003018422 0.199563518 19.033182832 0.005802657 0.999893804 -0.013368213 -3.911710791 -0.199501974 0.014257247 0.979793699 179.833766904
0.979900784 -0.003557743 0.199453745 19.146824490 0.006371502 0.999889013 -0.013467240 -3.936614189 -0.199383695 0.014467379 0.979814695 180.363487217
0.979869554 -0.003700569 0.199604516 19.249631573 0.006485943 0.999890484 -0.013302380 -3.960979414 -0.199533430 0.014329220 0.979786244 180.846832193
0.979830093 -0.003460862 0.199802432 19.352209243 0.006374063 0.999882531 -0.013938987 -3.989935471 -0.199730721 0.014931393 0.979737053 181.332917168
0.979797298 -0.003924101 0.199954635 19.465505577 0.006943031 0.999872222 -0.014399081 -4.017251590 -0.199872582 0.015496472 0.979699347 181.871272700
0.979802226 -0.003493437 0.199938475 19.565633367 0.006470582 0.999877687 -0.014238784 -4.045814696 -0.199864278 0.015244911 0.979704988 182.370979282
0.979770706 -0.003429956 0.200093976 19.678812881 0.006406290 0.999878239 -0.014229099 -4.071219433 -0.200020807 0.015223114 0.979673381 182.918818933
0.979714263 -0.003404782 0.200370581 19.782382251 0.006439302 0.999874211 -0.014494751 -4.095633041 -0.200296025 0.015490961 0.979612950 183.419652146
0.979690715 -0.002762352 0.200495565 19.885499071 0.005661658 0.999887518 -0.013888748 -4.111600167 -0.200434647 0.014741815 0.979596157 183.921118401
0.979690019 -0.003164231 0.200493027 19.997254442 0.005867112 0.999899728 -0.012888414 -4.135906912 -0.200432141 0.013802965 0.979610349 184.477251172
0.979659996 -0.003481245 0.200634426 20.098892454 0.006039539 0.999908064 -0.012140338 -4.159579572 -0.200573717 0.013105143 0.979590955 184.980541731
0.979593460 -0.003733332 0.200954509 20.210335970 0.006165676 0.999915100 -0.011479419 -4.184048716 -0.200894592 0.012484184 0.979533311 185.531552489
0.979593136 -0.003485229 0.200960547 20.311263862 0.005863140 0.999919654 -0.011238738 -4.204961645 -0.200905231 0.012187650 0.979534864 186.028182938
0.979581748 -0.002827817 0.201026371 20.411573962 0.005181014 0.999924071 -0.011180746 -4.225708936 -0.200979490 0.011993975 0.979522021 186.522077227
0.979464565 -0.001954590 0.201606910 20.518343342 0.004214834 0.999932984 -0.010782474 -4.255546011 -0.201572324 0.011410791 0.979407164 187.069076321
0.979279527 -0.001177501 0.202509806 20.616602169 0.003459372 0.999934452 -0.010914375 -4.280510455 -0.202483680 0.011388781 0.979219411 187.560082990
0.979024475 -0.000861992 0.203740849 20.726650000 0.003289800 0.999927564 -0.011577774 -4.304367698 -0.203716111 0.012005191 0.978956394 188.096199065
0.978811980 -0.000550658 0.204760357 20.828304993 0.003076493 0.999923055 -0.012017425 -4.320510613 -0.204737984 0.012392743 0.978738360 188.578801608
0.978602447 -0.000799438 0.205758625 20.927658394 0.003395748 0.999919011 -0.012265408 -4.342858145 -0.205732155 0.012701662 0.978525906 189.060854128
0.978315418 -0.000160954 0.207120535 21.037393283 0.003135372 0.999896622 -0.014032627 -4.367221229 -0.207096865 0.014377735 0.978214787 189.585370547
0.978080294 0.001312845 0.208223955 21.135870679 0.002104767 0.999866706 -0.016190745 -4.391086939 -0.208217456 0.016274112 0.977947158 190.057845896
0.977854937 0.002273845 0.209271479 21.245504083 0.001323034 0.999853831 -0.017046031 -4.412814976 -0.209279650 0.016945419 0.977708996 190.574788377
0.977587815 0.002251959 0.210516014 21.345618172 0.001352074 0.999855009 -0.016974498 -4.432897470 -0.210523717 0.016878696 0.977443029 191.043800924
0.977345357 0.001617033 0.211644603 21.446850227 0.001745981 0.999875191 -0.015702066 -4.452645826 -0.211643578 0.015715868 0.977220552 191.512171932
0.977115304 0.000428933 0.212709891 21.556067681 0.002613595 0.999898268 -0.014022259 -4.478952898 -0.212694266 0.014257301 0.977014779 192.027933208
0.976870699 -0.001146114 0.213827792 21.657899380 0.003771052 0.999922457 -0.011868451 -4.501822699 -0.213797609 0.012400298 0.976799271 192.491031893
0.976585549 -0.002141462 0.215118755 21.767097926 0.004294570 0.999945252 -0.009542034 -4.527156727 -0.215086544 0.010242455 0.976541280 192.997803358
0.976353525 -0.001881048 0.216171820 21.865208054 0.003828937 0.999955754 -0.008592384 -4.546083437 -0.216146093 0.009216913 0.976317528 193.451254190
0.976180066 -0.001129058 0.216958991 21.970362079 0.003105897 0.999956712 -0.008770808 -4.569108394 -0.216939696 0.009235740 0.976141316 193.945408626
0.975993800 -0.001518380 0.217793014 22.068461451 0.003567685 0.999952986 -0.009016496 -4.587166128 -0.217769084 0.009577061 0.975953332 194.387326678
0.975790260 -0.002772236 0.218690838 22.167755728 0.004862351 0.999947499 -0.009019781 -4.605644777 -0.218654352 0.009864766 0.975752510 194.822609344
0.975624118 -0.003973428 0.219412378 22.276237547 0.006008989 0.999944872 -0.008610755 -4.625523370 -0.219366068 0.009719307 0.975594210 195.292359996
0.975472353 -0.004490752 0.220076174 22.372633904 0.006512833 0.999942975 -0.008463401 -4.644548512 -0.220025617 0.009689133 0.975445974 195.711032246
0.975242258 -0.005175896 0.221078603 22.473911131 0.007015074 0.999947007 -0.007534761 -4.668736663 -0.221027888 0.008899100 0.975226886 196.163841566
0.975044905 -0.004969698 0.221952103 22.564285867 0.006572812 0.999957372 -0.006484735 -4.687331702 -0.221910415 0.007781757 0.975036006 196.565818098
0.974887574 -0.004564774 0.222650806 22.652095538 0.006146138 0.999960567 -0.006410035 -4.704562451 -0.222612766 0.007617506 0.974877187 196.957313841
0.974748269 -0.004327631 0.223264604 22.750164341 0.006057570 0.999956701 -0.007064093 -4.720309074 -0.223224366 0.008238153 0.974732279 197.376957381
0.974616858 -0.004713505 0.223829765 22.838010175 0.006569743 0.999949924 -0.007549098 -4.732621425 -0.223782974 0.008827982 0.974599019 197.753745112
0.974426027 -0.004446887 0.224664512 22.931812507 0.006391030 0.999948157 -0.007927063 -4.749577692 -0.224617614 0.009160175 0.974403930 198.164437988
0.974271849 -0.005118834 0.225317913 23.016231927 0.007276570 0.999935269 -0.008746994 -4.766314421 -0.225258553 0.010161492 0.974246031 198.533642069
0.974174997 -0.005770640 0.225720568 23.101454682 0.008097943 0.999923160 -0.009386015 -4.779103745 -0.225649061 0.010971493 0.974146872 198.897216649
0.973957540 -0.006240871 0.226644571 23.192253786 0.008515260 0.999922712 -0.009058734 -4.791842785 -0.226570520 0.010752759 0.973935407 199.293316779
0.973794805 -0.006500684 0.227335476 23.275761175 0.008779382 0.999920834 -0.009013759 -4.804444580 -0.227258883 0.010773417 0.973774786 199.649288919
0.973597299 -0.007228360 0.228157952 23.365646578 0.009507163 0.999915284 -0.008890336 -4.823772612 -0.228074361 0.010824742 0.973583541 200.040610545
0.973450707 -0.007415250 0.228776604 23.445729105 0.009617354 0.999917521 -0.008512155 -4.838131995 -0.228694615 0.010486389 0.973441734 200.394910469
0.973249574 -0.006925936 0.229646027 23.523629308 0.009062086 0.999924917 -0.008248591 -4.852431683 -0.229571655 0.010109010 0.973239263 200.745066474
0.973035805 -0.006397686 0.230565375 23.607243060 0.008486610 0.999931429 -0.008069415 -4.867320153 -0.230497939 0.009808548 0.973023377 201.125153042
0.972875041 -0.007075424 0.231223037 23.684229619 0.009167291 0.999926187 -0.007973802 -4.880097174 -0.231149552 0.009877201 0.972868093 201.471648613
0.972608568 -0.007530543 0.232327064 23.767377257 0.009708075 0.999919001 -0.008230743 -4.895672138 -0.232246264 0.010260740 0.972602894 201.853719630
0.972442245 -0.007421306 0.233025758 23.848328681 0.010170427 0.999892115 -0.010598175 -4.909757644 -0.232921966 0.012676085 0.972412811 202.202650502
0.972261048 -0.007020654 0.233792998 23.928253653 0.010254227 0.999867807 -0.012618253 -4.926862975 -0.233673504 0.014665602 0.972204512 202.561537706
0.972018211 -0.006433340 0.234817396 24.023327562 0.009968591 0.999854095 -0.013871419 -4.942422607 -0.234693895 0.015824070 0.971940520 202.966443929
0.971798493 -0.005639598 0.235745381 24.107745384 0.009258522 0.999855643 -0.014246870 -4.964917463 -0.235631003 0.016027740 0.971710421 203.351283133
0.971591781 -0.006411710 0.236576206 24.209984237 0.009946796 0.999855959 -0.013752182 -4.987154242 -0.236453954 0.015714682 0.971515608 203.785047790
0.971366422 -0.006792045 0.237489245 24.304360736 0.010402286 0.999848558 -0.013951855 -5.010391028 -0.237358517 0.016022795 0.971289969 204.192378986
0.971135183 -0.006955231 0.238428354 24.403540301 0.010694123 0.999839248 -0.014391435 -5.029417243 -0.238289931 0.016525811 0.971053452 204.607762228
0.970919942 -0.005820865 0.239333623 24.509625395 0.009708948 0.999839308 -0.015069682 -5.051556854 -0.239207445 0.016955132 0.970820437 205.079328474
0.970753948 -0.005066268 0.240023133 24.609709507 0.009140723 0.999832360 -0.015865029 -5.073006500 -0.239902520 0.017595024 0.970637521 205.521558572
0.970507377 -0.004841280 0.241022807 24.726727674 0.009042069 0.999825835 -0.016326081 -5.100713236 -0.240901790 0.018023927 0.970382124 206.019965904
0.970310632 -0.005927464 0.241789457 24.840696978 0.010131078 0.999818319 -0.016145890 -5.123628159 -0.241649825 0.018116117 0.970194397 206.482403631
0.970121393 -0.006687962 0.242527843 24.959309008 0.010888348 0.999812977 -0.015982942 -5.144274752 -0.242375591 0.018146121 0.970012779 206.952896316
0.969945665 -0.008141060 0.243185383 25.092179101 0.012415197 0.999794138 -0.016048181 -5.171054547 -0.243004671 0.018585058 0.969847063 207.481274341
0.969818308 -0.007874338 0.243701547 25.212451257 0.012153104 0.999797187 -0.016058830 -5.195211822 -0.243525668 0.018535878 0.969717315 207.973328517
0.969705346 -0.007232747 0.244170492 25.343450170 0.011335691 0.999817115 -0.015402582 -5.223578226 -0.244014434 0.017703807 0.969609989 208.526079305
0.969636808 -0.006400391 0.244465734 25.466345350 0.010399086 0.999832368 -0.015069671 -5.245646650 -0.244328302 0.017154328 0.969540824 209.033396728
0.969575281 -0.006834394 0.244697908 25.600598118 0.010801950 0.999831001 -0.014875749 -5.269078567 -0.244554887 0.017066373 0.969485248 209.598267507
0.969513301 -0.008387232 0.244895109 25.728374324 0.012429190 0.999810778 -0.014964040 -5.289824398 -0.244723262 0.017551684 0.969434094 210.113738409
0.969448663 -0.008123014 0.245159756 25.851812505 0.012195117 0.999811670 -0.015096505 -5.312824431 -0.244990956 0.017625038 0.969365148 210.636257500
0.969327610 -0.007444849 0.245659436 25.989365973 0.011460748 0.999822979 -0.014921828 -5.336564274 -0.245504859 0.017279581 0.969241343 211.211556879
0.969246836 -0.006457652 0.246005833 26.113100208 0.010325312 0.999842494 -0.014435189 -5.363129340 -0.245873868 0.016531348 0.969160851 211.735858619
0.969155943 -0.006941654 0.246350506 26.255187660 0.010785913 0.999840161 -0.014258903 -5.387361117 -0.246212149 0.016476216 0.969075906 212.315736418
0.969192805 -0.007147678 0.246199548 26.380186964 0.011061636 0.999833417 -0.014518187 -5.411325900 -0.246054764 0.016794292 0.969110419 212.850219814
0.969123055 -0.007003183 0.246478110 26.511320717 0.011072224 0.999824279 -0.015126678 -5.436168295 -0.246328864 0.017388673 0.969030301 213.391166745
0.969084131 -0.006189205 0.246652874 26.653207566 0.010271918 0.999830655 -0.015269214 -5.465172686 -0.246516600 0.017330751 0.968983597 213.993532111
0.969044932 -0.005757632 0.246817279 26.785242811 0.009939669 0.999827321 -0.015701286 -5.490999266 -0.246684257 0.017668534 0.968934828 214.548147048
0.968957750 -0.006041672 0.247152540 26.934733843 0.010522747 0.999803262 -0.016813961 -5.519469828 -0.247002331 0.018892741 0.968830694 215.166379447
0.968753790 -0.006234705 0.247946007 27.078636431 0.010943108 0.999784940 -0.017615986 -5.546145945 -0.247782853 0.019778853 0.968613677 215.742658713
0.968544974 -0.005345666 0.248781143 27.227389979 0.010182219 0.999783277 -0.018158248 -5.572141210 -0.248630158 0.020120224 0.968389499 216.329671937
0.968298727 -0.004623076 0.249752282 27.398219207 0.009637848 0.999775685 -0.018859797 -5.601808909 -0.249609069 0.020668992 0.968126079 216.987786870
0.968133233 -0.004838039 0.250388970 27.559375530 0.010027470 0.999760469 -0.019453920 -5.626167365 -0.250234875 0.021344754 0.967949848 217.596127580
0.967884537 -0.005251519 0.251340295 27.737648623 0.010420703 0.999760588 -0.019239953 -5.658261582 -0.251179082 0.021241196 0.967707539 218.280463609
0.967675174 -0.005082127 0.252148624 27.901049722 0.010022575 0.999782069 -0.018312920 -5.690692018 -0.252000605 0.020248136 0.967515224 218.914300460
0.967408278 -0.005078466 0.253170757 28.065220640 0.009682351 0.999809588 -0.016942271 -5.724030728 -0.253036509 0.018841381 0.967273243 219.555585192
0.967096778 -0.005866605 0.254341119 28.250338368 0.009870940 0.999846572 -0.014470524 -5.752571632 -0.254217203 0.016504983 0.967006308 220.266238642
0.966868226 -0.007242086 0.255173246 28.417010079 0.010774265 0.999864482 -0.012447190 -5.779663106 -0.255048521 0.014784097 0.966815226 220.915037872
0.966590220 -0.008138376 0.256197412 28.602554347 0.011348988 0.999874477 -0.011055797 -5.805213677 -0.256075277 0.013594006 0.966561253 221.621497478
0.966354953 -0.007857760 0.257092123 28.761595796 0.010899388 0.999886432 -0.010407981 -5.831167670 -0.256981142 0.012859951 0.966330851 222.270419096
0.966135771 -0.007677168 0.257920014 28.926014627 0.010710819 0.999888979 -0.010358985 -5.854202628 -0.257811851 0.012770721 0.966110738 222.912370854
0.965900471 -0.008206274 0.258783571 29.110881568 0.011351239 0.999878739 -0.010660985 -5.875640996 -0.258664704 0.013234965 0.965876497 223.613703185
0.965680517 -0.007203064 0.259632922 29.277101142 0.010398538 0.999886128 -0.010936290 -5.898055141 -0.259524582 0.013260765 0.965645454 224.246724467
0.965397145 -0.006470760 0.260703818 29.458443372 0.009621719 0.999895257 -0.010811875 -5.923507088 -0.260606551 0.012946172 0.965358287 224.942116378
0.965149741 -0.005832025 0.261633263 29.624828405 0.008961839 0.999901830 -0.010771046 -5.949344239 -0.261544762 0.012740387 0.965107258 225.572281191
0.964913386 -0.006764668 0.262481231 29.793484458 0.009897474 0.999894675 -0.010615041 -5.974388140 -0.262381778 0.012840496 0.964878709 226.197208279
0.964659711 -0.007173449 0.263401183 29.978035465 0.010111584 0.999900847 -0.009800638 -6.003257729 -0.263304762 0.012117684 0.964636597 226.882543068
0.964362360 -0.007884634 0.264467525 30.145542346 0.010590451 0.999905136 -0.008806925 -6.027953542 -0.264372997 0.011293898 0.964354378 227.501653476
0.964184207 -0.007098329 0.265138507 30.325985551 0.009760235 0.999914315 -0.008723529 -6.061114560 -0.265053866 0.010998903 0.964170873 228.181990171
0.963998703 -0.007937932 0.265788429 30.492433471 0.010498763 0.999911137 -0.008215434 -6.088305032 -0.265699597 0.010710117 0.963996378 228.797500368
0.963822548 -0.009526506 0.266374439 30.658103833 0.011822345 0.999905495 -0.007016579 -6.114326901 -0.266282422 0.009911908 0.963844088 229.411858439
0.963685435 -0.011612589 0.266787425 30.873582010 0.013984138 0.999877777 -0.006991110 -6.145362254 -0.266673632 0.010468023 0.963730042 230.202088537
0.963595146 -0.011647190 0.267111844 31.003659264 0.014088285 0.999874658 -0.007224214 -6.165004738 -0.266994222 0.010724366 0.963638456 230.686822707
0.963472092 -0.010704222 0.267594747 31.182778796 0.013351246 0.999878268 -0.008074278 -6.189596270 -0.267475743 0.011352065 0.963497721 231.349398475
0.963425319 -0.009928287 0.267792987 31.344584918 0.013013320 0.999867808 -0.009747782 -6.214992264 -0.267660808 0.012876136 0.963427162 231.950462296
0.963363698 -0.010719924 0.267984084 31.510337183 0.014266712 0.999834470 -0.011291280 -6.237486468 -0.267818683 0.014700861 0.963357171 232.542793857
