1.000000000 -0.000000000 0.000000000 -0.000000000 0.000000000 1.000000000 -0.000000000 0.000000000 -0.000000000 0.000000000 1.000000000 -0.000000000
0.999999997 -0.000059481 0.000047523 0.001594949 0.000059469 0.999999965 0.000259524 -0.008841457 -0.000047539 -0.000259521 0.999999965 0.378129962
0.999999954 0.000279954 -0.000115766 0.001761474 -0.000279889 0.999999801 0.000564974 -0.015443441 0.000115925 -0.000564941 0.999999834 0.719392180
0.999999963 0.000270635 0.000026228 0.002728252 -0.000270642 0.999999935 0.000238162 -0.022383564 -0.000026164 -0.000238169 0.999999971 1.057971998
0.999999986 0.000152559 0.000073793 0.004297373 -0.000152568 0.999999981 0.000119456 -0.029362556 -0.000073775 -0.000119467 0.999999990 1.427949409
0.999999935 -0.000076110 0.000352322 0.005922333 0.000075947 0.999999890 0.000461942 -0.035511832 -0.000352357 -0.000461916 0.999999831 1.761711358
0.999999861 -0.000260284 0.000459099 0.008943243 0.000260169 0.999999934 0.000251947 -0.043437056 -0.000459165 -0.000251827 0.999999863 2.092600714
0.999999959 -0.000083997 0.000272505 0.010679595 0.000084025 0.999999991 -0.000102776 -0.051972967 -0.000272496 0.000102799 0.999999958 2.452600657
0.999999977 0.000201114 -0.000074328 0.012094744 -0.000201099 0.999999960 0.000201001 -0.059487230 0.000074369 -0.000200986 0.999999977 2.777161313
0.999999700 0.000601917 -0.000486687 0.012082927 -0.000601821 0.999999800 0.000196730 -0.067100119 0.000486805 -0.000196437 0.999999862 3.130258446
0.999999624 0.000560690 -0.000661470 0.012731530 -0.000560574 0.999999828 0.000174327 -0.073762621 0.000661568 -0.000173956 0.999999766 3.447807760
0.999999423 0.000455036 -0.000972601 0.013841639 -0.000454740 0.999999850 0.000304761 -0.081401683 0.000972740 -0.000304318 0.999999481 3.762392344
0.999999004 0.000246005 -0.001389994 0.014468384 -0.000245208 0.999999805 0.000573910 -0.088962123 0.001390135 -0.000573569 0.999998869 4.105077316
0.999998288 0.000194009 -0.001839944 0.014848671 -0.000193299 0.999999907 0.000385992 -0.095424340 0.001840019 -0.000385636 0.999998233 4.412665993
0.999997242 -0.000038331 -0.002348266 0.015503398 0.000038005 0.999999990 -0.000139035 -0.102369830 0.002348271 0.000138945 0.999997233 4.716695928
0.999995815 0.000317858 -0.002875719 0.014598917 -0.000318213 0.999999942 -0.000122857 -0.109362491 0.002875680 0.000123771 0.999995858 5.047962847
0.999994831 0.000866985 -0.003096039 0.013136172 -0.000867036 0.999999624 -0.000015055 -0.115089815 0.003096025 0.000017740 0.999995207 5.345794709
0.999993839 0.001098229 -0.003334167 0.011982031 -0.001097942 0.999999393 0.000087909 -0.120904614 0.003334262 -0.000084248 0.999994438 5.640300569
0.999992664 0.001216275 -0.003632276 0.011504448 -0.001216313 0.999999260 -0.000008158 -0.127853468 0.003632263 0.000012576 0.999993403 5.961377110
0.999992371 0.001054326 -0.003761227 0.011834758 -0.001055053 0.999999425 -0.000191339 -0.133759070 0.003761023 0.000195306 0.999992908 6.249964697
0.999991931 0.001044412 -0.003879126 0.011388158 -0.001045700 0.999999399 -0.000330023 -0.139388446 0.003878779 0.000334076 0.999992422 6.564447066
0.999990988 0.001148120 -0.004087154 0.010152969 -0.001149627 0.999999272 -0.000366316 -0.144544731 0.004086730 0.000371011 0.999991580 6.846790515
0.999991227 0.000995756 -0.004068597 0.009511624 -0.000997647 0.999999395 -0.000462930 -0.150262688 0.004068133 0.000466985 0.999991616 7.126213036
0.999991385 0.000988996 -0.004031359 0.008625466 -0.000991696 0.999999285 -0.000667892 -0.157585253 0.004030695 0.000671884 0.999991651 7.429317941
0.999990960 0.001132296 -0.004098614 0.007488910 -0.001133632 0.999999305 -0.000323661 -0.163946144 0.004098244 0.000328305 0.999991548 7.702390991
0.999990555 0.001484770 -0.004084723 0.005959570 -0.001484054 0.999998883 0.000178315 -0.169577677 0.004084983 -0.000172252 0.999991642 7.972809677
0.999989377 0.001994799 -0.004155276 0.003949250 -0.001994448 0.999998007 0.000088571 -0.175576476 0.004155445 -0.000080282 0.999991363 8.266345886
0.999988800 0.002234648 -0.004172183 0.002327843 -0.002235915 0.999997456 -0.000298913 -0.180542207 0.004171505 0.000308238 0.999991252 8.530367921
0.999988652 0.002508399 -0.004050125 0.000238094 -0.002507973 0.999996849 0.000110259 -0.185079192 0.004050389 -0.000100100 0.999991792 8.791798264
0.999989831 0.002193112 -0.003940539 0.000198685 -0.002191082 0.999997465 0.000519524 -0.191281740 0.003941669 -0.000510885 0.999992101 9.077067758
0.999990761 0.002036096 -0.003785711 -0.000794258 -0.002035899 0.999997926 0.000055909 -0.196125389 0.003785817 -0.000048201 0.999992833 9.332588726
0.999992250 0.001818828 -0.003491575 -0.001638522 -0.001818644 0.999998345 0.000055722 -0.201276066 0.003491671 -0.000049371 0.999993903 9.611077490
0.999992229 0.001958906 -0.003421155 -0.002508582 -0.001958178 0.999998059 0.000216079 -0.206092543 0.003421572 -0.000209378 0.999994124 9.862032671
0.999992173 0.002325910 -0.003200553 -0.003620866 -0.002325240 0.999997274 0.000213161 -0.210812766 0.003201040 -0.000205717 0.999994855 10.111443090
0.999991238 0.002746327 -0.003159497 -0.004381840 -0.002749185 0.999995815 -0.000900727 -0.216978096 0.003157010 0.000909406 0.999994603 10.387302929
0.999991114 0.002694753 -0.003241946 -0.004607142 -0.002700335 0.999994877 -0.001718679 -0.221800972 0.003237298 0.001727418 0.999993268 10.641719371
0.999991596 0.002425590 -0.003305082 -0.004581524 -0.002433152 0.999994427 -0.002286115 -0.226796814 0.003299518 0.002294138 0.999991925 10.900475400
0.999990830 0.002344518 -0.003583711 -0.005281575 -0.002353567 0.999994048 -0.002522829 -0.232296836 0.003577775 0.002531241 0.999990396 11.191226628
0.999990151 0.002449301 -0.003701148 -0.006235662 -0.002459207 0.999993400 -0.002674402 -0.237063655 0.003694574 0.002683478 0.999989574 11.461116469
0.999988395 0.002414702 -0.004168920 -0.007100002 -0.002427598 0.999992276 -0.003090948 -0.241611980 0.004161424 0.003101033 0.999986533 11.737804437
0.999985463 0.002335832 -0.004859715 -0.008095968 -0.002352967 0.999991025 -0.003523367 -0.247565647 0.004851441 0.003534750 0.999981984 12.050363375
0.999981552 0.002227222 -0.005651068 -0.009347898 -0.002248630 0.999990309 -0.003784809 -0.252698891 0.005642584 0.003797446 0.999976870 12.343519534
0.999975373 0.002411538 -0.006590754 -0.011716323 -0.002436740 0.999989741 -0.003818422 -0.258796427 0.006581478 0.003834388 0.999970990 12.676534377
0.999968880 0.002835183 -0.007362144 -0.015208950 -0.002866472 0.999986891 -0.004242848 -0.264147316 0.007350018 0.004263819 0.999963898 12.990281640
0.999963561 0.002962557 -0.008006286 -0.018252517 -0.003000750 0.999984156 -0.004762682 -0.269932996 0.007992049 0.004786533 0.999956607 13.314736326
0.999956889 0.002672411 -0.008892627 -0.021613042 -0.002719099 0.999982562 -0.005242275 -0.276012861 0.008878463 0.005266229 0.999946718 13.685138779
0.999950992 0.002754826 -0.009509215 -0.025201859 -0.002808134 0.999980393 -0.005597225 -0.281487709 0.009493609 0.005623654 0.999939121 14.035066696
0.999943337 0.003014670 -0.010209489 -0.029491796 -0.003074448 0.999978194 -0.005844527 -0.287080966 0.010191647 0.005875585 0.999930802 14.397531850
0.999937870 0.002871814 -0.010770753 -0.033906755 -0.002934985 0.999978559 -0.005853826 -0.293490327 0.010753711 0.005885075 0.999924859 14.812000516
0.999936388 0.002614511 -0.010971949 -0.037575918 -0.002682159 0.999977459 -0.006155342 -0.300014113 0.010955608 0.006184379 0.999920861 15.201335050
0.999935970 0.002857152 -0.010949533 -0.042021558 -0.002926149 0.999975933 -0.006290501 -0.306503385 0.010931297 0.006322138 0.999920265 15.604277248
0.999932935 0.003380568 -0.011076867 -0.047360918 -0.003449622 0.999974700 -0.006220902 -0.313853667 0.011055557 0.006258696 0.999919298 16.062491692
0.999929768 0.003266176 -0.011392566 -0.051061326 -0.003338120 0.999974572 -0.006301694 -0.322201708 0.011371694 0.006339282 0.999915245 16.492722800
0.999931059 0.003106162 -0.011323839 -0.055162268 -0.003182142 0.999972506 -0.006697908 -0.332126883 0.011302723 0.006733480 0.999913451 16.980598418
0.999934668 0.002902582 -0.011056010 -0.059124384 -0.002981277 0.999970293 -0.007108076 -0.340924747 0.011035050 0.007140572 0.999913616 17.438257110
0.999934200 0.002845885 -0.011112872 -0.063844488 -0.002923428 0.999971451 -0.006967804 -0.348311877 0.011092725 0.006999833 0.999913973 17.909870905
0.999928638 0.003385106 -0.011456887 -0.070036845 -0.003469209 0.999967125 -0.007329006 -0.357017827 0.011431701 0.007368229 0.999907508 18.442718665
0.999927530 0.003771554 -0.011432877 -0.075776712 -0.003858244 0.999963904 -0.007570036 -0.365928821 0.011403914 0.007613598 0.999905988 18.941181582
0.999930764 0.003467793 -0.011244668 -0.081286019 -0.003556671 0.999962519 -0.007893686 -0.374874108 0.011216873 0.007933133 0.999905619 19.451632713
0.999930156 0.003378591 -0.011325542 -0.087358620 -0.003465899 0.999964362 -0.007698154 -0.385240897 0.011299129 0.007736870 0.999906231 20.028786155
0.999927075 0.003259516 -0.011628461 -0.093113194 -0.003342863 0.999968813 -0.007155288 -0.394734658 0.011604776 0.007193639 0.999906786 20.566742118
0.999927705 0.003409191 -0.011530888 -0.100043749 -0.003488157 0.999970557 -0.006835033 -0.404057513 0.011507246 0.006874760 0.999910156 21.117273685
0.999929957 0.003484351 -0.011311085 -0.107946910 -0.003562184 0.999970068 -0.006868259 -0.414128315 0.011286815 0.006908070 0.999912439 21.735788769
0.999925580 0.004035393 -0.011513055 -0.114526471 -0.004098952 0.999976461 -0.005502349 -0.424015743 0.011490580 0.005549131 0.999918584 22.311426880
0.999926812 0.003576521 -0.011557654 -0.121120687 -0.003613140 0.999988514 -0.003149057 -0.435670887 0.011546259 0.003190586 0.999928249 22.953232838
0.999928745 0.003254963 -0.011485175 -0.127055772 -0.003265699 0.999994248 -0.000916104 -0.446197428 0.011482127 0.000953546 0.999933624 23.538990904
0.999924859 0.003178746 -0.011839391 -0.133288316 -0.003168456 0.999994586 0.000887819 -0.455712347 0.011842149 -0.000850240 0.999929518 24.123415879
0.999920227 0.003403739 -0.012163644 -0.140653881 -0.003376445 0.999991738 0.002263726 -0.465673221 0.012171249 -0.002222475 0.999923458 24.764276547
0.999919521 0.003510665 -0.012191249 -0.147520891 -0.003480299 0.999990791 0.002511088 -0.474629960 0.012199952 -0.002468457 0.999922531 25.343920405
0.999914986 0.003597377 -0.012533138 -0.154369645 -0.003564723 0.999990196 0.002626759 -0.484073884 0.012542465 -0.002581858 0.999918007 25.921785545
0.999909208 0.003519244 -0.013007306 -0.161225809 -0.003484834 0.999990371 0.002667205 -0.495103762 0.013016567 -0.002621634 0.999911844 26.555569541
0.999908352 0.003251515 -0.013142117 -0.167295445 -0.003215325 0.999990984 0.002773893 -0.504502458 0.013151018 -0.002731383 0.999909791 27.129967582
0.999905383 0.003593552 -0.013278250 -0.174273658 -0.003552577 0.999988859 0.003108182 -0.513421703 0.013289272 -0.003060716 0.999907009 27.702880370
0.999896880 0.004135452 -0.013752331 -0.182734322 -0.004087276 0.999985419 0.003529347 -0.523104012 0.013766726 -0.003472774 0.999899203 28.330197765
0.999895274 0.003951652 -0.013922098 -0.189147725 -0.003907421 0.999987237 0.003202847 -0.532796843 0.013934577 -0.003148112 0.999897953 28.897721301
0.999893813 0.003769872 -0.014076605 -0.196419135 -0.003722950 0.999987432 0.003358032 -0.543341153 0.014089088 -0.003305269 0.999895281 29.518831267
0.999885681 0.004157450 -0.014537551 -0.203299102 -0.004103653 0.999984629 0.003728441 -0.552782239 0.014552828 -0.003668358 0.999887373 30.081005357
0.999881238 0.004316773 -0.014794406 -0.210374053 -0.004262905 0.999984177 0.003670700 -0.561508037 0.014810017 -0.003607197 0.999883819 30.639504084
0.999879180 0.004441149 -0.014896387 -0.218150104 -0.004391745 0.999984753 0.003347546 -0.571404546 0.014911027 -0.003281720 0.999883439 31.250199561
0.999873279 0.004689624 -0.015212902 -0.225096485 -0.004634889 0.999982666 0.003631210 -0.581055993 0.015229667 -0.003560240 0.999877683 31.802347650
0.999865839 0.004737886 -0.015679781 -0.232028371 -0.004678859 0.999981838 0.003799051 -0.590066012 0.015697495 -0.003725178 0.999869847 32.351398762
0.999866381 0.004290737 -0.015773729 -0.239789485 -0.004246367 0.999986936 0.002845362 -0.599861122 0.015785731 -0.002778001 0.999871538 32.950607234
0.999863190 0.004376574 -0.015951388 -0.246441402 -0.004342970 0.999988278 0.002140689 -0.609234336 0.015960570 -0.002071119 0.999870477 33.493059701
0.999854691 0.004346885 -0.016483343 -0.254267007 -0.004314606 0.999988705 0.001993333 -0.619211578 0.016491821 -0.001921924 0.999862154 34.086536365
0.999853313 0.003919836 -0.016672982 -0.261056744 -0.003897134 0.999991435 0.001393891 -0.628507928 0.016678303 -0.001328710 0.999860025 34.622996734
0.999852077 0.004232005 -0.016670769 -0.269098910 -0.004216584 0.999990649 0.000960037 -0.638017142 0.016674676 -0.000889601 0.999860572 35.157048886
0.999849864 0.004524574 -0.016726575 -0.278126863 -0.004506691 0.999989232 0.001106653 -0.648321169 0.016731402 -0.001031105 0.999859489 35.743331040
0.999847337 0.004764758 -0.016810709 -0.287006983 -0.004743901 0.999987928 0.001280368 -0.656635933 0.016816606 -0.001200424 0.999857870 36.274361534
0.999855445 0.004360431 -0.016434011 -0.293755108 -0.004345496 0.999990112 0.000944380 -0.665911469 0.016437966 -0.000872829 0.999864507 36.803721330
0.999857156 0.004296888 -0.016346398 -0.302083415 -0.004289569 0.999990683 0.000482793 -0.675657063 0.016348321 -0.000412605 0.999866272 37.383751544
0.999856310 0.004397438 -0.016371348 -0.310278322 -0.004390722 0.999990261 0.000446102 -0.684250541 0.016373150 -0.000374156 0.999865881 37.909417933
0.999859420 0.004609585 -0.016121173 -0.318214824 -0.004602526 0.999989296 0.000474948 -0.692854425 0.016123190 -0.000400683 0.999869933 38.433430880
0.999865460 0.004443549 -0.015789791 -0.326597611 -0.004437014 0.999990056 0.000448922 -0.702051742 0.015791629 -0.000378803 0.999875233 39.007584807
0.999862537 0.004927405 -0.015831233 -0.334535270 -0.004913734 0.999987520 0.000902282 -0.710412390 0.015835481 -0.000824368 0.999874271 39.528089001
0.999863654 0.004983720 -0.015742797 -0.342869466 -0.004963909 0.999986838 0.001297214 -0.720270739 0.015749055 -0.001218891 0.999875233 40.097800022
0.999869311 0.004676360 -0.015475527 -0.350146372 -0.004659877 0.999988537 0.001101029 -0.729858597 0.015480498 -0.001028771 0.999879641 40.613301794
0.999873430 0.004448047 -0.015275434 -0.357665195 -0.004429817 0.999989436 0.001227005 -0.738772131 0.015280730 -0.001159183 0.999882571 41.126839743
0.999873739 0.004363338 -0.015279619 -0.365035667 -0.004345892 0.999989867 0.001174780 -0.748293711 0.015284590 -0.001108228 0.999882570 41.689612778
0.999873374 0.004656352 -0.015216933 -0.373561986 -0.004643942 0.999988855 0.000850805 -0.756823511 0.015220725 -0.000780031 0.999883854 42.198040015
0.999877418 0.004675499 -0.014942832 -0.381008417 -0.004663703 0.999988785 0.000824190 -0.765449546 0.014946518 -0.000754400 0.999888010 42.705328495
0.999878687 0.004745453 -0.014835463 -0.388916333 -0.004727786 0.999988073 0.001225716 -0.775320644 0.014841103 -0.001155429 0.999889197 43.260107514
0.999875966 0.004673362 -0.015040368 -0.395775531 -0.004651450 0.999988070 0.001491509 -0.784858579 0.015047159 -0.001421364 0.999885775 43.761889429
0.999878581 0.003913920 -0.015083281 -0.402157725 -0.003889476 0.999991075 0.001649604 -0.796370826 0.015089603 -0.001590738 0.999884880 44.310786074
0.999876248 0.003854250 -0.015252311 -0.409043734 -0.003823854 0.999990646 0.002021552 -0.806263395 0.015259960 -0.001962979 0.999881633 44.807314866
0.999869860 0.004169154 -0.015584673 -0.417588517 -0.004131962 0.999988540 0.002417844 -0.814144753 0.015594575 -0.002353134 0.999875628 45.300896015
0.999860128 0.004473202 -0.016115686 -0.427034507 -0.004437623 0.999987639 0.002242796 -0.823169654 0.016125519 -0.002170967 0.999867619 45.840232669
0.999855460 0.004235467 -0.016465739 -0.434581050 -0.004203545 0.999989219 0.001972765 -0.832114114 0.016473917 -0.001903265 0.999862484 46.327732724
0.999847131 0.003890376 -0.017046388 -0.442401008 -0.003845492 0.999989055 0.002665022 -0.841798636 0.017056569 -0.002599063 0.999851148 46.813447874
0.999829509 0.003996687 -0.018027190 -0.452191642 -0.003938422 0.999986910 0.003266403 -0.852079051 0.018040009 -0.003194847 0.999832161 47.344360650
0.999813601 0.004226349 -0.018838806 -0.462851482 -0.004165241 0.999985940 0.003281804 -0.859921593 0.018852411 -0.003202724 0.999817148 47.824184356
0.999802301 0.003906323 -0.019496142 -0.472467638 -0.003848680 0.999988114 0.002993306 -0.867926912 0.019507603 -0.002917680 0.999805451 48.300687335
0.999785561 0.003814024 -0.020354004 -0.483733518 -0.003752704 0.999988307 0.003050035 -0.876386988 0.020365399 -0.002972999 0.999788183 48.821937719
0.999765359 0.004273284 -0.021235960 -0.494996321 -0.004200460 0.999985148 0.003472677 -0.884002646 0.021250484 -0.003382661 0.999768460 49.294080772
0.999741843 0.004417378 -0.022287527 -0.507492017 -0.004338400 0.999984142 0.003590728 -0.893285257 0.022303035 -0.003493109 0.999745154 49.810210932
0.999726219 0.004228303 -0.023013214 -0.518711167 -0.004152186 0.999985754 0.003354291 -0.901145125 0.023027070 -0.003257818 0.999729534 50.276150699
0.999708241 0.004168174 -0.023792015 -0.529546049 -0.004087904 0.999985791 0.003421480 -0.909441396 0.023805938 -0.003323223 0.999711075 50.739886005
0.999678555 0.004557516 -0.024940229 -0.542613148 -0.004471445 0.999983858 0.003505791 -0.919192470 0.024955804 -0.003393145 0.999682797 51.246856053
0.999656394 0.004643851 -0.025797860 -0.554739470 -0.004554668 0.999983451 0.003514681 -0.927966396 0.025813754 -0.003395973 0.999661001 51.704668025
0.999641757 0.004388619 -0.026402607 -0.566523640 -0.004303948 0.999985415 0.003262884 -0.936535029 0.026416542 -0.003148080 0.999646065 52.159398133
0.999618985 0.004619402 -0.027212963 -0.580423812 -0.004525711 0.999983622 0.003503450 -0.944785112 0.027228701 -0.003378957 0.999623519 52.655465898
0.999590814 0.004978465 -0.028167698 -0.593702287 -0.004883574 0.999982170 0.003436590 -0.952932091 0.028184304 -0.003297624 0.999597304 53.102702099
0.999564847 0.005122505 -0.029049564 -0.606617332 -0.005020861 0.999981020 0.003570856 -0.961485054 0.029067304 -0.003423448 0.999571594 53.546557008
0.999545525 0.005260071 -0.029682899 -0.620864529 -0.005151895 0.999979811 0.003719710 -0.971522618 0.029701866 -0.003565097 0.999552444 54.031057068
0.999527350 0.005486232 -0.030248590 -0.634032950 -0.005368476 0.999977698 0.003972751 -0.979886383 0.030269711 -0.003808485 0.999534512 54.466486293
0.999508999 0.006143806 -0.030724832 -0.648882852 -0.006004135 0.999971228 0.004636068 -0.987720853 0.030752431 -0.004449316 0.999517129 54.941029832
0.999496759 0.006485290 -0.031051085 -0.662209015 -0.006348983 0.999969781 0.004486342 -0.995154000 0.031079241 -0.004286941 0.999507730 55.366331438
0.999490681 0.006785604 -0.031182289 -0.674702560 -0.006661116 0.999969432 0.004094428 -1.003265888 0.031209119 -0.003884634 0.999505328 55.787195736
0.999495736 0.006516496 -0.031077466 -0.686861770 -0.006393626 0.999971354 0.004051378 -1.012113946 0.031102976 -0.003850638 0.999508768 56.246213283
0.999497348 0.006632963 -0.031000905 -0.698703042 -0.006497760 0.999968943 0.004459988 -1.019436138 0.031029525 -0.004256310 0.999509406 56.659548735
0.999493858 0.007108356 -0.031008049 -0.710973479 -0.006972782 0.999965663 0.004478183 -1.026106881 0.031038817 -0.004259704 0.999509103 57.068530625
0.999493125 0.007613756 -0.030911562 -0.724769854 -0.007490742 0.999963566 0.004093392 -1.032851248 0.030941602 -0.003859766 0.999513742 57.513495369
0.999501565 0.007545124 -0.030654408 -0.735677814 -0.007434871 0.999965482 0.003709016 -1.039893209 0.030681335 -0.003479255 0.999523162 57.914280048
0.999508887 0.007395065 -0.030451568 -0.747452683 -0.007281697 0.999966145 0.003832131 -1.047843431 0.030478876 -0.003608510 0.999528897 58.351081760
0.999510672 0.007457462 -0.030377671 -0.758393457 -0.007330805 0.999963976 0.004278630 -1.054663597 0.030408484 -0.004053843 0.999529334 58.744412041
0.999506781 0.007750357 -0.030432323 -0.770003092 -0.007627223 0.999962259 0.004160159 -1.061273644 0.030463417 -0.003925993 0.999528172 59.133050605
0.999502116 0.008124406 -0.030487946 -0.782953854 -0.007992163 0.999958130 0.004456903 -1.067940675 0.030522879 -0.004211020 0.999525198 59.557592221
0.999498067 0.008239043 -0.030589736 -0.794361621 -0.008103573 0.999956814 0.004549933 -1.074843731 0.030625902 -0.004299763 0.999521669 59.938197495
0.999489567 0.008478991 -0.030801172 -0.806228449 -0.008356157 0.999956622 0.004114497 -1.081377189 0.030834723 -0.003855017 0.999517063 60.314847846
0.999476689 0.008335676 -0.031254824 -0.818406421 -0.008226022 0.999959558 0.003635330 -1.089565530 0.031283863 -0.003376324 0.999504838 60.724702909
0.999456579 0.008412139 -0.031871346 -0.829857905 -0.008291876 0.999958002 0.003903698 -1.095777530 0.031902846 -0.003637304 0.999484356 61.094845469
0.999450497 0.008387352 -0.032067984 -0.840603315 -0.008259646 0.999957431 0.004112768 -1.102499674 0.032101114 -0.003845637 0.999477228 61.461837484
0.999445096 0.008185147 -0.032287834 -0.852375837 -0.008072337 0.999960856 0.003622682 -1.110695036 0.032316222 -0.003360033 0.999472047 61.860188493
0.999430244 0.008543238 -0.032652727 -0.865142165 -0.008431282 0.999958102 0.003564825 -1.116147548 0.032681814 -0.003287490 0.999460400 62.219557268
0.999417261 0.008695654 -0.033007933 -0.878303413 -0.008586240 0.999957169 0.003455070 -1.121817429 0.033036563 -0.003169643 0.999449118 62.611167608
0.999402755 0.008973780 -0.033370729 -0.890235773 -0.008886898 0.999956727 0.002750934 -1.127942995 0.033393971 -0.002452728 0.999439256 62.964014664
0.999401579 0.008777733 -0.033457974 -0.901464010 -0.008695516 0.999958808 0.002602045 -1.134303707 0.033479436 -0.002309554 0.999436738 63.315801769
0.999402540 0.008575432 -0.033481715 -0.914596388 -0.008501930 0.999961127 0.002337038 -1.139807727 0.033500455 -0.002050982 0.999436598 63.702593919
0.999405687 0.008922503 -0.033296559 -0.927216645 -0.008859279 0.999958663 0.002045849 -1.144096680 0.033313437 -0.001749649 0.999443422 64.055031327
0.999411148 0.009115697 -0.033079631 -0.939436796 -0.009054193 0.999956993 0.002008610 -1.148794566 0.033096519 -0.001707918 0.999450701 64.408471687
0.999411623 0.009236330 -0.033031783 -0.953090963 -0.009181141 0.999956192 0.001822089 -1.154406693 0.033047166 -0.001517747 0.999452641 64.797321435
0.999418072 0.009371640 -0.032797719 -0.964685243 -0.009324162 0.999955249 0.001600244 -1.160623154 0.032811249 -0.001293501 0.999460729 65.151627199
0.999422347 0.009208151 -0.032713632 -0.976462176 -0.009175192 0.999957237 0.001157480 -1.166648997 0.032722891 -0.000856658 0.999464096 65.506417437
0.999435502 0.008620624 -0.032470941 -0.988274373 -0.008598295 0.999962692 0.000827250 -1.173775129 0.032476861 -0.000547588 0.999472338 65.898876606
0.999436610 0.008536863 -0.032458975 -1.000094478 -0.008514226 0.999963404 0.000835548 -1.179462012 0.032464920 -0.000558715 0.999472719 66.258262733
0.999434601 0.009004723 -0.032394334 -1.013678773 -0.008993221 0.999959435 0.000500764 -1.185233081 0.032397530 -0.000209151 0.999475040 66.656016074
0.999434723 0.009093236 -0.032365842 -1.026179736 -0.009114054 0.999958343 -0.000495730 -1.190641895 0.032359986 0.000790434 0.999475966 67.019555417
0.999450027 0.008438962 -0.032069111 -1.036610325 -0.008513131 0.999961393 -0.002176962 -1.198051413 0.032049502 0.002448773 0.999483283 67.385805487
0.999485218 0.007920370 -0.031089662 -1.047419936 -0.008040511 0.999960676 -0.003741204 -1.206394719 0.031058808 0.003989255 0.999509598 67.793593103
0.999531074 0.008165211 -0.029512040 -1.058206406 -0.008292847 0.999956772 -0.004205071 -1.212930003 0.029476429 0.004447838 0.999555580 68.171645093
0.999579355 0.009167769 -0.027514827 -1.069610748 -0.009267106 0.999950987 -0.003484975 -1.218008645 0.027481529 0.003738492 0.999615321 68.556787606
0.999645169 0.010119452 -0.024640084 -1.079257443 -0.010180809 0.999945375 -0.002365940 -1.223918556 0.024614796 0.002615956 0.999693587 68.991321228
0.999717045 0.010590497 -0.021299583 -1.086134482 -0.010647692 0.999940000 -0.002573630 -1.230087535 0.021271049 0.002799693 0.999769826 69.394544890
0.999815212 0.010158743 -0.016320008 -1.090338127 -0.010207401 0.999943695 -0.002900970 -1.238988481 0.016289619 0.003067019 0.999862611 69.848764171
0.999896395 0.008803977 -0.011388145 -1.089266168 -0.008829239 0.999958667 -0.002169952 -1.248390720 0.011368570 0.002270276 0.999932798 70.272982169
0.999948945 0.007793236 -0.006432130 -1.086556550 -0.007803819 0.999968234 -0.001621897 -1.256514211 0.006419285 0.001672010 0.999977998 70.708167800
0.999968539 0.007895413 -0.000763356 -1.082890828 -0.007896890 0.999966915 -0.001951381 -1.263073236 0.000747924 0.001957347 0.999997805 71.200544305
0.999952072 0.008575815 0.004723164 -1.078726320 -0.008559611 0.999957448 -0.003440382 -1.266571184 -0.004752467 0.003399788 0.999982928 71.660720022
0.999910368 0.008717610 0.010161690 -1.070927629 -0.008662738 0.999947727 -0.005431420 -1.271764417 -0.010208508 0.005342905 0.999933618 72.133278674
0.999835183 0.008757217 0.015903415 -1.058551420 -0.008665397 0.999945440 -0.005833376 -1.280039606 -0.015953632 0.005694605 0.999856516 72.669704864
0.999742287 0.007828816 0.021308880 -1.042908430 -0.007740831 0.999961184 -0.004208379 -1.289728223 -0.021341000 0.004042346 0.999764083 73.173256728
0.999609213 0.007363115 0.026966748 -1.024519463 -0.007268023 0.999967026 -0.003622595 -1.298710566 -0.026992532 0.003425185 0.999629767 73.689649208
0.999420473 0.007576890 0.033185982 -1.002615639 -0.007454000 0.999964902 -0.003825211 -1.306274551 -0.033213801 0.003575626 0.999441873 74.272865040
0.999224525 0.007683892 0.038617450 -0.978710169 -0.007533515 0.999963470 -0.004038024 -1.313354297 -0.038647067 0.003743967 0.999245909 74.816033609
0.998962383 0.006721129 0.045044246 -0.946549247 -0.006533292 0.999969344 -0.004315977 -1.323373477 -0.045071873 0.004017211 0.998975670 75.428423899
0.998682443 0.006380297 0.050918275 -0.913967779 -0.006183273 0.999972779 -0.004026001 -1.332901583 -0.050942576 0.003705855 0.998694708 75.998563043
0.998385976 0.006834512 0.056380244 -0.878002736 -0.006644112 0.999971577 -0.003563833 -1.341727899 -0.056402999 0.003183484 0.998403008 76.581240398
0.998004189 0.006674539 0.062794017 -0.833091386 -0.006447345 0.999971919 -0.003820022 -1.352362651 -0.062817750 0.003407544 0.998019198 77.233921294
0.997628408 0.006090567 0.068559933 -0.786915853 -0.005842010 0.999975619 -0.003825308 -1.361906336 -0.068581559 0.003415708 0.997639666 77.838550164
0.997261124 0.005958301 0.073720749 -0.737522381 -0.005709614 0.999977279 -0.003583663 -1.371001709 -0.073740427 0.003152931 0.997272485 78.453114611
0.996804047 0.005815641 0.079673525 -0.679151219 -0.005593406 0.999979820 -0.003012214 -1.380436277 -0.079689435 0.002556940 0.996816461 79.139708067
0.996343809 0.005742643 0.085241054 -0.621127764 -0.005524168 0.999980825 -0.002798681 -1.389621265 -0.085255491 0.002317562 0.996356427 79.773603207
0.995888422 0.005838747 0.090399997 -0.560024468 -0.005643302 0.999981154 -0.002417450 -1.398563419 -0.090412409 0.001897356 0.995902604 80.415649356
0.995385796 0.005433190 0.095799783 -0.487196108 -0.005243166 0.999983756 -0.002235171 -1.408566410 -0.095810371 0.001722563 0.995398114 81.131947105
0.994987672 0.004437650 0.099899148 -0.416614873 -0.004230554 0.999988441 -0.002284799 -1.417641919 -0.099908132 0.001850718 0.994994945 81.792400441
0.994728265 0.003769422 0.102476683 -0.336548081 -0.003613409 0.999992013 -0.001708007 -1.426934798 -0.102482303 0.001328713 0.994733940 82.530360859
0.994597783 0.002728251 0.103768044 -0.262113353 -0.002581059 0.999995464 -0.001552723 -1.436288964 -0.103771810 0.001276503 0.994600313 83.210130303
0.994518375 0.002370814 0.104535073 -0.186630603 -0.002184643 0.999995817 -0.001895402 -1.446053591 -0.104539129 0.001656640 0.994519394 83.899416202
0.994537257 0.002934180 0.104340958 -0.104746924 -0.002703186 0.999993573 -0.002355189 -1.456611222 -0.104347198 0.002060271 0.994538796 84.669512149
0.994609843 0.002968177 0.103645794 -0.028642209 -0.002675358 0.999992028 -0.002964098 -1.466898782 -0.103653765 0.002670832 0.994609855 85.380569445
0.994717891 0.003046991 0.102601328 0.047367521 -0.002716706 0.999990669 -0.003358695 -1.478588998 -0.102610605 0.003062216 0.994716888 86.101431067
0.994886299 0.002733057 0.100964268 0.131046780 -0.002371690 0.999990346 -0.003699011 -1.492692969 -0.100973403 0.003440639 0.994883176 86.905325040
0.995045175 0.002159658 0.099400376 0.206285281 -0.001820263 0.999992201 -0.003504982 -1.505099226 -0.099407171 0.003306681 0.995041346 87.647550590
0.995285838 0.002239514 0.096959195 0.279530235 -0.001933831 0.999992860 -0.003246556 -1.516080403 -0.096965773 0.003043749 0.995283062 88.399711257
0.995637883 0.001819994 0.093283937 0.358633544 -0.001496643 0.999992628 -0.003536144 -1.529434660 -0.093289685 0.003381106 0.995633267 89.237655717
0.996008947 0.002096178 0.089228822 0.426768775 -0.001856479 0.999994442 -0.002769253 -1.542815867 -0.089234131 0.002592549 0.996007303 90.007982586
0.996430342 0.001869579 0.084398330 0.497104582 -0.001770366 0.999997651 -0.001250363 -1.556947880 -0.084400469 0.001096484 0.996431312 90.859051704
0.996799301 0.001491909 0.079930770 0.558926366 -0.001492572 0.999998885 -0.000051451 -1.570749406 -0.079930757 -0.000068017 0.996800416 91.632570537
0.997174248 0.001581579 0.075106706 0.615731173 -0.001652247 0.999998249 0.000878778 -1.583588364 -0.075105185 -0.001000389 0.997175115 92.404702713
0.997575936 0.001033975 0.069578607 0.674369968 -0.001143311 0.999998174 0.001531595 -1.596956267 -0.069576897 -0.001607433 0.997575296 93.252088468
0.997932642 0.001078467 0.064259468 0.721876490 -0.001200170 0.999997559 0.001855349 -1.609485958 -0.064257310 -0.001928636 0.997931500 94.018548513
0.998270127 0.001314453 0.058779475 0.764523992 -0.001425614 0.999997274 0.001849248 -1.622675426 -0.058776884 -0.001929846 0.998269279 94.783299803
0.998601736 0.001561556 0.052840654 0.806884029 -0.001670953 0.999996551 0.002026217 -1.637012219 -0.052837308 -0.002111678 0.998600901 95.622484849
0.998883609 0.002428132 0.047176687 0.840180987 -0.002516044 0.999995207 0.001804152 -1.649538094 -0.047172080 -0.001920837 0.998884931 96.383387045
0.999120864 0.002358575 0.041856140 0.870636044 -0.002436889 0.999995374 0.001820092 -1.662619224 -0.041851653 -0.001920491 0.999121990 97.142585194
0.999351241 0.002345849 0.035938762 0.898645147 -0.002406618 0.999995747 0.001647728 -1.676366563 -0.035934744 -0.001733150 0.999352636 97.973947721
0.999522824 0.002750456 0.030766210 0.919524527 -0.002821198 0.999993475 0.002256189 -1.689037481 -0.030759804 -0.002341910 0.999524062 98.727001181
0.999679488 0.003789275 0.025031230 0.936799026 -0.003856725 0.999989060 0.002646910 -1.703520827 -0.025020926 -0.002742601 0.999683165 99.550809401
0.999793472 0.004107806 0.019903258 0.949891910 -0.004166247 0.999987129 0.002895707 -1.716798677 -0.019891107 -0.002978031 0.999797717 100.296332513
0.999883409 0.003967923 0.014745272 0.959489615 -0.004010959 0.999987780 0.002890165 -1.729659671 -0.014733624 -0.002948970 0.999887106 101.037407486
0.999950677 0.003796246 0.009177840 0.965612829 -0.003824833 0.999987883 0.003099245 -1.742513376 -0.009165963 -0.003134196 0.999953080 101.849076284
0.999981755 0.004199034 0.004342467 0.967200833 -0.004212053 0.999986649 0.002993251 -1.754617832 -0.004329840 -0.003011487 0.999986092 102.582599580
0.999989609 0.004558262 -0.000058292 0.965348253 -0.004558068 0.999985146 0.002988679 -1.766952431 0.000071915 -0.002988382 0.999995532 103.312929913
0.999975862 0.005335093 -0.004451073 0.959878090 -0.005320250 0.999980270 0.003339957 -1.780070787 0.004468804 -0.003316195 0.999984516 104.112956024
0.999955219 0.005233903 -0.007884619 0.953220074 -0.005205917 0.999980091 0.003565852 -1.791189220 0.007903125 -0.003524645 0.999962558 104.836980492
0.999920727 0.005437071 -0.011356827 0.943921946 -0.005384081 0.999974501 0.004691277 -1.802038901 0.011382045 -0.004629759 0.999924504 105.631333938
0.999886194 0.005146925 -0.014181276 0.934145579 -0.005078744 0.999975392 0.004839693 -1.812529600 0.014205837 -0.004767119 0.999887728 106.350530597
0.999850226 0.005289822 -0.016478584 0.922209419 -0.005228634 0.999979284 0.003754087 -1.822823849 0.016498101 -0.003667364 0.999857171 107.068768740
0.999807294 0.006133468 -0.018648198 0.906348003 -0.006082940 0.999977676 0.002765052 -1.832582913 0.018664742 -0.002651083 0.999822284 107.862693071
0.999781775 0.005955583 -0.020023329 0.892055461 -0.005913112 0.999980142 0.002179614 -1.840249479 0.020035913 -0.002060738 0.999797137 108.588409492
0.999753123 0.005887837 -0.021424881 0.877621499 -0.005834419 0.999979716 0.002554900 -1.848525589 0.021439489 -0.002429268 0.999767196 109.318844665
0.999720863 0.005547793 -0.022965585 0.860247807 -0.005491937 0.999981808 0.002494515 -1.859122534 0.022979006 -0.002367693 0.999733144 110.126733204
0.999695298 0.005318258 -0.024104514 0.843415151 -0.005271008 0.999984061 0.002023323 -1.867831621 0.024114891 -0.001895651 0.999707396 110.865807686
0.999660816 0.006036249 -0.025334105 0.824276653 -0.005990196 0.999980266 0.001893336 -1.876055508 0.025345033 -0.001740938 0.999677247 111.610829232
0.999629138 0.006085048 -0.026543521 0.802621505 -0.006037198 0.999980004 0.001882448 -1.886358236 0.026554445 -0.001721501 0.999645886 112.436421778
0.999594065 0.006449475 -0.027750838 0.781570514 -0.006399205 0.999977720 0.001899912 -1.896306649 0.027762473 -0.001721558 0.999613066 113.193273423
0.999556332 0.006993675 -0.028952164 0.757143097 -0.006942269 0.999974143 0.001875699 -1.907705452 0.028964534 -0.001673873 0.999579038 114.031777392
0.999529213 0.006687594 -0.029943745 0.734465363 -0.006641545 0.999976605 0.001637074 -1.917578896 0.029953993 -0.001437431 0.999550245 114.800489293
0.999480635 0.007853389 -0.031253548 0.709048045 -0.007820705 0.999968736 0.001167893 -1.928155000 0.031261743 -0.000922862 0.999510806 115.575463207
0.999438476 0.008081320 -0.032518074 0.680883186 -0.008058545 0.999967184 0.000831362 -1.939358823 0.032523726 -0.000568847 0.999470802 116.436594070
0.999398880 0.007714252 -0.033798945 0.655135049 -0.007693265 0.999970124 0.000750951 -1.949277586 0.033803729 -0.000490475 0.999428370 117.226469937
0.999338005 0.007691122 -0.035558376 0.627957321 -0.007665340 0.999970250 0.000861327 -1.959492326 0.035563943 -0.000588190 0.999367230 118.023894401
0.999269019 0.007049866 -0.037572962 0.595473277 -0.007012715 0.999974783 0.001120478 -1.971167005 0.037579914 -0.000856171 0.999293259 118.908522906
0.999176204 0.007281648 -0.039923559 0.562690369 -0.007222752 0.999972605 0.001619248 -1.981559356 0.039934256 -0.001329556 0.999201425 119.720251229
0.999082601 0.006355918 -0.042350418 0.525505050 -0.006301114 0.999979129 0.001427436 -1.993279456 0.042358607 -0.001159271 0.999101799 120.620549725
0.998986761 0.006719709 -0.044500527 0.489105251 -0.006657798 0.999976652 0.001539306 -2.003913733 0.044509832 -0.001241470 0.999008175 121.447076583
0.998885241 0.006159471 -0.046801024 0.450968562 -0.006119160 0.999980773 0.001004553 -2.014843409 0.046806312 -0.000717050 0.998903727 122.279821471
0.998768908 0.006005910 -0.049240192 0.406169114 -0.005993537 0.999981959 0.000398922 -2.027205302 0.049241699 -0.000103308 0.998786886 123.204553526
0.998667453 0.005943413 -0.051263960 0.363293366 -0.005936185 0.999982338 0.000293243 -2.038060411 0.051264798 0.000011460 0.998685096 124.052949602
0.998570074 0.006272481 -0.053089208 0.318132175 -0.006272836 0.999980313 0.000159946 -2.049877710 0.053089166 0.000173303 0.998589761 124.908139630
0.998463479 0.006946071 -0.054976667 0.266056459 -0.006918250 0.999975826 0.000696341 -2.062220182 0.054980174 -0.000314929 0.998487397 125.857816177
0.998380904 0.006611971 -0.056496477 0.217651225 -0.006577058 0.999978048 0.000803888 -2.073782559 0.056500552 -0.000431006 0.998402475 126.727359822
0.998275527 0.007186263 -0.058260879 0.166548166 -0.007104637 0.999973469 0.001608070 -2.084617828 0.058270889 -0.001191375 0.998300097 127.604342899
0.998175158 0.006844364 -0.059995911 0.109223051 -0.006759998 0.999975856 0.001609046 -2.097931121 0.060005476 -0.001200538 0.998197326 128.574710432
0.998058616 0.007381742 -0.061842619 0.055150750 -0.007261515 0.999971283 0.002168617 -2.109927923 0.061856851 -0.001715336 0.998083557 129.463263276
0.997941674 0.006822681 -0.063764143 -0.005435674 -0.006724668 0.999975855 0.001751601 -2.123428813 0.063774554 -0.001319203 0.997963459 130.444970946
0.997823442 0.006356960 -0.065635105 -0.062829543 -0.006275496 0.999979262 0.001447260 -2.134758656 0.065642944 -0.001032217 0.997842642 131.342280355
0.997711539 0.005667998 -0.067376243 -0.122170732 -0.005577187 0.999983268 0.001535836 -2.145526850 0.067383821 -0.001156551 0.997726457 132.243737460
0.997574765 0.006327428 -0.069314879 -0.190740150 -0.006185512 0.999978312 0.002261845 -2.159056183 0.069327687 -0.001827611 0.997592267 133.240740184
0.997473333 0.005775823 -0.070806701 -0.253721621 -0.005632966 0.999981677 0.002217077 -2.171507932 0.070818209 -0.001812624 0.997487592 134.151489226
0.997380224 0.005966199 -0.072090862 -0.318734683 -0.005782508 0.999979482 0.002756487 -2.183296121 0.072105829 -0.002332399 0.997394260 135.066012202
0.997291563 0.005845189 -0.073316932 -0.391431812 -0.005599401 0.999977995 0.003557493 -2.196140587 0.073336113 -0.003137326 0.997302347 136.074035091
0.997209802 0.006361379 -0.074378388 -0.459653798 -0.006063429 0.999972666 0.004230995 -2.208003372 0.074403270 -0.003768202 0.997221116 136.991193028
0.997151292 0.006804034 -0.075119949 -0.533180427 -0.006466614 0.999967885 0.004734072 -2.221092450 0.075149748 -0.004234815 0.997163267 138.001802155
0.997120554 0.007970369 -0.075412693 -0.601973641 -0.007607084 0.999958043 0.005103326 -2.233008306 0.075450204 -0.004514961 0.997139349 138.919699817
0.997125072 0.007792485 -0.075371527 -0.668634423 -0.007423729 0.999959071 0.005171449 -2.244309803 0.075408740 -0.004597043 0.997142111 139.838176515
0.997116387 0.008266245 -0.075435937 -0.743532809 -0.007935759 0.999957561 0.004679715 -2.256473344 0.075471419 -0.004067579 0.997139669 140.847904700
0.997123782 0.008290131 -0.075335496 -0.811071741 -0.007983484 0.999958580 0.004370666 -2.267725612 0.075368609 -0.003756655 0.997148665 141.766838719
0.997116891 0.008658455 -0.075385260 -0.878576471 -0.008391422 0.999957348 0.003858274 -2.279946614 0.075415451 -0.003214561 0.997147018 142.684517819
0.997113755 0.008905720 -0.075397926 -0.952372378 -0.008651699 0.999955746 0.003695036 -2.294219480 0.075427496 -0.003032051 0.997146679 143.693720555
0.997103492 0.009979655 -0.075399155 -1.020798674 -0.009742929 0.999946387 0.003506823 -2.306696902 0.075430110 -0.002762057 0.997147266 144.610131143
0.997115376 0.009919550 -0.075249780 -1.087740785 -0.009644362 0.999945413 0.004019498 -2.319212334 0.075285544 -0.003282167 0.997156615 145.526329643
0.997108693 0.010504507 -0.075258947 -1.161142086 -0.010212125 0.999938743 0.004268797 -2.333385352 0.075299179 -0.003487901 0.997154887 146.532711658
0.997127060 0.010704189 -0.074986973 -1.228172853 -0.010393044 0.999935692 0.004538312 -2.345924672 0.075030729 -0.003745931 0.997174186 147.446394718
0.997135028 0.010913487 -0.074850733 -1.300057824 -0.010582834 0.999932418 0.004812719 -2.359474658 0.074898198 -0.004006798 0.997183135 148.451109536
0.997148785 0.010834399 -0.074678750 -1.364544253 -0.010470171 0.999931315 0.005267039 -2.371779830 0.074730686 -0.004470122 0.997193734 149.364194912
0.997153567 0.011190656 -0.074562279 -1.428944771 -0.010843675 0.999928419 0.005056786 -2.384156794 0.074613531 -0.004233863 0.997203538 150.276011762
0.997154262 0.011257739 -0.074542875 -1.500453470 -0.010964406 0.999930457 0.004343162 -2.397617514 0.074586586 -0.003513484 0.997208352 151.277358371
