1.000000000 -0.000000000 0.000000000 0.000000000 0.000000000 1.000000000 -0.000000000 0.000000000 -0.000000000 0.000000000 1.000000000 -0.000000000
0.999999572 -0.000897359 -0.000224985 0.010239865 0.000896980 0.999998188 -0.001678971 0.008518871 0.000226492 0.001678769 0.999998565 1.174443482
0.999996947 0.002471059 -0.000024356 0.013545459 -0.002471035 0.999996480 0.000965961 0.012690505 0.000026743 -0.000965898 0.999999533 2.248549210
0.999995619 0.002958435 0.000102933 0.021409396 -0.002958923 0.999982520 0.005119105 0.020177157 -0.000087787 -0.005119387 0.999986892 3.321743371
0.999994028 0.003454202 -0.000113841 0.032226410 -0.003453282 0.999967523 0.007282010 0.030467522 0.000138990 -0.007281573 0.999973479 4.501021530
0.999995149 0.003102199 -0.000280229 0.041767790 -0.003099875 0.999963636 0.007944665 0.042188941 0.000304865 -0.007943758 0.999968401 5.569555923
0.999997559 0.002133409 -0.000574867 0.051960563 -0.002129246 0.999972190 0.007147427 0.054835257 0.000590099 -0.007146186 0.999974292 6.742213415
0.999996613 0.002477075 -0.000799393 0.054749069 -0.002472213 0.999978780 0.006027268 0.069005379 0.000814306 -0.006025272 0.999981516 7.811148740
0.999995040 0.003011675 -0.000922100 0.048195137 -0.003006726 0.999981317 0.005322226 0.084609304 0.000938112 -0.005319427 0.999985412 8.886506274
0.999990865 0.004112054 -0.001166241 0.038792068 -0.004106181 0.999979097 0.004994557 0.100874694 0.001186755 -0.004989723 0.999986847 10.069048279
0.999987910 0.004756521 -0.001247412 0.043441379 -0.004749026 0.999971060 0.005943546 0.111807389 0.001275647 -0.005937550 0.999981559 11.139893801
0.999989378 0.004460131 -0.001162723 0.072414157 -0.004452215 0.999967486 0.006723442 0.114623730 0.001192672 -0.006718194 0.999976721 12.212560326
0.999980108 0.006189692 -0.001212624 0.092303479 -0.006182015 0.999961450 0.006235527 0.121490233 0.001251173 -0.006227907 0.999979824 13.379772819
0.999985679 0.005227428 -0.001147157 0.117880231 -0.005220868 0.999970414 0.005649282 0.125891883 0.001176654 -0.005643212 0.999983385 14.439461909
0.999983900 0.005532062 -0.001263460 0.136711116 -0.005523436 0.999962087 0.006731804 0.132852939 0.001300652 -0.006724717 0.999976543 15.494673631
0.999982532 0.005761248 -0.001320626 0.156835197 -0.005750348 0.999950547 0.008113949 0.140299237 0.001367308 -0.008106213 0.999966209 16.650193479
0.999983727 0.005511926 -0.001471142 0.173292814 -0.005499128 0.999948190 0.008566083 0.148899149 0.001518282 -0.008557854 0.999962228 17.694627415
0.999995306 0.002645910 -0.001545187 0.192487383 -0.002631682 0.999954784 0.009138095 0.159230239 0.001569296 -0.009133986 0.999957053 18.735883571
0.999991775 0.003681984 -0.001701036 0.211227339 -0.003667815 0.999959166 0.008259151 0.168253277 0.001731377 -0.008252844 0.999964446 19.874986720
0.999987293 0.004681777 -0.001869272 0.224474376 -0.004672184 0.999976061 0.005103823 0.176692486 0.001893123 -0.005095024 0.999985228 20.904242174
0.999992677 0.003090201 -0.002257632 0.239952866 -0.003081252 0.999987425 0.003956835 0.187658458 0.002269831 -0.003949850 0.999989623 21.929123682
0.999975474 0.006700991 -0.002036921 0.249002928 -0.006689642 0.999962343 0.005528138 0.195100995 0.002073889 -0.005514376 0.999982645 23.057261273
0.999955208 0.009300626 -0.001755281 0.260829669 -0.009287269 0.999928965 0.007470734 0.199375175 0.001824639 -0.007454098 0.999970553 24.081953400
0.999937559 0.011030130 -0.001792739 0.272709708 -0.011015529 0.999907642 0.007960277 0.208039178 0.001880376 -0.007940032 0.999966709 25.102005303
0.999912749 0.013111806 -0.001604949 0.286048767 -0.013097017 0.999874606 0.008901760 0.218662476 0.001721466 -0.008879964 0.999959091 26.223764956
0.999889410 0.014750297 -0.001896310 0.337105803 -0.014735410 0.999862251 0.007638564 0.227828187 0.002008720 -0.007609777 0.999969028 27.251657134
0.999846115 0.017331531 -0.002713560 0.345734596 -0.017316792 0.999835663 0.005364313 0.220454623 0.002806086 -0.005316498 0.999981930 28.277011525
0.999803412 0.019558066 -0.003258789 0.357255783 -0.019544511 0.999800413 0.004140825 0.210842877 0.003339125 -0.004076319 0.999986117 29.407361134
0.999732947 0.022812529 -0.003691023 0.365032941 -0.022788726 0.999720027 0.006367250 0.208085237 0.003835243 -0.006281436 0.999972917 30.438388241
0.999689003 0.024639501 -0.003846189 0.413346828 -0.024606367 0.999661618 0.008436649 0.195124336 0.004052762 -0.008339384 0.999957014 31.496620140
0.999626030 0.026926536 -0.004771008 0.413976480 -0.026885821 0.999603202 0.008401837 0.194833441 0.004995347 -0.008270422 0.999953322 32.639697003
0.999627747 0.026694031 -0.005638750 0.412471759 -0.026651379 0.999616589 0.007508568 0.195348957 0.005837022 -0.007355493 0.999955912 33.674599911
0.999622875 0.026607107 -0.006794834 0.418552101 -0.026555986 0.999619147 0.007505991 0.204589904 0.006991959 -0.007322717 0.999948744 34.815634294
0.999624766 0.026346752 -0.007495089 0.449018972 -0.026285398 0.999621094 0.008169868 0.193340550 0.007707499 -0.007969791 0.999938537 35.876991994
0.999620945 0.026314938 -0.008092575 0.470133543 -0.026247898 0.999621159 0.008281657 0.191700004 0.008307440 -0.008066105 0.999932960 36.935402933
0.999604642 0.027023556 -0.007764513 0.494396685 -0.026959009 0.999602074 0.008300894 0.190390192 0.007985743 -0.008088288 0.999935402 38.105591266
0.999588436 0.027948864 -0.006466858 0.515904588 -0.027888358 0.999568110 0.009264600 0.197054065 0.006723000 -0.009080437 0.999936171 39.167703012
0.999584494 0.028458811 -0.004575437 0.540043863 -0.028408768 0.999539615 0.010653662 0.206351878 0.004876521 -0.010519253 0.999932780 40.232110771
0.999567222 0.029335844 -0.002185740 0.569909037 -0.029311425 0.999515465 0.010472565 0.221675154 0.002491902 -0.010403966 0.999942772 41.402141008
0.999586376 0.028757351 0.000301358 0.597535638 -0.028758909 0.999543359 0.009273534 0.249895446 -0.000034538 -0.009278365 0.999956954 42.457887852
0.999636863 0.026820968 0.002603591 0.623847550 -0.026842077 0.999604031 0.008442954 0.275069799 -0.002376112 -0.008509774 0.999960968 43.522107150
0.999651200 0.025861008 0.005355919 0.652792263 -0.025908302 0.999624191 0.008957460 0.292284560 -0.005122257 -0.009093098 0.999945538 44.708119265
0.999672056 0.024368908 0.007870040 0.714914831 -0.024446459 0.999651993 0.009912777 0.321120035 -0.007625737 -0.010101921 0.999919896 45.781069883
0.999677049 0.023279148 0.010192122 0.773498658 -0.023378560 0.999679179 0.009745832 0.342006126 -0.009961977 -0.009980962 0.999900565 46.862008359
0.999649272 0.023323032 0.012544673 0.840447328 -0.023429756 0.999689952 0.008428872 0.350995791 -0.012344197 -0.008719834 0.999885786 48.061432790
0.999679036 0.020809584 0.014449407 0.898406109 -0.020923377 0.999750894 0.007769261 0.361326810 -0.014284133 -0.008069097 0.999865418 49.158006496
0.999663082 0.020585523 0.015810054 0.958003725 -0.020712324 0.999754274 0.007898851 0.369059103 -0.015643567 -0.008223653 0.999843813 50.257046491
0.999710333 0.016312890 0.017695727 1.030486059 -0.016468834 0.999826504 0.008702891 0.369615877 -0.017550688 -0.008991798 0.999805542 51.469025689
0.999720506 0.014662644 0.018545013 1.086905814 -0.014808477 0.999860306 0.007751000 0.361505790 -0.018428772 -0.008023458 0.999797982 52.574168500
0.999724480 0.013939827 0.018885076 1.138994045 -0.013997598 0.999897735 0.002930343 0.347901861 -0.018842297 -0.003193881 0.999817367 53.678965485
0.999722313 0.013218584 0.019508084 1.186885160 -0.013212020 0.999912609 -0.000465351 0.346311312 -0.019512530 0.000207481 0.999809591 54.892129329
0.999665741 0.015609959 0.020609109 1.229501643 -0.015643113 0.999876590 0.001448461 0.340652569 -0.020583956 -0.001770367 0.999786561 55.998887446
0.999619596 0.017010736 0.021709417 1.269469010 -0.017120220 0.999841591 0.004867276 0.337103889 -0.021623182 -0.005237094 0.999752475 57.106230396
0.999625537 0.016532583 0.021805045 1.294015969 -0.016653483 0.999846876 0.005374667 0.332623890 -0.021712849 -0.005735784 0.999747795 58.320340793
0.999650347 0.015329831 0.021544829 1.318089744 -0.015436670 0.999869319 0.004801385 0.327429593 -0.021468409 -0.005132287 0.999756354 59.426863928
0.999696303 0.013205622 0.020806548 1.333514985 -0.013303129 0.999901135 0.004554917 0.316245352 -0.020744340 -0.004830326 0.999773144 60.638088280
0.999730177 0.012339187 0.019680403 1.358526054 -0.012439761 0.999910141 0.004996134 0.310499681 -0.019616986 -0.005239606 0.999793839 61.742397241
0.999773301 0.011156766 0.018134843 1.384157258 -0.011264739 0.999919364 0.005862707 0.299146440 -0.018067972 -0.006065663 0.999818362 62.848764306
0.999784276 0.012812588 0.016347462 1.404951104 -0.012900683 0.999902763 0.005294902 0.279224158 -0.016278031 -0.005504654 0.999852351 63.956146809
0.999801339 0.013650177 0.014524316 1.440260451 -0.013719369 0.999894956 0.004674966 0.262326867 -0.014458976 -0.004873301 0.999883588 65.175134731
0.999786665 0.015909991 0.013171794 1.467496999 -0.015993916 0.999852298 0.006290939 0.246163211 -0.013069760 -0.006500266 0.999893458 66.285229840
0.999760203 0.018510842 0.011699800 1.493870563 -0.018608236 0.999792640 0.008271078 0.240970853 -0.011544269 -0.008486807 0.999897347 67.393754673
0.999722785 0.021445588 0.009717986 1.509106509 -0.021524323 0.999735745 0.008071137 0.239854505 -0.009542327 -0.008278073 0.999920206 68.619070158
0.999678894 0.024155077 0.007657733 1.529199603 -0.024201933 0.999688563 0.006086344 0.235682372 -0.007508332 -0.006269722 0.999952157 69.734209183
0.999648286 0.025882136 0.005780909 1.549272979 -0.025909461 0.999653231 0.004702845 0.241445349 -0.005657185 -0.004850971 0.999972232 70.850102624
0.999606167 0.027800137 0.003829382 1.567783620 -0.027817175 0.999603032 0.004470197 0.243797881 -0.003703590 -0.004574959 0.999982676 72.081680664
0.999563360 0.029490404 0.001845630 1.582033143 -0.029496372 0.999559458 0.003294417 0.242785341 -0.001747663 -0.003347418 0.999992870 73.201861832
0.999559617 0.029672902 0.000300449 1.593805961 -0.029673575 0.999556370 0.002557824 0.249174982 -0.000224417 -0.002565613 0.999996684 74.322691266
0.999547005 0.030068245 -0.001298048 1.601662231 -0.030063098 0.999540713 0.003817583 0.256369882 0.001412240 -0.003776831 0.999991871 75.550699146
0.999527634 0.030618657 -0.002647204 1.596808425 -0.030602239 0.999513424 0.006034684 0.259879009 0.002830690 -0.005950823 0.999978287 76.668019346
0.999523387 0.030598765 -0.004088225 1.594327356 -0.030568999 0.999507049 0.007155090 0.267516299 0.004305146 -0.007026707 0.999966045 77.785542503
0.999500226 0.031072083 -0.005815805 1.586399095 -0.031027964 0.999490163 0.007528565 0.281026486 0.006046769 -0.007344350 0.999954748 79.015302378
0.999499374 0.030824986 -0.007128940 1.583792271 -0.030772680 0.999499501 0.007334097 0.294621671 0.007351446 -0.007111049 0.999947693 80.136439289
0.999484581 0.030864711 -0.008828505 1.573731865 -0.030788941 0.999488967 0.008593348 0.316442656 0.009089225 -0.008317098 0.999924103 81.372098246
0.999497916 0.029979961 -0.010252745 1.570712739 -0.029867805 0.999494177 0.010922658 0.332486414 0.010575020 -0.010610947 0.999887782 82.498867238
0.999536098 0.028017282 -0.011942394 1.572349788 -0.027867840 0.999533439 0.012501524 0.346706538 0.012287081 -0.012162916 0.999850534 83.625756948
0.999544778 0.026714991 -0.014019492 1.577990874 -0.026532005 0.999562389 0.013079867 0.360666112 0.014362785 -0.012701947 0.999816169 84.864654840
0.999535478 0.025982598 -0.015928984 1.579739953 -0.025786722 0.999590790 0.012381352 0.374963622 0.016244165 -0.011964845 0.999796464 85.992651597
0.999486439 0.026666056 -0.017770204 1.582939926 -0.026473590 0.999589215 0.010979521 0.390066600 0.018055684 -0.010503441 0.999781811 87.122818187
0.999448618 0.026747776 -0.019672734 1.586601178 -0.026546458 0.999593227 0.010424322 0.408368227 0.019943560 -0.009896332 0.999752128 88.371858788
0.999395282 0.027769560 -0.020926598 1.591630563 -0.027543142 0.999559745 0.011031353 0.421169288 0.021223720 -0.010448298 0.999720154 89.510727264
0.999356172 0.028654376 -0.021590934 1.592769775 -0.028432575 0.999540450 0.010510804 0.433939839 0.021882192 -0.009890151 0.999711636 90.648343178
0.999374587 0.027804596 -0.021848086 1.596149794 -0.027588145 0.999567874 0.010146853 0.448271248 0.022120774 -0.009537759 0.999709809 91.899232469
0.999416695 0.026153665 -0.021960315 1.593904985 -0.025915261 0.999602832 0.011071457 0.475377130 0.022241152 -0.010495891 0.999697538 93.029294468
0.999488863 0.023460663 -0.021716563 1.593604065 -0.023209996 0.999661868 0.011723686 0.500044237 0.021984265 -0.011213652 0.999695427 94.157828603
0.999549927 0.021130992 -0.021293777 1.595319009 -0.020879249 0.999710272 0.011976165 0.527528166 0.021540675 -0.011526176 0.999701529 95.395676023
0.999624231 0.018768172 -0.019978799 1.598734275 -0.018532988 0.999757520 0.011892437 0.549021195 0.020197154 -0.011517701 0.999729672 96.520290825
0.999685704 0.017348575 -0.018097540 1.602725136 -0.017121445 0.999773635 0.012630717 0.571448892 0.018312568 -0.012316892 0.999756442 97.642377485
0.999722720 0.017503298 -0.015751740 1.606646859 -0.017325935 0.999785735 0.011326817 0.591124980 0.015946621 -0.011050762 0.999811775 98.873092869
0.999788962 0.015679998 -0.013272879 1.615564453 -0.015553904 0.999833417 0.009550647 0.610512138 0.013420422 -0.009342187 0.999866299 99.987790212
0.999826360 0.015130386 -0.010877563 1.626689621 -0.015049783 0.999858960 0.007454069 0.624422642 0.010988812 -0.007289070 0.999913054 101.211851776
0.999839536 0.015821642 -0.008401047 1.638581787 -0.015787900 0.999867089 0.004067637 0.632938896 0.008464287 -0.003934349 0.999956437 102.321659623
0.999861452 0.015516142 -0.006027171 1.654786428 -0.015498330 0.999875421 0.002990842 0.638413491 0.006072826 -0.002897016 0.999977364 103.434248572
0.999866411 0.015964908 -0.003504624 1.674219198 -0.015945280 0.999857414 0.005558708 0.643032562 0.003592869 -0.005502083 0.999978409 104.658403316
0.999849559 0.017287968 -0.001408852 1.692096503 -0.017276021 0.999818013 0.008091911 0.648729120 0.001548488 -0.008066354 0.999966267 105.768856600
0.999862834 0.016562344 0.000044057 1.712539115 -0.016562143 0.999828718 0.008260191 0.655568976 0.000092759 -0.008259788 0.999965883 106.877844656
0.999872958 0.015917180 0.000842874 1.724081173 -0.015923145 0.999844182 0.007620103 0.668844461 -0.000721452 -0.007632556 0.999970611 108.096916933
0.999893843 0.014550551 0.000764698 1.734338260 -0.014555400 0.999871127 0.006772721 0.678891853 -0.000666053 -0.006783133 0.999976772 109.204998518
0.999888638 0.014923231 0.000088482 1.730578903 -0.014923483 0.999863298 0.007118655 0.683153008 0.000017764 -0.007119183 0.999974658 110.316796636
0.999886205 0.015071427 -0.000654421 1.734713397 -0.015066052 0.999857911 0.007561213 0.688391776 0.000768287 -0.007550493 0.999971199 111.541840103
0.999850083 0.017257588 -0.001409876 1.727635983 -0.017246299 0.999821921 0.007660982 0.688135109 0.001541835 -0.007635518 0.999969660 112.659775042
0.999835039 0.018069429 -0.001841121 1.726936067 -0.018055245 0.999809240 0.007449255 0.693215099 0.001975374 -0.007414784 0.999970559 113.776863165
0.999759955 0.021752539 -0.002619004 1.720673203 -0.021732912 0.999737139 0.007302937 0.697104502 0.002777173 -0.007244265 0.999969904 115.007029397
0.999721117 0.023389529 -0.003258500 1.720493913 -0.023366055 0.999702013 0.007064831 0.703412036 0.003422772 -0.006986722 0.999969735 116.122535052
0.999676235 0.025149681 -0.003862396 1.722989446 -0.025120929 0.999657616 0.007320532 0.705786215 0.004045182 -0.007221135 0.999965745 117.239436556
0.999603694 0.027807249 -0.004383187 1.720523716 -0.027771527 0.999582202 0.008010191 0.692539556 0.004604097 -0.007885289 0.999958311 118.466510682
0.999533925 0.030184520 -0.004563738 1.715808138 -0.030144568 0.999508695 0.008583347 0.685400843 0.004820580 -0.008441775 0.999952748 119.570776286
0.999485157 0.031750806 -0.004616028 1.708850252 -0.031712737 0.999464212 0.008098872 0.676615390 0.004870700 -0.007948316 0.999956549 120.670307887
0.999368934 0.035218618 -0.004624219 1.706142095 -0.035184217 0.999354027 0.007321113 0.675756304 0.004879071 -0.007153794 0.999962508 121.877984011
0.999301936 0.037051500 -0.004777860 1.701082856 -0.037020768 0.999294208 0.006367708 0.667600178 0.005010421 -0.006186383 0.999968312 122.975011578
0.999283277 0.037545116 -0.004826738 1.694837746 -0.037519095 0.999281465 0.005373116 0.665006884 0.005025004 -0.005188170 0.999973916 124.068627957
0.999234372 0.038832594 -0.004764425 1.681226692 -0.038801382 0.999225949 0.006477376 0.661840724 0.005012270 -0.006287550 0.999967671 125.268192265
0.999200444 0.039693683 -0.004783649 1.674678093 -0.039655032 0.999182037 0.007920625 0.662851970 0.005094135 -0.007724596 0.999957189 126.356174192
0.999166568 0.040580653 -0.004402207 1.670249943 -0.040539906 0.999137559 0.008980812 0.664882256 0.004762858 -0.008794862 0.999949982 127.440282604
0.999079235 0.042715800 -0.004005213 1.644681155 -0.042684052 0.999058928 0.007702610 0.671979329 0.004330467 -0.007524559 0.999962313 128.611307259
0.999009706 0.044345190 -0.003620878 1.630152596 -0.044318843 0.998992502 0.007058336 0.680878870 0.003930233 -0.006890873 0.999968534 129.676642851
0.998989687 0.044839519 -0.003003678 1.614356028 -0.044814826 0.998964566 0.007837596 0.690137512 0.003352001 -0.007695068 0.999964774 130.844220377
0.998978047 0.045135058 -0.002384998 1.608981325 -0.045111390 0.998939710 0.009187886 0.711641587 0.002797165 -0.009070906 0.999954946 131.899768136
0.999029800 0.044003548 -0.001773989 1.590857332 -0.043980697 0.998968049 0.011337331 0.725766088 0.002271042 -0.011248311 0.999934157 132.951802321
0.999152579 0.041136130 -0.001393600 1.588567943 -0.041113154 0.999060010 0.013740606 0.738618512 0.001957525 -0.013671666 0.999904622 134.113296190
0.999192923 0.040151161 -0.001177672 1.557947044 -0.040132086 0.999106632 0.013242076 0.742372397 0.001708305 -0.013184127 0.999911626 135.165995357
0.999253414 0.038614278 -0.001246015 1.541659915 -0.038597729 0.999190638 0.011326273 0.751561146 0.001682363 -0.011269723 0.999935079 136.213261301
0.999318571 0.036896363 -0.001025742 1.521449029 -0.036883201 0.999261537 0.010770783 0.761125494 0.001422387 -0.010725611 0.999941467 137.362897813
0.999379370 0.035224685 -0.000310662 1.511695563 -0.035217112 0.999285509 0.013719581 0.771846607 0.000793708 -0.013700125 0.999905834 138.409087790
0.999336098 0.036432998 0.000028001 1.504735943 -0.036428821 0.999209286 0.015929318 0.786508450 0.000552374 -0.015919763 0.999873120 139.450129822
0.999436952 0.033551567 -0.000265499 1.499477460 -0.033544106 0.999330354 0.014616297 0.798340566 0.000755721 -0.014599161 0.999893141 140.591101135
0.999458251 0.032905685 -0.000648622 1.498652776 -0.032893307 0.999359748 0.014075671 0.800557827 0.001111376 -0.014046710 0.999900722 141.632533303
0.999469113 0.032578182 -0.000391588 1.493511739 -0.032568920 0.999361541 0.014689336 0.800738687 0.000869890 -0.014668784 0.999892029 142.672901213
0.999496296 0.031735688 -0.000021201 1.494943026 -0.031731198 0.999365665 0.016167829 0.809409296 0.000534284 -0.016159013 0.999869292 143.806255951
0.999488302 0.031984496 0.000355369 1.493080902 -0.031985787 0.999332689 0.017637608 0.809341703 0.000208998 -0.017639949 0.999844382 144.841280774
0.999521933 0.030909009 0.000733350 1.493171020 -0.030917160 0.999364217 0.017756443 0.814063964 -0.000184050 -0.017770628 0.999842073 145.866641001
0.999599547 0.028274166 0.001147421 1.493376049 -0.028289383 0.999460595 0.016680207 0.822849884 -0.000675183 -0.016705987 0.999860217 146.981828364
0.999676239 0.025395830 0.001571555 1.505038174 -0.025415294 0.999579788 0.013939505 0.837204126 -0.001216889 -0.013974934 0.999901605 147.981832690
0.999716604 0.023729850 0.001898922 1.520552280 -0.023748302 0.999664192 0.010369225 0.854206520 -0.001652224 -0.010411383 0.999944435 148.975816973
0.999792305 0.020247003 0.002325006 1.542478126 -0.020262655 0.999770755 0.006918302 0.871692399 -0.002184398 -0.006963976 0.999973365 150.065291670
0.999794870 0.020097595 0.002510937 1.559987078 -0.020109552 0.999786112 0.004830789 0.881613389 -0.002413313 -0.004880292 0.999985179 151.053854266
0.999788352 0.020269433 0.003521507 1.576046534 -0.020284649 0.999784825 0.004340090 0.889413133 -0.003432778 -0.004410604 0.999984381 152.137706813
0.999748506 0.022024993 0.004221799 1.584983273 -0.022051249 0.999737136 0.006277011 0.896834718 -0.004082438 -0.006368528 0.999971387 153.118370311
0.999708247 0.023476093 0.005682701 1.596758822 -0.023529067 0.999678566 0.009441837 0.906617291 -0.005459217 -0.009572791 0.999939277 154.098234956
0.999604753 0.027184065 0.007166962 1.607174636 -0.027256510 0.999576308 0.010212061 0.917835036 -0.006886320 -0.010403371 0.999922171 155.163511650
0.999542109 0.028871607 0.009055573 1.620586572 -0.028954369 0.999538897 0.009145362 0.930230026 -0.008787357 -0.009403373 0.999917176 156.124803204
0.999478742 0.030452206 0.010719527 1.634897718 -0.030526682 0.999510452 0.006854051 0.940975496 -0.010505559 -0.007177710 0.999919054 157.074682552
0.999427571 0.031283838 0.012878322 1.653328315 -0.031352796 0.999494916 0.005187963 0.950210724 -0.012709518 -0.005588764 0.999903612 158.109109260
0.999377255 0.032083717 0.014688027 1.671408970 -0.032152731 0.999472896 0.004486788 0.956504879 -0.014536332 -0.004956254 0.999882058 159.036950730
0.999337588 0.032408374 0.016555458 1.690965646 -0.032503433 0.999456462 0.005505308 0.961755619 -0.016368041 -0.006039771 0.999847793 159.954258175
0.999332927 0.031402393 0.018643783 1.716556397 -0.031555751 0.999470063 0.007989204 0.967711729 -0.018383023 -0.008572193 0.999794270 160.949642621
0.999333641 0.030115839 0.020623069 1.741756687 -0.030339563 0.999483202 0.010622596 0.974389246 -0.020292503 -0.011241212 0.999730889 161.841082636
0.999303928 0.029562684 0.022753194 1.766963467 -0.029860071 0.999471575 0.012843197 0.982505326 -0.022361491 -0.013513669 0.999658614 162.719227440
0.999271077 0.028969523 0.024861258 1.797569367 -0.029297512 0.999487085 0.012931451 0.991123946 -0.024473889 -0.013650398 0.999607271 163.667124509
0.999224424 0.028895078 0.026751155 1.824282176 -0.029221836 0.999502049 0.011905389 1.008889323 -0.026393827 -0.012677874 0.999571227 164.514008328
0.999179978 0.028806861 0.028452348 1.853992820 -0.029110360 0.999523023 0.010310848 1.024459585 -0.028141754 -0.011130651 0.999541970 165.429653272
0.999140106 0.028767864 0.029857291 1.881628564 -0.029052023 0.999536228 0.009127411 1.038602394 -0.029580868 -0.009986977 0.999512497 166.246883605
0.999064092 0.029854412 0.031299427 1.908714988 -0.030138673 0.999508300 0.008649785 1.049265780 -0.031025803 -0.009585013 0.999472624 167.050235467
0.998998454 0.030344646 0.032883006 1.939833891 -0.030645801 0.999492502 0.008693297 1.058550238 -0.032602523 -0.009692316 0.999421400 167.916079068
0.998997116 0.029051684 0.034069967 1.971123214 -0.029403235 0.999518968 0.009863187 1.066092292 -0.033767037 -0.010855062 0.999370779 168.687401027
0.999021139 0.027220529 0.034868407 2.003390548 -0.027623144 0.999556585 0.011117385 1.073796366 -0.034550325 -0.012069678 0.999330075 169.442670071
0.998980029 0.027276960 0.035984290 2.036386807 -0.027689173 0.999555978 0.011007101 1.082313028 -0.035668072 -0.011992249 0.999291736 170.251691724
0.998937316 0.027592450 0.036917421 2.064623713 -0.027957033 0.999564965 0.009396029 1.089428835 -0.036642101 -0.010418146 0.999274146 170.967555680
0.998922490 0.027276205 0.037548192 2.094823553 -0.027569255 0.999593174 0.007309026 1.095817784 -0.037333554 -0.008336326 0.999268088 171.663086707
0.998930469 0.025421966 0.038621770 2.129789720 -0.025682368 0.999650546 0.006261194 1.103309454 -0.038449101 -0.007246396 0.999234285 172.408667295
0.998882619 0.025616365 0.039715420 2.158958612 -0.025904561 0.999641571 0.006758882 1.108867985 -0.039528046 -0.007780140 0.999188172 173.065804356
0.998802760 0.026501414 0.041118396 2.186394894 -0.026848234 0.999608262 0.007905402 1.113282378 -0.040892784 -0.008999893 0.999123007 173.705634416
0.998727826 0.026701994 0.042775386 2.218336913 -0.027105233 0.999593190 0.008874718 1.116738385 -0.042521012 -0.010022865 0.999045297 174.388372944
0.998662718 0.026401322 0.044449366 2.248467078 -0.026827849 0.999599313 0.009026655 1.120492953 -0.044193240 -0.010207065 0.998970857 174.989615406
0.998550949 0.027033249 0.046531761 2.277952748 -0.027424163 0.999593587 0.007783105 1.124273147 -0.046302447 -0.009047922 0.998886489 175.574186362
0.998394654 0.027357817 0.049595013 2.311662717 -0.027661583 0.999602495 0.005448813 1.128247171 -0.049426231 -0.006811942 0.998754547 176.197478472
0.998295882 0.025922838 0.052281340 2.341099020 -0.026165381 0.999649784 0.003959976 1.132000551 -0.052160376 -0.005321189 0.998624544 176.745347837
0.998142728 0.024900491 0.055597303 2.378214767 -0.025156400 0.999675890 0.003907708 1.135040760 -0.055481979 -0.005299079 0.998445627 177.337115392
0.997973052 0.024653898 0.058668331 2.416680158 -0.024962221 0.999678140 0.004528176 1.136718752 -0.058537811 -0.005983489 0.998267260 177.865915766
0.997752351 0.026121155 0.061708439 2.456618563 -0.026457994 0.999639122 0.004647618 1.121399405 -0.061564769 -0.006269853 0.998083397 178.387025365
0.997533848 0.026651569 0.064930084 2.490615277 -0.027050609 0.999620152 0.005274173 1.123882747 -0.064764855 -0.007017565 0.997875878 178.925145473
0.997363602 0.026271797 0.067643465 2.534567870 -0.026764515 0.999621356 0.006387962 1.127005585 -0.067450029 -0.008181565 0.997689108 179.390426077
0.997178806 0.026195809 0.070343507 2.587765571 -0.026712416 0.999622587 0.006413274 1.125497145 -0.070148958 -0.008274225 0.997502211 179.839691399
0.997009648 0.024179382 0.073396998 2.661716725 -0.024714340 0.999674138 0.006388987 1.116968750 -0.073218599 -0.008183840 0.997282338 180.321893431
0.996882200 0.023539827 0.075311061 2.712226015 -0.024198391 0.999676403 0.007843952 1.102537467 -0.075102045 -0.009641903 0.997129238 180.760931858
0.996729708 0.025673647 0.076620836 2.756659603 -0.026311936 0.999626889 0.007332471 1.086876437 -0.076403997 -0.009324534 0.997033341 181.184134820
0.996580482 0.028139096 0.077688707 2.804203880 -0.028677293 0.999571776 0.005820464 1.068433094 -0.077491656 -0.008028462 0.996960675 181.631369936
0.996569282 0.029138811 0.077463512 2.841553466 -0.029643690 0.999546075 0.005375511 1.056956198 -0.077271713 -0.007653374 0.996980696 181.984256191
0.996767137 0.030390934 0.074375167 2.874951328 -0.030917214 0.999504330 0.005934678 1.052057837 -0.074157941 -0.008214965 0.997212672 182.356653114
0.996953768 0.031646103 0.071286100 2.908343362 -0.032190014 0.999460671 0.006493840 1.047161031 -0.071042149 -0.008768758 0.997434771 182.729034213
0.997129163 0.032904281 0.068196341 2.941729614 -0.033462088 0.999415101 0.007052993 1.042265775 -0.067924379 -0.009314737 0.997646989 183.101399459
0.997293308 0.034165429 0.065105922 2.975110158 -0.034733432 0.999367622 0.007612136 1.037372067 -0.064804678 -0.009852885 0.997849324 183.473748831
0.997446192 0.035429510 0.062014875 3.008485042 -0.036004043 0.999318237 0.008171267 1.032479902 -0.061683091 -0.010383186 0.998041776 183.846082300
0.997644073 0.037373202 0.057528667 3.021821758 -0.037996743 0.999229974 0.009782989 1.027535098 -0.057118747 -0.011945843 0.998295921 184.071484757
0.997989363 0.038626119 0.050251909 3.037383534 -0.039204688 0.999175201 0.010578739 1.025010735 -0.049801846 -0.012527579 0.998680547 184.362856087
0.998296682 0.040030643 0.042441520 3.046963851 -0.040531926 0.999117507 0.011016836 1.026513077 -0.041963055 -0.012718307 0.999038211 184.608726690
0.998589676 0.040873906 0.033881901 3.053277974 -0.041280143 0.999082825 0.011377985 1.026863445 -0.033385763 -0.012760589 0.999361075 184.837843629
0.998816701 0.042496760 0.023647886 3.055907262 -0.042777980 0.999018234 0.011515761 1.026434794 -0.023135287 -0.012513743 0.999654023 185.069907608
0.998939195 0.043824186 0.014139499 3.054876953 -0.043993058 0.998961416 0.011861711 1.028745929 -0.013604984 -0.012471168 0.999829673 185.265062755
0.998972142 0.045063513 0.004892838 3.052851418 -0.045120662 0.998906110 0.012276347 1.030031542 -0.004334270 -0.012484497 0.999912672 185.444188845
0.998911131 0.046378691 -0.005056552 3.047702119 -0.046309961 0.998843125 0.012953765 1.033248495 0.005651481 -0.012705491 0.999903311 185.624911025
0.998750125 0.047952359 -0.014098218 3.041210339 -0.047758022 0.998763428 0.013812554 1.033009344 0.014743129 -0.013121987 0.999805208 185.771692624
0.998495669 0.049051851 -0.024501343 3.032323075 -0.048740151 0.998724776 0.013161321 1.033747459 0.025115686 -0.011947323 0.999613157 185.911677424
0.998041123 0.050638014 -0.036738385 3.019920611 -0.050242346 0.998669515 0.011614918 1.034584083 0.037277662 -0.009746343 0.999257417 186.062018796
0.997525048 0.051105636 -0.048290703 3.007285907 -0.050618505 0.998654608 0.011257909 1.037279480 0.048801076 -0.008785643 0.998769877 186.199400793
0.996800530 0.051513761 -0.061114943 2.993005971 -0.050842623 0.998628607 0.012487312 1.041111825 0.061674399 -0.009340115 0.998052619 186.337923963
0.995816469 0.052061381 -0.075094431 2.974286832 -0.051119492 0.998588549 0.014412068 1.042625520 0.075738751 -0.010512986 0.997072274 186.490820322
0.994717189 0.053157537 -0.087817942 2.953962311 -0.051966947 0.998523964 0.015790168 1.044703485 0.088527686 -0.011143121 0.996011385 186.627915342
0.993377613 0.054033812 -0.101396577 2.931990657 -0.052564780 0.998470991 0.017106287 1.046664996 0.102165859 -0.011663114 0.994699004 186.760573537
0.991663894 0.054700440 -0.116664405 2.904092113 -0.052892943 0.998428150 0.018535541 1.039014501 0.117494928 -0.012210303 0.992998414 186.914339315
0.989863687 0.054587778 -0.131110849 2.886258923 -0.052539547 0.998437441 0.019033450 1.020827108 0.131944975 -0.011952017 0.991184984 187.055636125
0.987611830 0.054506863 -0.147145763 2.848045144 -0.052305765 0.998454333 0.018789677 1.009956741 0.147942491 -0.010860335 0.988936334 187.198458599
0.984529335 0.053678592 -0.166795075 2.815548236 -0.051450667 0.998519505 0.017652980 0.993856814 0.167495723 -0.008798159 0.985833543 187.366921080
0.981049358 0.052928569 -0.186388637 2.765420188 -0.050746385 0.998575876 0.016462824 0.991702103 0.186994550 -0.006692293 0.982338155 187.521882022
0.976702631 0.052249229 -0.208139350 2.707702817 -0.049920778 0.998618067 0.016427786 1.000262058 0.208710054 -0.005654584 0.977961215 187.685357285
0.970757494 0.051770882 -0.234413444 2.624540391 -0.048987784 0.998642816 0.017683973 1.009813380 0.235010817 -0.005683455 0.971976139 187.883406636
0.964039006 0.051677258 -0.260688042 2.545861060 -0.048302256 0.998645489 0.019341132 1.009943830 0.261334434 -0.006053785 0.965229333 188.093481632
0.955810497 0.052180833 -0.289315492 2.438911146 -0.048167282 0.998618913 0.020980464 1.019467154 0.290010700 -0.006117807 0.957003849 188.305241568
0.944943878 0.052297018 -0.323026453 2.317623194 -0.047216360 0.998607030 0.023550269 1.025934328 0.323808095 -0.007001549 0.946096874 188.559585898
0.933411415 0.051675561 -0.355067271 2.178679023 -0.045416997 0.998631150 0.025944609 1.037698705 0.355921940 -0.008090905 0.934480663 188.792111858
0.920129050 0.050420908 -0.388355847 2.030570947 -0.042704108 0.998681699 0.028481992 1.051530692 0.389279965 -0.009622718 0.921069222 189.037199818
0.903161686 0.049045905 -0.426489704 1.841307150 -0.039659291 0.998736334 0.030868683 1.066571860 0.427464746 -0.010965132 0.903965517 189.309076218
0.885422758 0.048523767 -0.462246669 1.656986711 -0.037669219 0.998755468 0.032688595 1.082443810 0.463257562 -0.011530755 0.886148674 189.561439838
0.865518382 0.048812544 -0.498492994 1.456206052 -0.036014394 0.998728862 0.035265042 1.102199191 0.499580717 -0.012569619 0.866176143 189.816870046
0.841065326 0.049638194 -0.538651248 1.211228864 -0.034348014 0.998672006 0.038398408 1.133445744 0.539841950 -0.013793969 0.841653370 190.094326544
0.816631734 0.050393591 -0.574954866 0.974589711 -0.032802279 0.998623146 0.040936821 1.162237236 0.576226190 -0.014570477 0.817160375 190.352486560
0.790335325 0.051944817 -0.610468517 0.717327324 -0.031978719 0.998538663 0.043564896 1.187421503 0.611839387 -0.014908875 0.790841507 190.617288260
0.759700723 0.053829960 -0.648041007 0.415241631 -0.031496258 0.998444172 0.046013261 1.215394449 0.649509658 -0.014545441 0.760214203 190.908789077
0.730667665 0.054397333 -0.680562777 0.111002370 -0.030460759 0.998425593 0.047100722 1.242399223 0.682053447 -0.013684516 0.731174281 191.167600483
0.701230574 0.054354628 -0.710859520 -0.210227630 -0.027861819 0.998417065 0.048857795 1.266218629 0.712389922 -0.014454740 0.701634990 191.425940394
0.668756481 0.054460860 -0.741484176 -0.580819368 -0.023489598 0.998363355 0.052142590 1.287624792 0.743110360 -0.017453530 0.668941228 191.716494701
0.638935662 0.055154218 -0.767280413 -0.935797037 -0.018796382 0.998247954 0.056104529 1.312876962 0.769030504 -0.021425088 0.638852917 191.980981952
0.608755104 0.056240336 -0.791362274 -1.311148405 -0.014743574 0.998113918 0.059592222 1.338122927 0.793221187 -0.024609561 0.608436125 192.244588810
0.574395381 0.057623178 -0.816547314 -1.752331161 -0.011026481 0.997973404 0.062669778 1.364353722 0.818503734 -0.026993587 0.573866694 192.527125907
0.541309470 0.057422911 -0.838860338 -2.179878570 -0.004583485 0.997851959 0.065348757 1.378300329 0.840810948 -0.031528997 0.540409912 192.781856029
0.506334451 0.059893746 -0.860254708 -2.627392761 0.000371190 0.997569846 0.069672552 1.380003965 0.862337107 -0.035596931 0.505081749 193.036737155
0.466930157 0.061447147 -0.882156719 -3.140318128 0.007137733 0.997288453 0.073244755 1.397388596 0.884265391 -0.040496784 0.465225460 193.299329954
0.430898184 0.061719273 -0.900287446 -3.635142464 0.011298463 0.997211160 0.073771588 1.413897721 0.902329818 -0.041959908 0.428999145 193.520172833
0.395276119 0.061573488 -0.916496315 -4.148121941 0.011438597 0.997343481 0.071938446 1.441305689 0.918491126 -0.038918982 0.393521746 193.719280289
0.358345654 0.060302233 -0.931639433 -4.738844260 0.013763818 0.997462069 0.069856848 1.471487971 0.933487520 -0.037855813 0.356606209 193.927214496
0.328054164 0.057499410 -0.942907357 -5.302463734 0.017917810 0.997587522 0.067067783 1.502346036 0.944488972 -0.038896701 0.326232477 194.104848778
0.297239945 0.052955769 -0.953333154 -5.946319666 0.021693172 0.997828478 0.062191114 1.546972701 0.954556348 -0.039166503 0.295445703 194.280072054
0.270692231 0.050911819 -0.961318731 -6.558658157 0.023236505 0.997964041 0.059395603 1.587724559 0.962385464 -0.038415616 0.268958100 194.421430891
0.245471953 0.051666819 -0.968025857 -7.186813398 0.021842120 0.998030390 0.058806987 1.621890825 0.969157594 -0.035579203 0.243859956 194.551691603
0.217453165 0.050872196 -0.974744141 -7.902090013 0.023726878 0.998070265 0.057382762 1.656240124 0.975782330 -0.035605699 0.215826500 194.682921317
0.191555837 0.052180046 -0.980093671 -8.568757445 0.025356628 0.997989352 0.058088672 1.691561032 0.981154118 -0.035979094 0.189847576 194.793985179
0.166780783 0.054167361 -0.984504986 -9.249227968 0.027241080 0.997855544 0.059516702 1.717436923 0.985617621 -0.036745221 0.164947552 194.897118984
0.142024586 0.056640779 -0.988241286 -10.003878417 0.025544642 0.997819335 0.060860877 1.757353762 0.989533470 -0.033888011 0.140268009 194.992506530
0.122145776 0.059136348 -0.990748859 -10.704163482 0.023241083 0.997779251 0.062421290 1.792669011 0.992240022 -0.030650573 0.120500128 195.065724389
0.104692166 0.060662587 -0.992652810 -11.412978070 0.021591435 0.997763989 0.063252125 1.833428847 0.994270265 -0.028054801 0.103148281 195.129385225
0.088464755 0.060752013 -0.994224914 -12.206922952 0.021053477 0.997801283 0.062843856 1.875526029 0.995856786 -0.026491358 0.086991205 195.193542301
0.076457512 0.060546256 -0.995232837 -12.938919898 0.021161914 0.997831216 0.062330070 1.916601491 0.996848244 -0.025826634 0.075010418 195.244908750
0.066565199 0.059940035 -0.995980053 -13.757751826 0.021047891 0.997887501 0.061461541 1.963938651 0.997560054 -0.025054479 0.065162968 195.294062617
0.059386528 0.060846080 -0.996378941 -14.517088524 0.020832031 0.997847682 0.062177410 2.013928249 0.998017669 -0.024449098 0.057991162 195.329632280
0.053834775 0.062096005 -0.996617230 -15.285758784 0.021717312 0.997755680 0.063340053 2.063831809 0.998313666 -0.025053745 0.052365394 195.365088172
0.048960672 0.063063391 -0.996807836 -16.135893934 0.022290181 0.997687189 0.064213861 2.115377745 0.998551952 -0.025362981 0.047441741 195.406864909
0.044954185 0.065508580 -0.996838877 -16.913618994 0.023057363 0.997513792 0.066592745 2.166423577 0.998722924 -0.025978098 0.043331965 195.443274844
0.040997613 0.067884646 -0.996850476 -17.696105930 0.024854845 0.997311264 0.068938234 2.215864504 0.998850055 -0.027602867 0.039200119 195.478985449
0.036996553 0.069055463 -0.996926576 -18.562097363 0.026091019 0.997202717 0.070042845 2.275371293 0.998974731 -0.028602174 0.035091335 195.513755067
0.034142232 0.067295603 -0.997148740 -19.356099686 0.026577142 0.997316453 0.068216919 2.325273318 0.999063543 -0.028830441 0.032262085 195.540725205
0.032082480 0.063092285 -0.997491894 -20.164232208 0.025823446 0.997620159 0.063930961 2.373066754 0.999151572 -0.027809741 0.030376869 195.561987492
0.031161428 0.058085387 -0.997825162 -21.068517627 0.025294335 0.997944426 0.058882255 2.418012490 0.999194256 -0.027074179 0.029628142 195.581890159
0.031126022 0.055015623 -0.998000226 -21.899445107 0.025272484 0.998121480 0.055810515 2.461621405 0.999195913 -0.026959104 0.029677169 195.599430489
0.031363505 0.054261272 -0.998034090 -22.825420238 0.022911750 0.998223911 0.054991601 2.504784025 0.999245406 -0.024591437 0.030064580 195.613400110
0.032658493 0.054908611 -0.997957147 -23.673066968 0.021457216 0.998221123 0.055625330 2.543920654 0.999236214 -0.023230022 0.031422212 195.636984599
0.034338734 0.058808072 -0.997678536 -24.523418123 0.020670101 0.998011941 0.059539161 2.589454653 0.999196476 -0.022666615 0.033054897 195.663562373
0.036336007 0.063173114 -0.997340891 -25.459969279 0.018601819 0.997784273 0.063878916 2.637318778 0.999166486 -0.020873460 0.035080362 195.695459528
0.038191476 0.065533024 -0.997119268 -26.320134368 0.017419977 0.997651961 0.066235250 2.684019606 0.999118589 -0.019899417 0.036960217 195.722117601
0.039946801 0.065081529 -0.997080061 -27.178944284 0.017522078 0.997677489 0.065822525 2.731240967 0.999048162 -0.020100314 0.038713660 195.755719520
0.041778994 0.063663325 -0.997096533 -28.126946191 0.018712338 0.997742984 0.064488659 2.797322016 0.998951632 -0.021352279 0.040493408 195.800780081
0.043688765 0.062973862 -0.997058466 -29.002583297 0.020616422 0.997742024 0.063920399 2.852988770 0.998832446 -0.023348381 0.042291821 195.839445622
0.045273798 0.063538909 -0.996951900 -29.882666746 0.020378301 0.997708802 0.064512573 2.911034477 0.998766744 -0.023236915 0.043875252 195.879623444
0.047506069 0.064275439 -0.996800803 -30.855936601 0.020935792 0.997644224 0.065327594 2.973371622 0.998651524 -0.023972271 0.046048498 195.929437323
0.049240703 0.064231437 -0.996719457 -31.751225729 0.021049583 0.997641622 0.065330772 3.028032668 0.998565105 -0.024197462 0.047772529 195.976492440
0.051635733 0.062607932 -0.996701559 -32.732225475 0.021782090 0.997724919 0.063800671 3.092005255 0.998428411 -0.025004638 0.050154525 196.036607671
0.053363416 0.061091539 -0.996704655 -33.629797301 0.021077228 0.997835553 0.062289327 3.152276054 0.998352691 -0.024331742 0.051960274 196.089362816
0.055299612 0.061009956 -0.996604103 -34.536656286 0.020726181 0.997846230 0.062236052 3.213909730 0.998254666 -0.024097426 0.053916006 196.143640269
0.056936488 0.062630274 -0.996411404 -35.458401138 0.020189776 0.997754082 0.063868344 3.274503844 0.998173637 -0.023753762 0.055544123 196.195550927
