1.000000000 -0.000000000 0.000000000 -0.000000000 0.000000000 1.000000000 0.000000000 -0.000000000 -0.000000000 -0.000000000 1.000000000 -0.000000000
0.999998135 0.001110818 -0.001580166 0.004875914 -0.001109467 0.999999018 0.000856087 -0.001867102 0.001581116 -0.000854332 0.999998385 1.179708820
0.999989786 0.002471516 -0.003784219 0.008821598 -0.002474546 0.999996621 -0.000796360 -0.003103284 0.003782238 0.000805716 0.999992523 2.470605994
0.999981085 0.003156795 -0.005278602 0.006627735 -0.003174528 0.999989335 -0.003354323 -0.004686407 0.005267957 0.003371016 0.999980442 3.640457020
0.999964138 0.005275140 -0.006625339 0.002260247 -0.005309452 0.999972529 -0.005172057 -0.009093593 0.006597873 0.005207049 0.999964677 4.924485297
0.999956870 0.005588292 -0.007418121 -0.004542257 -0.005623178 0.999973190 -0.004690262 -0.014134675 0.007391712 0.004731773 0.999961486 6.090738240
0.999957220 0.004605919 -0.008021427 -0.005031969 -0.004653418 0.999971691 -0.005913000 -0.021464210 0.007993965 0.005950074 0.999950345 7.252006014
0.999956498 0.003762618 -0.008534936 -0.009982014 -0.003823483 0.999967299 -0.007126171 -0.028267872 0.008507844 0.007158494 0.999938184 8.410437461
0.999952858 0.002941127 -0.009253716 -0.013860735 -0.002995323 0.999978413 -0.005848276 -0.036643899 0.009236315 0.005875718 0.999940081 9.685249470
0.999948317 0.002592978 -0.009830534 -0.017901194 -0.002626733 0.999990694 -0.003422243 -0.044759065 0.009821568 0.003447889 0.999945823 10.845903632
0.999943191 0.003158673 -0.010180208 -0.022984517 -0.003175379 0.999993638 -0.001625209 -0.052100271 0.010175009 0.001657443 0.999946860 12.000767912
0.999928233 0.003633970 -0.011415880 -0.022932438 -0.003645647 0.999992852 -0.001002218 -0.058730010 0.011412156 0.001043764 0.999934334 13.259826069
0.999895894 0.002476793 -0.014214995 -0.033539278 -0.002500851 0.999995470 -0.001674925 -0.060410555 0.014210782 0.001710300 0.999897559 14.400832643
0.999837999 0.000919836 -0.017975813 -0.047957221 -0.000977517 0.999994401 -0.003200292 -0.063340227 0.017972769 0.003217346 0.999833300 15.653257271
0.999773530 -0.002382280 -0.021147417 -0.057570718 0.002295312 0.999988813 -0.004135783 -0.068393596 0.021157033 0.004086306 0.999767814 16.790527982
0.999699733 -0.003298863 -0.024280889 -0.060339109 0.003154303 0.999977087 -0.005989577 -0.077673056 0.024300091 0.005911190 0.999687233 18.037995992
0.999638790 -0.004854394 -0.026433397 -0.063529539 0.004705007 0.999972625 -0.005710694 -0.087983927 0.026460395 0.005584262 0.999634265 19.172802238
0.999590869 -0.005037912 -0.028155161 -0.059789947 0.004923751 0.999979380 -0.004122555 -0.100992295 0.028175350 0.003982239 0.999595064 20.307993027
0.999549139 -0.005826725 -0.029454512 -0.069367430 0.005738613 0.999978806 -0.003075122 -0.110153775 0.029471806 0.002904707 0.999561391 21.437779681
0.999500982 -0.006304339 -0.030952265 -0.079446999 0.006200731 0.999974851 -0.003442219 -0.119024063 0.030973187 0.003248575 0.999514937 22.675719768
0.999456867 -0.006884602 -0.032226910 -0.093783198 0.006763141 0.999969616 -0.003876422 -0.127216837 0.032252618 0.003656361 0.999473061 23.796333144
0.999410266 -0.006763146 -0.033665718 -0.116389550 0.006593465 0.999965008 -0.005148629 -0.134435155 0.033699361 0.004923619 0.999419887 24.911636174
0.999361064 -0.008113585 -0.034808513 -0.130794632 0.007897287 0.999948673 -0.006346953 -0.144990611 0.034858223 0.006068005 0.999373846 26.132012041
0.999325937 -0.007610172 -0.035913184 -0.143608940 0.007371004 0.999949799 -0.006787326 -0.154291263 0.035963034 0.006518035 0.999331865 27.236123130
0.999328699 -0.005532401 -0.036215237 -0.158708118 0.005380058 0.999976271 -0.004302718 -0.164556472 0.036238182 0.004104990 0.999334750 28.449100511
0.999334359 -0.004338852 -0.036221720 -0.168897436 0.004240611 0.999987120 -0.002788606 -0.175898366 0.036233353 0.002633147 0.999339887 29.552458971
0.999332135 -0.003085816 -0.036411013 -0.175334702 0.002967823 0.999990170 -0.003294166 -0.189484594 0.036420820 0.003183905 0.999331470 30.660505397
0.999338717 -0.003457203 -0.036196362 -0.192467696 0.003283599 0.999982826 -0.004854539 -0.200472329 0.036212523 0.004732475 0.999332906 31.871720575
0.999344449 -0.004511621 -0.035920984 -0.203507970 0.004268023 0.999967394 -0.006855297 -0.214382071 0.035950742 0.006697492 0.999331120 32.971134099
0.999365586 -0.005655928 -0.035163002 -0.211015908 0.005395632 0.999957370 -0.007493056 -0.230797692 0.035203884 0.007298576 0.999353500 34.073951142
0.999405918 -0.007047182 -0.033736459 -0.200743557 0.006847452 0.999958362 -0.006032187 -0.256569638 0.033777564 0.005797595 0.999412559 35.291618539
0.999466363 -0.007757863 -0.031730200 -0.198919773 0.007612100 0.999959925 -0.004712050 -0.275414759 0.031765484 0.004468002 0.999485363 36.390020106
0.999540338 -0.008167162 -0.029196055 -0.185822388 0.008047807 0.999958782 -0.004203239 -0.296653875 0.029229180 0.003966342 0.999564867 37.482531137
0.999629114 -0.008228694 -0.025960015 -0.165223360 0.008124230 0.999958482 -0.004126952 -0.319806339 0.025992897 0.003914517 0.999654463 38.680183049
0.999689910 -0.009669467 -0.022947467 -0.145526377 0.009581253 0.999946293 -0.003950971 -0.338055901 0.022984439 0.003729880 0.999728865 39.762274280
0.999751060 -0.010455986 -0.019710147 -0.122436093 0.010392052 0.999940412 -0.003343344 -0.361354265 0.019743930 0.003137682 0.999800146 40.850595087
0.999795273 -0.012282120 -0.016079822 -0.104045431 0.012239296 0.999921291 -0.002758915 -0.378820814 0.016112442 0.002561545 0.999866905 42.036525704
0.999825145 -0.013854976 -0.012558628 -0.077975321 0.013820678 0.999900531 -0.002813684 -0.397784833 0.012596363 0.002639624 0.999917179 43.113825239
0.999867798 -0.013814176 -0.008576393 -0.058268637 0.013791023 0.999901110 -0.002752882 -0.414399484 0.008613574 0.002634241 0.999959433 44.183496829
0.999892043 -0.014065923 -0.004248867 -0.030040036 0.014054863 0.999897788 -0.002621781 -0.432606935 0.004285311 0.002561780 0.999987537 45.360440131
0.999929784 -0.011842969 -0.000413991 -0.005202700 0.011841690 0.999925481 -0.002967565 -0.446588298 0.000449105 0.002962454 0.999995511 46.428199961
0.999925662 -0.011531760 0.003960841 0.033288122 0.011548221 0.999924669 -0.004158685 -0.464772069 -0.003912586 0.004204116 0.999983508 47.609404408
0.999910335 -0.011108732 0.007477822 0.071141584 0.011145790 0.999925718 -0.004932520 -0.480346391 -0.007422473 0.005015424 0.999959875 48.685768790
0.999867811 -0.012132142 0.010824575 0.113590482 0.012191218 0.999911057 -0.005408461 -0.496421432 -0.010757996 0.005539711 0.999926786 49.762230510
0.999809051 -0.013734996 0.013900048 0.161665027 0.013811572 0.999889882 -0.005428128 -0.516232008 -0.013823962 0.005619073 0.999888656 50.951387920
0.999774292 -0.014146472 0.015850638 0.201211881 0.014231537 0.999884856 -0.005266732 -0.531286398 -0.015774307 0.005491122 0.999860500 52.031984454
0.999742780 -0.014898717 0.017099744 0.243507395 0.014994072 0.999872665 -0.005461801 -0.547648665 -0.017016193 0.005716791 0.999838871 53.115869123
0.999722215 -0.014784812 0.018354916 0.280527107 0.014912549 0.999865392 -0.006842057 -0.560587211 -0.018251287 0.007113875 0.999808123 54.299184789
0.999762130 -0.010547373 0.019090193 0.296302573 0.010709450 0.999907304 -0.008407808 -0.573067617 -0.018999743 0.008610254 0.999782413 55.373969662
0.999771324 -0.009459600 0.019178510 0.317250392 0.009577966 0.999935589 -0.006089372 -0.585562130 -0.019119672 0.006271670 0.999797532 56.450053582
0.999792610 -0.008924237 0.018305591 0.340700414 0.008995014 0.999952370 -0.003787754 -0.600298258 -0.018270917 0.003951627 0.999825264 57.633893060
0.999776427 -0.011042120 0.018032416 0.362651098 0.011057401 0.999938585 -0.000747926 -0.607984020 -0.018023050 0.000947151 0.999837123 58.711994830
0.999757439 -0.014408906 0.016656718 0.386378133 0.014411642 0.999896146 -0.000044236 -0.612812388 -0.016654351 0.000284276 0.999861266 59.787773304
0.999760599 -0.015517687 0.015425488 0.406157628 0.015524420 0.999879439 -0.000316798 -0.619040900 -0.015418712 0.000556194 0.999880970 60.971910351
0.999749357 -0.016889410 0.014695959 0.429541568 0.016927149 0.999853730 -0.002447365 -0.625560092 -0.014652475 0.002695513 0.999889013 62.048879813
0.999794937 -0.014888166 0.013726876 0.440174924 0.014964158 0.999873178 -0.005449962 -0.629971480 -0.013643995 0.005654256 0.999890929 63.240855599
0.999843998 -0.012646277 0.012330923 0.446088512 0.012732855 0.999894654 -0.006968177 -0.638070657 -0.012241503 0.007124098 0.999899691 64.325566403
0.999861216 -0.013146272 0.010233487 0.448046997 0.013218636 0.999887874 -0.007036058 -0.648778488 -0.010139842 0.007170355 0.999922882 65.414478059
0.999899758 -0.012340236 0.006942085 0.446681647 0.012383596 0.999903862 -0.006238080 -0.660077315 -0.006864438 0.006323423 0.999956446 66.613469699
0.999921588 -0.012195860 0.002842202 0.421469473 0.012211207 0.999910608 -0.005446321 -0.669558536 -0.002775525 0.005480601 0.999981130 67.703639883
0.999950825 -0.009824833 -0.001349064 0.405001230 0.009816139 0.999931931 -0.006306835 -0.678179664 0.001410935 0.006293283 0.999979202 68.791110828
0.999957149 -0.007549685 -0.005357515 0.373889907 0.007511205 0.999946110 -0.007166540 -0.690025207 0.005411332 0.007125992 0.999959968 69.991206701
0.999958297 -0.004689662 -0.007836476 0.345064192 0.004640296 0.999969352 -0.006305802 -0.701785351 0.007865808 0.006269176 0.999949412 71.086113626
0.999946325 -0.003957887 -0.009575107 0.315873340 0.003896466 0.999971769 -0.006424823 -0.712172343 0.009600265 0.006387169 0.999933517 72.183976463
0.999929403 -0.003311940 -0.011411435 0.277452286 0.003238566 0.999974004 -0.006442357 -0.718896674 0.011432475 0.006404946 0.999914134 73.395650578
0.999891919 -0.006825277 -0.013021732 0.252661286 0.006718096 0.999943343 -0.008256972 -0.725641852 0.013077350 0.008168598 0.999881121 74.496244133
0.999855225 -0.007775121 -0.015135288 0.220274534 0.007588557 0.999895001 -0.012345070 -0.735567377 0.015229683 0.012228428 0.999809243 75.599290184
0.999801237 -0.010212188 -0.017123009 0.196587149 0.009965046 0.999845834 -0.014457047 -0.749769672 0.017268008 0.014283542 0.999748867 76.816092406
0.999763620 -0.010068806 -0.019269742 0.158976290 0.009880320 0.999902656 -0.009851815 -0.765030068 0.019367062 0.009659095 0.999765782 77.929122044
0.999736595 -0.009289393 -0.020986839 0.124048129 0.009216866 0.999951223 -0.003549903 -0.775685950 0.021018792 0.003355535 0.999773450 79.043883300
0.999699389 -0.007793895 -0.023246223 0.076740248 0.007785316 0.999969588 -0.000459542 -0.778964786 0.023249098 0.000278425 0.999729664 80.277922340
0.999648578 -0.007166349 -0.025521826 0.033866428 0.007138936 0.999973839 -0.001165029 -0.777227378 0.025529508 0.000982421 0.999673586 81.398779245
0.999589085 -0.006378152 -0.027946024 -0.012049429 0.006272294 0.999972825 -0.003873960 -0.775318093 0.027969973 0.003697082 0.999601927 82.521908215
0.999504828 -0.004029584 -0.031206759 -0.071428948 0.003826241 0.999971077 -0.006572981 -0.773823787 0.031232343 0.006450322 0.999491338 83.762190469
0.999401431 -0.003669689 -0.034399309 -0.126408311 0.003415001 0.999966345 -0.007459698 -0.773948021 0.034425526 0.007337759 0.999380328 84.889340816
0.999259930 -0.001422258 -0.038439168 -0.200405172 0.001184464 0.999980027 -0.006208318 -0.773246767 0.038447230 0.006158193 0.999241656 86.132815017
0.999104888 -0.000375879 -0.042299901 -0.259107715 0.000132331 0.999983401 -0.005760294 -0.774851506 0.042301364 0.005749540 0.999088353 87.268568178
0.998911992 0.001159152 -0.046620699 -0.328795504 -0.001461825 0.999978074 -0.006458691 -0.776196105 0.046612190 0.006519815 0.998891784 88.405950770
0.998690985 0.002264507 -0.051099792 -0.405056308 -0.002645587 0.999969185 -0.007391163 -0.777371105 0.051081480 0.007516677 0.998666201 89.660102726
0.998450388 0.004229394 -0.055488144 -0.483424458 -0.004609631 0.999966753 -0.006726379 -0.777008133 0.055457851 0.006971736 0.998436689 90.797542424
0.998213290 0.004477991 -0.059583354 -0.554958109 -0.004806554 0.999974018 -0.005372161 -0.781702751 0.059557749 0.005648954 0.998208878 91.941123331
0.997883902 0.005975628 -0.064745740 -0.649062847 -0.006296190 0.999968906 -0.004748185 -0.781593193 0.064715353 0.005145789 0.997890497 93.200631664
0.997552182 0.006557756 -0.069617815 -0.737357864 -0.006954831 0.999960893 -0.005462790 -0.783398640 0.069579269 0.005933598 0.997558779 94.340829708
0.997215538 0.007348202 -0.074210337 -0.827131627 -0.007870630 0.999946245 -0.006749844 -0.786785086 0.074156749 0.007315131 0.997219768 95.479586432
0.996884384 0.008518601 -0.078415289 -0.931013942 -0.009053148 0.999938127 -0.006463884 -0.790571997 0.078355374 0.007153650 0.996899825 96.731705450
0.996593488 0.010523350 -0.081796575 -1.027759634 -0.010946585 0.999928909 -0.004727503 -0.795521859 0.081741011 0.005606792 0.996637833 97.872186815
0.996350064 0.010698714 -0.084688176 -1.132145010 -0.011008432 0.999934314 -0.003191013 -0.800087162 0.084648473 0.004111650 0.996402394 99.008618973
0.996072848 0.011451924 -0.087793706 -1.242534273 -0.011692260 0.999929171 -0.002223734 -0.809070208 0.087762021 0.003241508 0.996136196 100.259555481
0.995884588 0.011686482 -0.089873876 -1.347157334 -0.011900835 0.999927472 -0.001849530 -0.815605317 0.089845743 0.002911492 0.995951437 101.394147434
0.995637598 0.012385308 -0.092479067 -1.460420211 -0.012656356 0.999917155 -0.002344980 -0.822427460 0.092442362 0.003505198 0.995711868 102.646720106
0.995423313 0.012062873 -0.094799339 -1.569144297 -0.012310569 0.999922165 -0.002028433 -0.827687326 0.094767492 0.003186183 0.995494335 103.786293643
0.995198801 0.011725477 -0.097169237 -1.676329328 -0.012013642 0.999924999 -0.002381041 -0.835516994 0.097134030 0.003536965 0.995265025 104.925649828
0.994939799 0.011994656 -0.099754325 -1.795374342 -0.012442324 0.999915115 -0.003866752 -0.850981575 0.099699477 0.005088361 0.995004584 106.172693782
0.994746110 0.011377297 -0.101738560 -1.902870185 -0.011923271 0.999917586 -0.004759927 -0.865783753 0.101676020 0.005947975 0.994799783 107.305674133
0.994539180 0.013818445 -0.103445014 -2.018044947 -0.014392447 0.999884881 -0.004804474 -0.878367845 0.103366715 0.006267064 0.994623570 108.436310018
0.994379764 0.013850944 -0.104962075 -2.146427689 -0.014297072 0.999891669 -0.003499133 -0.892663701 0.104902238 0.004980118 0.994470069 109.674499001
0.994156855 0.016226804 -0.106718504 -2.266570985 -0.016453728 0.999863852 -0.001246188 -0.901876744 0.106683752 0.002994823 0.994288493 110.803481940
0.994091502 0.014400898 -0.107585783 -2.385251531 -0.014407527 0.999895950 0.000715706 -0.908298655 0.107584895 0.000838568 0.994195548 111.930555013
0.993921260 0.017028039 -0.108768449 -2.519818623 -0.017166664 0.999852585 -0.000338184 -0.915807556 0.108746656 0.002203320 0.994067055 113.173581870
0.993783403 0.017778090 -0.109902172 -2.642658502 -0.018570250 0.999808406 -0.006188436 -0.919028509 0.109771096 0.008190876 0.993923144 114.300569895
0.993662410 0.018299131 -0.110906074 -2.779255686 -0.019379688 0.999774580 -0.008672760 -0.924893429 0.110722369 0.010767120 0.993793050 115.551192621
0.993589357 0.017888194 -0.111625273 -2.902904172 -0.019022653 0.999777582 -0.009106275 -0.937955789 0.111437551 0.011171306 0.993708647 116.692976930
0.993558840 0.015646256 -0.112232015 -3.024719764 -0.016812623 0.999813966 -0.009453498 -0.951129546 0.112063224 0.011279522 0.993637060 117.843473649
0.993513960 0.010997499 -0.113177146 -3.156844590 -0.012336754 0.999861846 -0.011139684 -0.964899936 0.113039001 0.012463670 0.993512376 119.113143417
0.993445446 0.008042223 -0.114023978 -3.278892093 -0.009365657 0.999894801 -0.011075679 -0.976884109 0.113922909 0.012070992 0.993416258 120.274176758
0.993367771 0.005524633 -0.114847510 -3.403247958 -0.006602434 0.999937645 -0.009006342 -0.988636565 0.114790592 0.009704883 0.993342305 121.442212394
0.993287410 0.005955710 -0.115519052 -3.546488271 -0.006869288 0.999948190 -0.007511971 -1.000057802 0.115468328 0.008255080 0.993276859 122.733145395
0.993254765 0.006258019 -0.115783460 -3.679434758 -0.007214151 0.999943238 -0.007840726 -1.008882137 0.115727820 0.008623118 0.993243532 123.911412495
0.993169450 0.007636133 -0.116430809 -3.815296840 -0.008660874 0.999928064 -0.008297908 -1.016618089 0.116359070 0.009249621 0.993164141 125.096006557
0.993114373 0.007850938 -0.116885434 -3.964348597 -0.008828342 0.999930243 -0.007846686 -1.025039724 0.116815676 0.008824561 0.993114407 126.409857391
0.993016832 0.008018656 -0.117699928 -4.100909564 -0.009013082 0.999928024 -0.007918982 -1.033092860 0.117627957 0.008924521 0.993017632 127.611730913
0.992921436 0.006823500 -0.118576817 -4.251379454 -0.007897629 0.999931909 -0.008590970 -1.041402548 0.118510123 0.009466634 0.992907717 128.943984726
0.992821660 0.005825970 -0.119462171 -4.390271811 -0.007091070 0.999923165 -0.010167613 -1.050500867 0.119393756 0.010941741 0.992786689 130.162886822
0.992700577 0.005726216 -0.120468981 -4.532687981 -0.007292487 0.999894470 -0.012564598 -1.060835383 0.120384320 0.013351402 0.992637575 131.390595083
0.992576396 0.005349735 -0.121505057 -4.677685964 -0.007081857 0.999879307 -0.013828188 -1.072898983 0.121416415 0.014586015 0.992494485 132.628383392
0.992411733 0.006513992 -0.122786483 -4.842078079 -0.008269418 0.999870685 -0.013792385 -1.087982794 0.122680762 0.014703098 0.992337266 134.001750149
0.992303519 0.006914488 -0.123636227 -4.994093102 -0.008349595 0.999903609 -0.011093109 -1.099747705 0.123547606 0.012040043 0.992265603 135.262143902
0.992185986 0.007033361 -0.124569264 -5.163261608 -0.008012833 0.999940784 -0.007363589 -1.110416265 0.124510097 0.008304203 0.992183590 136.659315731
0.992061023 0.005899731 -0.125618946 -5.317553460 -0.006923439 0.999946276 -0.007714279 -1.118268534 0.125566685 0.008522751 0.992048573 137.935498726
0.991925095 0.003258235 -0.126783240 -5.472317269 -0.004595518 0.999936838 -0.010256723 -1.125648326 0.126741813 0.010756536 0.991877417 139.219340347
0.991759194 0.001485233 -0.128107362 -5.646524083 -0.003183100 0.999909782 -0.013049756 -1.136501194 0.128076422 0.013349994 0.991674446 140.640906689
0.991652196 0.000058239 -0.128941533 -5.808362107 -0.001803264 0.999908365 -0.013416758 -1.148231465 0.128928936 0.013537273 0.991561431 141.944951142
0.991535565 0.001765351 -0.129823370 -5.976150185 -0.003434310 0.999914304 -0.012632863 -1.161840496 0.129789943 0.012971787 0.991456657 143.259311024
0.991427977 0.002625637 -0.130627993 -6.163660269 -0.004110485 0.999929959 -0.011098669 -1.175506853 0.130589703 0.011540475 0.991369329 144.714819923
0.991332744 0.004077701 -0.131311698 -6.337131558 -0.005545610 0.999926138 -0.010815063 -1.187023117 0.131257899 0.011449530 0.991282136 146.045416818
0.991211484 0.003790717 -0.132232463 -6.527883574 -0.005488195 0.999907123 -0.012474977 -1.200573781 0.132172893 0.013091058 0.991140227 147.515780918
0.991088774 0.002900167 -0.133171432 -6.701577424 -0.004606258 0.999911200 -0.012504939 -1.213889690 0.133123340 0.013006927 0.991014125 148.860045684
0.990959904 0.001891765 -0.134145030 -6.876408523 -0.003282044 0.999943166 -0.010143628 -1.228363592 0.134118217 0.010492199 0.990909793 150.209469268
0.990815895 0.001577993 -0.135208627 -7.053478618 -0.002693244 0.999963844 -0.008065852 -1.241595084 0.135191010 0.008355924 0.990784320 151.560518496
0.990638389 0.002347354 -0.136492024 -7.251753534 -0.003353039 0.999968898 -0.007138647 -1.255357287 0.136471022 0.007529481 0.990615449 153.043661245
0.990460640 0.003125466 -0.137760488 -7.435192906 -0.004151771 0.999965725 -0.007163209 -1.267755401 0.137733378 0.007666827 0.990439668 154.389561197
0.990256898 0.003986621 -0.139195487 -7.638783961 -0.005046944 0.999960871 -0.007265369 -1.281827541 0.139161076 0.007897094 0.990238270 155.867796099
0.990066336 0.003492439 -0.140557651 -7.824260524 -0.004564949 0.999962871 -0.007308694 -1.294978796 0.140526907 0.007877731 0.990045519 157.211630317
0.989831340 0.002242104 -0.142228309 -8.001864842 -0.003309566 0.999968103 -0.007269154 -1.296778947 0.142207474 0.007665951 0.989807187 158.560479981
0.989586469 0.000445917 -0.143938954 -8.197706959 -0.001262613 0.999983620 -0.005582608 -1.296870250 0.143934107 0.005706213 0.989570822 160.044990756
0.989378100 -0.000789009 -0.145362829 -8.380519526 0.000236047 0.999992671 -0.003821223 -1.298970892 0.145364778 0.003746322 0.989371036 161.390541024
0.989190200 -0.001184092 -0.146633372 -8.566720833 0.001013898 0.999998723 -0.001235409 -1.299970350 0.146634648 0.001073383 0.989190137 162.734514435
0.989028359 0.000085410 -0.147725754 -8.774875258 0.000400214 0.999994614 0.003257610 -1.296202300 0.147725237 -0.003280991 0.989022997 164.213751940
0.988946338 0.001205107 -0.148268975 -8.966319056 -0.000743981 0.999994713 0.003165486 -1.293719464 0.148272006 -0.003020186 0.988942006 165.549914668
0.988954238 0.002683228 -0.148196877 -9.158206047 -0.003349508 0.999985374 -0.004246522 -1.291881898 0.148183315 0.004696003 0.988948761 166.875689298
0.988962135 0.004365525 -0.148104142 -9.371661075 -0.006298619 0.999900958 -0.012585761 -1.299411044 0.148034531 0.013379693 0.988891683 168.328530931
0.988958959 0.004421095 -0.148123703 -9.562544528 -0.006468383 0.999890061 -0.013342609 -1.312573809 0.148048429 0.014153414 0.988878832 169.654666013
0.988973624 0.002275600 -0.148074281 -9.750385169 -0.003675277 0.999951112 -0.009179605 -1.328798923 0.148046153 0.009622602 0.988933639 170.983007950
0.988919286 -0.000480244 -0.148453414 -9.954747309 -0.000829751 0.999961267 -0.008762224 -1.342602071 0.148451872 0.008788312 0.988880583 172.438423936