1.000000000 -0.000000000 0.000000000 -0.000000000 0.000000000 1.000000000 0.000000000 -0.000000000 -0.000000000 -0.000000000 1.000000000 -0.000000000
0.999999999 0.000045070 -0.000006141 0.010699416 -0.000045071 0.999999992 -0.000120818 0.010992881 0.000006136 0.000120818 0.999999993 0.018661469
0.999999985 0.000133933 0.000110120 0.025042770 -0.000133920 0.999999983 -0.000123304 0.027245742 -0.000110136 0.000123289 0.999999986 0.047210165
0.999999914 0.000251820 0.000329439 0.038413014 -0.000251724 0.999999926 -0.000289867 0.048366976 -0.000329512 0.000289784 0.999999904 0.093752809
0.999999870 0.000301857 0.000410157 0.050344155 -0.000301687 0.999999868 -0.000414823 0.067542471 -0.000410282 0.000414699 0.999999830 0.141986596
0.999999678 0.000418295 0.000684541 0.057311235 -0.000418185 0.999999900 -0.000161532 0.150355977 -0.000684609 0.000161246 0.999999753 0.269271827
0.999999527 0.000401635 0.000885275 0.061831810 -0.000401760 0.999999909 0.000140241 0.205163682 -0.000885218 -0.000140597 0.999999598 0.367850920
0.999999208 0.000505794 0.001152340 0.068736890 -0.000506262 0.999999789 0.000405888 0.269817634 -0.001152134 -0.000406471 0.999999254 0.483336197
0.999998952 0.000506004 0.001356636 0.077306749 -0.000506870 0.999999668 0.000638423 0.323121954 -0.001356312 -0.000639110 0.999998876 0.600821016
0.999998917 0.000287284 0.001443295 0.093583048 -0.000288622 0.999999529 0.000926492 0.409536686 -0.001443028 -0.000926908 0.999998529 0.751081235
0.999999242 -0.000029327 0.001230782 0.108757386 0.000028108 0.999999509 0.000990495 0.488236412 -0.001230811 -0.000990460 0.999998752 0.899796712
0.999999731 -0.000075881 0.000729458 0.130252323 0.000075329 0.999999711 0.000756075 0.604141193 -0.000729515 -0.000756020 0.999999448 1.090814982
0.999999900 0.000073547 -0.000441443 0.148554826 -0.000073513 0.999999994 0.000077154 0.698602627 0.000441449 -0.000077122 0.999999900 1.295050125
0.999994927 -0.000103662 -0.003183573 0.158995906 0.000101867 0.999999836 -0.000564085 0.803841499 0.003183631 0.000563758 0.999994773 1.561199300
0.999974381 -0.000247323 -0.007153819 0.156203954 0.000241639 0.999999655 -0.000795333 0.874491144 0.007154013 0.000793584 0.999974095 1.777515371
0.999915383 -0.000375356 -0.013003330 0.150782670 0.000364974 0.999999613 -0.000800770 0.936889898 0.013003626 0.000795956 0.999915132 1.990311736
0.999762409 -0.000689387 -0.021786448 0.147903717 0.000676143 0.999999582 -0.000615277 1.030490008 0.021786863 0.000600400 0.999762458 2.254978922
0.999470667 -0.001248627 -0.032508883 0.140005329 0.001241540 0.999999201 -0.000238183 1.107168197 0.032509155 0.000197696 0.999471418 2.503487668
0.998925577 -0.001860641 -0.046305834 0.131690596 0.001862985 0.999998265 0.000007469 1.196036308 0.046305740 -0.000093728 0.998927310 2.782191434
0.997872147 -0.002253077 -0.065162113 0.111417039 0.002287329 0.999997282 0.000451048 1.257989038 0.065160920 -0.000599136 0.997874589 3.043364800
0.996338574 -0.002128555 -0.085468802 0.086333424 0.002223847 0.999997007 0.001019738 1.324840076 0.085466376 -0.001206073 0.996340325 3.312383128
0.994041936 -0.001634392 -0.108986043 0.050960031 0.001795516 0.999997435 0.001380272 1.371834945 0.108983508 -0.001567734 0.994042322 3.559224091
0.990417731 -0.001848552 -0.138091642 0.003424269 0.002059932 0.999996915 0.001387828 1.453848230 0.138088651 -0.001658989 0.990418483 3.868978885
0.985984412 -0.002415654 -0.166819976 -0.051553275 0.002647092 0.999995818 0.001165011 1.526446482 0.166816464 -0.001590270 0.985986683 4.140860277
0.980222580 -0.003281647 -0.197870978 -0.116475578 0.003531392 0.999993351 0.000909307 1.591264077 0.197866679 -0.001590083 0.980227652 4.415420971
0.972062367 -0.003957071 -0.234689363 -0.201554153 0.004250520 0.999990689 0.000744545 1.663609130 0.234684232 -0.001721296 0.972070136 4.731661359
0.962784486 -0.004200148 -0.270237660 -0.293237679 0.004562619 0.999989337 0.000713131 1.714119223 0.270231783 -0.001919583 0.962793383 5.010457840
0.951410337 -0.002678695 -0.307914265 -0.397929227 0.003349065 0.999993033 0.001648702 1.776706588 0.307907704 -0.002599817 0.951412680 5.322109140
0.936334468 -0.000049156 -0.351109329 -0.533743984 0.001364671 0.999992946 0.003499288 1.824682396 0.351106680 -0.003755653 0.936327931 5.642705642
0.920306271 0.002498421 -0.391190652 -0.673565965 -0.000332258 0.999984237 0.005604944 1.875587694 0.391198489 -0.005028289 0.920292594 5.949960743
0.901627522 0.004242416 -0.432492558 -0.830048240 -0.001054576 0.999970484 0.007610435 1.914390654 0.432512079 -0.006405681 0.901605384 6.244091237
0.877909085 0.005067117 -0.478800546 -1.018511419 -0.000654267 0.999955766 0.009382833 1.962226646 0.478826911 -0.007924011 0.877873567 6.573765746
0.853817419 0.005907400 -0.520539065 -1.207420392 0.000750655 0.999920600 0.012578985 2.010076871 0.520572043 -0.011130901 0.853745191 6.873088012
0.827303461 0.007906713 -0.561699624 -1.414000296 0.002645055 0.999835030 0.017969876 2.057934418 0.561749043 -0.016352267 0.827146067 7.167388348
0.795039896 0.012806112 -0.606421938 -1.664510463 0.000920448 0.999750477 0.022318964 2.112772790 0.606556441 -0.018302647 0.794829728 7.480023633
0.762783928 0.017636398 -0.646412900 -1.911924385 -0.001001576 0.999659036 0.026092298 2.155056746 0.646652671 -0.019255354 0.762541510 7.747532409
0.724715849 0.024322764 -0.688618429 -2.204359997 -0.003779471 0.999502077 0.031325927 2.216887174 0.689037483 -0.020099782 0.724446924 8.044381314
0.687585202 0.028106600 -0.725559514 -2.484804723 -0.002919981 0.999349487 0.035945474 2.273672353 0.726097833 -0.022596956 0.687219989 8.306667617
0.647767176 0.031603911 -0.761182553 -2.793577164 -0.000666962 0.999162321 0.040917124 2.315577041 0.761838068 -0.025997091 0.647245634 8.546090087
0.600861084 0.034211243 -0.798621030 -3.159359866 0.002148776 0.999010980 0.044412208 2.343586709 0.799350574 -0.028401626 0.600193308 8.776498122
0.555941690 0.035559801 -0.830460317 -3.514227665 0.005101159 0.998919738 0.046188040 2.370262429 0.831205640 -0.029914167 0.555159731 8.968172739
0.509505105 0.036298856 -0.859701658 -3.894789971 0.006636513 0.998914326 0.046109932 2.395830730 0.860442040 -0.029198667 0.508711051 9.146208076
0.458113351 0.036618472 -0.888139204 -4.333398457 0.007509909 0.998955999 0.045061216 2.424962438 0.888862059 -0.027312989 0.457360079 9.322470336
0.411629864 0.037135945 -0.910594189 -4.745962841 0.007760506 0.998990389 0.044249028 2.455811423 0.911318073 -0.025280893 0.410926084 9.469813925
0.361007415 0.036613039 -0.931843942 -5.218119094 0.009729553 0.999026745 0.043022060 2.492097594 0.932512189 -0.024597708 0.360299834 9.615794050
0.315820650 0.036974836 -0.948098190 -5.661541202 0.012715756 0.998985730 0.043195138 2.528073506 0.948733696 -0.025697702 0.315030160 9.737343475
0.270591780 0.036707897 -0.961994085 -6.113142766 0.016573124 0.998947061 0.042779677 2.571640057 0.962551516 -0.027519076 0.269698499 9.853119384
0.226282360 0.038687482 -0.973293158 -6.578091661 0.020859860 0.998789319 0.044550670 2.619966948 0.973838364 -0.030383790 0.225201389 9.954818461
0.179795666 0.043921564 -0.982722959 -7.107879812 0.021737985 0.998581382 0.048607444 2.668282185 0.983463766 -0.030101824 0.178585839 10.040757723
0.140668646 0.047222127 -0.988929928 -7.600982666 0.021559448 0.998478922 0.050744786 2.714693434 0.989821965 -0.028458984 0.139436595 10.098746732
0.105548970 0.048169995 -0.993246730 -8.117400191 0.021526115 0.998481339 0.050711367 2.741480525 0.994181091 -0.026733276 0.104351764 10.140663559
0.071863933 0.047954063 -0.996261001 -8.690635862 0.021100002 0.998546948 0.049586115 2.783792256 0.997191238 -0.024584562 0.070747680 10.184449841
0.045057049 0.047605281 -0.997849487 -9.219141417 0.021041263 0.998597104 0.048591048 2.825904324 0.998762798 -0.023185383 0.043992164 10.213280586
0.019114276 0.046790733 -0.998721819 -9.811472152 0.023681163 0.998602893 0.047238389 2.872806154 0.999536816 -0.024553822 0.017979512 10.237160235
-0.001461188 0.047295273 -0.998879884 -10.360910899 0.027355985 0.998509014 0.047237696 2.915857560 0.999624687 -0.027256320 -0.002752818 10.248789542
-0.019918270 0.047686586 -0.998663733 -10.919630192 0.028860581 0.998473075 0.047101860 2.958485116 0.999384976 -0.027883828 -0.021264119 10.248520362
-0.037082757 0.046934217 -0.998209421 -11.536931383 0.027993377 0.998553254 0.045910450 3.026817710 0.998920037 -0.026240767 -0.038342955 10.254718277
-0.050220174 0.046735386 -0.997644094 -12.106010970 0.025887913 0.998629827 0.045478398 3.117905489 0.998402599 -0.023542990 -0.051361245 10.231529165
-0.061767970 0.047054973 -0.996980716 -12.728651030 0.025102256 0.998645329 0.045578328 3.194867347 0.997774822 -0.022211185 -0.062865480 10.204443911
-0.069164863 0.047689284 -0.996464728 -13.315720021 0.025022573 0.998625419 0.046055869 3.247755156 0.997291378 -0.021748663 -0.070263099 10.161237093
-0.073675385 0.049596840 -0.996048237 -13.900746775 0.025994119 0.998518773 0.047797132 3.270989594 0.996943450 -0.022369925 -0.074855481 10.119730401
-0.076963490 0.052769001 -0.995636507 -14.560560587 0.027074249 0.998340807 0.050819468 3.280093642 0.996666246 -0.023044867 -0.078264474 10.070892689
-0.079841748 0.053978572 -0.995344970 -15.169872713 0.025814522 0.998309805 0.052068643 3.258040279 0.996473234 -0.021537104 -0.081100231 10.007244723
-0.082059325 0.053134419 -0.995210028 -15.791707539 0.025196281 0.998369216 0.051225548 3.259237536 0.996308895 -0.020872058 -0.083264293 9.948549447
-0.085018028 0.052145995 -0.995013935 -16.485781878 0.025581067 0.998414615 0.050138466 3.243907798 0.996050975 -0.021190845 -0.086217192 9.880979146
-0.087405612 0.050414350 -0.994896302 -17.127852691 0.025988016 0.998494080 0.048313510 3.222224779 0.995833762 -0.021632509 -0.088584155 9.829310480
-0.088299236 0.049702065 -0.994853230 -17.782192081 0.025205472 0.998546052 0.047649417 3.166904352 0.995775039 -0.020868338 -0.089423617 9.783919175
-0.088115964 0.051459358 -0.994780132 -18.516102476 0.023597810 0.998492282 0.049561131 3.086355017 0.995830668 -0.019107506 -0.089197439 9.735339332
-0.087845870 0.053806123 -0.994679850 -19.192664624 0.022988214 0.998383699 0.051976258 3.041740827 0.995868789 -0.018300014 -0.088940791 9.693235830
-0.087425248 0.054661847 -0.994670251 -19.947339777 0.021563602 0.998363283 0.052969492 2.945171092 0.995937667 -0.016817803 -0.088460864 9.647395630
-0.086960219 0.051992802 -0.994854094 -20.639198243 0.021036897 0.998510303 0.050345046 2.885488569 0.995989643 -0.016550627 -0.087924442 9.606625347
-0.086809707 0.048353563 -0.995050756 -21.342344276 0.021254878 0.998683934 0.046675807 2.798398329 0.995998145 -0.017097769 -0.087723209 9.573500878
-0.085992791 0.044558359 -0.995298846 -22.123341466 0.023581536 0.998810536 0.042678153 2.763070941 0.996016642 -0.019800662 -0.086941260 9.532197716
-0.085254084 0.044844800 -0.995349529 -22.852160884 0.023492469 0.998799345 0.042988042 2.701719546 0.996082248 -0.019718312 -0.086205238 9.486146953
-0.084746355 0.048975751 -0.995198187 -23.591388071 0.023600965 0.998609729 0.047133894 2.678077095 0.996123009 -0.019493212 -0.085784409 9.437736637
-0.084673459 0.053150674 -0.994990156 -24.412513940 0.024899832 0.998377315 0.051212640 2.599395186 0.996097587 -0.020438737 -0.085859504 9.400372989
-0.085147297 0.054895195 -0.994854992 -25.166388714 0.027071321 0.998239950 0.052765003 2.569255279 0.996000543 -0.022439242 -0.086483519 9.358668340
-0.085265867 0.054661491 -0.994857705 -25.925733327 0.031624906 0.998139364 0.052131336 2.554922416 0.995856213 -0.027017258 -0.086835882 9.319435160
-0.085992147 0.052602111 -0.994906211 -26.771063623 0.034712079 0.998157125 0.049773743 2.546574790 0.995690927 -0.030255112 -0.087659603 9.265880113
-0.086715662 0.049362884 -0.995009397 -27.542681763 0.035666841 0.998285198 0.046417011 2.550250297 0.995594431 -0.031463760 -0.088327580 9.206420096
-0.087379512 0.044997844 -0.995158286 -28.391316482 0.035830973 0.998474837 0.042001682 2.595592746 0.995530493 -0.031987403 -0.088858560 9.163377236
-0.087981839 0.042120573 -0.995231156 -29.169487153 0.038331249 0.998508781 0.038870677 2.637439065 0.995384303 -0.034728540 -0.089465173 9.121212886
-0.088361068 0.041350646 -0.995229846 -29.954880023 0.040840618 0.998448191 0.037858347 2.676848250 0.995250906 -0.037300598 -0.089912734 9.079662971
-0.088638764 0.042468460 -0.995158078 -30.824419662 0.040404855 0.998421632 0.039008870 2.736159703 0.995243999 -0.036751520 -0.090214791 9.024618626
-0.088911306 0.044420195 -0.995048555 -31.622123846 0.040556820 0.998338021 0.040943138 2.787649771 0.995213507 -0.036715697 -0.090565079 8.979211052
-0.089448905 0.046005966 -0.994928311 -32.425521135 0.041815390 0.998225324 0.042399014 2.822804217 0.995113243 -0.037810770 -0.091213920 8.934725845
-0.089288851 0.047594743 -0.994867952 -33.312736085 0.042204223 0.998141278 0.043963533 2.862898542 0.995111202 -0.038062176 -0.091131587 8.883983016
-0.088943272 0.048128001 -0.994873253 -34.122447887 0.044089716 0.998043131 0.044339655 2.903459879 0.995060396 -0.039919965 -0.090891172 8.833252057
-0.089538955 0.047190406 -0.994864735 -34.935001250 0.043894348 0.998093349 0.043393011 2.944103905 0.995015609 -0.039783574 -0.091439627 8.778719422
-0.089652393 0.046513572 -0.994886394 -35.833131040 0.043566103 0.998135923 0.042739616 2.995013547 0.995019820 -0.039511614 -0.091511689 8.728043514
-0.089850652 0.045866066 -0.994898570 -36.655723157 0.044445242 0.998128515 0.042001060 3.027170181 0.994963055 -0.040444685 -0.091721026 8.679735215
-0.090151048 0.045890335 -0.994870276 -37.566759654 0.045153773 0.998098960 0.041947616 3.050310227 0.994903978 -0.041140525 -0.092051789 8.628058707
-0.090604805 0.045261541 -0.994857860 -38.399499286 0.047191240 0.998039620 0.041108444 3.055991428 0.994768192 -0.043223954 -0.092563133 8.576555839
-0.091028558 0.042803859 -0.994927953 -39.067126732 0.050219277 0.998001984 0.038341417 3.053682563 0.994581231 -0.046474399 -0.092996261 8.537459886
-0.091746371 0.040765388 -0.994947630 -40.153662422 0.053916932 0.997899349 0.035914525 3.082811316 0.994321662 -0.050349496 -0.093751589 8.478304891
-0.092496543 0.042318587 -0.994813312 -40.999683085 0.054610358 0.997808254 0.037368384 3.117659106 0.994214312 -0.050870665 -0.094604848 8.439171204
-0.093737488 0.047217098 -0.994476661 -41.855018524 0.055641126 0.997562057 0.042118963 3.144400853 0.994040919 -0.051385675 -0.096136174 8.385216417
-0.094687543 0.050533214 -0.994223649 -42.797761963 0.056241864 0.997387261 0.045337666 3.174893244 0.993917060 -0.051624079 -0.097282231 8.323214209
-0.095741121 0.050472322 -0.994125838 -43.654982103 0.055107443 0.997450754 0.045333906 3.209837436 0.993879675 -0.050443414 -0.098278454 8.258842710
-0.096829821 0.048902000 -0.994098878 -44.512367875 0.054187502 0.997569920 0.043794636 3.253903940 0.993824784 -0.049627109 -0.099244394 8.197562414
-0.098366361 0.047513476 -0.994015356 -45.459964332 0.051666070 0.997756285 0.042579489 3.304792269 0.993808169 -0.047168478 -0.100600489 8.130336520
-0.099622517 0.048136031 -0.993860290 -46.326214390 0.050539608 0.997784701 0.043260117 3.351848297 0.993740963 -0.045919628 -0.101834600 8.062895048
-0.100953186 0.049595578 -0.993654232 -47.282925004 0.050290298 0.997734286 0.044689834 3.402941489 0.993619313 -0.045459587 -0.103218631 7.988064878
-0.102286926 0.051058323 -0.993443724 -48.154038302 0.047347813 0.997799859 0.046407184 3.448802971 0.993627480 -0.042290539 -0.104479381 7.911512561
-0.103622701 0.050835835 -0.993316694 -49.021888757 0.045675172 0.997882586 0.046304678 3.506393351 0.993567368 -0.040571695 -0.105725224 7.847396847
-0.105262957 0.049892673 -0.993192041 -49.976425225 0.045508812 0.997935948 0.045307753 3.568915352 0.993402566 -0.040429761 -0.107316245 7.770919902
-0.106232551 0.049357505 -0.993115543 -50.845433160 0.046299892 0.997929468 0.044644103 3.604290172 0.993262787 -0.041238486 -0.108297841 7.702712414
-0.107323124 0.049624663 -0.992984965 -51.716290806 0.047063333 0.997887531 0.044783003 3.642825898 0.993109657 -0.041926930 -0.109431909 7.627188102
-0.108608197 0.050382049 -0.992807085 -52.672993163 0.047196310 0.997849959 0.045474917 3.694059963 0.992963629 -0.041917883 -0.110752532 7.547347429
-0.109515610 0.050667551 -0.992692868 -53.537399421 0.046824808 0.997854190 0.045765193 3.762276601 0.992881548 -0.041470650 -0.111653108 7.479327511
-0.110315683 0.050837647 -0.992595579 -54.487868427 0.045703932 0.997893998 0.046029545 3.842504134 0.992845205 -0.040287741 -0.112406839 7.406652063
-0.110799262 0.050960419 -0.992535420 -55.352006832 0.043373503 0.997980939 0.046398117 3.908006911 0.992895897 -0.037908861 -0.112785883 7.330620145
-0.110954029 0.052367015 -0.992444910 -56.216664547 0.039423380 0.998056707 0.048255643 3.972026895 0.993043302 -0.033771375 -0.112802898 7.249146015
-0.110147281 0.054138182 -0.992439738 -57.078770042 0.035168873 0.998102436 0.050543820 4.041814320 0.993292871 -0.029335723 -0.111842248 7.176101758
-0.108609959 0.056024846 -0.992504455 -58.029258300 0.032005756 0.998090078 0.052837746 4.113337968 0.993569076 -0.026027150 -0.110195640 7.093342237
-0.106587563 0.057269589 -0.992652651 -58.890459093 0.032050920 0.998018963 0.054137675 4.186532672 0.993786612 -0.026045027 -0.108211952 7.025029842
-0.104722197 0.058063268 -0.992805076 -59.837484889 0.032683632 0.997955862 0.054917000 4.264220774 0.993964306 -0.026697447 -0.106405849 6.938238030
-0.103115007 0.056749826 -0.993049220 -60.694536800 0.033833787 0.997993473 0.053519185 4.338190731 0.994093844 -0.028079985 -0.104828166 6.862053006
-0.102262699 0.054293725 -0.993274651 -61.553355261 0.034077738 0.998114535 0.051049802 4.406341602 0.994173550 -0.028628063 -0.103920093 6.787669024
-0.101192156 0.051344206 -0.993541101 -62.493353446 0.034716974 0.998241361 0.048051182 4.496863576 0.994260971 -0.029630338 -0.102796712 6.716644155
-0.100389142 0.050364693 -0.993672692 -63.352144577 0.034489769 0.998293886 0.047114475 4.575490942 0.994350278 -0.029541760 -0.101954933 6.647248177
-0.099688919 0.049916072 -0.993765820 -64.213757393 0.031658199 0.998394369 0.046972791 4.648395147 0.994514896 -0.026778169 -0.101109108 6.572871264
-0.098756038 0.049669525 -0.993871311 -65.164337472 0.029625045 0.998457601 0.046955035 4.729202242 0.994670600 -0.024806390 -0.100075178 6.491630340
-0.098214972 0.048739778 -0.993970952 -66.032898799 0.029137102 0.998512568 0.046083421 4.794962370 0.994738583 -0.024435351 -0.099489020 6.418890234
-0.097896412 0.047597435 -0.994057733 -66.994593907 0.028023095 0.998591395 0.045054756 4.851555702 0.994801990 -0.023445875 -0.099092342 6.337903074
-0.097399391 0.047473338 -0.994112489 -67.876857230 0.029023014 0.998572377 0.044842752 4.893931212 0.994822106 -0.024484484 -0.098638161 6.260130589
-0.096869479 0.046819939 -0.994195251 -68.761429996 0.030202012 0.998571231 0.044083284 4.933611012 0.994838752 -0.025756372 -0.098145132 6.182558312
-0.096320827 0.045899010 -0.994291496 -69.741750284 0.032365500 0.998552394 0.042960334 4.975893930 0.994823991 -0.028042767 -0.097666937 6.091789667
-0.096192414 0.044921036 -0.994348591 -70.636154297 0.034206656 0.998540214 0.041801276 5.015610310 0.994774811 -0.029992375 -0.097588593 6.019240845
-0.096047562 0.044497111 -0.994381654 -71.536255859 0.035912345 0.998504785 0.041212833 5.066892395 0.994728691 -0.031752184 -0.097501946 5.945855557
-0.095132931 0.043806820 -0.994500220 -72.530792037 0.038512365 0.998445285 0.040296540 5.130637400 0.994719319 -0.034467027 -0.096672130 5.867991036
-0.093958236 0.044597801 -0.994576737 -73.445005039 0.038331946 0.998417468 0.041148782 5.176120688 0.994837932 -0.034257795 -0.095519065 5.791802555
-0.092303097 0.046634991 -0.994638284 -74.363934287 0.037325251 0.998362643 0.043345805 5.221813800 0.995031137 -0.033124172 -0.093892626 5.712685754
-0.090808080 0.047995209 -0.994711191 -75.377470679 0.035401978 0.998362230 0.044939494 5.281054758 0.995238963 -0.031133874 -0.092358482 5.639477247
-0.089698749 0.048162361 -0.994803760 -76.300818603 0.035373139 0.998353992 0.045144742 5.336763178 0.995340583 -0.031139904 -0.091254758 5.563896232
-0.088970860 0.047498220 -0.994901053 -77.227217443 0.035599976 0.998375744 0.044480514 5.394052386 0.995397824 -0.031460984 -0.090517284 5.489357683
-0.088090867 0.047948050 -0.994957780 -78.247464534 0.036945060 0.998310854 0.044838622 5.454157069 0.995427075 -0.032808902 -0.089713512 5.406389572
-0.087654729 0.047909378 -0.994998161 -79.178710029 0.036802135 0.998316652 0.044827067 5.504997449 0.995470869 -0.032688752 -0.089270343 5.341560640
-0.087366113 0.047307431 -0.995052345 -80.198993719 0.036644782 0.998348331 0.044246700 5.565543163 0.995502045 -0.032597814 -0.088955383 5.273618129
-0.087818925 0.046319216 -0.995058976 -81.126317953 0.036946719 0.998382472 0.043213190 5.615460231 0.995451042 -0.032969228 -0.089388219 5.197617965
-0.088171913 0.046878662 -0.995001560 -82.053788597 0.035998540 0.998389420 0.043848273 5.656233089 0.995454579 -0.031952417 -0.089717469 5.108620568
-0.088646017 0.048423799 -0.994885430 -83.076200780 0.034755739 0.998359726 0.045496106 5.697507833 0.995456640 -0.030544929 -0.090183618 5.003200117
-0.089506782 0.049438132 -0.994758467 -84.004044915 0.032894496 0.998369172 0.046657785 5.734973923 0.995442860 -0.028545891 -0.090987054 4.901707773
-0.090159502 0.049834189 -0.994679756 -84.927594944 0.031461029 0.998391376 0.047168461 5.777086191 0.995430293 -0.027040964 -0.091582304 4.807704093
-0.090648073 0.049334634 -0.994660254 -85.938934663 0.031091713 0.998425535 0.046687855 5.828915860 0.995397525 -0.026693527 -0.092039249 4.714313012
-0.091027389 0.048728334 -0.994655500 -86.854885277 0.029685347 0.998491053 0.046199540 5.876304169 0.995405844 -0.025321271 -0.092336551 4.626733288
-0.091167895 0.049509810 -0.994604039 -87.771150485 0.028776022 0.998477257 0.047064930 5.923235617 0.995419688 -0.024329937 -0.092453765 4.538325593
-0.091476371 0.050674445 -0.994517056 -88.773935802 0.028105166 0.998437911 0.048289095 5.978411523 0.995410555 -0.023533755 -0.092757690 4.445543290
-0.090847821 0.051465417 -0.994534054 -89.681306815 0.025399685 0.998458612 0.049348318 6.032063065 0.995540823 -0.020777664 -0.092014995 4.368553924
-0.089181303 0.051690189 -0.994673223 -90.675305550 0.023538796 0.998482902 0.049777704 6.090873985 0.995737225 -0.018974169 -0.090262731 4.279941278
-0.088206869 0.051399802 -0.994775155 -91.575348418 0.021644451 0.998530895 0.049674643 6.144125661 0.995866992 -0.017149718 -0.089189805 4.201268251
-0.087378698 0.050808948 -0.994878593 -92.470053665 0.020176153 0.998583852 0.049226136 6.197622691 0.995970826 -0.015771507 -0.088280086 4.112011470
-0.086647375 0.049055859 -0.995030530 -93.452164651 0.019967579 0.998671802 0.047496598 6.258992463 0.996038919 -0.015752895 -0.087511817 4.023804493
-0.086283500 0.046644637 -0.995178092 -94.344638884 0.018407638 0.998807499 0.045218779 6.306635507 0.996100555 -0.014417243 -0.087039225 3.950088062
-0.086077104 0.045133521 -0.995265642 -95.235841905 0.018549531 0.998872791 0.043692814 6.351327166 0.996115780 -0.014700760 -0.086817283 3.875986819
-0.086768881 0.046540358 -0.995140772 -96.220830569 0.020551695 0.998779230 0.044918565 6.377274759 0.996016460 -0.016554296 -0.087619439 3.781100696
-0.088067834 0.049720688 -0.994872811 -97.114620910 0.021412232 0.998617208 0.048012374 6.402481599 0.995884317 -0.017074101 -0.089010686 3.690106224
-0.089446519 0.052157321 -0.994625022 -98.006999461 0.021363990 0.998498607 0.050439187 6.428739977 0.995762472 -0.016737549 -0.090426513 3.600864907
-0.091499699 0.052087142 -0.994441921 -98.979715200 0.021453022 0.998502414 0.050325908 6.472151405 0.995573992 -0.016728979 -0.092480097 3.506594930
-0.093676212 0.050556939 -0.994318240 -99.863197146 0.022774821 0.998557329 0.048626829 6.515343938 0.995342190 -0.018090243 -0.094692493 3.408776343
-0.095863076 0.048243210 -0.994224755 -100.742050917 0.022904388 0.998667260 0.046250336 6.558781444 0.995130976 -0.018338411 -0.096840297 3.310999079
-0.097964348 0.046494195 -0.994103252 -101.707711361 0.025320218 0.998701159 0.044214047 6.606571846 0.994867767 -0.020839510 -0.099014351 3.204938194
-0.100485199 0.047036705 -0.993826078 -102.584419902 0.029195098 0.998591128 0.044310330 6.654801027 0.994510116 -0.024562317 -0.101716869 3.116523995
-0.103247792 0.050441818 -0.993375818 -103.550236018 0.032087838 0.998362363 0.047359935 6.708197352 0.994137950 -0.026985473 -0.104697278 3.015767071
-0.106123751 0.054138818 -0.992878008 -104.427383923 0.031773642 0.998191429 0.051032419 6.758634707 0.993845152 -0.026131598 -0.107652006 2.913705281
-0.108489972 0.057037784 -0.992459882 -105.302161155 0.032641016 0.998018684 0.053789128 6.806908924 0.993561518 -0.026559317 -0.110136790 2.810068906
-0.111397046 0.056743937 -0.992154637 -106.258015269 0.031514031 0.998068097 0.053543814 6.861923049 0.993276177 -0.025302169 -0.112970068 2.699452218
-0.113252452 0.053265707 -0.992137413 -107.122629272 0.026453760 0.998369571 0.050580602 6.920870847 0.993214016 -0.020517388 -0.114476880 2.595569893
-0.115465855 0.051133289 -0.991994467 -107.987952444 0.022935966 0.998545131 0.048801256 6.986174598 0.993046614 -0.017117473 -0.116470658 2.498862002
-0.118390925 0.051098077 -0.991651438 -108.940363316 0.021935812 0.998565929 0.048835503 7.050078765 0.992724740 -0.015970999 -0.119342022 2.384222881
-0.120725227 0.052719605 -0.991285056 -109.810425900 0.022529161 0.998477077 0.050358349 7.118007176 0.992430278 -0.016253298 -0.121729101 2.264114096
-0.123347137 0.054349267 -0.990874180 -110.678130427 0.023768727 0.998374487 0.051801852 7.180880301 0.992078894 -0.017162207 -0.124438448 2.146915307
-0.126275442 0.052933727 -0.990581917 -111.630107486 0.026216511 0.998404586 0.050009770 7.247618297 0.991648732 -0.019654596 -0.127461718 2.024044457
-0.128353923 0.050775892 -0.990427725 -112.495848718 0.028022526 0.998475377 0.047556904 7.292700337 0.991332441 -0.021650172 -0.129581100 1.905191402
-0.130195670 0.049623785 -0.990245711 -113.449906051 0.027851457 0.998535646 0.046377357 7.342481583 0.991097061 -0.021541655 -0.131387112 1.769112787
-0.131140740 0.049708561 -0.990116743 -114.318433462 0.027479402 0.998540631 0.046491840 7.382765406 0.990982840 -0.021110842 -0.132315319 1.643717938
-0.132154832 0.048477726 -0.990042934 -115.186698028 0.026734224 0.998614329 0.045328837 7.418752964 0.990868499 -0.020477605 -0.133267723 1.522317702
-0.132482595 0.048500455 -0.989998014 -116.145480261 0.026979103 0.998608511 0.045311915 7.464714038 0.990818091 -0.020706218 -0.133606746 1.395857302
-0.132874972 0.048631181 -0.989939013 -117.016552722 0.026902906 0.998604482 0.045445822 7.510081501 0.990767619 -0.020593624 -0.133997863 1.277257093
-0.132408071 0.049173929 -0.989974761 -117.885736523 0.025262734 0.998611601 0.046224073 7.565608601 0.990873300 -0.018889029 -0.133466503 1.173777166
-0.131860038 0.046360631 -0.990183631 -118.839715647 0.023654683 0.998768443 0.043612545 7.622653451 0.990986068 -0.017671728 -0.132794291 1.055277983
-0.130994629 0.044698070 -0.990374924 -119.711919319 0.023009213 0.998851063 0.042037243 7.681699983 0.991116029 -0.017281094 -0.131872592 0.964266166
-0.129796435 0.041894104 -0.990655222 -120.675619172 0.023215398 0.998961519 0.039203672 7.742661716 0.991268849 -0.017909958 -0.130634232 0.857167033
-0.128513594 0.044015392 -0.990730489 -121.559792566 0.022896911 0.998879954 0.041407354 7.798475897 0.991443386 -0.017363260 -0.129377470 0.767540388
-0.127366858 0.045800239 -0.990797669 -122.450983033 0.023284148 0.998796082 0.043176798 7.827063741 0.991582337 -0.017570586 -0.128279939 0.657808315
-0.126220592 0.045677701 -0.990950004 -123.431633637 0.024095965 0.998785757 0.042969705 7.859003836 0.991709507 -0.018454235 -0.127167978 0.540019234
-0.125115647 0.043842024 -0.991173018 -124.325728349 0.024815045 0.998848928 0.041049148 7.902051330 0.991831784 -0.019460112 -0.126059572 0.440279512
-0.123922182 0.043662294 -0.991330872 -125.220140502 0.024812852 0.998855430 0.040891954 7.958809948 0.991981661 -0.019530326 -0.124863730 0.340900320
-0.122641035 0.043942638 -0.991477797 -126.203483511 0.024984062 0.998839390 0.041178498 8.033010856 0.992136570 -0.019720969 -0.123596562 0.245748633
-0.121214797 0.043253595 -0.991683467 -127.093860880 0.025837970 0.998849137 0.040407926 8.101094181 0.992289964 -0.020725049 -0.122192881 0.162134742
-0.119928912 0.043490440 -0.991829440 -127.986836860 0.026433260 0.998825732 0.040600991 8.166090833 0.992430521 -0.021348053 -0.120937678 0.089903579
-0.118517898 0.046520401 -0.991861563 -128.882370774 0.026434699 0.998695684 0.043682244 8.235705091 0.992599977 -0.021042434 -0.119593066 0.004259428
-0.117119968 0.050435525 -0.991836262 -129.865697807 0.027506120 0.998491213 0.047525902 8.319294553 0.992736786 -0.021715335 -0.118330545 -0.076003146
-0.115938642 0.050247659 -0.991984579 -130.749838907 0.027485521 0.998499412 0.047365276 8.373065751 0.992876013 -0.021773747 -0.117145749 -0.164198183
-0.114680010 0.046734809 -0.992302551 -131.722463808 0.028608274 0.998633836 0.043726749 8.414571713 0.992990464 -0.023373480 -0.115860341 -0.253984165
-0.113682587 0.043383029 -0.992569485 -132.599879237 0.031494609 0.998701447 0.040043851 8.449869242 0.993017804 -0.026708300 -0.114901296 -0.340368786
-0.112731942 0.041235373 -0.992769436 -133.568893579 0.033068085 0.998740741 0.037728415 8.483402511 0.993075028 -0.028575786 -0.113953558 -0.432829338
-0.112181046 0.041509021 -0.992820434 -134.445962972 0.032954987 0.998732944 0.038032559 8.513863071 0.993141169 -0.028451852 -0.113406836 -0.522609679
-0.111608826 0.042961309 -0.992823144 -135.320029006 0.035623760 0.998595916 0.039206441 8.545720018 0.993113497 -0.030992309 -0.112982561 -0.610854391
-0.111192074 0.045243163 -0.992768542 -136.278586457 0.038353511 0.998414330 0.041204786 8.577299513 0.993058574 -0.033494514 -0.112750995 -0.701621447
-0.110413934 0.046793136 -0.992783544 -137.143956543 0.037313216 0.998382041 0.042907165 8.605269280 0.993185022 -0.032306398 -0.111981292 -0.784189300
-0.109659388 0.049651618 -0.992728329 -138.009641761 0.036857300 0.998267822 0.045857323 8.639157926 0.993285638 -0.031560600 -0.111299463 -0.858922094
-0.109432362 0.054193684 -0.992515795 -138.952729138 0.036179304 0.998068143 0.050507813 8.679716108 0.993335601 -0.030381341 -0.111181644 -0.946152744
-0.108654063 0.056748330 -0.992458524 -139.805541749 0.036155622 0.997934281 0.053103125 8.713492074 0.993421897 -0.030113085 -0.110481386 -1.016954061
-0.108315040 0.057228144 -0.992468031 -140.646675625 0.034330731 0.997961502 0.053798156 8.743342968 0.993523655 -0.028245003 -0.110058924 -1.109031779
-0.107963842 0.056152734 -0.992567720 -141.563880662 0.031779830 0.998088255 0.053008284 8.783666082 0.993646744 -0.025820656 -0.109541967 -1.204805599
-0.107869895 0.055826457 -0.992596339 -142.386437554 0.029065355 0.998172418 0.052981409 8.826147214 0.993740052 -0.023135066 -0.109295370 -1.292121219
-0.107608637 0.056004597 -0.992614662 -143.281705280 0.027066580 0.998207068 0.053385859 8.871902853 0.993824824 -0.021121905 -0.108931555 -1.384606304
-0.107176308 0.057198553 -0.992593353 -144.083439088 0.025589645 0.998171752 0.054756942 8.904972117 0.993910665 -0.019531465 -0.108444054 -1.467382576
-0.106931813 0.058767178 -0.992528088 -144.873670830 0.024366092 0.998106791 0.056472366 8.945095741 0.993967746 -0.018145338 -0.108161295 -1.555491056
-0.106609168 0.059739359 -0.992504758 -145.727807762 0.023473651 0.998066467 0.057552716 8.991844357 0.994023880 -0.017162063 -0.107805336 -1.646732724
-0.106281078 0.059698227 -0.992542419 -146.487410588 0.023716131 0.998064301 0.057490836 9.036637897 0.994053257 -0.017429078 -0.107491161 -1.726426389
-0.106161470 0.059171393 -0.992586766 -147.232611363 0.024378565 0.998082676 0.056891629 9.081621815 0.994050013 -0.018158142 -0.107400438 -1.802351334
-0.106624193 0.057812407 -0.992617251 -148.034812997 0.024326743 0.998161058 0.055522181 9.127135208 0.994001756 -0.018227137 -0.107834505 -1.889032583
-0.107605015 0.056480905 -0.992588066 -148.758941919 0.023484031 0.998250795 0.054257260 9.156784320 0.993916325 -0.017471615 -0.108743191 -1.973153790
-0.109102739 0.056193990 -0.992440843 -149.479796851 0.023769588 0.998262820 0.053910562 9.173089711 0.993746245 -0.017708120 -0.110248916 -2.061373187
-0.110786855 0.055963081 -0.992267306 -150.270175066 0.024288271 0.998267611 0.053589703 9.197333143 0.993547358 -0.018163423 -0.111954175 -2.153082467
-0.111841931 0.056274361 -0.992131331 -150.981736265 0.024399976 0.998249756 0.053870818 9.226329786 0.993426406 -0.018182964 -0.113019274 -2.236876459
-0.112877803 0.055992812 -0.992029942 -151.687099620 0.023157284 0.998287964 0.053711087 9.252688607 0.993338986 -0.016909930 -0.113981193 -2.327210349
-0.113462172 0.054930621 -0.992022662 -152.456066195 0.023697851 0.998336031 0.052569775 9.281036394 0.993259658 -0.017544125 -0.114575112 -2.421802600
-0.113719962 0.054725250 -0.992004495 -153.147806573 0.024547689 0.998331748 0.052260239 9.311720444 0.993209535 -0.018408385 -0.114873627 -2.501529869
-0.113566257 0.055090016 -0.992001913 -153.900234611 0.026124828 0.998281877 0.052447949 9.345185935 0.993186890 -0.019959562 -0.114810353 -2.587280597
-0.113137655 0.055628029 -0.992020863 -154.573423983 0.026895305 0.998237072 0.052909259 9.377095254 0.993215240 -0.020694674 -0.114434334 -2.665755543
-0.112305083 0.057171025 -0.992027743 -155.237096542 0.026815509 0.998154269 0.054488380 9.403212425 0.993311883 -0.020482407 -0.113630868 -2.729788584
-0.110580589 0.058256562 -0.992158307 -155.951435979 0.026087307 0.998106784 0.055698289 9.435505088 0.993524728 -0.019723588 -0.111890993 -2.805639408
-0.108534768 0.058327391 -0.992380028 -156.591988052 0.025924509 0.998103752 0.055828489 9.447681716 0.993754559 -0.019667633 -0.109841068 -2.858692197
-0.106056506 0.058462563 -0.992639988 -157.216846532 0.025887191 0.998094106 0.056017927 9.464053617 0.994023074 -0.019755595 -0.107367806 -2.910289472
-0.102656546 0.056647767 -0.993102545 -157.891349989 0.025573398 0.998197409 0.054294874 9.482630373 0.994388071 -0.019823282 -0.103920174 -2.965605139
-0.099055023 0.054864676 -0.993568302 -158.496109459 0.023514575 0.998329101 0.052783252 9.501204648 0.994804085 -0.018134890 -0.100179631 -3.019086866
-0.093415825 0.053586266 -0.994184085 -159.158431670 0.021329569 0.998429106 0.051810896 9.511275835 0.995398680 -0.016365561 -0.094412051 -3.070423637
-0.086500590 0.051959991 -0.994895878 -159.753149235 0.018992133 0.998543502 0.050499235 9.520123028 0.996070754 -0.014526981 -0.087361433 -3.111178965
-0.078033533 0.049408447 -0.995725652 -160.341063322 0.017940939 0.998679026 0.048148991 9.533311052 0.996789291 -0.014107017 -0.078816886 -3.142297860
-0.067514583 0.046034159 -0.996655727 -160.981015998 0.016758950 0.998846400 0.045000073 9.550609310 0.997577525 -0.013664742 -0.068208183 -3.164892521
-0.057167094 0.043270457 -0.997426484 -161.556184301 0.016181273 0.998969250 0.042409962 9.568649546 0.998233485 -0.013715176 -0.057808340 -3.179306773
-0.046602795 0.041594434 -0.998047134 -162.133910099 0.015788550 0.999038554 0.040898522 9.582069607 0.998788717 -0.013851731 -0.047214705 -3.193812002
-0.034360561 0.042121999 -0.998521451 -162.765478403 0.014474195 0.999027612 0.041645273 9.603480241 0.999304683 -0.013021839 -0.034936831 -3.208697049
-0.021993030 0.042932835 -0.998835862 -163.336150398 0.014298471 0.998988838 0.042624577 9.622873480 0.999655871 -0.013344382 -0.022584666 -3.206734321
-0.008882119 0.043981211 -0.998992873 -163.901416269 0.012908493 0.998954081 0.043864733 9.645763778 0.999877232 -0.012505881 -0.009440560 -3.199298650
0.006798972 0.043750286 -0.999019362 -164.517050738 0.010855433 0.998980356 0.043822456 9.670529710 0.999917963 -0.011142735 0.006317111 -3.181293404
0.022187662 0.043585126 -0.998803306 -165.075219740 0.008700489 0.999002998 0.043787115 9.684653514 0.999715964 -0.009661610 0.021786329 -3.167283164
0.039946762 0.044124697 -0.998227062 -165.690092816 0.005926004 0.998996442 0.044395851 9.690861249 0.999184237 -0.007688968 0.039645190 -3.156498380
0.057648377 0.045042413 -0.997320332 -166.242560764 0.004356308 0.998960829 0.045368313 9.700237754 0.998327445 -0.006960044 0.057392252 -3.129000559
0.077108112 0.046117800 -0.995955565 -166.790270458 0.003149003 0.998913393 0.046498562 9.709455174 0.997017765 -0.006721683 0.076879101 -3.087558160
0.099465269 0.048393138 -0.993863554 -167.387678999 0.000476983 0.998814218 0.048681931 9.709953378 0.995040920 -0.005316217 0.099324242 -3.032811607
0.120358904 0.050353850 -0.991452583 -167.929070403 -0.003737071 0.998728687 0.050269721 9.722202902 0.992723410 -0.002345280 0.120394066 -2.963924495
0.142260245 0.049859251 -0.988572748 -168.461340191 -0.007306091 0.998756233 0.049321481 9.728597922 0.989802326 0.000206117 0.142447583 -2.878618098
0.166552081 0.048676237 -0.984830457 -169.038079374 -0.011327252 0.998809314 0.047451520 9.745988175 0.985967595 0.003252273 0.166905138 -2.765381170
0.189068651 0.047381029 -0.980820107 -169.556974283 -0.014016150 0.998863689 0.045550835 9.758735858 0.981863836 0.005135087 0.189517910 -2.646592280
0.212002313 0.046685573 -0.976153408 -170.069601205 -0.016071773 0.998889764 0.044282474 9.776886973 0.977137000 0.006300529 0.212517260 -2.517623609
0.237618684 0.045719818 -0.970281948 -170.632452090 -0.017193723 0.998933164 0.042859184 9.800213774 0.971206331 0.006498616 0.238151278 -2.355220147
0.261537883 0.045783479 -0.964106741 -171.135902638 -0.019908624 0.998917730 0.042035874 9.820159868 0.964987866 0.008200065 0.262166315 -2.199209992
0.289054458 0.046493887 -0.956182953 -171.682349038 -0.023026620 0.998868614 0.041608499 9.840333264 0.957035681 0.009990539 0.289798023 -2.013145614
0.315400998 0.047530219 -0.947767423 -172.169760656 -0.025367938 0.998810249 0.041647978 9.859522452 0.948619354 0.010907091 0.316231493 -1.830970582
0.342424543 0.047897214 -0.938323659 -172.649072006 -0.026727561 0.998792128 0.041230109 9.883377703 0.939165092 0.010960902 0.343291114 -1.632877424
0.372296191 0.048258009 -0.926858517 -173.167761648 -0.027239054 0.998785247 0.041061705 9.918724126 0.927714169 0.009959633 0.373158446 -1.393265731
0.399658491 0.049300036 -0.915337423 -173.628984401 -0.028022601 0.998743088 0.041556915 9.946964815 0.916235682 0.009041562 0.400537671 -1.165089113
0.427390604 0.050917016 -0.902632112 -174.081725546 -0.029234241 0.998669001 0.042492179 9.974588393 0.903594285 0.008227006 0.428310268 -0.923196313
0.457988736 0.052746573 -0.887391749 -174.566962786 -0.030796409 0.998580336 0.043461394 10.002003347 0.888424391 0.007423651 0.458962952 -0.645335584
0.486122020 0.053147604 -0.872273302 -175.003459100 -0.032530249 0.998557658 0.042712848 10.034578067 0.873285271 0.007611612 0.487149770 -0.379056575
0.517891196 0.053222346 -0.853789255 -175.472798259 -0.034754210 0.998547743 0.041164905 10.066096458 0.854740226 0.008353829 0.518988785 -0.072443864
0.546876892 0.053918132 -0.835475014 -175.893210756 -0.037382881 0.998501358 0.039969471 10.096092218 0.836378016 0.009374083 0.548072935 0.222995120
0.574960454 0.055399160 -0.816303503 -176.303634438 -0.040879139 0.998404058 0.038964500 10.122580703 0.817159331 0.010966737 0.576307520 0.533373701
0.605301851 0.056522044 -0.793986730 -176.745100259 -0.043642243 0.998331945 0.037797901 10.151549101 0.794798732 0.011772223 0.606758923 0.892732244
0.632588459 0.056823843 -0.772400733 -177.136444624 -0.045823967 0.998303748 0.035913667 10.178685124 0.773131299 0.012675895 0.634119323 1.237043526
0.661439407 0.057549662 -0.747787368 -177.557723514 -0.048715251 0.998242855 0.033734659 10.210007760 0.748414815 0.014115217 0.663080708 1.633154918
0.686655339 0.057733846 -0.724687001 -177.926321225 -0.050044268 0.998230746 0.032108395 10.235071336 0.725258586 0.014219030 0.688329719 2.008491903
