-0.0974073520987442 -0.01153176 -0.9951777858979152 2.784939786077797 -0.005307742728711578 0.999924669 -0.011067246103700567 1.0687696978261272 0.9952304431062455 0.004204115999999998 -0.09746122159987287 55.143244310725606
-0.09857305653268618 -0.012194098275797711 -0.9950551247855927 2.682388163305739 -0.004210528711653495 0.9999210774103818 -0.011836622715206298 1.0698091940570562 0.9951208716469685 0.0030229347795712384 -0.09861662407552113 56.622694873066244
-0.10039674309922442 -0.010344116087237617 -0.9948937380848286 2.581226707155884 -0.0042895910573052445 0.9999411229790047 -0.009963723564910832 1.0665980765437397 0.9949382402458109 0.003267361863656639 -0.10043521661937475 58.09191207919835
-0.10178693064499902 -0.006402416647566511 -0.9947856516516055 2.4767430485728568 -0.0018404904609550963 0.9999787953383384 -0.006247519085292943 1.064063286174529 0.9948045174380246 0.0011949776938876364 -0.10179655870098445 59.561411035003395
-0.10397493443256886 0.0007344686878856943 -0.9945796858064552 2.3735093393741025 -0.0022400773811065994 0.9999970299197114 0.0009726532476741961 1.0620370203785994 0.9945774012867628 0.002329066285017251 -0.1039729824917493 61.02801379816447
-0.1038569754620873 0.00243220848415358 -0.9945893138371508 2.267471869510652 0.00645834686814907 0.9999775758136726 0.0017709949614432942 1.0683172664612606 0.9945712413097458 -0.006239473455204582 -0.1038703527601645 62.506655941461
-0.10389025267459091 0.003330988892472929 -0.9945832110555398 2.1629511711976366 0.010587693994178603 0.9999414339024518 0.002242984814690885 1.0711279254725972 0.9945323858030157 -0.010297317832667147 -0.10391943373848926 63.97012208927114
-0.10570660033940842 0.0012955879903723264 -0.9943965701762062 2.061152738262387 0.010923909855180665 0.9999403109282574 0.0001415778695813155 1.0711574585701933 0.9943373304737614 -0.010847732825781229 -0.10571443631570479 65.47475849245744
-0.10646819314184912 0.0021521781968058193 -0.994313805282823 1.9520273211593497 0.014624604173773655 0.9998928639221498 0.0005982958923336397 1.0792032415601243 0.9942085665496343 -0.01447774718385885 -0.10648826788914477 66.96455167597557
-0.10812624713345542 0.0037743502740381065 -0.9941300148558296 1.840525393911138 0.017382787614797234 0.999847104695954 0.0019054227240600083 1.0947719294996996 0.9939851863761889 -0.01707472657698253 -0.10817532644098875 68.46136779162616
-0.10966959611366553 0.0002047051133867326 -0.9939680898516104 1.7225458618956169 0.01627914524866738 0.999866188017055 -0.001590242289482099 1.1121118036935638 0.993834787221929 -0.016355353130885382 -0.10965826173328581 69.96941422021145
-0.11255928462032294 -0.000855355098445726 -0.9936446580441232 1.6135492686317408 0.019682298587089513 0.9998015191478864 -0.0030902495873097653 1.1076240155225254 0.9934500258778497 -0.01990504892645874 -0.11252010629643425 71.47913958388094
-0.11109775709287745 0.0021860725943230056 -0.9938070770734085 1.499415616720004 0.02185510768958529 0.9997611115303396 -0.000244013240958696 1.092671149358994 0.9935691532178408 -0.02174687331915751 -0.1111190010843527 72.96302991139814
-0.11313844499605188 0.0020025327697233506 -0.9935772299921596 1.3853001441241493 0.02544570444544906 0.9996757894297699 -0.0008826724076587731 1.0958581185317218 0.9932533053712526 -0.025382140193389944 -0.1131527201986733 74.49329861817539
-0.10793748729687963 -0.0015287210867369445 -0.9941565475077819 1.2733938726541822 0.025817155223391022 0.9996572575832278 -0.004340197327432175 1.1037176418724737 0.9938223791700946 -0.02613476172766368 -0.10786102310247855 75.99605852974668
-0.11215061770586351 -0.0039866756420313815 -0.9936832301037184 1.1499445473777392 0.025066193004463385 0.9996623876925418 -0.006839724036173948 1.1054011583256704 0.9933750280885646 -0.02567493653802565 -0.11201283239923458 77.53300751547349
-0.11640070357955565 -0.003236905410240063 -0.9931970829597534 1.0291975066478245 0.028162910217654148 0.9995818063006846 -0.006558350133465805 1.0946938356809264 0.9928029761361058 -0.028734713522293086 -0.11626086956067767 79.0682599558373
-0.12165969993061199 -0.002668881147111105 -0.9925683008208448 0.8949321972042164 0.031069077119929768 0.9994961023640087 -0.006495663733676968 1.082025625218834 0.992085469310054 -0.031628441686755326 -0.12151547802228328 80.60933991647502
-0.1274644600978224 -0.0005266763869861156 -0.9918430277200587 0.7646517513673221 0.03345149008471303 0.9994286648947209 -0.004829645107571146 1.0817511383206129 0.9912788565716201 -0.03379423441225316 -0.12737401614301735 82.15643031837473
-0.13335651887764305 0.003297163134559836 -0.991062693549555 0.6249403578303101 0.03095538810871467 0.9995204153868584 -0.0008400263818647276 1.0723865313953593 0.9905845664298555 -0.0307907554954215 -0.13339462259788132 83.69909552459089
-0.13841147646498903 0.006652574677655073 -0.990352492879479 0.47169989202867435 0.026418256492596864 0.9996464067853753 0.0030227947900640342 1.0645595976516797 0.9900223831687801 -0.025744993662344447 -0.1385382888526747 85.25245474375568
-0.14422759501956584 0.00932240883536292 -0.989500664032134 0.32595432242059763 0.025918865452474307 0.9996481126374058 0.005640132382861581 1.0575599197218357 0.9892050494723246 -0.024833270893271135 -0.14441847593637253 86.74811746250609
-0.1480563008019175 0.010029252255798558 -0.9889281040563769 0.17932963205977304 0.03091560390993101 0.9995068333239906 0.005508044020317779 1.0628919631102487 0.9884955762132849 -0.029757811712706025 -0.14829334162566488 88.28718969345208
-0.1506256199006045 0.008356255462340137 -0.9885555592291606 0.03055552148908558 0.029691107217686252 0.9995514300221023 0.003925186115773796 1.063909314917339 0.9881449160673 -0.02876007789752016 -0.15080616769187477 89.8056123528478
-0.1517363926606316 0.011789502713173888 -0.988350699434734 -0.12262618223035138 0.03367886130896981 0.9994099201554137 0.006750878194667771 1.064147790725805 0.987847020999499 -0.032262168816711206 -0.15204391053190547 91.30281372610942
-0.15423939209178283 0.014472783070544145 -0.9879275532115166 -0.26922195921456304 0.03629633598478348 0.999300751629986 0.008972662708901418 1.057850688658712 0.9873666077237071 -0.03447421305756745 -0.15465685768576595 92.82127216274532
-0.1616129742093376 0.014936440802303193 -0.9867411880413036 -0.4258960095753559 0.038631494205360085 0.999214751467854 0.008798011221199897 1.0602833462639571 0.9860977807372932 -0.03669741234680376 -0.16206309690964152 94.40911420812384
-0.1669610540640501 0.018141676120527386 -0.985796574539967 -0.577971299218279 0.044479293707286524 0.9989513804637851 0.010850458034418769 1.0601899028298298 0.9849596979209838 -0.042035930973754666 -0.16759291438748014 95.8902652181395
-0.165421837579463 0.018932579913114124 -0.9860411706871408 -0.7347836422092737 0.046238591793624585 0.9988651214665959 0.011421656334340145 1.06711950916392 0.9851383679133666 -0.043703763092139636 -0.16610952804499624 97.39815086897568
-0.1664107944267306 0.019986231623627747 -0.985853992302406 -0.8981782965369354 0.04876436035218689 0.9987380310203839 0.012016073648497314 1.0661627413530979 0.984849940232297 -0.046074931419143976 -0.1671753984757824 98.89684862812071
-0.1658217402583702 0.01847345689639611 -0.9859827426275397 -1.0520290679826618 0.05297757770836735 0.9985475875522615 0.009799153886640193 1.0641734723015164 0.9847316612941671 -0.05061006195553951 -0.16655957811183084 100.36749062505942
-0.16423912306618477 0.015879568428718727 -0.9862927323138606 -1.2036448062049727 0.05598836706490142 0.9984085792964601 0.006751364236517381 1.0667652115772213 0.9848303211427126 -0.05411208326066139 -0.1648668279038725 101.74378332912367
-0.16312261266002992 0.012100698385836578 -0.9865316212958168 -1.360619803172957 0.055318377328883006 0.9984639626351461 0.003100189157446898 1.0763833705652472 0.9850537235941875 -0.05406761579388193 -0.16354143942482077 103.1742697134377
-0.1667770775215541 0.009973717927617198 -0.9859442121762791 -1.51975895715359 0.05710913226200172 0.9983678425301061 0.00043911816077054315 1.0841055687023082 0.9843393492562594 -0.05623318324674938 -0.16707446652275318 104.6085716160405