41 0.997589648 0.007404871 0.068992831 0.905831993 -0.007875976 0.999947488 0.006558793 0.621633351 -0.068940647 -0.00708637 0.997595608 56.746143341
42 0.997674942 0.006755766 0.067816399 0.801692784 -0.007299176 0.999943197 0.007768386 0.623305738 -0.067760058 -0.008245328 0.997667551 58.223907471
43 0.997781694 0.008626291 0.06600973 0.696786761 -0.009133094 0.999931037 0.007379798 0.623164535 -0.065941513 -0.0079663 0.997791708 59.689571381
44 0.997828007 0.0125833 0.064660199 0.588363051 -0.013203832 0.999870718 0.009178448 0.631362319 -0.064536341 -0.010012274 0.99786514 61.157360077
45 0.997847199 0.019743418 0.062539525 0.478599072 -0.020256856 0.999766052 0.007586347 0.641026735 -0.06237511 -0.008836869 0.998013675 62.619342804
46 0.997803748 0.021439373 0.062674344 0.372044265 -0.022485316 0.999618649 0.016031023 0.664176285 -0.062306743 -0.017405067 0.997905254 64.101737976
47 0.997785568 0.022338262 0.062649466 0.267098486 -0.023634383 0.999520123 0.020024208 0.675166309 -0.062172096 -0.021460546 0.997834682 65.566749573
48 0.997942626 0.020323804 0.060807157 0.163238749 -0.021618156 0.999551892 0.020704482 0.672183156 -0.060359117 -0.021976423 0.997934759 67.068183899
49 0.997970402 0.02118868 0.060050957 0.052540794 -0.022680897 0.999447942 0.024277402 0.687623501 -0.059503399 -0.025590139 0.997900069 68.557937622
50 0.998032093 0.022828886 0.058401629 -0.062276874 -0.024425937 0.999342918 0.026779812 0.710369408 -0.057751901 -0.028153628 0.997933924 70.05254364
51 0.99819845 0.019277424 0.056817345 -0.181231692 -0.020796761 0.999438465 0.026271859 0.719727814 -0.056278989 -0.027406147 0.998038888 71.557472229
52 0.99837935 0.018249683 0.053903643 -0.294374108 -0.01988057 0.999355912 0.029875945 0.718748808 -0.053323697 -0.030899163 0.998099089 73.063079834
53 0.998237431 0.021274135 0.055402067 -0.407457858 -0.023046214 0.999236584 0.031545751 0.712573946 -0.054688666 -0.032766961 0.997965693 74.550361633
54 0.998352647 0.021113256 0.053349808 -0.524735212 -0.02300995 0.999115646 0.035191517 0.721092582 -0.052559622 -0.036361124 0.997955561 76.078094482
55 0.998131275 0.017525105 0.058539364 -0.626897514 -0.019662125 0.999153614 0.036131423 0.723678589 -0.057856608 -0.037214909 0.997631013 77.591278076
56 0.998411238 0.015114462 0.054281846 -0.75600636 -0.017073294 0.999212921 0.035805784 0.719726622 -0.053697936 -0.036675669 0.997883499 79.120101929
57 0.998621583 0.01591102 0.050017696 -0.883799732 -0.017862394 0.999086857 0.038811903 0.715050876 -0.04935449 -0.039651837 0.997993946 80.64831543
58 0.998862088 0.016536543 0.044733196 -1.026586652 -0.018404191 0.998962045 0.041666366 0.707701206 -0.04399775 -0.042442232 0.998129666 82.180297852
59 0.999066949 0.018741291 0.038910188 -1.166853786 -0.020440381 0.998833895 0.043738458 0.714560747 -0.038045101 -0.044492986 0.998284996 83.716789246
60 0.999198914 0.02262743 0.033008702 -1.317316771 -0.023962131 0.998887479 0.040615894 0.707570255 -0.032052949 -0.041374318 0.998629451 85.246612549
61 0.999270499 0.026035549 0.027939642 -1.479742646 -0.02702125 0.999004245 0.035502091 0.698250771 -0.026987502 -0.036231153 0.998978972 86.788017273
62 0.999342084 0.028765701 0.022089684 -1.635498524 -0.029519137 0.998966038 0.034575295 0.694859743 -0.021072263 -0.035204615 0.999157965 88.271736145
63 0.999398232 0.029512297 0.018226281 -1.788252711 -0.030214295 0.998761773 0.039523005 0.708921432 -0.017037299 -0.040049918 0.999052405 89.804946899
64 0.999489665 0.027866706 0.015614236 -1.940261126 -0.028451566 0.998850465 0.038578685 0.705019116 -0.014521226 -0.039003249 0.999133587 91.318008423
65 0.999404252 0.031310014 0.014519108 -2.096506119 -0.031895779 0.998606682 0.042040579 0.717274427 -0.013182588 -0.042478628 0.999010384 92.81401825
66 0.999349117 0.034017876 0.012007436 -2.247955084 -0.034518078 0.998423874 0.044251811 0.719502628 -0.010483159 -0.044637483 0.998948276 94.328056335
67 0.99939239 0.034556825 0.004544205 -2.415914059 -0.03473122 0.998310447 0.046582598 0.725829244 -0.002926781 -0.046712119 0.998904109 95.90184021
68 0.999284387 0.037814479 -0.000854296 -2.57723093 -0.037718926 0.997934222 0.052005764 0.739786744 0.002819102 -0.051936325 0.998646438 97.373695374
69 0.999254882 0.038589396 0.000711966 -2.732053995 -0.038572006 0.997814834 0.053644922 0.75086695 0.001359715 -0.053632412 0.998559833 98.885147095
70 0.999213517 0.039652407 -0.0002838 -2.897329092 -0.039574213 0.997644186 0.056035623 0.755482614 0.002505078 -0.055980317 0.998428702 100.382492065
71 0.999272585 0.038134579 0.000303361 -3.049718857 -0.038082954 0.997438014 0.060556225 0.757265031 0.002006702 -0.060523726 0.998164713 101.855880737
72 0.999366939 0.035526119 0.001889571 -3.197963238 -0.035574198 0.997313738 0.064029537 0.76003772 0.000390226 -0.064056225 0.997946203 103.236724854
73 0.999491751 0.031737801 0.002992563 -3.351778507 -0.031864282 0.997442663 0.063975371 0.762164116 -0.000954473 -0.06403821 0.997946978 104.669868469
74 0.999560118 0.029648719 -0.000729704 -3.515524864 -0.029535452 0.997370362 0.066181876 0.768541515 0.002689993 -0.066131212 0.997807324 106.097732544