-0.0974073520987442 -0.01153176 -0.9951777858979152 2.784939786077797 -0.005307742728711577 0.999924669 -0.011067246103700563 1.0687696978261272 0.9952304431062455 0.004204116 -0.09746122159987287 55.143244310725606
-0.09390692906228552 -0.011108732 -0.9955190025990296 2.7196849771751657 -0.006036804174897255 0.999925718 -0.01058845520500715 1.0490424997162981 0.9955626775661475 0.005015424 -0.09396701417398762 56.55702202158852
-0.09057310083985418 -0.012132142 -0.9958159088416471 2.657758042765563 -0.006616253916581873 0.999911057 -0.011580260395317543 1.0343966560319051 0.995867832000878 0.005539711 -0.09064531440784164 57.97173240007929
-0.08750750999860415 -0.013734996 -0.9960691670209286 2.600502246948556 -0.0068000511523486126 0.999889882 -0.01319027668477846 1.020656907836458 0.9961406503564895 0.005619073 -0.08759127256875406 59.499905224115565
-0.08556344196397832 -0.014146472 -0.9962322897137922 2.5287125341463215 -0.006682051986506926 0.999884856 -0.013624437331200574 1.0102179168694272 0.9963103172137534 0.005491122 -0.085648117521696 60.922536011727345
-0.08639373658993785 -0.014898717 -0.9961496622922795 2.4459482863817175 -0.006983321366683062 0.999872665 -0.014348752140671077 0.9957424943811871 0.9962365964027089 0.005716791 -0.08648677803406817 62.33955985110521
-0.08721819053456388 -0.014784812 -0.9960795135659353 2.360178282440036 -0.008377147183349708 0.999865392 -0.014107489739040966 0.9713662051298201 0.9961540092822028 0.007113875 -0.08733030450498137 63.85811681298593
-0.08856611667201648 -0.010547373 -0.9960144552307226 2.255453768908544 -0.0095110483626623 0.999907304 -0.009742869890872132 0.9374247392876482 0.996024890728184 0.008610254 -0.0886582236911938 65.26956217103432
-0.09055484048476901 -0.0094596 -0.9958465425974582 2.14476868421337 -0.007102814489251121 0.999935589 -0.00885256518658995 0.9484615386803752 0.995866141427965 0.00627167 -0.09061619727209334 66.67790756360455
-0.09349882377646807 -0.008924237 -0.9955793929290061 2.025623112711605 -0.004768904593231182 0.99995237 -0.00851556846049461 0.9597505772186199 0.9956079689951566 0.003951627 -0.09353692861127112 68.19564715511669
-0.09376848098944747 -0.01104212 -0.9955327940277082 1.928271768719503 -0.0019784997967257655 0.999938585 -0.010904634277711156 0.9882540502315711 0.9955920637978911 0.000947151 -0.093784568895292 69.63289253792325
-0.09513344661830525 -0.014408906 -0.9953602415331307 1.818035357094876 -0.0016539268581569507 0.999896146 -0.014316490767912613 0.9964932312533401 0.9954631542046318 0.000284276 -0.0951473976276776 71.073034425668
-0.09635732276234102 -0.015517687 -0.9952258373570047 1.7081548019450978 -0.0020490945276204695 0.999879439 -0.015391854629188774 0.9891169764796081 0.9953446979289272 0.000556194 -0.09637750335349274 72.62250664383707
-0.09708102940699974 -0.01688941 -0.995133167853489 1.6065844974671366 -0.00432302833350215 0.99985373 -0.01654779123445675 0.9589185312492652 0.9952670919504125 0.002695513 -0.0971398426100687 74.06689166949155
-0.09804913832238873 -0.014888166 -0.9950702033775257 1.494208710440863 -0.0070875390022739435 0.999873178 -0.014261658435878125 0.915163453871938 0.9951563356316863 0.005654256 -0.09814222408401871 75.62757095585413
-0.09944183412321345 -0.012646277 -0.9949630111842688 1.405841642873116 -0.008346985203646424 0.999894654 -0.011874717898310749 0.888871501185932 0.9950083661982215 0.007124098 -0.09953691603189399 77.10543068953312
-0.10152806472279005 -0.013146272 -0.9947458105419811 1.298773649799555 -0.00846870935588139 0.999887874 -0.012349874968009477 0.8802286014091538 0.9947966291805918 0.007170355 -0.10162801244687997 78.58568708382376
-0.10480316987487166 -0.012340236 -0.994416418899439 1.1726850534619442 -0.007582441466411144 0.999903862 -0.011609206406385617 0.8817727669185339 0.9944640778823426 0.006323423 -0.10488666363093524 80.17514457280998
-0.10887982840243277 -0.01219586 -0.9939801020280574 1.007839080702336 -0.006776380379895089 0.999910608 -0.011526346245834493 0.886170805510941 0.9940318226379855 0.005480601 -0.10895273965397646 81.65557958965198
-0.11304812537741522 -0.009824833 -0.993540937123634 0.8508757754517771 -0.007363947773255381 0.999931931 -0.009050139544632069 0.8673450872607069 0.993562224703171 0.006293283 -0.1131127791764332 83.13499204399669
-0.11703219200068846 -0.007549685 -0.993099425454822 0.66237311892088 -0.00796078037002136 0.99994611 -0.006663593026581649 0.8495114771722051 0.9930962147508421 0.007125992 -0.1170859870527839 84.68266953305141
-0.119495764221321 -0.004689662 -0.9928236341004386 0.49738017265063195 -0.0067847122937995 0.999969352 -0.003906810069760998 0.8573447960522059 0.9928115279502908 0.006269176 -0.11952392004802884 86.12125641206113
-0.12122217485393219 -0.003957887 -0.9926175093553155 0.338207551960691 -0.0068198928030343536 0.999971769 -0.003154339871606296 0.853011429019128 0.9926019710511972 0.006387169 -0.12124574455764539 87.56368682473055
-0.12304511797402685 -0.00331194 -0.9923955515697627 0.166942682478039 -0.0067638210669285406 0.999974004 -0.0024985992128347964 0.85401175940321 0.9923780277043748 0.006404946 -0.1230643205286191 89.11935287766207
-0.12464114788969417 -0.006825277 -0.9921784110927439 0.004682352111527982 -0.00895578623915595 0.999943343 -0.00575363305334507 0.8260858789467299 0.9921614674290963 0.008168598 -0.12469521147254063 90.56627896685356
-0.12673737491511006 -0.007775121 -0.9919058350984082 -0.14986411732874197 -0.01311553664910018 0.999895001 -0.006161951724353173 0.8138445179012419 0.9918495957736013 0.012228428 -0.1268260422636341 91.99787577406273
-0.12870662263855065 -0.010212188 -0.9916301307609214 -0.2978029568593801 -0.015479778469069904 0.999845834 -0.008287629835534696 0.8272587405456651 0.9915618902971048 0.014283542 -0.12884486360931943 93.53994905790354
-0.1308357158818447 -0.010068806 -0.9913529312419146 -0.46583789066996595 -0.010893907866554154 0.999902656 -0.00871789845614495 0.806086377081561 0.9913442077998089 0.009659095 -0.13093266823200617 94.96605574230877
-0.13253904569048539 -0.009289393 -0.9911342533485873 -0.6240883637423971 -0.004557326170964082 0.999951223 -0.008762602829228932 0.822154815074126 0.9911673080897009 0.003355535 -0.13257491586366457 96.39147156505206
-0.13478013071027314 -0.007793895 -0.9908448776758453 -0.804397517012296 -0.0013263865034676438 0.999969588 -0.00768524709511925 0.7933267515004778 0.9908746419949821 0.000278425 -0.13478636982530023 97.94080564748371
-0.13703581335207424 -0.007166349 -0.9905401702902976 -0.9519449750452781 -0.00195524846777158 0.999973839 -0.006964101034032598 0.809438881939312 0.9905641635737685 0.000982421 -0.13704624098537657 99.35501520670414
-0.13943819097304036 -0.006378152 -0.9902102352564892 -1.1062881634013149 -0.004550407770343111 0.999972825 -0.0058002609620289546 0.7888961287005328 0.9902203214575276 0.003697082 -0.1394634246829066 100.7741560280786
-0.14266910284022857 -0.004029584 -0.9897622391753274 -1.288393816484662 -0.006959278364478752 0.999971077 -0.0030680032695777812 0.7676164196014421 0.9897459755504421 0.006450322 -0.1426930196891345 102.30909691536198
-0.14583011832377882 -0.003669689 -0.9893028400516184 -1.4699595860130812 -0.007794504116485258 0.999966345 -0.0025602796056875057 0.77617789138356 0.9892789403658843 0.007337759 -0.14585381373936526 103.72749551989244