10 2 0 -0.890255332 0.050959159 -0.452602118 3.422322750 0.041298229 0.998659372 0.031208148 0.808202565 0.453585654 0.009091554 -0.891166329 18.188537598
11 2 0 -0.891583681 0.050052110 -0.450081676 3.378811359 0.040710498 0.998707891 0.030418094 0.810753644 0.451022595 0.008797226 -0.892469287 19.731752396
12 2 0 -0.892720222 0.049335033 -0.447902501 3.330896139 0.039116368 0.998720765 0.032042578 0.809847534 0.448910356 0.011084739 -0.893508077 21.260324478
13 2 0 -0.892103076 0.053348526 -0.448671699 3.272792816 0.042550012 0.998511434 0.034123220 0.806476355 0.449824274 0.011350436 -0.893045187 22.787845612
14 2 0 -0.891622066 0.053092808 -0.449656814 3.204591036 0.042973444 0.998541236 0.032690022 0.801083922 0.450736493 0.009823845 -0.892603040 24.306652069
15 2 0 -0.892003894 0.052179351 -0.449006081 3.148045301 0.041979946 0.998584867 0.032648202 0.798414409 0.450074255 0.010273072 -0.892932177 25.822690964
16 2 0 -0.892001390 0.051069424 -0.449138850 3.089662075 0.041915715 0.998661399 0.030307312 0.791664839 0.450085372 0.008208186 -0.892948031 27.336801529
17 2 0 -0.892363071 0.051171169 -0.448407918 3.044369459 0.042584233 0.998665512 0.029219560 0.791244149 0.449304730 0.006979349 -0.893351316 28.901752472
18 2 0 -0.893265724 0.049943205 -0.446746230 2.981011152 0.041368980 0.998724937 0.028933730 0.797414064 0.447621644 0.007364072 -0.894192815 30.429641724
19 2 0 -0.894221067 0.048775475 -0.444960326 2.915939093 0.039502967 0.998766124 0.030094620 0.801529348 0.445879191 0.009333991 -0.895044565 31.936983109
20 2 0 -0.895056725 0.048511073 -0.443306059 2.847541809 0.039540917 0.998783529 0.029462032 0.798434377 0.444196016 0.008841460 -0.895886064 33.475864410
21 2 0 -0.895951867 0.047758646 -0.441575795 2.774618149 0.039627902 0.998832583 0.027624235 0.791943073 0.442379564 0.007251264 -0.896798611 35.005126953
22 2 0 -0.896695971 0.047440611 -0.440097660 2.703565598 0.039305590 0.998846352 0.027586419 0.792427659 0.440898687 0.007438331 -0.897526264 36.529838562
23 2 0 -0.897366166 0.048269700 -0.438638866 2.617295504 0.040073957 0.998806298 0.027929742 0.789392173 0.439463437 0.007485211 -0.898229361 38.031265259
24 2 0 -0.898896575 0.048100386 -0.435512692 2.541131496 0.039902505 0.998812437 0.027955648 0.789262176 0.436340183 0.007751189 -0.899748445 39.581062317
25 2 0 -0.900542617 0.049719982 -0.431915402 2.462134123 0.041773692 0.998738289 0.027871804 0.782609224 0.432756245 0.007057047 -0.901483417 41.110591888
26 2 0 -0.900872946 0.050702546 -0.431111574 2.372864723 0.042798948 0.998690724 0.028019998 0.783392787 0.431967795 0.006791337 -0.901863456 42.652412415
27 2 0 -0.902153134 0.054035231 -0.428018719 2.293004751 0.045008682 0.998499632 0.031188905 0.787494183 0.429061800 0.008872611 -0.903231621 44.224681854
28 2 0 -0.902390122 0.054737538 -0.427429378 2.197087526 0.045753561 0.998463213 0.031270333 0.786801338 0.428484142 0.008661622 -0.903507829 45.773178101
29 2 0 -0.902054310 0.054120757 -0.428216219 2.092334986 0.046442270 0.998518109 0.028366767 0.774988711 0.429116905 0.005701028 -0.903231025 47.325172424
30 2 0 -0.902477622 0.056366231 -0.427033126 1.993275762 0.049262550 0.998402417 0.027674288 0.769973278 0.427910805 0.003938681 -0.903812528 48.871345520
31 2 0 -0.903095484 0.051253155 -0.426370502 1.894788384 0.045026205 0.998680890 0.024679439 0.781581223 0.427073002 0.003090043 -0.904211879 50.437435150
32 2 0 -0.904248118 0.051407490 -0.423901528 1.789203167 0.044237059 0.998663008 0.026745539 0.781591952 0.424709707 0.005432448 -0.905313253 51.964202881
33 2 0 -0.905026913 0.048938334 -0.422529817 1.687828898 0.044446021 0.998801768 0.020483404 0.779985130 0.423025966 -0.000241738 -0.906117558 53.551952362
34 2 0 -0.905836105 0.048881602 -0.420798659 1.590382934 0.044569325 0.998804450 0.020082422 0.772575438 0.421277225 -0.000563330 -0.906931758 55.095291138
35 2 0 -0.905532479 0.047622107 -0.421595693 1.488567114 0.042573616 0.998864412 0.021385964 0.772121668 0.422135353 0.001416835 -0.906531692 56.647972107
36 2 0 -0.905618191 0.047805443 -0.421391040 1.388325334 0.043471612 0.998856604 0.019891504 0.766754031 0.421860129 -0.000304438 -0.906660914 58.189792633
37 2 0 -0.905734539 0.049877256 -0.420901000 1.281373978 0.044752926 0.998754740 0.022050036 0.767019510 0.421476662 0.001134925 -0.906838775 59.791694641
38 2 0 -0.905476928 0.050940085 -0.421327412 1.176545858 0.040657107 0.998616099 0.033360090 0.760243058 0.422443688 0.013076837 -0.906294823 61.420959473
39 2 0 -0.905663013 0.053316895 -0.420632571 1.066484928 0.043088507 0.998499691 0.033790149 0.754832387 0.421803087 0.012478058 -0.906601548 62.973022461
40 2 0 -0.905998230 0.055668894 -0.419604987 0.961793542 0.046292599 0.998398960 0.032503806 0.741260648 0.420742661 0.010023782 -0.907124758 64.497016907
41 2 0 -0.906948566 0.054617371 -0.417685866 0.859793901 0.045624565 0.998462081 0.031493157 0.736421168 0.418763578 0.009505933 -0.908045650 65.997734070
41 2 2 0.997589648 0.007404871 0.068992831 0.905831993 -0.007875976 0.999947488 0.006558793 0.621633351 -0.068940647 -0.007086370 0.997595608 56.746143341
42 2 0 -0.908496141 0.049540192 -0.414946616 0.753495038 0.040289842 0.998706281 0.031023122 0.748398244 0.415946722 0.011466250 -0.909316778 67.537078857
42 2 2 0.997674942 0.006755766 0.067816399 0.801692784 -0.007299176 0.999943197 0.007768386 0.623305738 -0.067760058 -0.008245328 0.997667551 58.223907471
43 2 2 0.997781694 0.008626291 0.066009730 0.696786761 -0.009133094 0.999931037 0.007379798 0.623164535 -0.065941513 -0.007966300 0.997791708 59.689571381
44 2 2 0.997828007 0.012583300 0.064660199 0.588363051 -0.013203832 0.999870718 0.009178448 0.631362319 -0.064536341 -0.010012274 0.997865140 61.157360077
45 2 2 0.997847199 0.019743418 0.062539525 0.478599072 -0.020256856 0.999766052 0.007586347 0.641026735 -0.062375110 -0.008836869 0.998013675 62.619342804
46 2 2 0.997803748 0.021439373 0.062674344 0.372044265 -0.022485316 0.999618649 0.016031023 0.664176285 -0.062306743 -0.017405067 0.997905254 64.101737976
47 2 2 0.997785568 0.022338262 0.062649466 0.267098486 -0.023634383 0.999520123 0.020024208 0.675166309 -0.062172096 -0.021460546 0.997834682 65.566749573
48 2 2 0.997942626 0.020323804 0.060807157 0.163238749 -0.021618156 0.999551892 0.020704482 0.672183156 -0.060359117 -0.021976423 0.997934759 67.068183899
49 2 2 0.997970402 0.021188680 0.060050957 0.052540794 -0.022680897 0.999447942 0.024277402 0.687623501 -0.059503399 -0.025590139 0.997900069 68.557937622
50 2 2 0.998032093 0.022828886 0.058401629 -0.062276874 -0.024425937 0.999342918 0.026779812 0.710369408 -0.057751901 -0.028153628 0.997933924 70.052543640
51 2 2 0.998198450 0.019277424 0.056817345 -0.181231692 -0.020796761 0.999438465 0.026271859 0.719727814 -0.056278989 -0.027406147 0.998038888 71.557472229
52 2 2 0.998379350 0.018249683 0.053903643 -0.294374108 -0.019880570 0.999355912 0.029875945 0.718748808 -0.053323697 -0.030899163 0.998099089 73.063079834
53 2 2 0.998237431 0.021274135 0.055402067 -0.407457858 -0.023046214 0.999236584 0.031545751 0.712573946 -0.054688666 -0.032766961 0.997965693 74.550361633
54 2 2 0.998352647 0.021113256 0.053349808 -0.524735212 -0.023009950 0.999115646 0.035191517 0.721092582 -0.052559622 -0.036361124 0.997955561 76.078094482
55 2 2 0.998131275 0.017525105 0.058539364 -0.626897514 -0.019662125 0.999153614 0.036131423 0.723678589 -0.057856608 -0.037214909 0.997631013 77.591278076
56 2 2 0.998411238 0.015114462 0.054281846 -0.756006360 -0.017073294 0.999212921 0.035805784 0.719726622 -0.053697936 -0.036675669 0.997883499 79.120101929
57 2 2 0.998621583 0.015911020 0.050017696 -0.883799732 -0.017862394 0.999086857 0.038811903 0.715050876 -0.049354490 -0.039651837 0.997993946 80.648315430
58 2 2 0.998862088 0.016536543 0.044733196 -1.026586652 -0.018404191 0.998962045 0.041666366 0.707701206 -0.043997750 -0.042442232 0.998129666 82.180297852
59 2 2 0.999066949 0.018741291 0.038910188 -1.166853786 -0.020440381 0.998833895 0.043738458 0.714560747 -0.038045101 -0.044492986 0.998284996 83.716789246
60 2 2 0.999198914 0.022627430 0.033008702 -1.317316771 -0.023962131 0.998887479 0.040615894 0.707570255 -0.032052949 -0.041374318 0.998629451 85.246612549
61 2 2 0.999270499 0.026035549 0.027939642 -1.479742646 -0.027021250 0.999004245 0.035502091 0.698250771 -0.026987502 -0.036231153 0.998978972 86.788017273
62 2 2 0.999342084 0.028765701 0.022089684 -1.635498524 -0.029519137 0.998966038 0.034575295 0.694859743 -0.021072263 -0.035204615 0.999157965 88.271736145
63 2 2 0.999398232 0.029512297 0.018226281 -1.788252711 -0.030214295 0.998761773 0.039523005 0.708921432 -0.017037299 -0.040049918 0.999052405 89.804946899
64 2 2 0.999489665 0.027866706 0.015614236 -1.940261126 -0.028451566 0.998850465 0.038578685 0.705019116 -0.014521226 -0.039003249 0.999133587 91.318008423
65 2 2 0.999404252 0.031310014 0.014519108 -2.096506119 -0.031895779 0.998606682 0.042040579 0.717274427 -0.013182588 -0.042478628 0.999010384 92.814018250
66 2 2 0.999349117 0.034017876 0.012007436 -2.247955084 -0.034518078 0.998423874 0.044251811 0.719502628 -0.010483159 -0.044637483 0.998948276 94.328056335
67 2 2 0.999392390 0.034556825 0.004544205 -2.415914059 -0.034731220 0.998310447 0.046582598 0.725829244 -0.002926781 -0.046712119 0.998904109 95.901840210
68 2 2 0.999284387 0.037814479 -0.000854296 -2.577230930 -0.037718926 0.997934222 0.052005764 0.739786744 0.002819102 -0.051936325 0.998646438 97.373695374
69 2 2 0.999254882 0.038589396 0.000711966 -2.732053995 -0.038572006 0.997814834 0.053644922 0.750866950 0.001359715 -0.053632412 0.998559833 98.885147095
70 2 2 0.999213517 0.039652407 -0.000283800 -2.897329092 -0.039574213 0.997644186 0.056035623 0.755482614 0.002505078 -0.055980317 0.998428702 100.382492065
71 2 2 0.999272585 0.038134579 0.000303361 -3.049718857 -0.038082954 0.997438014 0.060556225 0.757265031 0.002006702 -0.060523726 0.998164713 101.855880737
72 2 2 0.999366939 0.035526119 0.001889571 -3.197963238 -0.035574198 0.997313738 0.064029537 0.760037720 0.000390226 -0.064056225 0.997946203 103.236724854
73 2 2 0.999491751 0.031737801 0.002992563 -3.351778507 -0.031864282 0.997442663 0.063975371 0.762164116 -0.000954473 -0.064038210 0.997946978 104.669868469
74 2 2 0.999560118 0.029648719 -0.000729704 -3.515524864 -0.029535452 0.997370362 0.066181876 0.768541515 0.002689993 -0.066131212 0.997807324 106.097732544
83 2 4 0.483642578 -0.043705158 0.874173820 -25.872806549 0.015113747 0.999020636 0.041585214 0.471855104 -0.875135124 -0.006900340 0.483829439 130.802368164
