1741156018.69995903968811035156 1.000000000 0.000000000 0.000000000 0.000000000 0.000000000 1.000000000 0.000000000 0.000000000 0.000000000 0.000000000 1.000000000 0.000000000
1741156018.79996204376220703125 0.999057531 0.000888875 -0.043396194 -0.036076657 -0.000797312 0.999997437 0.002127198 0.002181199 0.043397970 -0.002090593 0.999055684 0.134089887
1741156018.89996409416198730469 0.995785475 0.002906239 -0.091666944 -0.078738540 -0.002338413 0.999977410 0.006301238 0.004622215 0.091683187 -0.006060326 0.995769799 0.271171570
1741156018.99996709823608398438 0.992137671 0.006633937 -0.124975324 -0.119660109 -0.005955223 0.999965429 0.005803595 0.000501657 0.125009507 -0.005013709 0.992142856 0.403453231
1741156019.09997296333312988281 0.990980268 0.008410604 -0.133743718 -0.150945544 -0.007265302 0.999932647 0.009049148 0.005357931 0.133810818 -0.007995838 0.990974665 0.547115266
1741156019.19997501373291015625 0.990924597 0.009202714 -0.134103671 -0.174511120 -0.008290431 0.999938548 0.007359658 0.004075054 0.134163156 -0.006181089 0.990939975 0.684305847
1741156019.29997801780700683594 0.990615904 0.004410970 -0.136603892 -0.199923307 -0.003876770 0.999983788 0.004176375 0.003278019 0.136620089 -0.003607601 0.990616918 0.829405665
1741156019.39998102188110351562 0.990450382 0.005061695 -0.137776494 -0.234633282 -0.004521803 0.999980807 0.004231318 0.006440411 0.137795269 -0.003567913 0.990454316 0.986298978
1741156019.49998307228088378906 0.990472972 0.007744439 -0.137489438 -0.263807923 -0.007378392 0.999967754 0.003171823 0.007504907 0.137509570 -0.002127154 0.990498126 1.133541465
1741156019.59998607635498046875 0.990213633 0.004936767 -0.139472380 -0.290480942 -0.004621297 0.999985993 0.002585644 0.009580513 0.139483199 -0.001915796 0.990222573 1.279253960
1741156019.69998908042907714844 0.989983320 0.006197553 -0.141048476 -0.318258345 -0.005622981 0.999974191 0.004471767 0.009236908 0.141072541 -0.003633862 0.989992619 1.425398827
1741156019.79999208450317382812 0.989716947 0.007656255 -0.142834499 -0.346416175 -0.005993877 0.999909222 0.012065144 0.010393606 0.142913923 -0.011084945 0.989673018 1.585678101
1741156019.89999389648437500000 0.988202512 0.009874086 -0.152834341 -0.384054244 -0.008228968 0.999901235 0.011392887 0.010174758 0.152931735 -0.010000810 0.988186181 1.735477686
1741156019.99999690055847167969 0.986370027 0.005395716 -0.164453641 -0.418787748 -0.004182490 0.999961436 0.007722691 0.008159397 0.164488971 -0.006929605 0.986354589 1.879790902
1741156020.09999299049377441406 0.986137390 0.005305778 -0.165846035 -0.449349135 -0.004567107 0.999977887 0.004834999 0.010064030 0.165868014 -0.004010537 0.986139834 2.017667055
1741156020.19999504089355468750 0.985881686 0.003384580 -0.167409152 -0.474073499 -0.002979484 0.999992013 0.002670910 0.009069307 0.167416856 -0.002134408 0.985883892 2.150377750
1741156020.29999804496765136719 0.985721111 0.004005831 -0.168338448 -0.506887615 -0.003408977 0.999986827 0.003834403 0.010011763 0.168351591 -0.003205791 0.985721827 2.297121048
1741156020.40000104904174804688 0.985520363 0.005653251 -0.169462696 -0.538241148 -0.005142079 0.999980807 0.003455151 0.008633652 0.169478968 -0.002533731 0.985530555 2.441622019
1741156020.50000309944152832031 0.985368788 0.005261346 -0.170354664 -0.569606066 -0.004662064 0.999981463 0.003917686 0.006481561 0.170372114 -0.003066161 0.985375047 2.583762884
1741156020.60000610351562500000 0.985339701 0.008984451 -0.170366973 -0.599878669 -0.008570802 0.999958277 0.003163317 0.005741944 0.170388281 -0.001656760 0.985375583 2.719975471
1741156020.70000910758972167969 0.985088646 0.004412125 -0.171990886 -0.628311098 -0.004419965 0.999990165 0.000337370 0.005075328 0.171990693 0.000427854 0.985098481 2.861481905
1741156020.80001211166381835938 0.984862268 0.007012136 -0.173196837 -0.658967018 -0.006158438 0.999966085 0.005465946 0.005996776 0.173229292 -0.004316582 0.984872043 3.005705357
1741156020.90001392364501953125 0.983030319 0.007094495 -0.183305919 -0.700321555 -0.006007770 0.999960959 0.006483142 0.009015249 0.183344752 -0.005271866 0.983034551 3.153313637
1741156021.00001692771911621094 0.976674199 0.005452304 -0.214657307 -0.748983324 -0.004145153 0.999970019 0.006539152 0.004517627 0.214686528 -0.005496834 0.976667523 3.282551765
1741156021.10002303123474121094 0.967925847 0.008662569 -0.251086593 -0.803564608 -0.007449492 0.999955535 0.005781386 0.007071651 0.251125515 -0.003725486 0.967947364 3.398936272
1741156021.20002508163452148438 0.958404183 0.008176398 -0.285297245 -0.861986458 -0.006895535 0.999961138 0.005493820 0.006241459 0.285331100 -0.003298023 0.958423316 3.516857624
1741156021.30002808570861816406 0.953868806 0.009560909 -0.300071448 -0.927485883 -0.007538578 0.999940395 0.007896532 0.003540979 0.300129056 -0.005270144 0.953884065 3.668647051
1741156021.40003108978271484375 0.953316033 0.006799420 -0.301897824 -0.975899935 -0.004484788 0.999954998 0.008359431 0.004885148 0.301941067 -0.006615232 0.953303635 3.806494951
1741156021.50003409385681152344 0.952636719 0.008045378 -0.304004252 -1.023828864 -0.005484639 0.999941945 0.009276326 0.006215385 0.304061234 -0.007169615 0.952625513 3.940013885
1741156021.60003590583801269531 0.952275157 0.007182365 -0.305156350 -1.073168993 -0.005797795 0.999968350 0.005443248 0.006158122 0.305185795 -0.003414236 0.952286720 4.069766998
1741156021.70003890991210937500 0.951531887 0.005876346 -0.307493925 -1.123430848 -0.003380445 0.999956906 0.008648924 0.004322449 0.307531506 -0.007190261 0.951510727 4.223764420
1741156021.80004191398620605469 0.951107740 0.008118394 -0.308752537 -1.181285024 -0.005534100 0.999941945 0.009244934 0.007312998 0.308809668 -0.007084260 0.951097488 4.369048119
1741156021.90004396438598632812 0.950468123 0.008404257 -0.310708374 -1.234862924 -0.006025663 0.999944746 0.008614484 0.008851282 0.310763597 -0.006315568 0.950466275 4.519982815
1741156022.00004696846008300781 0.949970484 0.006779953 -0.312266111 -1.290267944 -0.004314224 0.999953806 0.008586441 0.005381379 0.312309891 -0.006809680 0.949955881 4.668344975
1741156022.10005307197570800781 0.949521661 0.005706128 -0.313649625 -1.353235483 -0.003769005 0.999969900 0.006782103 0.001086786 0.313678890 -0.005257607 0.949514568 4.829401493
1741156022.20005488395690917969 0.949434698 0.007906011 -0.313865095 -1.413803577 -0.006133846 0.999959171 0.006633432 0.004055103 0.313904732 -0.004372810 0.949444413 4.983546257
1741156022.30005788803100585938 0.948943794 0.007571138 -0.315354317 -1.465639234 -0.005220446 0.999951959 0.008298174 0.002301539 0.315402001 -0.006228211 0.948937714 5.129296303
1741156022.40006089210510253906 0.948470414 0.009280547 -0.316729754 -1.520407557 -0.007860661 0.999952495 0.005760437 0.004519672 0.316768169 -0.002973899 0.948498309 5.271794319
1741156022.50006389617919921875 0.947904706 0.009468012 -0.318413228 -1.574303031 -0.007087758 0.999937594 0.008633128 0.003164636 0.318475127 -0.005926547 0.947912693 5.419783115
1741156022.60006594657897949219 0.947405815 0.006382654 -0.319971144 -1.631006002 -0.003354604 0.999944210 0.010013800 0.001761559 0.320017219 -0.008413755 0.947374344 5.569951057
1741156022.70006895065307617188 0.946979940 0.003217810 -0.321276605 -1.691243529 -0.000483551 0.999962986 0.008590037 0.001163517 0.321292371 -0.007979239 0.946946442 5.721266747
1741156022.80007195472717285156 0.946985006 0.005207108 -0.321235538 -1.747554898 -0.002478992 0.999957323 0.008901000 0.004566257 0.321268171 -0.007632773 0.946957469 5.862610340
1741156022.90007400512695312500 0.946246386 0.008287182 -0.323340476 -1.804087877 -0.004638863 0.999916613 0.012052259 0.004890323 0.323413402 -0.009904474 0.946205914 6.010816097
1741156023.00007700920104980469 0.946041167 0.005106051 -0.324006170 -1.857719421 -0.001720365 0.999940872 0.010735022 0.004989971 0.324041843 -0.009598364 0.945994079 6.153500557
1741156023.10007309913635253906 0.945844769 0.007595274 -0.324530363 -1.919335008 -0.004897852 0.999946356 0.009127832 0.003903459 0.324582279 -0.007044011 0.945831239 6.295835972
1741156023.20007491111755371094 0.945182204 0.005592555 -0.326495558 -1.975430012 -0.003114474 0.999962270 0.008112205 0.001638717 0.326528609 -0.006650649 0.945163906 6.448997498
1741156023.30007791519165039062 0.944471240 0.003903251 -0.328570932 -2.034192562 -0.001771603 0.999975383 0.006786746 0.000221953 0.328589320 -0.005827790 0.944454908 6.605000496
1741156023.40008091926574707031 0.944219351 0.004540579 -0.329285949 -2.089944601 -0.002409721 0.999973416 0.006878986 -0.000121278 0.329308420 -0.005701785 0.944205165 6.747640133
1741156023.50008392333984375000 0.944179833 0.006952953 -0.329357058 -2.142057896 -0.003910616 0.999943376 0.009898785 0.002285267 0.329407215 -0.008058244 0.944153547 6.890259743
1741156023.60008597373962402344 0.943998516 0.007570530 -0.329862833 -2.199100733 -0.003701407 0.999916792 0.012355977 -0.000512537 0.329928935 -0.010443067 0.943948030 7.024294853
1741156023.70008897781372070312 0.943828821 0.006098906 -0.330378592 -2.251495600 -0.003661615 0.999961317 0.007999103 0.001903309 0.330414593 -0.006340065 0.943814635 7.164585114
1741156023.80009198188781738281 0.943319440 0.012521856 -0.331649870 -2.318273067 -0.009355211 0.999894142 0.011143013 0.002496217 0.331754297 -0.007408767 0.943336725 7.320741653
1741156023.90009403228759765625 0.943382382 0.010938072 -0.331526846 -2.378146648 -0.007195753 0.999895811 0.012513576 0.001674585 0.331629187 -0.009419502 0.943362832 7.473977089
1741156024.00009703636169433594 0.946690321 0.007483901 -0.322058171 -2.420581341 -0.004059224 0.999927878 0.011303960 0.002881947 0.322119534 -0.009394044 0.946652412 7.605294704
1741156024.10010290145874023438 0.953699529 0.006287308 -0.300695270 -2.452624321 -0.003339753 0.999941230 0.010315486 0.001580338 0.300742447 -0.008833626 0.953664482 7.739794254
1741156024.20010495185852050781 0.960332274 0.015120600 -0.278447986 -2.498554230 -0.011333669 0.999820173 0.015204972 0.006388362 0.278627813 -0.011445989 0.960330963 7.895353317
1741156024.30010795593261718750 0.961657405 0.010717093 -0.274044156 -2.551295757 -0.005840602 0.999809861 0.018604292 0.001744583 0.274191439 -0.016290370 0.961537123 8.047425270
1741156024.40011096000671386719 0.962213159 0.012962341 -0.271988690 -2.597640038 -0.008270102 0.999796689 0.018390860 0.001954681 0.272171766 -0.015446553 0.962124705 8.183608055
1741156024.50011396408081054688 0.962205231 0.013552492 -0.271987855 -2.643270731 -0.009650340 0.999830484 0.015679328 0.006520789 0.272154272 -0.012461956 0.962172925 8.341812134
1741156024.60011601448059082031 0.962864041 0.012338934 -0.269704759 -2.688524485 -0.009317964 0.999878705 0.012478477 0.004765362 0.269826025 -0.009501978 0.962862194 8.478601456
1741156024.70011901855468750000 0.963175654 0.008962476 -0.268723518 -2.738329172 -0.005346442 0.999885082 0.014185148 0.003332037 0.268819779 -0.012226075 0.963112891 8.636654854
1741156024.80012202262878417969 0.963634014 0.013255799 -0.266896665 -2.788805246 -0.009619852 0.999842346 0.014925978 0.006002537 0.267052442 -0.011815674 0.963609576 8.785163879
1741156024.90012407302856445312 0.963749826 0.011095753 -0.266576707 -2.833402157 -0.007527205 0.999867916 0.014404654 0.001169290 0.266701341 -0.011875905 0.963706076 8.953097343
1741156025.00012707710266113281 0.964249730 0.011384670 -0.264750510 -2.881210566 -0.008742911 0.999899566 0.011154566 0.002649677 0.264850914 -0.008441097 0.964252412 9.099315643
1741156025.10013294219970703125 0.964546442 0.013861919 -0.263548970 -2.929841042 -0.010841114 0.999857843 0.012912933 0.006804283 0.263690501 -0.009597959 0.964559615 9.252622604
1741156025.20013499259948730469 0.964755356 0.013906627 -0.262780845 -2.975772858 -0.010451858 0.999839664 0.014540299 0.006576399 0.262940913 -0.011281284 0.964745998 9.405777931
1741156025.30013799667358398438 0.965262830 0.012753749 -0.260969341 -3.022028685 -0.009173923 0.999846458 0.014931039 0.005847397 0.261119694 -0.012018265 0.965231597 9.552499771
1741156025.40014100074768066406 0.965823174 0.015197353 -0.258755893 -3.065827608 -0.011999223 0.999830902 0.013934582 0.012650538 0.258923918 -0.010353474 0.965842247 9.698631287
1741156025.50014400482177734375 0.966057420 0.018863106 -0.257637858 -3.112742186 -0.015872529 0.999780416 0.013682734 0.012875996 0.257839382 -0.009128943 0.966144681 9.841377258
1741156025.60014605522155761719 0.966387391 0.015241620 -0.256638050 -3.159753084 -0.010841003 0.999769092 0.018553339 0.012981471 0.256861567 -0.015147501 0.966329515 10.004498482
1741156025.70014905929565429688 0.966699302 0.020750528 -0.255072385 -3.212997675 -0.016500948 0.999687314 0.018789114 0.014381330 0.255382508 -0.013954488 0.966739416 10.157587051
1741156025.80015206336975097656 0.966949821 0.018689822 -0.254280686 -3.258858442 -0.014529410 0.999728262 0.018229984 0.016596869 0.254552305 -0.013932931 0.966958642 10.309514999
1741156025.90015411376953125000 0.967256129 0.019170618 -0.253077239 -3.301411867 -0.015336813 0.999735951 0.017113073 0.016716734 0.253338486 -0.012671326 0.967294693 10.451626778
1741156026.00015711784362792969 0.967329144 0.016951006 -0.252956450 -3.347293615 -0.013139413 0.999773383 0.016750025 0.012692260 0.253183067 -0.012879089 0.967332661 10.606429100
1741156026.10016298294067382812 0.967664003 0.020146785 -0.251436919 -3.394438028 -0.016219471 0.999712110 0.017682318 0.018550389 0.251720756 -0.013032367 0.967712164 10.761299133
1741156026.20016503334045410156 0.967968643 0.017383719 -0.250468642 -3.437542439 -0.012897818 0.999725878 0.019540451 0.021102041 0.250739664 -0.015684046 0.967927516 10.911049843
1741156026.30016803741455078125 0.968203247 0.019594839 -0.249396265 -3.483095407 -0.015934011 0.999733746 0.016689347 0.021345146 0.249656886 -0.012184797 0.968257725 11.060646057
1741156026.40017104148864746094 0.968419075 0.020734906 -0.248464465 -3.526036263 -0.017179513 0.999716759 0.016469425 0.022160826 0.248735592 -0.011680806 0.968500972 11.208701134
1741156026.50017404556274414062 0.968711138 0.020655310 -0.247329846 -3.569999456 -0.016720561 0.999698162 0.017998965 0.026269784 0.247626960 -0.013300305 0.968764126 11.362416267
1741156026.60017609596252441406 0.968902111 0.019463241 -0.246677756 -3.614799023 -0.015510227 0.999718428 0.017958127 0.027679788 0.246957824 -0.013573640 0.968931139 11.515521049
1741156026.70017910003662109375 0.969265103 0.021588312 -0.245069638 -3.660789490 -0.017850623 0.999688148 0.017462770 0.031090423 0.245370209 -0.012551408 0.969348192 11.663674355
1741156026.80018210411071777344 0.969299316 0.020344449 -0.245040789 -3.701957226 -0.016518220 0.999707580 0.017659921 0.027425298 0.245328426 -0.013070112 0.969351888 11.812004089
1741156026.90018391609191894531 0.969755769 0.018809130 -0.243351609 -3.744887829 -0.016046956 0.999782383 0.013328081 0.026409259 0.243549347 -0.009019931 0.969846547 11.953737259
1741156027.00018692016601562500 0.969922364 0.022845324 -0.242340147 -3.792220354 -0.020003118 0.999699295 0.014182476 0.030461274 0.242591277 -0.008908343 0.970087707 12.109520912
1741156027.10018301010131835938 0.970155656 0.022082249 -0.241475344 -3.836095810 -0.018802829 0.999697149 0.015876940 0.031868584 0.241752818 -0.010862684 0.970277071 12.260455132
1741156027.20018506050109863281 0.970437825 0.020870568 -0.240447208 -3.878123999 -0.017555052 0.999719083 0.015922915 0.035245240 0.240711987 -0.011231137 0.970531583 12.412833214
1741156027.30018806457519531250 0.970537841 0.023053173 -0.239843383 -3.917891741 -0.019260267 0.999649823 0.018146347 0.032887906 0.240177721 -0.012992269 0.970641971 12.552349091
1741156027.40019106864929199219 0.970735013 0.026250379 -0.238714129 -3.963564873 -0.022089437 0.999554157 0.020089660 0.038169742 0.239135057 -0.014228676 0.970882058 12.708583832
1741156027.50019407272338867188 0.971043468 0.022787316 -0.237813622 -4.008564472 -0.018256055 0.999607742 0.021239128 0.039321743 0.238204315 -0.016282577 0.971078575 12.867764473
1741156027.60019588470458984375 0.971342027 0.024361433 -0.236434251 -4.054638386 -0.020164654 0.999593556 0.020152565 0.042026326 0.236829102 -0.014807418 0.971438468 13.019519806
1741156027.70019888877868652344 0.971479177 0.023596015 -0.235947937 -4.098415852 -0.019474039 0.999614596 0.019785287 0.041887544 0.236323863 -0.014626135 0.971564293 13.165247917
1741156027.80020189285278320312 0.971413374 0.020382838 -0.236517623 -4.136821747 -0.016493576 0.999694467 0.018411018 0.044355966 0.236820623 -0.013983688 0.971452773 13.319268227
1741156027.90020394325256347656 0.971586466 0.021909714 -0.235668540 -4.182168961 -0.018162251 0.999671936 0.018060649 0.049554572 0.235986933 -0.013267212 0.971665680 13.475237846
1741156028.00020694732666015625 0.971744359 0.024368173 -0.234774664 -4.229161739 -0.020230580 0.999594927 0.020016430 0.050516766 0.235167339 -0.014701225 0.971843719 13.637405396
1741156028.10021305084228515625 0.971989930 0.021989353 -0.233991474 -4.271272659 -0.017083874 0.999590158 0.022970866 0.053628288 0.234400690 -0.018329971 0.971967220 13.794952393
1741156028.20021510124206542969 0.972155690 0.024495922 -0.233052060 -4.314378738 -0.019278187 0.999510467 0.024640549 0.054780681 0.233541578 -0.019461628 0.972152054 13.948095322
1741156028.30021810531616210938 0.972190142 0.024755217 -0.232880875 -4.358042717 -0.019754127 0.999521971 0.023783045 0.061370563 0.233358294 -0.018521283 0.972214401 14.103244781
1741156028.40022110939025878906 0.972259223 0.024462800 -0.232623160 -4.399177551 -0.019322107 0.999516726 0.024352178 0.060174689 0.233106449 -0.019181861 0.972262025 14.252913475
1741156028.50022411346435546875 0.972380519 0.020715224 -0.232480064 -4.436552525 -0.015582513 0.999593079 0.023893069 0.064179152 0.232880414 -0.019610532 0.972307622 14.408324242
1741156028.60022592544555664062 0.972585261 0.023235030 -0.231382936 -4.483082294 -0.018469485 0.999570787 0.022741130 0.066541806 0.231812015 -0.017844163 0.972596943 14.565615654
1741156028.70022892951965332031 0.972655356 0.022006650 -0.231208295 -4.523983479 -0.016675381 0.999548674 0.024987504 0.064608030 0.231653839 -0.020448742 0.972583354 14.727016449
1741156028.80023193359375000000 0.972745299 0.024567954 -0.230571061 -4.566588879 -0.019764483 0.999537289 0.023119893 0.071121946 0.231032386 -0.017932650 0.972780764 14.880761147
1741156028.90023398399353027344 0.972909987 0.024133177 -0.229921132 -4.611083984 -0.019464662 0.999556184 0.022551658 0.076397046 0.230363339 -0.017465396 0.972947955 15.037826538
1741156029.00023698806762695312 0.972785354 0.022694832 -0.230594128 -4.650354385 -0.017844690 0.999573946 0.023097331 0.078425445 0.231020078 -0.018353863 0.972775877 15.190237999
1741156029.10024309158325195312 0.972791672 0.021385578 -0.230692506 -4.691123486 -0.016017912 0.999556243 0.025115671 0.082280986 0.231127247 -0.020737104 0.972702503 15.343220711
1741156029.20024490356445312500 0.973272145 0.021525005 -0.228643760 -4.735170364 -0.016032165 0.999537170 0.025854118 0.086943269 0.229094446 -0.021497440 0.973166764 15.495560646
1741156029.30024790763854980469 0.973297596 0.022651700 -0.228426531 -4.778258324 -0.016821958 0.999481976 0.027436366 0.090417631 0.228929698 -0.022861168 0.973174453 15.667587280
1741156029.40025091171264648438 0.973285913 0.021341790 -0.228602454 -4.815017700 -0.015998842 0.999554396 0.025200222 0.094054639 0.229038402 -0.020869646 0.973193645 15.819401741
1741156029.50025391578674316406 0.973479629 0.026680592 -0.227212697 -4.859077454 -0.021542316 0.999453723 0.025064675 0.096898541 0.227757305 -0.019505262 0.973522544 15.966448784
1741156029.60025596618652343750 0.971762776 0.023680456 -0.234768689 -4.904166698 -0.018016795 0.999493301 0.026240328 0.103290595 0.235271111 -0.021269595 0.971697032 16.116931915
1741156029.70025897026062011719 0.970354795 0.020596286 -0.240805656 -4.946693420 -0.014079924 0.999487460 0.028750189 0.106680274 0.241274372 -0.024507359 0.970147431 16.265396118
1741156029.80026197433471679688 0.965239406 0.020484352 -0.260563403 -4.999746323 -0.013453513 0.999496400 0.028738404 0.106909461 0.261020869 -0.024233947 0.965028942 16.411533356
1741156029.90026402473449707031 0.957854986 0.023805412 -0.286264032 -5.060527802 -0.016116675 0.999444067 0.029185440 0.110826656 0.286799669 -0.023341795 0.957706153 16.552709579
1741156030.00026702880859375000 0.952909172 0.022118140 -0.302448183 -5.122514725 -0.012984695 0.999397874 0.032176044 0.116380692 0.302977741 -0.026733650 0.952622592 16.694545746
1741156030.10026311874389648438 0.952396631 0.021809282 -0.304080576 -5.175066471 -0.012609128 0.999402344 0.032186721 0.121260494 0.304600805 -0.026820332 0.952102423 16.837026596
1741156030.20026493072509765625 0.951844156 0.022697266 -0.305740923 -5.226934433 -0.013243242 0.999368906 0.032960713 0.123419076 0.306296080 -0.027324462 0.951544046 16.975883484
1741156030.30026793479919433594 0.951331675 0.022914283 -0.307315707 -5.278479576 -0.013147196 0.999341607 0.033814911 0.127581432 0.307888240 -0.028128855 0.951006651 17.118564606
1741156030.40027093887329101562 0.951131880 0.020053122 -0.308133185 -5.332991600 -0.010186331 0.999383569 0.033596568 0.132461652 0.308616936 -0.028816020 0.950749815 17.271953583
1741156030.50027394294738769531 0.951230526 0.021523969 -0.307729214 -5.384599209 -0.012254636 0.999412000 0.032022733 0.136839405 0.308237523 -0.026689891 0.950934947 17.398904800
1741156030.60027599334716796875 0.951018274 0.019602725 -0.308512479 -5.428054810 -0.011041397 0.999504626 0.029471884 0.138981178 0.308937401 -0.024621891 0.950763643 17.522312164
1741156030.70027899742126464844 0.950972855 0.021833338 -0.308502674 -5.482493877 -0.011688175 0.999329567 0.034695208 0.145445079 0.309053361 -0.029388368 0.950590491 17.675771713
1741156030.80028200149536132812 0.950261950 0.026849492 -0.310292274 -5.542683125 -0.016255355 0.999194920 0.036678422 0.150193542 0.311027259 -0.029810201 0.949933350 17.828323364
1741156030.90028405189514160156 0.950231433 0.020951930 -0.310839564 -5.593558788 -0.010490279 0.999322057 0.035290018 0.152571321 0.311368227 -0.030272892 0.949807048 17.973613739
1741156031.00028705596923828125 0.950019002 0.022470159 -0.311382294 -5.646214962 -0.013023032 0.999390602 0.032385714 0.155011699 0.311920255 -0.026711902 0.949732721 18.110136032
1741156031.10029292106628417969 0.949845433 0.020519463 -0.312045783 -5.702397346 -0.011361015 0.999450505 0.031139597 0.157332391 0.312513292 -0.026032649 0.949556589 18.253944397
1741156031.20029497146606445312 0.949615359 0.022301819 -0.312623262 -5.756978035 -0.013684772 0.999464273 0.029730994 0.162390262 0.313118845 -0.023954831 0.949411809 18.397994995
1741156031.30029797554016113281 0.950064659 0.020496657 -0.311379254 -5.810692787 -0.011237121 0.999440491 0.031502407 0.166962117 0.311850727 -0.026430318 0.949763417 18.544162750
1741156031.40030097961425781250 0.956852376 0.025522789 -0.289451450 -5.852767944 -0.016749982 0.999323368 0.032745592 0.171134219 0.290091336 -0.026484391 0.956632435 18.689239502
1741156031.50030398368835449219 0.964754701 0.024992472 -0.261961281 -5.881659508 -0.017075479 0.999327302 0.032455213 0.174087405 0.262596220 -0.026838206 0.964532495 18.831769943
1741156031.60030603408813476562 0.971199811 0.023634126 -0.237091377 -5.908418179 -0.017273780 0.999433935 0.028868428 0.177842796 0.237639457 -0.023941549 0.971058309 18.971082687
1741156031.70030903816223144531 0.973214090 0.022951899 -0.228752032 -5.946832657 -0.016654179 0.999428272 0.029423544 0.180146828 0.229296580 -0.024825731 0.973039985 19.121007919
1741156031.80031204223632812500 0.973577261 0.025902506 -0.226883963 -5.993136883 -0.019423569 0.999338567 0.030742712 0.185013890 0.227530211 -0.025523510 0.973436475 19.278648376
1741156031.90031409263610839844 0.973832607 0.027418558 -0.225606382 -6.035048962 -0.020093620 0.999195755 0.034700628 0.189841717 0.226376384 -0.029259356 0.973600328 19.433076859
1741156032.00031709671020507812 0.974381924 0.025207020 -0.223482624 -6.074149609 -0.018207176 0.999278605 0.033327393 0.195216134 0.224161491 -0.028404621 0.974137962 19.580718994
1741156032.10032296180725097656 0.974567056 0.028430494 -0.222285315 -6.113650322 -0.021955986 0.999261141 0.031544626 0.196402267 0.223017916 -0.025861859 0.974471211 19.717210770
1741156032.20032501220703125000 0.974826634 0.026469948 -0.221387461 -6.151831150 -0.019677496 0.999267161 0.032831144 0.201138169 0.222094268 -0.027648322 0.974633098 19.861822128
1741156032.30032801628112792969 0.974851131 0.025601547 -0.221381634 -6.190312862 -0.018499976 0.999247432 0.034092966 0.203752518 0.222087860 -0.029140012 0.974591136 20.012189865
1741156032.40033102035522460938 0.975073159 0.027081080 -0.220224813 -6.234827042 -0.019982852 0.999208450 0.034396220 0.207419008 0.220981985 -0.029138109 0.974842489 20.179952621
1741156032.50033402442932128906 0.975603640 0.025759444 -0.218022972 -6.273239136 -0.019239157 0.999303401 0.031976942 0.212573513 0.218694821 -0.027002243 0.975419641 20.320816040
1741156032.60033607482910156250 0.975715160 0.024243958 -0.217697293 -6.312467098 -0.017780166 0.999342382 0.031601850 0.215354025 0.218320280 -0.026963711 0.975504577 20.469165802
1741156032.70033907890319824219 0.976130426 0.029215742 -0.215211123 -6.357026100 -0.022493372 0.999181569 0.033619847 0.221411020 0.216017202 -0.027976533 0.975988686 20.630645752
1741156032.80034208297729492188 0.976132333 0.027189383 -0.215467766 -6.398152828 -0.020065924 0.999179542 0.035179641 0.226511702 0.216247499 -0.030016428 0.975877047 20.784730911
1741156032.90034389495849609375 0.976286948 0.026453409 -0.214858219 -6.436635971 -0.019786222 0.999255419 0.033122696 0.229883775 0.215574443 -0.028086023 0.976083398 20.938465118
1741156033.00034689903259277344 0.976550698 0.026559003 -0.213643059 -6.475960255 -0.020276887 0.999296725 0.031542867 0.233569413 0.214330554 -0.026471192 0.976402402 21.090190887
1741156033.10035300254821777344 0.976741076 0.029513692 -0.212381274 -6.518897533 -0.023417421 0.999239922 0.031163312 0.240538388 0.213139594 -0.025465066 0.976689816 21.244276047
1741156033.20035505294799804688 0.977053761 0.030653501 -0.210775435 -6.558160782 -0.023720896 0.999093711 0.035341550 0.243479088 0.211667761 -0.029530812 0.976895452 21.392984390
1741156033.30035805702209472656 0.977447927 0.032701492 -0.208629280 -6.598275185 -0.025989844 0.999055207 0.034831539 0.246744752 0.209571213 -0.028623775 0.977374315 21.540615082
1741156033.40036106109619140625 0.977544010 0.033760190 -0.208009526 -6.637711525 -0.027544569 0.999085367 0.032706596 0.249699146 0.208923444 -0.026242604 0.977579832 21.694078445
1741156033.50036406517028808594 0.977839172 0.034258947 -0.206535518 -6.678490639 -0.028241532 0.999088347 0.032014057 0.255930185 0.207443997 -0.025471719 0.977915227 21.845884323
1741156033.60036611557006835938 0.978101492 0.031937297 -0.205663607 -6.714684010 -0.026259525 0.999196529 0.030278355 0.259326100 0.206465364 -0.024214676 0.978154242 21.998413086
1741156033.70036888122558593750 0.978246629 0.036113013 -0.204277799 -6.757062435 -0.030592982 0.999078095 0.030117026 0.262002766 0.205177084 -0.023212411 0.978449583 22.150489807
1741156033.80037188529968261719 0.978573084 0.034425799 -0.203001544 -6.793430328 -0.028182702 0.999039054 0.033565678 0.264562607 0.203961998 -0.027125336 0.978602946 22.302919388
1741156033.90037393569946289062 0.978922963 0.035080206 -0.201194450 -6.831651688 -0.028758353 0.998999119 0.034259807 0.270891845 0.202194914 -0.027751692 0.978952050 22.456790924
1741156034.00037693977355957031 0.979149818 0.037498143 -0.199648499 -6.873435020 -0.031724170 0.998982906 0.032042753 0.274874896 0.200646982 -0.025040973 0.979343534 22.607580185
1741156034.10037302970886230469 0.979141593 0.038272727 -0.199541971 -6.911577702 -0.032585423 0.998965800 0.031709630 0.279880702 0.200549215 -0.024546057 0.979376078 22.759521484
1741156034.20037508010864257812 0.979512393 0.034330606 -0.198436230 -6.947296143 -0.028480351 0.999073565 0.032261975 0.283248484 0.199359968 -0.025949469 0.979582667 22.911264420
1741156034.30037808418273925781 0.979761600 0.036528606 -0.196806818 -6.989341736 -0.030715298 0.998999298 0.032511000 0.286652833 0.197797447 -0.025808049 0.979903102 23.071132660
1741156034.40038108825683593750 0.980072856 0.038940381 -0.194784239 -7.026290417 -0.033286743 0.998926461 0.032215882 0.291922003 0.195829645 -0.025090178 0.980316877 23.220380783
1741156034.50038409233093261719 0.980103850 0.037048955 -0.194996923 -7.062894821 -0.030650700 0.998891354 0.035728835 0.299390286 0.196104467 -0.029041179 0.980152845 23.375366211
1741156034.60038590431213378906 0.980025589 0.043817859 -0.193984136 -7.105926991 -0.037481774 0.998640835 0.036215361 0.305706441 0.195307359 -0.028221110 0.980335951 23.531110764
1741156034.70038890838623046875 0.979764462 0.039442282 -0.196229130 -7.142652512 -0.033130664 0.998825848 0.035345010 0.308425128 0.197392821 -0.028128583 0.979920864 23.684696198
1741156034.80039191246032714844 0.979344547 0.034651794 -0.199207351 -7.177939415 -0.028065136 0.998965025 0.035794325 0.307778895 0.200241506 -0.029464196 0.979303420 23.833957672
1741156034.90039396286010742188 0.979499638 0.029817151 -0.199226901 -7.212312222 -0.024222737 0.999242425 0.030459749 0.310341090 0.199984193 -0.025009492 0.979479909 23.981971741
1741156035.00039696693420410156 0.979464233 0.033516899 -0.198812440 -7.255875587 -0.028990502 0.999250889 0.025635373 0.314168483 0.199522734 -0.019345259 0.979702234 24.132762909
1741156035.10040307044982910156 0.979790628 0.033347208 -0.197226599 -7.298804283 -0.027994478 0.999161780 0.029866816 0.323084116 0.198057264 -0.023741970 0.979902864 24.291650772
1741156035.20040488243103027344 0.980036497 0.035497230 -0.195623130 -7.338163853 -0.030445568 0.999122262 0.028771166 0.326490730 0.196472719 -0.022240935 0.980257034 24.447380066
1741156035.30040788650512695312 0.980114281 0.034572992 -0.195398957 -7.376821518 -0.030569360 0.999257088 0.023469118 0.329020917 0.196065187 -0.017029198 0.980443001 24.596467972
1741156035.40041089057922363281 0.980095387 0.038150478 -0.194827005 -7.416789055 -0.034038808 0.999122381 0.024409937 0.332246721 0.195587277 -0.017292388 0.980533838 24.744272232
1741156035.50041389465332031250 0.980130374 0.038829528 -0.194516629 -7.454097271 -0.034274995 0.999054968 0.026727129 0.336245596 0.195370615 -0.019529015 0.980535030 24.895851135
1741156035.60041594505310058594 0.980083585 0.041493263 -0.194202274 -7.492551327 -0.036826406 0.998941004 0.027581375 0.340981305 0.195141062 -0.019880280 0.980573654 25.045173645
1741156035.70041894912719726562 0.980356634 0.039807878 -0.193174049 -7.531234264 -0.034275584 0.998903215 0.031898286 0.345895290 0.194231987 -0.024650544 0.980645835 25.200082779
1741156035.80042195320129394531 0.980491996 0.043717865 -0.191635638 -7.572961807 -0.037444018 0.998641372 0.036240187 0.351613581 0.192959622 -0.028357603 0.980796814 25.360691071
1741156035.90042400360107421875 0.980423987 0.048106678 -0.190930724 -7.613457680 -0.041673109 0.998424649 0.037571613 0.359972060 0.192437381 -0.028879434 0.980884194 25.519639969
1741156036.00042700767517089844 0.980353534 0.047055483 -0.191553593 -7.649326801 -0.040481467 0.998453975 0.038091607 0.366911292 0.193049863 -0.029588871 0.980742693 25.671033859
1741156036.10043311119079589844 0.980505168 0.046161421 -0.190994084 -7.686503887 -0.038921107 0.998380542 0.041489858 0.374899954 0.192600012 -0.033247318 0.980713964 25.822000504
1741156036.20043492317199707031 0.980529249 0.046900973 -0.190690130 -7.722971439 -0.038648725 0.998157799 0.046768904 0.381688476 0.192532346 -0.038488347 0.980535567 25.975131989
1741156036.30043792724609375000 0.980640531 0.048562270 -0.189699292 -7.760478020 -0.040577788 0.998128355 0.045752153 0.386877894 0.191566080 -0.037168838 0.980775654 26.123624802
1741156036.40044093132019042969 0.980628669 0.047470525 -0.190036833 -7.796380520 -0.039496552 0.998181760 0.045532018 0.395541608 0.191852733 -0.037144199 0.980720580 26.276220322
1741156036.50044393539428710938 0.980766237 0.053209029 -0.187793434 -7.835598469 -0.045845833 0.998007894 0.043340106 0.401660800 0.189725414 -0.033896968 0.981251895 26.422534943
1741156036.60044598579406738281 0.980833113 0.050431319 -0.188210234 -7.873630524 -0.044161625 0.998325586 0.037360821 0.408346921 0.189779252 -0.028333060 0.981417894 26.575927734
1741156036.70044898986816406250 0.980712414 0.050846327 -0.188726738 -7.910044670 -0.044585131 0.998309851 0.037277162 0.414644420 0.190303162 -0.028143769 0.981321871 26.728418350
1741156036.80045199394226074219 0.980802417 0.050013989 -0.188481227 -7.943187714 -0.043335255 0.998283625 0.039392911 0.419130504 0.190127924 -0.030468779 0.981286407 26.878023148
1741156036.90045404434204101562 0.980861008 0.051873561 -0.187672019 -7.981916904 -0.045080405 0.998170614 0.040288657 0.427761137 0.189418614 -0.031057242 0.981405139 27.030359268
1741156037.00045704841613769531 0.981058538 0.049330559 -0.187325045 -8.016404152 -0.041872568 0.998172700 0.043565854 0.435331106 0.189131871 -0.034896873 0.981331408 27.186058044
1741156037.10045289993286132812 0.980978787 0.055448793 -0.186027065 -8.057035446 -0.048004936 0.997864842 0.044286963 0.441576988 0.188085526 -0.034514353 0.981546044 27.334426880
1741156037.20045495033264160156 0.981214225 0.053539600 -0.185343504 -8.092270851 -0.046404827 0.998012900 0.042624317 0.450486422 0.187257290 -0.033222754 0.981748939 27.491954803
1741156037.30045795440673828125 0.981146038 0.053237990 -0.185790807 -8.129800797 -0.046418067 0.998085678 0.040869497 0.456424296 0.187610954 -0.031474896 0.981738985 27.649175644
1741156037.40046095848083496094 0.981187224 0.054402079 -0.185235113 -8.166026115 -0.047221363 0.997960091 0.042962193 0.465024710 0.187194496 -0.033406898 0.981754661 27.801475525
1741156037.50046396255493164062 0.981113911 0.056988675 -0.184845358 -8.199298859 -0.050123259 0.997875988 0.041607771 0.474124014 0.186823905 -0.031556912 0.981886446 27.950744629
1741156037.60046601295471191406 0.981347322 0.055301469 -0.184117198 -8.233444214 -0.048162472 0.997912347 0.043026432 0.480895340 0.186112255 -0.033356335 0.981962085 28.096637726
1741156037.70046901702880859375 0.981290877 0.060002893 -0.182942152 -8.269104958 -0.052581474 0.997595191 0.045155667 0.489000857 0.185211673 -0.034691479 0.982086122 28.246223450
1741156037.80047202110290527344 0.981315792 0.062506162 -0.181967854 -8.307239532 -0.055519402 0.997520685 0.043244552 0.497231394 0.184219763 -0.032333814 0.982353091 28.398433685
1741156037.90047407150268554688 0.981453598 0.059691668 -0.182169631 -8.342768669 -0.053061858 0.997746825 0.041057467 0.504239023 0.184209958 -0.030629739 0.982409537 28.555994034
1741156038.00047707557678222656 0.981482446 0.058190845 -0.182499483 -8.375775337 -0.051620249 0.997843087 0.040553335 0.512102365 0.184465677 -0.030381717 0.982369244 28.707735062
1741156038.10048294067382812500 0.981509209 0.060496330 -0.181603596 -8.407209396 -0.054042317 0.997725725 0.040283963 0.518912554 0.183627620 -0.029724799 0.982546329 28.847583771
1741156038.20048499107360839844 0.981600642 0.060459625 -0.181120932 -8.440611839 -0.054222491 0.997759283 0.039196562 0.528074682 0.183084890 -0.028654544 0.982679427 28.990711212
1741156038.30048799514770507812 0.981779039 0.057313066 -0.181177169 -8.472784996 -0.050116211 0.997771144 0.044057857 0.539697289 0.183298439 -0.034175169 0.982463121 29.154134750
1741156038.40049099922180175781 0.981578171 0.062595204 -0.180516317 -8.512215614 -0.055574972 0.997498035 0.043693613 0.544851422 0.182799682 -0.032856509 0.982600987 29.311237335
1741156038.50049400329589843750 0.981910944 0.057093706 -0.180530354 -8.540647507 -0.050409291 0.997870028 0.041403923 0.554322064 0.182509735 -0.031554561 0.982697546 29.461120605
1741156038.60049605369567871094 0.981897116 0.059746593 -0.179745480 -8.574845314 -0.054181594 0.997892141 0.035716653 0.559336782 0.181500554 -0.025331181 0.983064532 29.602001190
1741156038.70049905776977539062 0.981793165 0.058874208 -0.180599138 -8.605027199 -0.053625982 0.997988522 0.033810589 0.568270147 0.182226449 -0.023510201 0.982975483 29.756120682
1741156038.80050206184387207031 0.981728494 0.062497664 -0.179731011 -8.642464638 -0.056977902 0.997736335 0.035716511 0.576024115 0.181556374 -0.024823220 0.983067214 29.921875000
1741156038.89950394630432128906 0.981937289 0.061931230 -0.178783745 -8.675498962 -0.055939525 0.997696698 0.038367450 0.585673213 0.180748090 -0.027673354 0.983140051 30.082887650
1741156038.99950695037841796875 0.981948793 0.064628854 -0.177762866 -8.707452774 -0.058544371 0.997512162 0.039268591 0.594417691 0.179858506 -0.028152730 0.983289540 30.233158112
1741156039.09951305389404296875 0.981883883 0.067456193 -0.177069634 -8.739901543 -0.061753891 0.997385740 0.037525855 0.602587104 0.179138079 -0.025911298 0.983482659 30.378452301
1741156039.19951510429382324219 0.981884420 0.065743543 -0.177709803 -8.774319649 -0.059989478 0.997491896 0.037566364 0.610787332 0.179733828 -0.026225109 0.983365655 30.536962509
1741156039.29951810836791992188 0.981893420 0.064250544 -0.178205594 -8.809800148 -0.058846351 0.997637331 0.035452865 0.616660357 0.180062413 -0.024324184 0.983354390 30.698614120
1741156039.39952111244201660156 0.982030034 0.063539140 -0.177707136 -8.842041016 -0.058466945 0.997722387 0.033640321 0.623098612 0.179439858 -0.022645812 0.983508289 30.853013992
1741156039.49952292442321777344 0.981989026 0.065689817 -0.177150846 -8.875946999 -0.060854994 0.997614264 0.032594636 0.627775311 0.178869352 -0.021227060 0.983643830 30.997520447
1741156039.59952592849731445312 0.982119143 0.064158417 -0.176990569 -8.905776024 -0.059223901 0.997698188 0.033028912 0.635450900 0.178702250 -0.021956256 0.983658195 31.147682190
1741156039.69952893257141113281 0.981936872 0.069558017 -0.175959349 -8.941631317 -0.064562947 0.997335553 0.033962052 0.645270586 0.177852854 -0.021988139 0.983811378 31.302268982
1741156039.79953193664550781250 0.982002914 0.066491723 -0.176774219 -8.972619057 -0.061139878 0.997495651 0.035557609 0.648624659 0.178695813 -0.024109723 0.983608961 31.461059570
1741156039.89953398704528808594 0.982047081 0.066537775 -0.176511407 -9.005958557 -0.060987640 0.997463942 0.036690537 0.653298020 0.178505063 -0.025266822 0.983614504 31.612842560
1741156039.99953699111938476562 0.981876910 0.065244026 -0.177935198 -9.030675888 -0.059450354 0.997518897 0.037705988 0.660123467 0.179953814 -0.026444329 0.983319521 31.764694214
1741156040.09954309463500976562 0.981735945 0.066701777 -0.178172395 -9.057202339 -0.061459977 0.997503221 0.034785248 0.671287477 0.180047765 -0.023199458 0.983384252 31.917625427
1741156040.19954490661621093750 0.981877804 0.065279320 -0.177917466 -9.091948509 -0.059526656 0.997522533 0.037487570 0.679070830 0.179923847 -0.026217381 0.983331084 32.079002380
1741156040.29954791069030761719 0.981678665 0.066619605 -0.178518578 -9.122965813 -0.060222447 0.997341633 0.041023292 0.690043926 0.180776969 -0.029520866 0.983080983 32.246578217
1741156040.39955091476440429688 0.981709957 0.066762581 -0.178292707 -9.155505180 -0.060495060 0.997351885 0.040367234 0.694372892 0.180515587 -0.028843090 0.983149111 32.407073975
1741156040.49955296516418457031 0.981740594 0.062469304 -0.179674745 -9.184628487 -0.057470985 0.997805059 0.032896053 0.701873779 0.181335360 -0.021969305 0.983175874 32.561763763
1741156040.59955596923828125000 0.981656253 0.059189890 -0.181238919 -9.214077950 -0.054443732 0.998033762 0.031055586 0.708154678 0.182720736 -0.020618590 0.982948601 32.722385406
1741156040.69955897331237792969 0.981481016 0.062096566 -0.181215584 -9.250016212 -0.056737788 0.997788966 0.034611881 0.710816145 0.182964191 -0.023689130 0.982834160 32.892440796
