1741155387.89980411529541015625 1.000000000 -0.000000001 0.000000000 -0.000000119 0.000000001 1.000000000 0.000000014 0.000000458 -0.000000000 -0.000000014 1.000000000 0.000000238
1741155387.99980688095092773438 0.999996841 0.001775302 -0.001791050 -0.000437321 -0.001779076 0.999996185 -0.002107840 -0.002141394 0.001787301 0.002111020 0.999996185 -0.020167649
1741155388.09980297088623046875 0.999999583 0.000906165 -0.000128791 0.002019979 -0.000907655 0.999926627 -0.012081833 -0.006820865 0.000117834 0.012081944 0.999926984 -0.060331553
1741155388.19980502128601074219 0.999992788 0.002216107 0.003078944 0.004301463 -0.002147742 0.999754965 -0.022032792 -0.012598000 -0.003127017 0.022026021 0.999752522 -0.094047643
1741155388.29980802536010742188 0.999992907 0.002469724 0.002833666 0.003242198 -0.002414396 0.999809563 -0.019365331 -0.011137476 -0.002880953 0.019358354 0.999808431 -0.090769596
1741155388.39981102943420410156 0.999995649 0.002465843 0.001609280 0.002349888 -0.002445685 0.999920011 -0.012410084 -0.008517509 -0.001639753 0.012406094 0.999921679 -0.072771020
1741155388.49981307983398437500 0.999996722 0.001488385 0.002088886 0.003675041 -0.001455839 0.999878883 -0.015496518 -0.009346727 -0.002111698 0.015493426 0.999877751 -0.078438498
1741155388.59981608390808105469 0.999995351 0.002107454 0.002198467 0.003739190 -0.002069851 0.999853849 -0.016968710 -0.009938971 -0.002233907 0.016964082 0.999853611 -0.082347021
1741155388.69981908798217773438 0.999994695 0.002041738 0.002527331 0.003306100 -0.002001119 0.999870420 -0.015971335 -0.009104223 -0.002559613 0.015966194 0.999869227 -0.078812569
1741155388.79982209205627441406 0.999996901 0.002024442 0.001432131 0.004214454 -0.002000809 0.999864876 -0.016315617 -0.008829338 -0.001464967 0.016312700 0.999865890 -0.078810900
1741155388.89982390403747558594 0.999998391 0.001703149 0.000584026 0.003869569 -0.001693193 0.999860048 -0.016644200 -0.008509356 -0.000612292 0.016643185 0.999861300 -0.080130123
1741155388.99982690811157226562 0.999997258 0.001913297 -0.001366176 0.001179487 -0.001932660 0.999895632 -0.014315753 -0.008261435 0.001338643 0.014318353 0.999896586 -0.080214992
1741155389.09983301162719726562 0.999982059 0.001655444 -0.005758169 -0.001421403 -0.001725918 0.999923408 -0.012255660 -0.005712864 0.005737439 0.012265378 0.999908328 -0.080602646
1741155389.19983506202697753906 0.999959588 0.001525788 -0.008857519 -0.003272500 -0.001625282 0.999935567 -0.011236415 -0.004167237 0.008839804 0.011250357 0.999897659 -0.082169987
1741155389.29983806610107421875 0.999964774 0.001283499 -0.008298127 -0.002358324 -0.001377047 0.999935448 -0.011277446 -0.004202882 0.008283117 0.011288474 0.999901950 -0.081808649
1741155389.39984107017517089844 0.999981165 0.000948132 -0.006061777 0.000532797 -0.001021937 0.999925256 -0.012183931 -0.005615594 0.006049772 0.012189896 0.999907374 -0.083419763
1741155389.49984288215637207031 0.999966264 0.001638815 -0.008048199 -0.001183565 -0.001725694 0.999940217 -0.010799752 -0.004284143 0.008030019 0.010813276 0.999909282 -0.081667468
1741155389.59984588623046875000 0.999911726 0.000559354 -0.013274636 -0.003830427 -0.000641425 0.999980688 -0.006179090 -0.001591539 0.013270923 0.006187059 0.999892771 -0.077303432
1741155389.69984889030456542969 0.999867201 0.000990526 -0.016264834 -0.006252755 -0.001036849 0.999995410 -0.002839829 -0.000573187 0.016261946 0.002856316 0.999863684 -0.075644411
1741155389.79985189437866210938 0.999826014 -0.000581715 -0.018644657 -0.006846725 0.000546599 0.999998093 -0.001888479 -0.001361879 0.018645719 0.001877959 0.999824405 -0.076922283
1741155389.89985394477844238281 0.999782979 0.000310366 -0.020829979 -0.007583249 -0.000362613 0.999996781 -0.002504552 -0.000650666 0.020829136 0.002511562 0.999779880 -0.078424200
1741155389.99985694885253906250 0.999796689 0.000280680 -0.020162044 -0.008427994 -0.000319532 0.999998093 -0.001923828 -0.000297779 0.020161467 0.001929879 0.999794900 -0.077723026
1741155390.09986305236816406250 0.999796152 0.001429940 -0.020139739 -0.009371257 -0.001469232 0.999997020 -0.001936317 -0.000177617 0.020136911 0.001965512 0.999795318 -0.078030303
1741155390.19986510276794433594 0.999793172 0.001237366 -0.020299293 -0.009302245 -0.001276092 0.999997377 -0.001894915 -0.000527827 0.020296896 0.001920427 0.999792159 -0.077966511
1741155390.29986810684204101562 0.999789119 0.000364522 -0.020533279 -0.007837506 -0.000401676 0.999998271 -0.001805350 -0.000948398 0.020532584 0.001813217 0.999787569 -0.078049831
1741155390.39987111091613769531 0.999776959 0.001319248 -0.021077896 -0.008266437 -0.001335603 0.999998808 -0.000761876 -0.000702291 0.021076865 0.000789858 0.999777555 -0.079442002
1741155390.49987292289733886719 0.999881804 0.002188503 -0.015218215 -0.004232505 -0.002273397 0.999981940 -0.005563376 -0.003577010 0.015205765 0.005597315 0.999868691 -0.096568145
1741155390.59987592697143554688 0.999990523 0.002610187 0.003479591 0.006731054 -0.002550636 0.999852061 -0.017010128 -0.009130237 -0.003523476 0.017001092 0.999849260 -0.118888803
1741155390.69987893104553222656 0.999804378 0.001908968 0.019685298 0.018006539 -0.001402611 0.999668598 -0.025704417 -0.013367457 -0.019727845 0.025671780 0.999475777 -0.142108262
1741155390.79988193511962890625 0.999859691 0.001647368 0.016671378 0.014476099 -0.001251515 0.999717712 -0.023727071 -0.011801762 -0.016705759 0.023702877 0.999579430 -0.137991190
1741155390.89988398551940917969 0.999964356 0.001645163 0.008282896 0.008267782 -0.001491325 0.999826908 -0.018544996 -0.009191432 -0.008311972 0.018531984 0.999793708 -0.125398144
1741155390.99988698959350585938 0.999978065 0.001123637 0.006529115 0.008772824 -0.001002820 0.999828756 -0.018478286 -0.009319205 -0.006548760 0.018471332 0.999807954 -0.124325864
1741155391.09989309310913085938 0.999950588 0.001532394 0.009824574 0.011166673 -0.001331965 0.999791503 -0.020374928 -0.010010145 -0.009853748 0.020360835 0.999744117 -0.127748549
1741155391.19989490509033203125 0.999962151 0.001946728 0.008480249 0.010322546 -0.001779569 0.999804854 -0.019674782 -0.009837333 -0.008516896 0.019658946 0.999770463 -0.126026794
1741155391.29989790916442871094 0.999967158 0.002509854 0.007705460 0.007789677 -0.002340394 0.999756932 -0.021923091 -0.010281571 -0.007758611 0.021904338 0.999729991 -0.126494214
1741155391.39990091323852539062 0.999979675 0.002513998 0.005859219 0.006823178 -0.002377396 0.999727905 -0.023205576 -0.011022950 -0.005915963 0.023191174 0.999713540 -0.128098890
1741155391.49990296363830566406 0.999988437 0.002091548 0.004326734 0.007311304 -0.001986513 0.999706626 -0.024139300 -0.011976816 -0.004375953 0.024130426 0.999699235 -0.126633301
1741155391.59990596771240234375 0.999994338 0.001633268 0.002947944 0.005354811 -0.001563127 0.999719322 -0.023640754 -0.011549341 -0.002985728 0.023636011 0.999716163 -0.105888382
1741155391.69990897178649902344 0.999999583 -0.000619803 0.000690503 0.006789465 0.000627366 0.999939203 -0.011007548 -0.007937745 -0.000683638 0.011007977 0.999939203 -0.065223247
1741155391.79991197586059570312 0.999999821 0.000395816 0.000385996 0.003643942 -0.000392527 0.999963939 -0.008483960 -0.005335059 -0.000389340 0.008483808 0.999963939 -0.050317075
1741155391.89991402626037597656 0.999999046 0.001074218 0.000867332 0.003314829 -0.001063472 0.999923825 -0.012296326 -0.006818518 -0.000880475 0.012295391 0.999924004 -0.057974689
1741155391.99991703033447265625 0.999997497 0.001751963 0.001371064 0.001869029 -0.001732886 0.999903381 -0.013793655 -0.006312905 -0.001395097 0.013791244 0.999903917 -0.060023300
1741155392.09991288185119628906 0.999997437 0.001124163 0.001971129 0.002691948 -0.001099072 0.999918938 -0.012684495 -0.005711798 -0.001985229 0.012682296 0.999917626 -0.056537449
1741155392.19991493225097656250 0.999998927 0.000811850 0.001229678 0.002457238 -0.000797545 0.999932528 -0.011589334 -0.005210659 -0.001239004 0.011588342 0.999932110 -0.054850250
1741155392.29991793632507324219 0.999999821 0.000608964 0.000173314 0.003559186 -0.000606972 0.999936342 -0.011268070 -0.005434698 -0.000180165 0.011267962 0.999936521 -0.056384850
1741155392.39992094039916992188 0.999995470 0.000652574 -0.002943581 0.000990105 -0.000678275 0.999961615 -0.008738643 -0.003577897 0.002937765 0.008740599 0.999957502 -0.055898346
1741155392.49992299079895019531 0.999951184 -0.000371944 -0.009871263 -0.002455777 0.000345779 0.999996424 -0.002652199 -0.000253816 0.009872214 0.002648656 0.999947786 -0.053460266
1741155392.59992599487304687500 0.999871671 0.000337239 -0.016017342 -0.006055138 -0.000401244 0.999991953 -0.003992947 -0.000999569 0.016015867 0.003998861 0.999863744 -0.046368934
1741155392.69992899894714355469 0.999248743 0.001245290 -0.038734667 -0.023029946 -0.001386150 0.999992549 -0.003609896 -0.003251094 0.038729884 0.003660876 0.999243021 -0.015292651
1741155392.79993200302124023438 0.996689498 0.003889693 -0.081209332 -0.050145686 -0.004377669 0.999973416 -0.005831679 -0.005528547 0.081184492 0.006167881 0.996680021 0.017590975
1741155392.89993405342102050781 0.993046045 0.005777724 -0.117584988 -0.077529117 -0.006623111 0.999954939 -0.006800108 -0.008475666 0.117540404 0.007531599 0.993039548 0.046920884
1741155392.99993705749511718750 0.992874563 0.005796549 -0.119023353 -0.076173112 -0.006858861 0.999940217 -0.008517544 -0.009726738 0.118966863 0.009273217 0.992854893 0.051713858
1741155393.09994292259216308594 0.994278312 0.004175941 -0.106739029 -0.061126471 -0.005272160 0.999936223 -0.009989981 -0.007140502 0.106690504 0.010495567 0.994236887 0.043622795
1741155393.19994497299194335938 0.993635714 0.003444386 -0.112588756 -0.070200376 -0.004822059 0.999916792 -0.011966298 -0.010566504 0.112538166 0.012433051 0.993569613 0.050999723
1741155393.29994797706604003906 0.988415718 0.002682515 -0.151747182 -0.100359276 -0.004875162 0.999889016 -0.014079136 -0.016796129 0.151692569 0.014655831 0.988319039 0.076338820
1741155393.39995098114013671875 0.982837498 0.000881226 -0.184471384 -0.120488651 -0.004236772 0.999832630 -0.017796693 -0.018561231 0.184424832 0.018272821 0.982676744 0.102474965
1741155393.49995303153991699219 0.979067445 -0.001803245 -0.203528047 -0.133923784 -0.002361367 0.999792814 -0.020217406 -0.021048835 0.203522325 0.020274809 0.978860378 0.117603272
1741155393.59995603561401367188 0.977710962 -0.004065850 -0.209916085 -0.139732808 -0.000759103 0.999737501 -0.022899471 -0.023600385 0.209954083 0.022548411 0.977451205 0.123052381
1741155393.69995903968811035156 0.975481212 -0.012007368 -0.219755039 -0.147337496 0.005659158 0.999548912 -0.029494427 -0.026845595 0.220010057 0.027527630 0.975109100 0.136273578
1741155393.79996204376220703125 0.962460995 -0.032579683 -0.269457638 -0.171739310 0.022539841 0.998934567 -0.040270716 -0.032843377 0.270482570 0.032685459 0.962169886 0.166555956
1741155393.89996409416198730469 0.943169594 -0.084229842 -0.321459979 -0.186537400 0.065981254 0.995550931 -0.067266807 -0.042707484 0.325695664 0.042233676 0.944530964 0.191183433
1741155393.99996709823608398438 0.938528359 -0.085532084 -0.334437966 -0.202547550 0.066605553 0.995481431 -0.067678913 -0.045892157 0.338715523 0.041243158 0.939984500 0.212884501
1741155394.09997010231018066406 0.934216380 -0.084013097 -0.346672118 -0.212858438 0.064278193 0.995608449 -0.068059742 -0.044289265 0.350867599 0.041299071 0.935513914 0.226587966
1741155394.19997191429138183594 0.930643201 -0.084204130 -0.356107980 -0.225834444 0.062868707 0.995486677 -0.071090095 -0.045812983 0.360486835 0.043771464 0.931736708 0.241176426
1741155394.29997491836547851562 0.917541385 -0.085399412 -0.388361573 -0.257476509 0.062441975 0.995492756 -0.071380384 -0.049949363 0.392706990 0.041244395 0.918738365 0.272225291
1741155394.39997792243957519531 0.906060696 -0.085062556 -0.414509743 -0.287538022 0.058938425 0.995407104 -0.075438716 -0.055442192 0.419022948 0.043921504 0.906912744 0.295257449
1741155394.49997997283935546875 0.897247851 -0.086800419 -0.432911098 -0.310731828 0.056701500 0.995019197 -0.081986330 -0.060041398 0.437871277 0.049015351 0.897700548 0.309768587
1741155394.59998297691345214844 0.889183879 -0.090553612 -0.448499769 -0.329396874 0.054099962 0.994151592 -0.093465380 -0.066921696 0.454340398 0.058844097 0.888882577 0.319820166
1741155394.69998598098754882812 0.875016391 -0.095082089 -0.474663794 -0.359792978 0.052200004 0.993336380 -0.102751970 -0.076349363 0.481270701 0.065132208 0.874148905 0.336918354
1741155394.79998898506164550781 0.859828174 -0.099279955 -0.500838339 -0.387346804 0.049847607 0.992550075 -0.111173503 -0.083258778 0.508144438 0.070624515 0.858371377 0.358811378
1741155394.89999103546142578125 0.847778738 -0.101473488 -0.520551980 -0.417185694 0.047517296 0.992110848 -0.116009176 -0.088715449 0.528217137 0.073614895 0.845912278 0.379345298
1741155394.99999403953552246094 0.834336460 -0.102476917 -0.541646719 -0.450944066 0.044835854 0.991928816 -0.118604288 -0.094742619 0.549429178 0.074670687 0.832197011 0.400526524
1741155395.09999704360961914062 0.818635285 -0.104098722 -0.564800560 -0.485923052 0.043291654 0.991822839 -0.120055497 -0.096942760 0.572679698 0.073830515 0.816447794 0.427020997
1741155395.19999909400939941406 0.803751051 -0.105687492 -0.585503578 -0.521806240 0.041126087 0.991611481 -0.122536913 -0.101858363 0.593542695 0.074409701 0.801355302 0.448135257
1741155395.30000209808349609375 0.788822532 -0.108037464 -0.605051160 -0.559870660 0.039942943 0.991359770 -0.124941669 -0.106270567 0.613321722 0.074389286 0.786322236 0.469306916
1741155395.40000510215759277344 0.771214426 -0.107698999 -0.627398789 -0.604374707 0.035450287 0.991321027 -0.126593351 -0.111251146 0.635587573 0.075389162 0.768339038 0.491174996
1741155395.50000691413879394531 0.748844385 -0.108249821 -0.653845668 -0.648850381 0.031895310 0.991313875 -0.127591163 -0.114666492 0.661977947 0.074691325 0.745792508 0.519666851
1741155395.60000991821289062500 0.727267027 -0.107389331 -0.677901387 -0.699996233 0.028192779 0.991524279 -0.126825899 -0.119630307 0.685775399 0.073124379 0.724130511 0.542395711
1741155395.70001292228698730469 0.706905901 -0.107575335 -0.699079096 -0.747388124 0.025031272 0.991552234 -0.127270028 -0.123997390 0.706864536 0.072469093 0.703626871 0.561944842
1741155395.80001592636108398438 0.687128186 -0.108954415 -0.718320072 -0.791287303 0.023293655 0.991486907 -0.128106058 -0.128761068 0.726162672 0.071292989 0.683816552 0.578586817
1741155395.90001797676086425781 0.664212346 -0.108003005 -0.739700854 -0.833236754 0.019721715 0.991695464 -0.127087429 -0.132855877 0.747283816 0.069824874 0.660826325 0.598176599
1741155396.00002098083496093750 0.643585324 -0.096161805 -0.759309471 -0.891387045 0.006052624 0.992684305 -0.120587111 -0.135574102 0.765350461 0.073012270 0.639459014 0.613570452
1741155396.10002398490905761719 0.627092123 -0.078250840 -0.775004745 -0.947010577 -0.016277472 0.993407667 -0.113473453 -0.139151737 0.778775036 0.083773419 0.621684372 0.621121466
1741155396.20002603530883789062 0.607522488 -0.061395057 -0.791926205 -1.006210804 -0.037334107 0.993699253 -0.105678461 -0.141708881 0.793424606 0.093767904 0.601402521 0.626668096
1741155396.30002903938293457031 0.583117068 -0.046884175 -0.811034143 -1.062099695 -0.058255885 0.993349969 -0.099308275 -0.145500496 0.810296714 0.105155863 0.576508045 0.631188273
1741155396.40003204345703125000 0.551657438 -0.044631533 -0.832875848 -1.117996693 -0.066094108 0.993087947 -0.096994460 -0.149405271 0.831447959 0.108555898 0.544894457 0.634577453
1741155396.50003409385681152344 0.521160245 -0.045269907 -0.852257431 -1.165805697 -0.069399066 0.993037462 -0.095185742 -0.154397964 0.850632608 0.108752891 0.514389932 0.639830470
1741155396.60003709793090820312 0.492150247 -0.047620904 -0.869206727 -1.215837836 -0.071959056 0.992859721 -0.095139086 -0.158635527 0.867531002 0.109370023 0.485209405 0.640591145
1741155396.70004010200500488281 0.463692546 -0.051774058 -0.884482205 -1.256154776 -0.073824450 0.992561877 -0.096803322 -0.163778111 0.882915258 0.110183388 0.456421316 0.642079771
1741155396.80004310607910156250 0.434350014 -0.055282976 -0.899046123 -1.302250743 -0.077043772 0.992176831 -0.098231293 -0.168378606 0.897443295 0.111932673 0.426692784 0.638804495
1741155396.90004491806030273438 0.401935458 -0.058393981 -0.913804233 -1.345792055 -0.078611426 0.992079377 -0.097973071 -0.172389999 0.912287354 0.111214302 0.394161463 0.639373958
1741155397.00004792213439941406 0.372292817 -0.060676549 -0.926129878 -1.391915321 -0.083307721 0.991648078 -0.098457754 -0.176787972 0.924368978 0.113808885 0.364128649 0.632130146
1741155397.10005092620849609375 0.340765297 -0.063448533 -0.938005090 -1.435556173 -0.085890993 0.991446614 -0.098266557 -0.180123836 0.936216831 0.114052020 0.332400978 0.628034234
1741155397.20005297660827636719 0.308866680 -0.065146245 -0.948871732 -1.483547211 -0.089815266 0.991195381 -0.097287782 -0.183795840 0.946855247 0.115272112 0.300296068 0.617460966
1741155397.30005598068237304688 0.277627170 -0.067938305 -0.958283663 -1.522387743 -0.094345219 0.990746439 -0.097572818 -0.187813610 0.956045032 0.117498346 0.268648505 0.611908674
1741155397.40005898475646972656 0.251079977 -0.071387343 -0.965330482 -1.561290979 -0.096591480 0.990451276 -0.098368287 -0.191152215 0.963135064 0.117941000 0.241787076 0.601692915
1741155397.50006103515625000000 0.222977459 -0.074329324 -0.971985698 -1.599253058 -0.099442609 0.990152895 -0.098531142 -0.194656789 0.969738245 0.118627019 0.213390291 0.594563127
1741155397.60006403923034667969 0.192632616 -0.076690808 -0.978269517 -1.643416166 -0.102157339 0.989956617 -0.097722985 -0.197443381 0.975938857 0.118762039 0.182863414 0.581359386
1741155397.70006704330444335938 0.163033485 -0.078696966 -0.983476996 -1.684787273 -0.105834842 0.989667118 -0.096736811 -0.199983865 0.980927765 0.119857468 0.153019965 0.568979502
1741155397.80007004737854003906 0.133811116 -0.082856826 -0.987537086 -1.724899054 -0.109428518 0.989169538 -0.097821362 -0.202740818 0.984946787 0.121154308 0.123295009 0.553208828
1741155397.90007209777832031250 0.102336645 -0.086088344 -0.991017759 -1.761895776 -0.112564549 0.988846958 -0.097523682 -0.205685258 0.988360584 0.121533707 0.091504753 0.541835785
1741155398.00007510185241699219 0.075435162 -0.086665154 -0.993377566 -1.802831531 -0.118513450 0.988375485 -0.095228478 -0.207316771 0.990083039 0.124912173 0.064287245 0.523642540
1741155398.10007810592651367188 0.048613727 -0.088037215 -0.994930267 -1.837110758 -0.120559268 0.988308012 -0.093341947 -0.210122466 0.991515100 0.124485761 0.037431598 0.511570930
1741155398.20007991790771484375 0.026885509 -0.089489110 -0.995624959 -1.870510936 -0.122530170 0.988179445 -0.092128679 -0.211059660 0.992100656 0.124471024 0.015602589 0.496425509
1741155398.30008292198181152344 0.003621638 -0.090654463 -0.995875895 -1.902369618 -0.124189109 0.988131940 -0.090401180 -0.213356659 0.992252052 0.124004342 -0.007679582 0.483607531
1741155398.40008592605590820312 -0.019406796 -0.090895697 -0.995671511 -1.938189030 -0.124965742 0.988269925 -0.087784328 -0.215052694 0.991971493 0.122721218 -0.030537963 0.467950106
1741155398.50008797645568847656 -0.044539452 -0.090104625 -0.994935930 -1.973217964 -0.126102865 0.988465130 -0.083873473 -0.217363566 0.991016865 0.121728584 -0.055388093 0.455365658
1741155398.60009098052978515625 -0.066917181 -0.087401174 -0.993923187 -2.011636734 -0.127175078 0.988778055 -0.078386523 -0.216977805 0.989620566 0.121156842 -0.077281475 0.438445330
1741155398.70009398460388183594 -0.088974357 -0.081952855 -0.992656827 -2.050893784 -0.129157394 0.989144206 -0.070086189 -0.215272367 0.987624526 0.121973090 -0.098593235 0.421391964
1741155398.80009698867797851562 -0.111759186 -0.073278628 -0.991029978 -2.092099190 -0.129424289 0.989856482 -0.058596607 -0.211582452 0.985271335 0.121714629 -0.120109558 0.403361082
1741155398.90009903907775878906 -0.135052800 -0.067302197 -0.988550127 -2.129161835 -0.133030966 0.989889026 -0.049219076 -0.210371718 0.981867492 0.124860607 -0.142640591 0.384947300
1741155399.00010204315185546875 -0.159512162 -0.068619490 -0.984808326 -2.160984516 -0.135457486 0.989666939 -0.047017615 -0.211183369 0.977858543 0.125899777 -0.167158961 0.362606525
1741155399.10010504722595214844 -0.185168982 -0.073272392 -0.979971409 -2.186478615 -0.141032904 0.988874853 -0.047289480 -0.213724583 0.972534060 0.129451662 -0.193442702 0.340444088
1741155399.20010709762573242188 -0.213445306 -0.074828997 -0.974085212 -2.217903376 -0.142468140 0.988787711 -0.044740293 -0.215116322 0.966511369 0.129226491 -0.221712828 0.314558744
1741155399.30011010169982910156 -0.243907332 -0.078707159 -0.966599584 -2.244657516 -0.145687208 0.988364339 -0.043717381 -0.217788294 0.958793402 0.130158201 -0.252535939 0.288984537
1741155399.40011310577392578125 -0.276380301 -0.082487755 -0.957501888 -2.274798393 -0.143391639 0.988696933 -0.043785594 -0.220473126 0.950290978 0.125196293 -0.285084367 0.261255980
1741155399.50011491775512695312 -0.306912422 -0.086791709 -0.947772264 -2.305022717 -0.139231220 0.989214003 -0.045500185 -0.223900497 0.941498697 0.117994919 -0.315686107 0.232748270
1741155399.60011792182922363281 -0.337747693 -0.090347543 -0.936890602 -2.334524632 -0.125061035 0.990864635 -0.050468132 -0.228338078 0.932891428 0.100123011 -0.345961094 0.216730356
1741155399.70012092590332031250 -0.361397862 -0.093761846 -0.927685499 -2.360040665 -0.110978365 0.992184162 -0.057047009 -0.232161418 0.925783694 0.082336344 -0.368978858 0.199516058
1741155399.80012392997741699219 -0.385784626 -0.095132619 -0.917671084 -2.382827282 -0.097476453 0.993305087 -0.061994776 -0.236545712 0.917425036 0.065534689 -0.392475009 0.188008547
1741155399.90012598037719726562 -0.409341455 -0.095570162 -0.907362044 -2.408187866 -0.085068762 0.994164407 -0.066335462 -0.239359230 0.908406734 0.050034307 -0.415082812 0.169225931
1741155400.00012898445129394531 -0.431405187 -0.096373104 -0.896996021 -2.440689087 -0.082105376 0.994345725 -0.067344226 -0.242133051 0.898414373 0.044595543 -0.436878681 0.141363382
1741155400.10013198852539062500 -0.466873050 -0.092926025 -0.879428506 -2.484140158 -0.084694833 0.994590819 -0.060131844 -0.244018421 0.880259395 0.046409111 -0.472218037 0.095685959
1741155400.20013403892517089844 -0.502254486 -0.093237050 -0.859678745 -2.528472900 -0.087146305 0.994566202 -0.056952454 -0.245658159 0.860317528 0.046313200 -0.507650614 0.042032719
1741155400.30013704299926757812 -0.541607499 -0.093967371 -0.835363328 -2.573031187 -0.088220485 0.994598925 -0.054681595 -0.248491466 0.835989773 0.044080198 -0.546972036 -0.016359329
1741155400.40014004707336425781 -0.579030156 -0.093739167 -0.809899628 -2.629827261 -0.087703452 0.994765759 -0.052433144 -0.251228601 0.810575426 0.040670622 -0.584220529 -0.086965322
1741155400.50014209747314453125 -0.606966734 -0.095334649 -0.788988650 -2.681089163 -0.092494667 0.994506180 -0.049011771 -0.252430081 0.789326608 0.043228727 -0.612450123 -0.154850483
1741155400.60014510154724121094 -0.629435420 -0.089878045 -0.771837592 -2.744681120 -0.090635516 0.995000124 -0.041951157 -0.254322529 0.771749020 0.043550357 -0.634434462 -0.226450920
1741155400.70014810562133789062 -0.652449369 -0.090041928 -0.752464354 -2.792837143 -0.092182942 0.994972885 -0.039130885 -0.255662739 0.752205074 0.043833453 -0.657469749 -0.293504715
1741155400.80015110969543457031 -0.683990479 -0.092200495 -0.723640978 -2.834336996 -0.094986834 0.994791925 -0.036966152 -0.255975157 0.723280489 0.043451868 -0.689186096 -0.365833044
1741155400.90015292167663574219 -0.728612781 -0.096779339 -0.678053916 -2.860138655 -0.099581592 0.994416237 -0.034927204 -0.255182326 0.677648008 0.042073283 -0.734181762 -0.452946663
1741155401.00015592575073242188 -0.783662677 -0.093057409 -0.614177108 -2.886716127 -0.102592483 0.994526744 -0.019782908 -0.252060324 0.612656474 0.047506824 -0.788920403 -0.562912464
1741155401.10015892982482910156 -0.832068086 -0.093739323 -0.546695530 -2.899778843 -0.105705239 0.994351029 -0.009613860 -0.246232629 0.544508457 0.049789198 -0.837276459 -0.670046568
1741155401.20016098022460937500 -0.869531274 -0.092083998 -0.485217810 -2.903286934 -0.103871427 0.994587302 -0.002609428 -0.241649508 0.482831776 0.048131283 -0.874389648 -0.765737295
1741155401.30016398429870605469 -0.898831248 -0.091440581 -0.428650469 -2.904087543 -0.102251150 0.994756162 0.002205609 -0.237835035 0.426201016 0.045812469 -0.903467774 -0.843658209
1741155401.40016698837280273438 -0.922649145 -0.094640985 -0.373847395 -2.900509596 -0.106182337 0.994292855 0.010346950 -0.232287616 0.370734543 0.049242593 -0.927432656 -0.941754580
1741155401.50016903877258300781 -0.954226971 -0.090844795 -0.284952819 -2.886757374 -0.102884606 0.994311988 0.027538547 -0.222485021 0.280830294 0.055595282 -0.958145857 -1.059954166
1741155401.60017204284667968750 -0.975258946 -0.095379829 -0.199431986 -2.855691195 -0.104587957 0.993858993 0.036133699 -0.212309122 0.194760859 0.056097887 -0.979245424 -1.177312136
1741155401.70017504692077636719 -0.988335252 -0.094929270 -0.119089648 -2.824164391 -0.100347333 0.994134247 0.040342275 -0.206317991 0.114561439 0.051822010 -0.992063880 -1.270996571
1741155401.80017805099487304688 -0.994048953 -0.096941084 -0.049694207 -2.787793398 -0.099322572 0.993900418 0.047927100 -0.197495490 0.044744987 0.052577633 -0.997614145 -1.363283038
1741155401.90018010139465332031 -0.995019555 -0.095797911 0.027553804 -2.744055510 -0.094234779 0.994120896 0.053323880 -0.188722849 -0.032500129 0.050461769 -0.998197198 -1.457971096
1741155402.00018310546875000000 -0.989497542 -0.095040180 0.108914584 -2.685071945 -0.089369394 0.994432747 0.055826239 -0.179666698 -0.113613963 0.045506284 -0.992482424 -1.549954772
1741155402.10018610954284667969 -0.978126645 -0.100522876 0.182110056 -2.624991655 -0.090538055 0.993938804 0.062357515 -0.169679537 -0.187274605 0.044505641 -0.981299162 -1.634958744
1741155402.20018792152404785156 -0.964619160 -0.099277318 0.244241670 -2.564662933 -0.085414514 0.994107902 0.066736765 -0.161341727 -0.249428034 0.043513779 -0.967415333 -1.720560789
1741155402.30019092559814453125 -0.955623984 -0.096100159 0.278473765 -2.519254684 -0.080075465 0.994440138 0.068386398 -0.152221620 -0.283497453 0.043052766 -0.958006144 -1.814686060
1741155402.40019392967224121094 -0.951702476 -0.095940500 0.291647077 -2.474683046 -0.078743890 0.994422317 0.070169136 -0.142858237 -0.296752423 0.043814708 -0.953948975 -1.921473861
1741155402.50019598007202148438 -0.951665878 -0.099063866 0.290720850 -2.435328484 -0.080007084 0.993835092 0.076751068 -0.130856514 -0.296531826 0.049781635 -0.953724742 -2.043663979
1741155402.60019898414611816406 -0.950749040 -0.100700945 0.293148786 -2.395363092 -0.081531987 0.993697822 0.076922983 -0.120488241 -0.299047530 0.049233425 -0.952967644 -2.157593727
1741155402.70020198822021484375 -0.950606465 -0.098112650 0.294484943 -2.357225657 -0.078640155 0.993902981 0.077282809 -0.112133615 -0.300271899 0.050307192 -0.952526212 -2.267685413
1741155402.80020499229431152344 -0.950405717 -0.093876041 0.296507508 -2.326963902 -0.074518643 0.994323075 0.075951472 -0.105010316 -0.301954269 0.050089359 -0.952005863 -2.370982170
1741155402.90020704269409179688 -0.950514913 -0.095899418 0.295508534 -2.284639597 -0.076952770 0.994200826 0.075119808 -0.096936554 -0.300998777 0.048662275 -0.952382326 -2.473974705
1741155403.00021004676818847656 -0.949906230 -0.095901109 0.297458231 -2.248305798 -0.076799579 0.994200587 0.075279653 -0.087610625 -0.302952558 0.048663933 -0.951762438 -2.583083630
1741155403.10021305084228515625 -0.944519043 -0.094598122 0.314539701 -2.197208405 -0.074722387 0.994403541 0.074686922 -0.079598755 -0.319844633 0.047040056 -0.946301699 -2.688239574
1741155403.20021510124206542969 -0.930723667 -0.097144075 0.352585196 -2.133876085 -0.075016744 0.994287789 0.075922906 -0.069252707 -0.357946604 0.044213459 -0.932694554 -2.779728174
1741155403.30021810531616210938 -0.911484599 -0.096001461 0.399974823 -2.066087246 -0.069756791 0.994374871 0.079703040 -0.059707604 -0.405376524 0.044747125 -0.913054228 -2.863657713
1741155403.40022110939025878906 -0.888278723 -0.095154360 0.449340582 -1.990473986 -0.066335022 0.994625926 0.079492077 -0.050135553 -0.454489797 0.040804088 -0.889817119 -2.938760757
1741155403.50022292137145996094 -0.865816593 -0.091556892 0.491913587 -1.911529779 -0.057434980 0.994803607 0.084065504 -0.040515967 -0.497054189 0.044532262 -0.866576076 -3.026035070
1741155403.60022592544555664062 -0.856330633 -0.094820939 0.507648945 -1.840240955 -0.059082497 0.994533122 0.086099729 -0.028840236 -0.513037741 0.043736648 -0.857251406 -3.111343861
1741155403.70022892951965332031 -0.854703426 -0.092761740 0.510761678 -1.788522720 -0.057466786 0.994764984 0.084499456 -0.022142835 -0.515926182 0.042870130 -0.855559826 -3.195601463
1741155403.80023193359375000000 -0.854747176 -0.095470421 0.510189235 -1.733532906 -0.062130261 0.994690239 0.082043767 -0.014234565 -0.515312970 0.038428474 -0.856140256 -3.275436878
1741155403.90023398399353027344 -0.853640437 -0.096609011 0.511825204 -1.676039219 -0.062708557 0.994562924 0.083140098 -0.003420368 -0.517074466 0.038875919 -0.855057359 -3.368438005
1741155404.00023698806762695312 -0.853079557 -0.095877439 0.512896240 -1.616692543 -0.061520781 0.994598627 0.083598666 0.005114213 -0.518141150 0.039762542 -0.854370236 -3.463002682
1741155404.10023999214172363281 -0.852664590 -0.095177412 0.513716459 -1.560615063 -0.061413433 0.994708776 0.082358189 0.013538592 -0.518836915 0.038674809 -0.853998065 -3.552799225
1741155404.20024204254150390625 -0.852264166 -0.098266162 0.513799548 -1.501453400 -0.063424952 0.994362831 0.084969752 0.021732397 -0.519252837 0.039828952 -0.853692293 -3.639722824
1741155404.30024504661560058594 -0.852012753 -0.095116913 0.514808059 -1.461570740 -0.061925068 0.994763434 0.081307761 0.026368134 -0.519846022 0.037395716 -0.853441238 -3.706364393
1741155404.40024805068969726562 -0.851355195 -0.095156036 0.515887856 -1.415747643 -0.062169559 0.994782090 0.080891944 0.033692271 -0.520893335 0.036795236 -0.852828741 -3.775831699
1741155404.50025010108947753906 -0.851086497 -0.096257918 0.516126215 -1.364218235 -0.061637722 0.994570374 0.083848186 0.042111047 -0.521394908 0.039549213 -0.852398634 -3.860486984
1741155404.60025310516357421875 -0.850888252 -0.097066857 0.516301513 -1.322344780 -0.061694913 0.994444788 0.085283794 0.050325394 -0.521711588 0.040713795 -0.852149844 -3.925590515
1741155404.70025610923767089844 -0.850507975 -0.097168684 0.516909122 -1.293291092 -0.061846424 0.994444668 0.085175566 0.054916427 -0.522313893 0.040473498 -0.851792574 -3.971059799
1741155404.80025911331176757812 -0.850410104 -0.097149536 0.517072856 -1.279644012 -0.061378907 0.994412482 0.085886270 0.056836709 -0.522527516 0.041301202 -0.851621389 -3.996038437
1741155404.90026092529296875000 -0.850450277 -0.097461209 0.516948879 -1.268517971 -0.061166596 0.994342923 0.086837865 0.059330851 -0.522487819 0.042231265 -0.851600528 -4.013932705
1741155405.00026392936706542969 -0.851593018 -0.098079272 0.514946699 -1.234719276 -0.062467135 0.994328022 0.086079590 0.053010672 -0.520468533 0.041137524 -0.852889538 -4.028804302
1741155405.10026693344116210938 -0.851808071 -0.097696528 0.514663875 -1.237365723 -0.062350016 0.994379759 0.085565023 0.053163782 -0.520130754 0.040795658 -0.853111982 -4.024553299
1741155405.20026898384094238281 -0.851393700 -0.097868159 0.515316308 -1.239609241 -0.062703088 0.994384170 0.085255504 0.052535892 -0.520766139 0.040274069 -0.852748990 -4.022757530
1741155405.30027198791503906250 -0.851565599 -0.097807772 0.515043795 -1.239278316 -0.062473200 0.994374096 0.085541278 0.052882493 -0.520512819 0.040667560 -0.852885127 -4.023655415
1741155405.40027499198913574219 -0.851680517 -0.097580820 0.514896393 -1.238525867 -0.062214572 0.994390011 0.085544303 0.052940227 -0.520355344 0.040822357 -0.852973461 -4.023079395
1741155405.50027704238891601562 -0.852123857 -0.097842440 0.514113069 -1.235542297 -0.062564552 0.994368196 0.085542835 0.053370602 -0.519587398 0.040727820 -0.853446245 -4.022464752
1741155405.60028004646301269531 -0.852192760 -0.097774483 0.514011621 -1.235525608 -0.062546037 0.994377136 0.085452229 0.053450368 -0.519476473 0.040672373 -0.853516459 -4.022080421
1741155405.70028305053710937500 -0.851859331 -0.097857796 0.514548123 -1.237308502 -0.062585302 0.994370699 0.085498437 0.053619578 -0.520018220 0.040629491 -0.853188515 -4.022067070
1741155405.80028605461120605469 -0.852350116 -0.097034559 0.513891041 -1.236207008 -0.062368121 0.994483590 0.084336586 0.053291515 -0.519239724 0.039833866 -0.853700042 -4.022910118
1741155405.90028810501098632812 -0.851283073 -0.096771009 0.515706122 -1.230481625 -0.062469698 0.994547367 0.083504863 0.053476244 -0.520975053 0.038870260 -0.852686644 -4.038690567
1741155406.00029110908508300781 -0.851119757 -0.098679133 0.515614092 -1.207623959 -0.063113771 0.994284809 0.086106651 0.057575494 -0.521164179 0.040744714 -0.852483511 -4.071132183
1741155406.10029411315917968750 -0.851024389 -0.099323906 0.515647471 -1.190051079 -0.064016677 0.994248509 0.085858837 0.060219519 -0.521209598 0.040057924 -0.852488160 -4.098019123
1741155406.20029592514038085938 -0.850575924 -0.099622272 0.516329587 -1.170114994 -0.064128302 0.994213104 0.086184837 0.064178742 -0.521927595 0.040195398 -0.852042437 -4.129623890
1741155406.30029892921447753906 -0.850480914 -0.100532524 0.516309440 -1.147199154 -0.064693205 0.994105399 0.087001294 0.068115599 -0.522012472 0.040591225 -0.851971388 -4.166133881
1741155406.40030193328857421875 -0.850013375 -0.101808086 0.516829133 -1.120265961 -0.065378055 0.993948877 0.088268645 0.073720172 -0.522688210 0.041240241 -0.851525784 -4.208668232
1741155406.50030398368835449219 -0.849677444 -0.101684630 0.517405570 -1.094649315 -0.064872995 0.993934453 0.088802174 0.077500999 -0.523297012 0.041887555 -0.851120234 -4.249633789
1741155406.60030698776245117188 -0.849355102 -0.101906098 0.517891228 -1.067181110 -0.065020926 0.993912697 0.088937439 0.081885763 -0.523801923 0.041865695 -0.850810885 -4.292313576
1741155406.70030999183654785156 -0.849088550 -0.100029662 0.518693388 -1.039249897 -0.063109353 0.994083822 0.088399902 0.085811421 -0.524467349 0.042324930 -0.850378036 -4.338898659
1741155406.80031299591064453125 -0.848774910 -0.098688133 0.519463062 -1.010437965 -0.062051840 0.994230390 0.087495536 0.090168007 -0.525100708 0.042030375 -0.850001693 -4.385524750
1741155406.90031504631042480469 -0.848593593 -0.099201038 0.519661665 -0.982032776 -0.062004343 0.994142175 0.088525780 0.095257238 -0.525399446 0.042901121 -0.849773645 -4.431143284
1741155407.00031805038452148438 -0.848241687 -0.098596886 0.520350933 -0.954428196 -0.060917813 0.994160652 0.089070909 0.099678248 -0.526094496 0.043855004 -0.849294782 -4.474344254
1741155407.10032105445861816406 -0.848283768 -0.095970131 0.520772934 -0.926811695 -0.058698885 0.994421124 0.087641679 0.104058318 -0.526278555 0.043776222 -0.849184632 -4.519794464
1741155407.20032310485839843750 -0.847657800 -0.093613759 0.522219062 -0.898167610 -0.056218714 0.994616985 0.087043181 0.106793746 -0.527556360 0.044424351 -0.848357797 -4.568164349
1741155407.30032610893249511719 -0.847468495 -0.095392913 0.522204936 -0.863220692 -0.056565050 0.994348288 0.089843482 0.113618687 -0.527824044 0.046600953 -0.848074794 -4.622892380
1741155407.40032911300659179688 -0.846764088 -0.094620824 0.523486078 -0.834224224 -0.054853950 0.994339049 0.090999238 0.118746452 -0.529133081 0.048339598 -0.847160935 -4.667202950
1741155407.50033092498779296875 -0.844892859 -0.093696125 0.526666522 -0.815999508 -0.056125131 0.994633734 0.086911976 0.120593429 -0.531983614 0.043872062 -0.845617652 -4.691054344
1741155407.60033392906188964844 -0.842711091 -0.092703044 0.530324697 -0.799213886 -0.056162521 0.994826257 0.084655024 0.121713534 -0.535428762 0.041555353 -0.843557596 -4.708702564
1741155407.70033693313598632812 -0.837324142 -0.092713200 0.538788378 -0.772776127 -0.055193327 0.994816005 0.085409947 0.125818163 -0.543913901 0.041778274 -0.838100553 -4.739853382
1741155407.80033993721008300781 -0.831635594 -0.093167134 0.547450960 -0.743605137 -0.054293465 0.994744182 0.086811617 0.129426479 -0.552661657 0.042472605 -0.832323074 -4.764480591
1741155407.90034198760986328125 -0.825318217 -0.094111256 0.556770086 -0.714526176 -0.055312462 0.994745433 0.086151108 0.133528754 -0.561952293 0.040305749 -0.826187015 -4.793263435
1741155408.00034499168395996094 -0.817836523 -0.094497345 0.567639172 -0.678747654 -0.054156728 0.994685829 0.087562382 0.138419107 -0.572897077 0.040870216 -0.818608046 -4.828449249
1741155408.10034799575805664062 -0.806776404 -0.094993897 0.583171010 -0.636229038 -0.051139869 0.994514048 0.091249980 0.144511670 -0.588639915 0.043795027 -0.807208419 -4.868146896
1741155408.20035004615783691406 -0.794694185 -0.096077695 0.599358261 -0.593180656 -0.050062358 0.994404316 0.093025856 0.148859844 -0.604942143 0.043921821 -0.795057297 -4.900718212
1741155408.30035305023193359375 -0.779609203 -0.096416049 0.618800044 -0.549431324 -0.048919044 0.994434357 0.093312375 0.154518649 -0.624352813 0.042476080 -0.779986858 -4.929939270
1741155408.40035605430603027344 -0.761738420 -0.095413968 0.640820444 -0.496232033 -0.047032427 0.994630337 0.092186868 0.160295039 -0.646175325 0.040082935 -0.762135625 -4.964725971
1741155408.50035810470581054688 -0.740985394 -0.096679516 0.664525330 -0.430314541 -0.044250656 0.994460881 0.095338598 0.168634698 -0.670061767 0.041238815 -0.741159081 -5.008605957
1741155408.60036110877990722656 -0.719187617 -0.096227475 0.688120484 -0.370470524 -0.039336402 0.994413853 0.097947523 0.174747095 -0.693701804 0.043374449 -0.718955398 -5.045843124
1741155408.70036411285400390625 -0.699784875 -0.098808788 0.707487345 -0.307377338 -0.038885333 0.994188190 0.100387916 0.183316633 -0.713294744 0.042739049 -0.699560165 -5.081241608
1741155408.80036711692810058594 -0.682898879 -0.098692484 0.723815680 -0.249600410 -0.033912249 0.994046628 0.103543364 0.190819576 -0.729725480 0.046163421 -0.682180285 -5.117876530
1741155408.90036892890930175781 -0.671780944 -0.099144727 0.734085143 -0.202434540 -0.032726735 0.994007230 0.104300417 0.196905732 -0.740026772 0.046042807 -0.670999765 -5.148197651
1741155409.00037193298339843750 -0.660765290 -0.096232273 0.744398355 -0.161449909 -0.028702432 0.994261384 0.103055671 0.199975491 -0.750043809 0.046729550 -0.659735441 -5.173539162
1741155409.10037493705749511719 -0.655058146 -0.095535189 0.749514759 -0.111927986 -0.027422583 0.994326770 0.102772936 0.206231356 -0.755080998 0.046768595 -0.653961658 -5.210639000
1741155409.20037698745727539062 -0.651352763 -0.095485389 0.752743006 -0.062896252 -0.025378412 0.994236827 0.104158774 0.212922379 -0.758350492 0.048740685 -0.650022268 -5.246631622
1741155409.30037999153137207031 -0.648129702 -0.094359994 0.755661607 -0.013987541 -0.026251955 0.994472325 0.101664223 0.218307421 -0.761077583 0.046053987 -0.647024155 -5.283143044
1741155409.40038299560546875000 -0.632107854 -0.096519895 0.768845856 0.052556515 -0.025113927 0.994242549 0.104168452 0.224434048 -0.774473608 0.046536941 -0.630892515 -5.313911915
1741155409.50038504600524902344 -0.605658293 -0.098358549 0.789622605 0.124588013 -0.023283532 0.994096756 0.105969690 0.233308002 -0.795384228 0.045796212 -0.604372978 -5.343737602
1741155409.60038805007934570312 -0.580096960 -0.096301727 0.808834970 0.189121246 -0.018074505 0.994263887 0.105416290 0.239181265 -0.814347208 0.046532352 -0.578510046 -5.365222454
1741155409.70039105415344238281 -0.558269382 -0.093925126 0.824326277 0.251280308 -0.012811853 0.994428694 0.104630165 0.245327055 -0.829561114 0.047850650 -0.556362510 -5.388595104
