1736667570.41592812538146972656 1.000000000 0.000000001 0.000000001 0.000000238 -0.000000001 1.000000000 0.000000020 0.000000477 -0.000000001 -0.000000020 1.000000000 -0.000000954
1736667570.51592993736267089844 0.999997139 0.002383281 0.000192044 -0.000280014 -0.002382962 0.999995828 -0.001647867 -0.000454287 -0.000195970 0.001647405 0.999998629 -0.002773551
1736667570.61593198776245117188 0.999998808 0.001521731 0.000332786 -0.000855266 -0.001520979 0.999996305 -0.002249509 -0.000757905 -0.000336208 0.002249000 0.999997437 -0.006157970
1736667570.71593403816223144531 0.999999583 0.000452175 0.000824851 0.001053781 -0.000449366 0.999994099 -0.003402598 -0.000721309 -0.000826385 0.003402225 0.999993861 -0.010029840
1736667570.81593608856201171875 0.999999404 -0.001020030 0.000416177 0.002403550 0.001022009 0.999988019 -0.004783747 -0.001593513 -0.000411292 0.004784169 0.999988496 0.001275019
1736667570.91593813896179199219 0.999999940 -0.000305859 -0.000228872 0.000657255 0.000304757 0.999988437 -0.004797955 -0.005338303 0.000230337 0.004797884 0.999988437 0.036294345
1736667571.01593995094299316406 0.999992371 -0.003696755 -0.001283638 0.001852365 0.003686215 0.999960244 -0.008118257 -0.000708559 0.001313598 0.008113463 0.999966204 0.088142470
1736667571.11594200134277343750 0.999978244 -0.006328605 -0.001850389 0.002744458 0.006313027 0.999945581 -0.008306365 0.000698099 0.001902856 0.008294503 0.999963760 0.157254666
1736667571.21594405174255371094 0.999977469 -0.005739610 -0.003481712 0.000939628 0.005726157 0.999976158 -0.003861456 -0.005309472 0.003503792 0.003841432 0.999986470 0.210419267
1736667571.31594610214233398438 0.999985874 -0.003418276 -0.004063543 -0.005096417 0.003412152 0.999993026 -0.001513117 -0.004171439 0.004068687 0.001499230 0.999990582 0.312582701
1736667571.41594791412353515625 0.999984741 -0.000634757 -0.005488636 -0.009901988 0.000641115 0.999999106 0.001156860 -0.000561492 0.005487897 -0.001160361 0.999984264 0.420357764
1736667571.51594996452331542969 0.999979198 0.001257450 -0.006326634 -0.014440814 -0.001235456 0.999993205 0.003479087 -0.001988991 0.006330966 -0.003471199 0.999973953 0.532876611
1736667571.61595201492309570312 0.999962687 -0.001855671 -0.008434449 -0.018904308 0.001898222 0.999985516 0.005039786 -0.005750322 0.008424975 -0.005055609 0.999951720 0.664892554
1736667571.71595406532287597656 0.999920189 -0.005579863 -0.011337108 -0.019571375 0.005713465 0.999914229 0.011786495 -0.006046770 0.011270368 -0.011850328 0.999866247 0.812925756
1736667571.81595611572265625000 0.999913335 0.000116717 -0.013162534 -0.028908862 0.000044017 0.999925435 0.012210507 -0.002483171 0.013162978 -0.012210028 0.999838829 0.954235494
1736667571.91595792770385742188 0.999984026 0.001736294 -0.005379490 -0.033626530 -0.001649811 0.999870002 0.016039334 -0.002911382 0.005406639 -0.016030202 0.999856889 1.115994334
1736667572.01595997810363769531 0.999920845 -0.001939311 0.012430046 -0.027376715 0.001740077 0.999870181 0.016019203 -0.000013158 -0.012459498 -0.015996305 0.999794424 1.241810799
1736667572.11596202850341796875 0.998965681 0.000795959 0.045463212 -0.009639788 -0.001274377 0.999944091 0.010495169 -0.003351925 -0.045452315 -0.010542251 0.998910904 1.353491306
1736667572.21596407890319824219 0.995062292 0.000257165 0.099252112 0.033570379 -0.001319608 0.999942541 0.010638992 -0.004534028 -0.099243678 -0.010717434 0.995005429 1.493748069
1736667572.31596612930297851562 0.985814631 -0.010503012 0.167508781 0.094693191 0.008612514 0.999890804 0.012008456 -0.003126519 -0.167616606 -0.010395439 0.985797465 1.648779631
1736667572.41596794128417968750 0.975158870 -0.008430455 0.221346080 0.151834249 0.005787960 0.999904037 0.012584214 -0.005703122 -0.221430928 -0.010990466 0.975114107 1.784044147
1736667572.51596999168395996094 0.969444752 -0.004850832 0.245261729 0.186521515 0.002398401 0.999944091 0.010296933 -0.002548201 -0.245297968 -0.009394072 0.969402194 1.880881429
1736667572.61597204208374023438 0.961309314 -0.004347343 0.275436938 0.233112320 0.003163195 0.999983728 0.004743243 -0.004040100 -0.275453061 -0.003688463 0.961307466 1.984732270
1736667572.71597409248352050781 0.945752859 -0.008953120 0.324763477 0.300123185 0.005810871 0.999926448 0.010644094 -0.001197768 -0.324834913 -0.008179525 0.945735395 2.127920628
1736667572.81597614288330078125 0.921633899 -0.008208718 0.387973726 0.400041729 0.003534567 0.999912322 0.012759685 -0.000883458 -0.388044447 -0.010388439 0.921582103 2.271868467
1736667572.91597795486450195312 0.896704078 -0.006558772 0.442581952 0.488505363 0.000531407 0.999905467 0.013741270 0.000214161 -0.442630231 -0.012086662 0.896622777 2.385257006
1736667573.01598000526428222656 0.872711182 -0.006224104 0.488197148 0.568858385 -0.000815825 0.999898732 0.014206258 0.003119438 -0.488236129 -0.012796244 0.872617781 2.489248991
1736667573.11598205566406250000 0.847479701 -0.008828463 0.530754387 0.657686353 0.002435911 0.999915838 0.012742874 0.003935476 -0.530822217 -0.009506457 0.847429872 2.587004423
1736667573.21598410606384277344 0.821081102 -0.009050696 0.570739746 0.746705830 0.002833319 0.999926567 0.011780582 0.001236143 -0.570804477 -0.008055725 0.821046472 2.676125288
1736667573.31598591804504394531 0.794344783 -0.012673017 0.607334971 0.846106410 0.005042213 0.999885499 0.014269407 0.007291375 -0.607446253 -0.008272517 0.794317722 2.768305540
1736667573.41598796844482421875 0.775871158 -0.011787974 0.630781353 0.914572418 0.004489885 0.999903262 0.013163457 0.007320310 -0.630875528 -0.007381011 0.775848985 2.832144976
1736667573.51599001884460449219 0.763840318 -0.008532005 0.645348966 0.969509959 0.003383584 0.999951839 0.009215290 0.003954411 -0.645396471 -0.004855419 0.763832331 2.880073547
1736667573.61599206924438476562 0.747387290 -0.009615190 0.664319038 1.054557443 0.003374540 0.999937296 0.010676345 0.006568745 -0.664380074 -0.005737593 0.747372866 2.961456060
1736667573.71599411964416503906 0.723430395 -0.010912308 0.690311134 1.150218248 0.002366188 0.999908388 0.013326652 0.005614958 -0.690393329 -0.008007498 0.723389924 3.033169031
1736667573.81599593162536621094 0.695768118 -0.008302434 0.718218446 1.256331801 0.001301574 0.999946117 0.010298249 0.008420954 -0.718265235 -0.006230379 0.695741475 3.117046356
1736667573.91599798202514648438 0.664911568 -0.010282492 0.746851325 1.372705460 0.001458785 0.999921203 0.012467968 0.006934997 -0.746920645 -0.007200601 0.664874196 3.191777706
1736667574.01600003242492675781 0.631227970 -0.012578024 0.775495350 1.503197908 0.001179912 0.999882936 0.015257032 0.010382959 -0.775596440 -0.008715648 0.631168842 3.277176857
1736667574.11600208282470703125 0.599817634 -0.017929714 0.799935818 1.619255185 0.003600609 0.999799252 0.019709591 0.009543607 -0.800128639 -0.008941907 0.599761844 3.336486816
1736667574.21600413322448730469 0.574254155 -0.016150765 0.818517804 1.714135885 0.001781095 0.999827683 0.018478746 0.011488797 -0.818675160 -0.009153641 0.574184000 3.390083551
1736667574.31600594520568847656 0.558313072 -0.015842106 0.829479098 1.785222292 0.003962359 0.999857187 0.016429113 0.009757875 -0.829620898 -0.005885894 0.558296084 3.422389984
1736667574.41600799560546875000 0.547397852 -0.010082639 0.836811781 1.870504618 -0.000154800 0.999926209 0.012149245 0.010730828 -0.836872518 -0.006780010 0.547355890 3.479067087
1736667574.51601004600524902344 0.538411021 -0.016498877 0.842520773 1.981273651 0.000678614 0.999816477 0.019145491 0.012923907 -0.842682004 -0.009736396 0.538323402 3.544481277
1736667574.61601209640502929688 0.520363510 -0.021392310 0.853676915 2.088342428 -0.000569999 0.999677241 0.025398385 0.015579185 -0.853944719 -0.013702989 0.520183384 3.599717140
1736667574.71601414680480957031 0.504308581 -0.019949237 0.863293052 2.173672676 -0.001175095 0.999716341 0.023788201 0.017641673 -0.863522708 -0.013011045 0.504142106 3.643095493
1736667574.81601595878601074219 0.494973660 -0.019193530 0.868695974 2.234117508 -0.002490914 0.999720573 0.023507766 0.018191470 -0.868904412 -0.013799572 0.494787514 3.670934200
1736667574.91601800918579101562 0.493641555 -0.020176906 0.869431376 2.284363985 -0.002508769 0.999693632 0.024624323 0.019336544 -0.869661868 -0.014336793 0.493439734 3.700379372
1736667575.01602005958557128906 0.493345797 -0.018181365 0.869643331 2.311969757 -0.003833370 0.999726355 0.023075633 0.019853080 -0.869824886 -0.014717931 0.493141115 3.716137409
1736667575.11602210998535156250 0.491869986 -0.013294410 0.870567083 2.342059612 -0.005151443 0.999821484 0.018178811 0.018993992 -0.870653391 -0.013426288 0.491713643 3.734275579
1736667575.21602392196655273438 0.487396717 -0.016833864 0.873018384 2.403642178 -0.005628480 0.999732792 0.022419538 0.021067891 -0.873162508 -0.015840976 0.487171710 3.766065121
1736667575.31602597236633300781 0.475801766 -0.019851627 0.879328549 2.478904247 -0.002283910 0.999714017 0.023805255 0.021400034 -0.879549623 -0.013334890 0.475620329 3.797185898
1736667575.41602802276611328125 0.453693211 -0.017655753 0.890983164 2.567003727 -0.003479111 0.999760985 0.021582885 0.021521695 -0.891151249 -0.012891838 0.453523338 3.829305649
1736667575.51603007316589355469 0.423391998 -0.020459848 0.905715585 2.674153805 -0.000107999 0.999743819 0.022634408 0.021346970 -0.905946612 -0.009681046 0.423281312 3.859011412
1736667575.61603212356567382812 0.388159752 -0.019266300 0.921390772 2.793027639 -0.001189974 0.999770164 0.021406524 0.022503734 -0.921591461 -0.009405582 0.388047576 3.890123606
1736667575.71603393554687500000 0.349363863 -0.020821346 0.936755896 2.926008224 -0.000751698 0.999746501 0.022501795 0.023548454 -0.936986983 -0.008565474 0.349259615 3.918390036
1736667575.81603598594665527344 0.308267474 -0.019561872 0.951098680 3.089845896 -0.000870065 0.999782324 0.020845188 0.032137461 -0.951299429 -0.007253411 0.308183312 3.951835871
1736667575.91603803634643554688 0.288691401 -0.020949122 0.957193077 3.244459152 -0.003118498 0.999734700 0.022820735 0.036674324 -0.957417190 -0.009573156 0.288549483 3.987711906
1736667576.01604008674621582031 0.287661135 -0.019414650 0.957535505 3.397846699 -0.004882937 0.999751806 0.021737538 0.040383518 -0.957719862 -0.010928632 0.287494957 4.041029930
1736667576.11604213714599609375 0.289064825 -0.017872564 0.957142711 3.540482521 -0.002752566 0.999806046 0.019500509 0.039615273 -0.957305610 -0.008271511 0.288959563 4.088184834
1736667576.21604394912719726562 0.290785491 -0.014103452 0.956684411 3.684247255 -0.002712491 0.999875188 0.015564637 0.035240404 -0.956784487 -0.007120969 0.290710986 4.132739067
1736667576.31604599952697753906 0.292247534 -0.014136670 0.956238270 3.837028503 -0.001233668 0.999884307 0.015158955 0.041986659 -0.956341922 -0.005609848 0.292196274 4.185851097
1736667576.41604804992675781250 0.293081462 -0.015402004 0.955963492 3.984636307 -0.000712624 0.999866426 0.016327826 0.041660272 -0.956087291 -0.005466627 0.293031335 4.232677937
1736667576.51605010032653808594 0.293347359 -0.015766783 0.955875933 4.133224964 -0.002306715 0.999849379 0.017200012 0.040562242 -0.956003189 -0.007250513 0.293266833 4.278871059
1736667576.61605215072631835938 0.295095980 -0.013359537 0.955374241 4.280709267 -0.003816676 0.999877810 0.015160750 0.047918096 -0.955460012 -0.008120229 0.295008957 4.333946228
1736667576.71605396270751953125 0.297265887 -0.013758776 0.954695702 4.423029900 -0.004341493 0.999866366 0.015761586 0.045069121 -0.954784989 -0.008830188 0.297166467 4.380414963
1736667576.81605601310729980469 0.300912380 -0.016283516 0.953512847 4.557075500 0.002025770 0.999862850 0.016435757 0.048956156 -0.953649700 -0.003014128 0.300904095 4.426613808
1736667576.91605806350708007812 0.302158117 -0.012713212 0.953173161 4.671765327 0.001758810 0.999916792 0.012779122 0.046765730 -0.953256309 -0.002184867 0.302155375 4.462606907
1736667577.01606011390686035156 0.304529250 -0.014542677 0.952391982 4.810693741 0.003681802 0.999893963 0.014090751 0.049477912 -0.952495933 -0.000784529 0.304550529 4.514148712
1736667577.11606192588806152344 0.306734264 -0.016401809 0.951653957 4.947036743 0.002860832 0.999862909 0.016310601 0.045942865 -0.951790988 -0.002280499 0.306739151 4.559873581
1736667577.21606397628784179688 0.307421327 -0.015586986 0.951445937 5.066506863 0.002804960 0.999876320 0.015474085 0.042078368 -0.951569498 -0.002088298 0.307426989 4.597458839
1736667577.31606602668762207031 0.303874016 -0.013918120 0.952610552 5.181952000 0.001808866 0.999899924 0.014032030 0.045221817 -0.952710509 -0.002540825 0.303868771 4.639229774
1736667577.41606807708740234375 0.281952381 -0.013977803 0.959326625 5.301328659 0.001533537 0.999899149 0.014118247 0.041709512 -0.959427238 -0.002509511 0.281945348 4.660044193
1736667577.51607012748718261719 0.245486856 -0.016160307 0.969265282 5.434466362 0.003617524 0.999869347 0.015754348 0.044241533 -0.969393253 -0.000361146 0.245513201 4.675878048
1736667577.61607193946838378906 0.204642534 -0.013884976 0.978738368 5.567255020 0.001522190 0.999902666 0.013866955 0.039991476 -0.978835702 -0.001347946 0.204643786 4.680196762
1736667577.71607398986816406250 0.178294480 -0.015844185 0.983849645 5.695966721 0.004345723 0.999873281 0.015314697 0.038487237 -0.983967602 0.001545012 0.178340733 4.692961216
1736667577.81607604026794433594 0.171830833 -0.015734920 0.985000908 5.815802574 0.003539375 0.999875844 0.015355107 0.038276248 -0.985120237 0.000847804 0.171865225 4.710301399
1736667577.91607809066772460938 0.173007309 -0.014452792 0.984814525 5.937406540 0.002398402 0.999895573 0.014252777 0.037832908 -0.984917641 -0.000103854 0.173023880 4.734835625
1736667578.01608014106750488281 0.170326471 -0.017934447 0.985224545 6.068801403 0.001122990 0.999837220 0.018006306 0.040594611 -0.985387087 -0.001960555 0.170318902 4.756448269
1736667578.11608195304870605469 0.153685987 -0.020177256 0.987913787 6.201785088 0.001574789 0.999795198 0.020174943 0.044340085 -0.988118529 -0.001544852 0.153686285 4.768365383
1736667578.21608400344848632812 0.134190738 -0.021111026 0.990730703 6.333831787 0.002038108 0.999776840 0.021027735 0.043566935 -0.990953505 -0.000802513 0.134203792 4.780006409
1736667578.31608605384826660156 0.124626994 -0.019066524 0.992020547 6.465884686 0.006345812 0.999810219 0.018419020 0.047209516 -0.992183506 0.003999665 0.124724388 4.785323143
1736667578.41608810424804687500 0.123932064 -0.016536007 0.992152929 6.605582237 0.003328597 0.999862432 0.016248718 0.048081461 -0.992285132 0.001288741 0.123970091 4.808286190
1736667578.51608991622924804688 0.121992826 -0.017989498 0.992367983 6.744186401 0.002414868 0.999838173 0.017828053 0.053562000 -0.992528081 0.000221544 0.122016490 4.824214935
1736667578.61609196662902832031 0.117588758 -0.015347835 0.992943823 6.873054981 0.000352753 0.999881148 0.015413291 0.057346366 -0.993062377 -0.001462167 0.117580175 4.841723442
1736667578.71609401702880859375 0.116747499 -0.012650803 0.993081212 7.012603760 -0.002615070 0.999911487 0.013045246 0.054940555 -0.993158340 -0.004119978 0.116704047 4.860921860
1736667578.81609606742858886719 0.110469162 -0.017194079 0.993730903 7.172142029 -0.002695456 0.999841511 0.017599454 0.058129355 -0.993875980 -0.004622757 0.110405326 4.876770973
1736667578.91609811782836914062 0.079669178 -0.021398811 0.996591687 7.330495358 -0.003850068 0.999755502 0.021774527 0.059609834 -0.996813953 -0.005571705 0.079567313 4.879401684
1736667579.01609992980957031250 0.043861210 -0.019506548 0.998847306 7.459523201 -0.001575785 0.999806762 0.019594483 0.060726475 -0.999036551 -0.002433409 0.043821990 4.860669613
1736667579.11610198020935058594 0.016187489 -0.018627919 0.999695480 7.565409660 -0.001588673 0.999824703 0.018656053 0.059040807 -0.999867737 -0.001890184 0.016155005 4.850326538
1736667579.21610403060913085938 0.002555788 -0.014377713 0.999893367 7.664855003 -0.000718261 0.999896348 0.014379592 0.057204150 -0.999996424 -0.000754936 0.002545238 4.843505383
1736667579.31610608100891113281 -0.000193596 -0.016469521 0.999864340 7.790506840 -0.001413332 0.999863386 0.016469233 0.058791805 -0.999998987 -0.001409952 -0.000216842 4.846616745
1736667579.41610813140869140625 0.003227949 -0.018242547 0.999828339 7.931087494 -0.000135956 0.999833584 0.018243082 0.060834102 -0.999994755 -0.000194821 0.003224969 4.848266125
1736667579.51610994338989257812 0.003566980 -0.016919121 0.999850571 8.085552216 0.000500003 0.999856770 0.016917443 0.059334800 -0.999993622 0.000439582 0.003574908 4.852549553
1736667579.61611199378967285156 0.004531920 -0.018920572 0.999810874 8.244074821 -0.000594694 0.999820769 0.018923460 0.062309638 -0.999989688 -0.000680344 0.004519820 4.856421471
1736667579.71611404418945312500 0.005672514 -0.019607833 0.999791801 8.406858444 0.000364188 0.999807715 0.019606082 0.063757315 -0.999983966 0.000252893 0.005678594 4.859001160
1736667579.81611609458923339844 0.006956875 -0.018667871 0.999801695 8.560950279 0.001255405 0.999825120 0.018659575 0.065903470 -0.999975204 0.001125341 0.006979048 4.860924721
1736667579.91611814498901367188 0.007944167 -0.018954938 0.999788821 8.716651917 0.000603185 0.999820232 0.018950742 0.067476667 -0.999968290 0.000452508 0.007954180 4.864892006
1736667580.01611995697021484375 0.008743644 -0.018786753 0.999785364 8.871127129 -0.002044840 0.999821067 0.018805308 0.068880782 -0.999959767 -0.002208829 0.008703709 4.870941162
1736667580.11612200736999511719 0.009470165 -0.018400624 0.999785900 9.032545090 -0.002291546 0.999827683 0.018423099 0.070176259 -0.999952614 -0.002465525 0.009426355 4.876952171
1736667580.21612405776977539062 0.010444820 -0.020467781 0.999736071 9.189060211 -0.004345081 0.999780118 0.020514080 0.072151080 -0.999936163 -0.004558202 0.010353565 4.882846832
1736667580.31612610816955566406 0.012032866 -0.018653067 0.999753714 9.346173286 -0.003085508 0.999820530 0.018691454 0.071159743 -0.999922991 -0.003309662 0.011973202 4.886453629
1736667580.41612792015075683594 0.012701154 -0.014895181 0.999808431 9.500755310 -0.003047644 0.999883831 0.014935021 0.070540749 -0.999914706 -0.003236753 0.012654245 4.891948700
1736667580.51612997055053710938 0.014621794 -0.012293310 0.999817669 9.651931763 0.000596062 0.999924362 0.012285906 0.070188805 -0.999893069 0.000416309 0.014628053 4.892992973
1736667580.61613202095031738281 0.015078902 -0.011654872 0.999818444 9.810194016 -0.005392009 0.999916553 0.011737338 0.069082163 -0.999871850 -0.005568017 0.015014768 4.903635025
1736667580.71613407135009765625 0.016515791 -0.012354315 0.999787331 9.966739655 -0.004212082 0.999913931 0.012425461 0.070046708 -0.999854803 -0.004416403 0.016462386 4.906087875
1736667580.81613612174987792969 0.016522825 -0.015323355 0.999746203 10.126505852 -0.006354983 0.999860764 0.015430142 0.072939776 -0.999843419 -0.006608321 0.016423166 4.911718369
1736667580.91613793373107910156 0.018906653 -0.015961735 0.999693871 10.281774521 -0.004669299 0.999860227 0.016052701 0.070608839 -0.999810398 -0.004971374 0.018829465 4.920998573
1736667581.01613998413085937500 0.019839823 -0.012123774 0.999729753 10.437660217 -0.004030779 0.999917388 0.012206042 0.069275469 -0.999795139 -0.004271857 0.019789279 4.923731804
1736667581.11614203453063964844 0.021792173 -0.012332563 0.999686539 10.594774246 -0.003370495 0.999917328 0.012408884 0.071034446 -0.999756932 -0.003639855 0.021748841 4.927449226
1736667581.21614408493041992188 0.022244096 -0.011526841 0.999686182 10.749667168 -0.003272692 0.999927342 0.011602444 0.068012118 -0.999747276 -0.003529752 0.022204757 4.938671112
1736667581.31614613533020019531 0.024428606 -0.013436883 0.999611378 10.908723831 -0.002126745 0.999906719 0.013492827 0.070735075 -0.999699414 -0.002455531 0.024397790 4.943305969
1736667581.41614794731140136719 0.025799453 -0.019048613 0.999485672 11.067060471 -0.002518898 0.999814034 0.019119890 0.070994347 -0.999664009 -0.003010886 0.025746644 4.953007698
1736667581.51614999771118164062 0.028112173 -0.020409765 0.999396503 11.226297379 0.000213163 0.999791622 0.020411840 0.072012998 -0.999604881 -0.000360788 0.028110623 4.955677986
1736667581.61615204811096191406 0.029540360 -0.022242984 0.999316275 11.383218765 0.001230129 0.999752402 0.022216333 0.073483966 -0.999563038 0.000573005 0.029560387 4.961336136
1736667581.71615409851074218750 0.030875325 -0.020395182 0.999315262 11.539080620 0.000018839 0.999791801 0.020404328 0.073070750 -0.999523342 -0.000611166 0.030869305 4.974538803
1736667581.81615614891052246094 0.032418370 -0.019081902 0.999292314 11.695772171 0.001340044 0.999817669 0.019048462 0.074601382 -0.999473631 0.000721574 0.032437980 4.979146004
1736667581.91615796089172363281 0.034404635 -0.019618528 0.999215603 11.855201721 0.001179788 0.999807417 0.019589530 0.077006042 -0.999407470 0.000504889 0.034421146 4.986698151
1736667582.01616001129150390625 0.036213636 -0.019917913 0.999145567 12.013661385 0.001665611 0.999801159 0.019870615 0.079121552 -0.999342740 0.000944600 0.036239624 4.993080139
1736667582.11616206169128417969 0.037873447 -0.019599240 0.999090493 12.166364670 0.002293653 0.999806702 0.019526346 0.078451566 -0.999280095 0.001552034 0.037911057 5.006719589
1736667582.21616411209106445312 0.039349556 -0.018018931 0.999063253 12.323026657 0.003500543 0.999833763 0.017894959 0.079016894 -0.999219596 0.002793100 0.039406121 5.013992310
1736667582.31616592407226562500 0.040327013 -0.017581865 0.999031842 12.477531433 0.003133445 0.999842465 0.017469646 0.079433985 -0.999181628 0.002425912 0.040375769 5.024695396
1736667582.41616797447204589844 0.041979432 -0.018101808 0.998954535 12.633374214 0.002387752 0.999834836 0.018017419 0.079641297 -0.999115705 0.001628892 0.042015731 5.033891678
1736667582.51617002487182617188 0.042570829 -0.018838959 0.998915970 12.788778305 -0.000663892 0.999821484 0.018884331 0.081469886 -0.999093354 -0.001467096 0.042550743 5.044228554
1736667582.61617207527160644531 0.044708133 -0.019866288 0.998802543 12.946399689 0.001534925 0.999802411 0.019817470 0.083218426 -0.998998940 0.000647084 0.044729769 5.054126740
1736667582.71617412567138671875 0.046266317 -0.020834755 0.998711944 13.102108955 0.001217288 0.999782920 0.020800706 0.084719427 -0.998928487 0.000253345 0.046281636 5.062336922
1736667582.81617593765258789062 0.047806680 -0.020416327 0.998647988 13.257974625 0.001469030 0.999791443 0.020369381 0.086178668 -0.998855591 0.000493251 0.047826648 5.072905540
1736667582.91617798805236816406 0.049372673 -0.020860909 0.998562694 13.414245605 0.001968250 0.999781966 0.020789064 0.088305265 -0.998778641 0.000939006 0.049402952 5.080898285
1736667583.01618003845214843750 0.051283777 -0.019214882 0.998499274 13.569314003 0.003506783 0.999812186 0.019060034 0.088526912 -0.998677969 0.002524049 0.051341534 5.091455460
1736667583.11618208885192871094 0.051800907 -0.017964583 0.998495817 13.723232269 0.000822435 0.999838591 0.017946076 0.090576477 -0.998657048 -0.000108424 0.051807344 5.103591919
1736667583.21618413925170898438 0.053677082 -0.018591519 0.998385429 13.881846428 0.002284431 0.999826312 0.018495534 0.092511542 -0.998555899 0.001287953 0.053710222 5.113625526
1736667583.31618595123291015625 0.054989696 -0.016957948 0.998343050 14.036518097 0.002711502 0.999854624 0.016834274 0.094473682 -0.998483419 0.001781295 0.055027664 5.125486374
1736667583.41618800163269042969 0.056182325 -0.017543770 0.998266459 14.193387985 0.003611030 0.999842644 0.017368244 0.095522292 -0.998414099 0.002628981 0.056236804 5.133893967
1736667583.51619005203247070312 0.058095813 -0.016079076 0.998181522 14.348316193 0.002964328 0.999868631 0.015933722 0.095490798 -0.998306632 0.002033255 0.058135867 5.146623611
1736667583.61619210243225097656 0.060073316 -0.014347342 0.998090923 14.503538132 0.003473065 0.999893665 0.014164219 0.096788883 -0.998188019 0.002615541 0.060116768 5.156332970
1736667583.71619391441345214844 0.061627686 -0.014178314 0.997998536 14.657995224 0.002173673 0.999898612 0.014071082 0.096721679 -0.998096883 0.001302155 0.061652243 5.170825005
1736667583.81619596481323242188 0.064589024 -0.016339723 0.997778237 14.815319061 0.005225856 0.999857783 0.016035493 0.099099122 -0.997898340 0.004178528 0.064665198 5.180042267
1736667583.91619801521301269531 0.065378904 -0.017444350 0.997708082 14.971466064 0.003691356 0.999844551 0.017239815 0.098127268 -0.997853756 0.002555774 0.065433145 5.195381165
1736667584.01620006561279296875 0.067388356 -0.017581074 0.997572005 15.128386497 0.006818698 0.999829531 0.017160242 0.100108355 -0.997703612 0.005645740 0.067496717 5.203761101
1736667584.11620211601257324219 0.057640076 -0.015116578 0.998223186 15.284107208 0.002587624 0.999884248 0.014992319 0.100091562 -0.998334289 0.001718864 0.057672501 5.214245796
1736667584.21620392799377441406 0.029333174 -0.014969341 0.999457657 15.445871353 0.004814555 0.999878347 0.014834341 0.101490125 -0.999558151 0.004376804 0.029401660 5.202190399
1736667584.31620597839355468750 -0.002475142 -0.013923011 0.999900162 15.603409767 0.003802551 0.999895692 0.013932363 0.101329781 -0.999989867 0.003836653 -0.002421856 5.189526558
1736667584.41620802879333496094 -0.024497867 -0.015672868 0.999577045 15.766294479 0.005709962 0.999858618 0.015817225 0.104221553 -0.999683559 0.006095035 -0.024404883 5.173109055
1736667584.51621007919311523438 -0.029166102 -0.016559396 0.999437451 15.924101830 0.004362672 0.999851108 0.016693564 0.105719551 -0.999565125 0.004847101 -0.029089451 5.171844482
1736667584.61621212959289550781 -0.029663801 -0.018084036 0.999396443 16.081537247 0.002841749 0.999830782 0.018176245 0.108380482 -0.999556005 0.003379208 -0.029607415 5.168266296
1736667584.71621394157409667969 -0.029609561 -0.017684849 0.999405205 16.237716675 0.004025953 0.999833226 0.017811703 0.108951628 -0.999553561 0.004550952 -0.029533386 5.165626526
1736667584.81621599197387695312 -0.030529976 -0.016578417 0.999396503 16.393886566 -0.000137515 0.999862492 0.016581949 0.111651652 -0.999533951 0.000368812 -0.030528069 5.164979935
1736667584.91621804237365722656 -0.028536439 -0.014917926 0.999481618 16.547830582 0.001335349 0.999887168 0.014962108 0.112664327 -0.999592006 0.001761620 -0.028513312 5.162469864
1736667585.01622009277343750000 -0.027693629 -0.014171148 0.999516070 16.703849792 -0.001019037 0.999899387 0.014148349 0.114080131 -0.999615967 -0.000626725 -0.027705312 5.161291122
1736667585.11622214317321777344 -0.023701549 -0.013721778 0.999625027 16.855434418 -0.000873574 0.999905705 0.013704919 0.112626940 -0.999718785 -0.000548421 -0.023711205 5.160053253
1736667585.21622395515441894531 -0.013388991 -0.012641225 0.999830484 17.005353928 -0.001544525 0.999919176 0.012621664 0.110989965 -0.999909222 -0.001375272 -0.013407350 5.164390564
1736667585.31622600555419921875 -0.007406592 -0.012860221 0.999889970 17.161979675 -0.001493546 0.999916315 0.012849498 0.113417462 -0.999971569 -0.001398212 -0.007425189 5.170219421
1736667585.41622805595397949219 -0.003793240 -0.011730088 0.999924183 17.310958862 -0.001381889 0.999930322 0.011724920 0.113342673 -0.999992013 -0.001337309 -0.003809214 5.171033859
1736667585.51623010635375976562 -0.000818610 -0.009590444 0.999953747 17.463840485 -0.001403561 0.999953032 0.009589290 0.113460414 -0.999998808 -0.001395648 -0.000831962 5.176139832
1736667585.61623191833496093750 0.003032804 -0.009596854 0.999949455 17.615789413 -0.003119828 0.999948978 0.009606314 0.112897202 -0.999990642 -0.003148805 0.003002703 5.181404114
1736667585.71623396873474121094 0.006352663 -0.012240681 0.999904931 17.770687103 -0.003444084 0.999918878 0.012262734 0.113531835 -0.999973953 -0.003521658 0.006310046 5.185188293
1736667585.81623601913452148438 0.009302616 -0.012297493 0.999881148 17.922803879 -0.002750498 0.999920309 0.012323566 0.113238573 -0.999952972 -0.002864812 0.009268045 5.189825058
1736667585.91623806953430175781 0.012414694 -0.013810883 0.999827683 18.075584412 -0.000790358 0.999904156 0.013821756 0.113159657 -0.999922752 -0.000961816 0.012402594 5.193550110
1736667586.01624011993408203125 0.015411437 -0.015207020 0.999765635 18.238609314 -0.002463971 0.999880731 0.015246754 0.117509797 -0.999878287 -0.002698370 0.015372157 5.203681946
1736667586.11624193191528320312 0.017878890 -0.015423791 0.999721229 18.382968903 -0.002524607 0.999877095 0.015471347 0.115109116 -0.999837041 -0.002800515 0.017837763 5.205587387
1736667586.21624398231506347656 0.021180212 -0.016931387 0.999632359 18.536769867 -0.003334886 0.999849856 0.017005730 0.115889393 -0.999770164 -0.003693846 0.021120548 5.210981369
1736667586.31624603271484375000 0.023708284 -0.021678193 0.999483824 18.684837341 -0.003531496 0.999756813 0.021767881 0.116038308 -0.999712706 -0.004045751 0.023625910 5.214447021
1736667586.41624808311462402344 0.027029932 -0.022243936 0.999387145 18.839546204 -0.003654144 0.999743521 0.022350701 0.117592178 -0.999628007 -0.004256044 0.026941717 5.221071243
1736667586.51625013351440429688 0.031148553 -0.024700606 0.999209642 19.017549515 -0.001426108 0.999692500 0.024757003 0.130279258 -0.999513865 -0.002196128 0.031103730 5.238109589
1736667586.61625194549560546875 0.034388363 -0.024946567 0.999097168 19.170886993 -0.001194663 0.999686658 0.025002407 0.131382644 -0.999407887 -0.002053377 0.034347773 5.243463516
1736667586.71625399589538574219 0.038184524 -0.024061406 0.998981178 19.324069977 0.000777293 0.999710500 0.024049265 0.132459193 -0.999270558 -0.000141813 0.038192153 5.248283386
1736667586.81625604629516601562 0.039597094 -0.021726344 0.998979568 19.478519440 0.000355581 0.999763846 0.021729307 0.135044366 -0.999215722 -0.000505202 0.039595485 5.263338089
1736667586.91625809669494628906 0.043041170 -0.019351266 0.998885930 19.631507874 0.000960795 0.999812722 0.019327823 0.136201262 -0.999072909 0.000127832 0.043051660 5.273920059
1736667587.01626014709472656250 0.046395242 -0.019648813 0.998729944 19.785503387 0.000730914 0.999806941 0.019636048 0.137547359 -0.998922944 -0.000181036 0.046400666 5.285871506
1736667587.11626195907592773438 0.049729645 -0.020481201 0.998552799 19.939769745 0.001060246 0.999790251 0.020453783 0.138583839 -0.998762250 0.000041551 0.049740911 5.296491623
1736667587.21626400947570800781 0.053318262 -0.022654718 0.998320580 20.095441818 0.003129584 0.999741495 0.022519818 0.138897464 -0.998572707 0.001923609 0.053375423 5.307386398
1736667587.31626605987548828125 0.055825949 -0.022513546 0.998186827 20.251518250 0.001427944 0.999746501 0.022468867 0.141257495 -0.998439670 0.000171006 0.055843949 5.322076797
1736667587.41626811027526855469 0.057879567 -0.017007954 0.998178720 20.400989532 0.003933908 0.999850988 0.016808340 0.139378011 -0.998315871 0.002953883 0.057937860 5.333097458
1736667587.51626992225646972656 0.060999155 -0.018024564 0.997975230 20.551837921 0.000987088 0.999837518 0.017997868 0.141769871 -0.998137534 -0.000112770 0.061007023 5.348196030
1736667587.61627197265625000000 0.063376963 -0.017360525 0.997838616 20.706306458 -0.000074706 0.999848604 0.017400239 0.140749246 -0.997989595 -0.001177319 0.063366115 5.362232208
1736667587.71627402305603027344 0.054770529 -0.017262613 0.998349786 20.853975296 -0.005004257 0.999833226 0.017562803 0.143773273 -0.998486459 -0.005957924 0.054675043 5.369503021
1736667587.81627607345581054688 0.022827744 -0.019134052 0.999556303 20.992332458 -0.001360594 0.999815285 0.019170083 0.145112634 -0.999738514 -0.001797601 0.022797525 5.354724884
1736667587.91627812385559082031 -0.019297719 -0.012793114 0.999731958 21.118743896 0.000810108 0.999917626 0.012811128 0.140557215 -0.999813497 0.001057116 -0.019285679 5.336988449
1736667588.01627993583679199219 -0.065802693 -0.010540581 0.997777104 21.257976532 -0.000974474 0.999944389 0.010499212 0.142897308 -0.997832298 -0.000281432 -0.065809369 5.305624008
1736667588.11628198623657226562 -0.109498620 -0.014164828 0.993886173 21.423030853 0.000570647 0.999897420 0.014313370 0.147271425 -0.993986964 0.002134450 -0.109479308 5.265466690
1736667588.21628403663635253906 -0.123033881 -0.013182811 0.992314875 21.577190399 -0.001106290 0.999912977 0.013146585 0.141888052 -0.992401838 0.000519687 -0.123037696 5.246292114
1736667588.31628608703613281250 -0.124664187 -0.009692514 0.992151678 21.718969345 -0.000964658 0.999952972 0.009647517 0.143403187 -0.992198527 0.000245612 -0.124667645 5.231885910
1736667588.41628813743591308594 -0.125876904 -0.006665388 0.992023468 21.873819351 -0.000736320 0.999977767 0.006625402 0.143145546 -0.992045581 0.000103539 -0.125879049 5.215307236
1736667588.51628994941711425781 -0.121883392 -0.012126738 0.992470562 22.033481598 -0.002063978 0.999926269 0.011964368 0.143691570 -0.992542505 -0.000590182 -0.121899366 5.198646545
1736667588.61629199981689453125 -0.121773958 -0.011433984 0.992492139 22.184188843 -0.003409137 0.999932587 0.011101419 0.149143666 -0.992552102 -0.002031679 -0.121804714 5.181598663
1736667588.71629405021667480469 -0.121204257 -0.010750771 0.992569506 22.331993103 -0.002405356 0.999941587 0.010536899 0.151576996 -0.992624819 -0.001110367 -0.121223092 5.166738510
1736667588.81629610061645507812 -0.117992759 -0.014084051 0.992914677 22.487352371 0.004106267 0.999883950 0.014670875 0.146025583 -0.993006110 0.005808227 -0.117921233 5.148546219
1736667588.91629815101623535156 -0.118143678 -0.013503980 0.992904782 22.643260956 -0.005962994 0.999899149 0.012889584 0.150534466 -0.992978692 -0.004397863 -0.118212342 5.138528824
1736667589.01629996299743652344 -0.114535213 -0.011659300 0.993350863 22.796546936 -0.005696119 0.999922395 0.011079661 0.151823312 -0.993402958 -0.004389233 -0.114592791 5.123947144
1736667589.11630201339721679688 -0.110810995 -0.006795031 0.993818402 22.952507019 -0.004405240 0.999970138 0.006345908 0.149526566 -0.993831873 -0.003674811 -0.110837698 5.114311218
1736667589.21630406379699707031 -0.106953740 -0.012122370 0.994190156 23.107360840 0.000088991 0.999925554 0.012201877 0.153369859 -0.994264066 0.001393511 -0.106944680 5.098361969
1736667589.31630611419677734375 -0.097249389 -0.016684147 0.995120287 23.261531830 0.001365354 0.999856293 0.016896982 0.156967506 -0.995259166 0.003001910 -0.097212672 5.087951660
1736667589.41630792617797851562 -0.074698687 -0.021733610 0.996969342 23.407323837 0.000856278 0.999760687 0.021858618 0.158947647 -0.997205853 0.002486491 -0.074662209 5.092769623
1736667589.51630997657775878906 -0.057308078 -0.024072194 0.998066485 23.519386292 -0.004810264 0.999704301 0.023835503 0.161177129 -0.998345137 -0.003435000 -0.057406902 5.097925186
1736667589.61631202697753906250 -0.052356124 -0.021331156 0.998400867 23.621316910 -0.002307075 0.999771774 0.021239467 0.160303682 -0.998626053 -0.001191374 -0.052393436 5.095273972
1736667589.71631407737731933594 -0.049360633 -0.018890180 0.998602509 23.755418777 -0.003075904 0.999819279 0.018761160 0.164097980 -0.998776436 -0.002145547 -0.049409747 5.093988419
1736667589.81631612777709960938 -0.045570850 -0.017306712 0.998811305 23.902462006 -0.002514045 0.999848723 0.017209986 0.160855949 -0.998958111 -0.001726786 -0.045607448 5.092100143
1736667589.91631793975830078125 -0.043672919 -0.016235920 0.998914063 24.049095154 -0.001733435 0.999867678 0.016175635 0.158136368 -0.999044478 -0.001025117 -0.043695331 5.088312149
1736667590.01631999015808105469 -0.040371418 -0.012629553 0.999104977 24.204521179 -0.002849882 0.999917507 0.012524668 0.164348572 -0.999180734 -0.002341692 -0.040404081 5.087278366
1736667590.11632204055786132812 -0.037439346 -0.010329654 0.999245644 24.356580734 -0.001379787 0.999946177 0.010285200 0.162242323 -0.999298096 -0.000993677 -0.037451506 5.083911896
1736667590.21632409095764160156 -0.037444472 -0.012752295 0.999217331 24.510059357 -0.004474909 0.999910712 0.012593452 0.164999649 -0.999288678 -0.003999851 -0.037498236 5.083240509
1736667590.31632614135742187500 -0.035573125 -0.011885776 0.999296427 24.667585373 -0.003323957 0.999925137 0.011774927 0.167915657 -0.999361575 -0.002902747 -0.035609961 5.077346802
1736667590.41632795333862304688 -0.035048246 -0.014794748 0.999276221 24.808509827 -0.007973583 0.999862731 0.014523773 0.168084010 -0.999353945 -0.007458781 -0.035161376 5.077377319
1736667590.51633000373840332031 -0.033308744 -0.010723013 0.999387681 24.929859161 -0.007606699 0.999916196 0.010475161 0.165939778 -0.999416292 -0.007253126 -0.033387542 5.074098587
1736667590.61633205413818359375 -0.032276630 -0.005814341 0.999462187 25.068294525 -0.011044632 0.999924123 0.005460354 0.165883064 -0.999418080 -0.010862449 -0.032338381 5.077665329
1736667590.71633410453796386719 -0.026393533 -0.007509441 0.999623418 25.220993042 -0.000569173 0.999971747 0.007497029 0.166641831 -0.999651492 -0.000371086 -0.026396990 5.070432663
1736667590.81633591651916503906 -0.024123073 -0.012196712 0.999634624 25.365243912 -0.002645697 0.999922872 0.012136384 0.167730451 -0.999705553 -0.002351964 -0.024153471 5.072479248
1736667590.91633796691894531250 -0.020677447 -0.012042332 0.999713778 25.490192413 -0.001361631 0.999926865 0.012016737 0.167237282 -0.999785423 -0.001112767 -0.020692348 5.072244644
1736667591.01634001731872558594 -0.019024253 -0.012345099 0.999742866 25.617055893 -0.001364097 0.999923170 0.012321369 0.166380167 -0.999818146 -0.001129342 -0.019039631 5.071466446
1736667591.11634206771850585938 -0.017267466 -0.014633878 0.999743819 25.753978729 -0.001951338 0.999891460 0.014602336 0.165934831 -0.999849021 -0.001698692 -0.017294168 5.071508408
1736667591.21634411811828613281 -0.014961123 -0.016713331 0.999748468 25.883993149 -0.000647533 0.999860227 0.016705509 0.166271091 -0.999887943 -0.000397438 -0.014969826 5.072753906
1736667591.31634593009948730469 -0.013638258 -0.015155409 0.999792278 25.995780945 -0.001642238 0.999884129 0.015134402 0.168035701 -0.999905765 -0.001435492 -0.013661623 5.073808670
1736667591.41634798049926757812 -0.008807659 -0.014148440 0.999861181 26.106985092 -0.001928563 0.999898255 0.014131977 0.169351488 -0.999959409 -0.001803827 -0.008834004 5.076673508
1736667591.51635003089904785156 -0.000402331 -0.014744908 0.999891281 26.229124069 -0.002264081 0.999888718 0.014743960 0.167860270 -0.999997437 -0.002257904 -0.000435591 5.083215714
1736667591.61635208129882812500 0.002545893 -0.021416524 0.999767482 26.371978760 -0.003807985 0.999763191 0.021426130 0.172629535 -0.999989569 -0.003861649 0.002463698 5.088586807
1736667591.71635413169860839844 0.006705344 -0.025612157 0.999649584 26.519166946 -0.004587317 0.999660611 0.025643213 0.175233841 -0.999967158 -0.004757660 0.006585598 5.093582153
1736667591.81635594367980957031 0.010253310 -0.025172556 0.999630630 26.648286819 -0.004786808 0.999670386 0.025222659 0.173202232 -0.999936044 -0.005043657 0.010129452 5.098335266
1736667591.91635799407958984375 0.013265312 -0.024752958 0.999605715 26.777050018 -0.004703077 0.999680936 0.024817236 0.176320776 -0.999901056 -0.005030435 0.013144612 5.103809357
1736667592.01636004447937011719 0.017168701 -0.028575003 0.999444366 26.915416718 0.002928881 0.999588668 0.028528821 0.178837538 -0.999848485 0.002437446 0.017245293 5.105148315
1736667592.11636209487915039062 0.018288076 -0.026711022 0.999476016 27.052652359 -0.000563892 0.999642670 0.026725795 0.177181274 -0.999832749 -0.001052365 0.018266499 5.112287521
1736667592.21636414527893066406 0.020455301 -0.027229788 0.999419987 27.187532425 0.000556314 0.999629200 0.027224105 0.181668192 -0.999790728 -0.000000888 0.020462871 5.117502213
1736667592.31636595726013183594 0.021757305 -0.024169281 0.999471247 27.311920166 -0.000457132 0.999707401 0.024184948 0.184731275 -0.999763310 -0.000983091 0.021739841 5.123609543
1736667592.41636800765991210938 0.023892641 -0.022739863 0.999456108 27.435913086 -0.001831789 0.999738574 0.022790086 0.179976419 -0.999713063 -0.002375312 0.023844719 5.128740311
