1741156018.69995903968811035156 1.000000000 0.000000000 0.000000000 0.000000000 0.000000000 1.000000000 0.000000000 0.000000000 0.000000000 0.000000000 1.000000000 0.000000000
1741156018.79996204376220703125 0.999017298 -0.000251608 -0.044321254 -0.033820976 0.000349099 0.999997556 0.002191917 0.002885011 0.044320591 -0.002205236 0.999014914 0.133800060
1741156018.89996409416198730469 0.995748818 0.002415553 -0.092078455 -0.077876851 -0.001846742 0.999978662 0.006262153 0.004639677 0.092091620 -0.006065486 0.995732069 0.271510750
1741156018.99996709823608398438 0.992110968 0.006649651 -0.125186369 -0.119883820 -0.006098428 0.999969959 0.004785933 0.004607568 0.125214428 -0.003984736 0.992121696 0.409530044
1741156019.09997296333312988281 0.990931273 0.008338150 -0.134110883 -0.153693080 -0.007258892 0.999937236 0.008534455 0.007140103 0.134173632 -0.007483561 0.990929604 0.550939858
1741156019.19997501373291015625 0.990852177 0.009349483 -0.134627625 -0.174840286 -0.008408701 0.999936104 0.007554956 0.000050100 0.134689659 -0.006353801 0.990867436 0.681221724
1741156019.29997801780700683594 0.990538478 0.004428643 -0.137163803 -0.199952736 -0.003850757 0.999982536 0.004478172 -0.001366777 0.137181237 -0.003907618 0.990538239 0.824751258
1741156019.39998102188110351562 0.990426660 0.005027138 -0.137948379 -0.234127223 -0.004566710 0.999982893 0.003653983 0.006769395 0.137964383 -0.002989032 0.990432680 0.981457591
1741156019.49998307228088378906 0.990396917 0.006993264 -0.138076052 -0.262033015 -0.006640725 0.999973416 0.003013735 0.003761626 0.138093457 -0.002067869 0.990417063 1.124038815
1741156019.59998607635498046875 0.990145147 0.004241204 -0.139980689 -0.288611472 -0.003934829 0.999989212 0.002465389 0.005903786 0.139989629 -0.001890293 0.990151167 1.269390583
1741156019.69998908042907714844 0.989902854 0.004453198 -0.141677290 -0.316234082 -0.003827748 0.999981701 0.004686829 0.003332331 0.141695574 -0.004097200 0.989901781 1.409506559
1741156019.79999208450317382812 0.989716947 0.006806595 -0.142877564 -0.347180873 -0.005069304 0.999908745 0.012519790 0.004019055 0.142949745 -0.011666759 0.989661157 1.567828178
1741156019.89999389648437500000 0.988149941 0.008945867 -0.153230682 -0.382289708 -0.007238369 0.999905407 0.011697575 0.005373619 0.153320834 -0.010449817 0.988121212 1.718318939
1741156019.99999690055847167969 0.986268282 0.004489799 -0.165089935 -0.416623265 -0.003255617 0.999964714 0.007745649 0.001973016 0.165118888 -0.007101819 0.986248076 1.858438969
1741156020.09999299049377441406 0.985990942 0.004643790 -0.166734353 -0.448408782 -0.003824001 0.999978960 0.005237447 0.000556451 0.166755170 -0.004526482 0.985987961 1.997471571
1741156020.19999504089355468750 0.985920370 0.003010692 -0.167188436 -0.476732522 -0.002508226 0.999991655 0.003216465 0.000621782 0.167196721 -0.002751832 0.985919714 2.132591724
1741156020.29999804496765136719 0.985633612 0.003261704 -0.168866068 -0.506871700 -0.002771864 0.999991238 0.003136408 0.006253291 0.168874830 -0.002623276 0.985634029 2.284621000
1741156020.40000104904174804688 0.985467374 0.005553542 -0.169774026 -0.539005756 -0.005094926 0.999982119 0.003136871 0.004206622 0.169788405 -0.002226298 0.985478044 2.425299644
1741156020.50000309944152832031 0.985305309 0.005158592 -0.170724377 -0.569029450 -0.004620785 0.999983013 0.003547360 0.002438595 0.170739785 -0.002706352 0.985312462 2.565980434
1741156020.60000610351562500000 0.985211611 0.008287209 -0.171141461 -0.597543955 -0.007795172 0.999963343 0.003546842 -0.000667467 0.171164587 -0.002160313 0.985240102 2.703175783
1741156020.70000910758972167969 0.985005736 0.004066213 -0.172473595 -0.626193166 -0.004107968 0.999991536 0.000114836 -0.001734165 0.172472596 0.000595402 0.985014141 2.844276905
1741156020.80001211166381835938 0.984776378 0.006822648 -0.173692182 -0.656952977 -0.006019705 0.999968648 0.005149167 -0.000450039 0.173721865 -0.004025203 0.984786510 2.989281178
1741156020.90001392364501953125 0.982887447 0.006329008 -0.184098408 -0.696938813 -0.005226872 0.999965429 0.006471330 0.002235735 0.184132993 -0.005398330 0.982886493 3.135966063
1741156021.00001692771911621094 0.976579428 0.004827111 -0.215103105 -0.747068703 -0.003542040 0.999973536 0.006359274 -0.000699858 0.215128094 -0.005448433 0.976570666 3.259477377
1741156021.10002303123474121094 0.967766523 0.008067654 -0.251719773 -0.802903593 -0.006935886 0.999961436 0.005383071 0.001114876 0.251753479 -0.003463657 0.967785180 3.376392126
1741156021.20002508163452148438 0.958338022 0.007218190 -0.285545319 -0.862181902 -0.006041737 0.999969244 0.005000752 0.001733419 0.285572648 -0.003067221 0.958352149 3.495385647
1741156021.30002808570861816406 0.953761876 0.008400701 -0.300445765 -0.921029866 -0.006408247 0.999950469 0.007616495 0.001900769 0.300494879 -0.005338992 0.953768492 3.634494781
1741156021.40003108978271484375 0.953021646 0.005865384 -0.302845418 -0.967419803 -0.003643120 0.999962151 0.007902350 0.001973386 0.302880287 -0.006427808 0.953006923 3.773614645
1741156021.50003409385681152344 0.952488363 0.006738573 -0.304500490 -1.014091015 -0.004212126 0.999951065 0.008953165 0.002306112 0.304545909 -0.007245191 0.952470124 3.902652025
1741156021.60003590583801269531 0.952014446 0.006089747 -0.305992514 -1.064145565 -0.004784670 0.999975979 0.005014915 0.001829018 0.306015700 -0.003310198 0.952020705 4.031764984
1741156021.70003890991210937500 0.951520860 0.005247553 -0.307539433 -1.115442991 -0.002999826 0.999965250 0.007781032 0.003708638 0.307569563 -0.006481249 0.951503515 4.180111885
1741156021.80004191398620605469 0.950906992 0.007118419 -0.309394985 -1.171186566 -0.004630813 0.999950767 0.008773888 0.003195402 0.309442192 -0.006910400 0.950893164 4.328700066
1741156021.90004396438598632812 0.950302005 0.007637859 -0.311235845 -1.227913499 -0.005368466 0.999952376 0.008147623 0.004578930 0.311283261 -0.006071844 0.950297773 4.480223656
1741156022.00004696846008300781 0.949755788 0.005650919 -0.312941015 -1.283125162 -0.003209796 0.999960303 0.008315220 0.000482951 0.312975585 -0.006892951 0.949736178 4.631531715
1741156022.10005307197570800781 0.949312747 0.004631944 -0.314299047 -1.339420676 -0.002833157 0.999976873 0.006179734 -0.000530472 0.314320385 -0.004976042 0.949303925 4.785874367
1741156022.20005488395690917969 0.949138999 0.006552445 -0.314789236 -1.395030856 -0.004712117 0.999967098 0.006606882 0.000978151 0.314822167 -0.004787526 0.949138582 4.936298847
1741156022.30005788803100585938 0.948701024 0.005469539 -0.316127300 -1.453018904 -0.003345262 0.999968052 0.007261982 0.000793486 0.316156924 -0.005831921 0.948688984 5.087321758
1741156022.40006089210510253906 0.948392153 0.007781073 -0.317004412 -1.508208752 -0.006457460 0.999965489 0.005225798 0.002558874 0.317034155 -0.002909062 0.948409677 5.230385780
1741156022.50006389617919921875 0.947867334 0.008323360 -0.318556488 -1.564933538 -0.006320322 0.999953210 0.007320974 0.005125366 0.318602532 -0.004925933 0.947875619 5.378467083
1741156022.60006594657897949219 0.947346866 0.005083547 -0.320168823 -1.618804097 -0.002428891 0.999959290 0.008690219 0.003023197 0.320199966 -0.007454997 0.947320640 5.526207447
1741156022.70006895065307617188 0.946763158 0.002793682 -0.321918786 -1.680440903 -0.000106170 0.999965012 0.008365669 -0.003752662 0.321930885 -0.007886129 0.946730316 5.682117939
1741156022.80007195472717285156 0.946733713 0.004289719 -0.321988970 -1.735394359 -0.001816576 0.999966502 0.007980899 0.000869537 0.322012424 -0.006970868 0.946709752 5.825624466
1741156022.90007400512695312500 0.946138918 0.008014517 -0.323661804 -1.794446707 -0.004839795 0.999931991 0.010612478 0.003477646 0.323724836 -0.008474423 0.946113348 5.972442627
1741156023.00007700920104980469 0.945935845 0.004804275 -0.324318260 -1.848234296 -0.001918959 0.999955714 0.009215793 0.003155595 0.324348181 -0.008095195 0.945903122 6.115675926
1741156023.10007309913635253906 0.945413232 0.006257359 -0.325813949 -1.906104445 -0.003742860 0.999958158 0.008343868 0.000670528 0.325852543 -0.006668927 0.945397079 6.262839317
1741156023.20007491111755371094 0.945022523 0.004200949 -0.326978356 -1.962658763 -0.001929737 0.999971688 0.007270163 0.000457048 0.326999635 -0.006239485 0.945003867 6.406857014
1741156023.30007791519165039062 0.944310963 0.001856650 -0.329049140 -2.020318508 0.000192917 0.999980807 0.006196001 0.001954654 0.329054326 -0.005914431 0.944292486 6.559900284
1741156023.40008091926574707031 0.943959296 0.002987202 -0.330048323 -2.077389240 -0.001086990 0.999981761 0.005941776 0.002893468 0.330060035 -0.005250035 0.943945348 6.709160328
1741156023.50008392333984375000 0.944256306 0.006003145 -0.329156518 -2.140688658 -0.003330029 0.999956727 0.008684271 0.003763726 0.329194397 -0.007104077 0.944235444 6.853690624
1741156023.60008597373962402344 0.944008231 0.006643114 -0.329855025 -2.190427065 -0.003353766 0.999938846 0.010540159 0.002949740 0.329904854 -0.008843741 0.943972766 6.986179352
1741156023.70008897781372070312 0.943774045 0.004789009 -0.330556542 -2.241612196 -0.002741025 0.999974072 0.006661422 0.001126616 0.330579847 -0.005380813 0.943762660 7.125949383
1741156023.80009198188781738281 0.943264604 0.011128776 -0.331855536 -2.307282686 -0.008403854 0.999918163 0.009645184 0.003989098 0.331935704 -0.006309095 0.943280935 7.281022072
1741156023.90009403228759765625 0.943441570 0.009188211 -0.331411570 -2.369024038 -0.005697169 0.999917626 0.011503845 0.002321193 0.331489950 -0.008965098 0.943416178 7.431641102
1741156024.00009703636169433594 0.946750760 0.006613967 -0.321899533 -2.411546230 -0.003445141 0.999939859 0.010412813 0.001883008 0.321949035 -0.008749349 0.946716547 7.561254501
1741156024.10010290145874023438 0.953748941 0.005569053 -0.300552756 -2.446628809 -0.003055522 0.999956310 0.008832424 0.001450326 0.300588816 -0.007505570 0.953724325 7.706167221
1741156024.20010495185852050781 0.960375071 0.013556778 -0.278380990 -2.493890047 -0.009998103 0.999849200 0.014199267 0.007682275 0.278531522 -0.010853340 0.960365772 7.864715576
1741156024.30010795593261718750 0.961612761 0.009490401 -0.274245858 -2.539396524 -0.004828808 0.999832273 0.017667962 0.008025999 0.274367541 -0.015665459 0.961497307 8.022994041
1741156024.40011096000671386719 0.962197840 0.012131725 -0.272081196 -2.587817430 -0.007625165 0.999815762 0.017614493 0.001899991 0.272244781 -0.014873964 0.962113082 8.159045219
1741156024.50011396408081054688 0.962258041 0.012775124 -0.271838665 -2.634191990 -0.009280118 0.999857008 0.014138641 0.003824419 0.271980405 -0.011082326 0.962238967 8.295475960
1741156024.60011601448059082031 0.962756574 0.010940385 -0.270148367 -2.679541349 -0.008248737 0.999904394 0.011096915 0.000753062 0.270243943 -0.008455246 0.962754786 8.438298225
1741156024.70011901855468750000 0.963221788 0.009251836 -0.268548399 -2.733227015 -0.006140510 0.999903977 0.012423366 0.006260770 0.268637538 -0.010317433 0.963186085 8.606580734
1741156024.80012202262878417969 0.963811994 0.014417176 -0.266192794 -2.784757614 -0.011237588 0.999846220 0.013464066 0.008416522 0.266345948 -0.009985464 0.963825762 8.754388809
1741156024.90012407302856445312 0.963890433 0.010640576 -0.266086489 -2.826028824 -0.007427676 0.999886870 0.013078106 0.003125418 0.266195565 -0.010629456 0.963860452 8.906440735
1741156025.00012707710266113281 0.964315236 0.010546976 -0.264546484 -2.872751474 -0.008068873 0.999912798 0.010452300 0.000724066 0.264633656 -0.007944721 0.964316308 9.049024582
1741156025.10013294219970703125 0.964741051 0.013157018 -0.262871802 -2.921439171 -0.010315650 0.999872506 0.012186207 0.003997315 0.262998641 -0.009044840 0.964753807 9.201000214
1741156025.20013499259948730469 0.965015113 0.014368123 -0.261800230 -2.967428207 -0.011136247 0.999842405 0.013824329 0.004166179 0.261957616 -0.010425215 0.965023100 9.350215912
1741156025.30013799667358398438 0.965464592 0.012335162 -0.260242194 -3.012340307 -0.009008459 0.999861777 0.013972022 0.005029414 0.260378599 -0.011145111 0.965442300 9.497260094
1741156025.40014100074768066406 0.966010273 0.014558076 -0.258093417 -3.056645393 -0.011328611 0.999837875 0.013995561 0.007177765 0.258255333 -0.010596015 0.966018558 9.640811920
1741156025.50014400482177734375 0.966301203 0.019372210 -0.256684095 -3.105421782 -0.016437156 0.999772727 0.013575302 0.010852683 0.256888747 -0.008898674 0.966400027 9.783215523
1741156025.60014605522155761719 0.966683447 0.015434241 -0.255509049 -3.151447058 -0.011335745 0.999782503 0.017505474 0.013450297 0.255723655 -0.014025867 0.966648161 9.939227104
1741156025.70014905929565429688 0.966889679 0.020074842 -0.254403979 -3.200434208 -0.015875479 0.999701917 0.018549325 0.015813695 0.254700512 -0.013896366 0.966920137 10.094391823
1741156025.80015206336975097656 0.967254281 0.019874746 -0.253029853 -3.246354818 -0.016016709 0.999722064 0.017298320 0.017016649 0.253303319 -0.012679169 0.967303813 10.239051819
1741156025.90015411376953125000 0.967523456 0.019353127 -0.252039343 -3.287497759 -0.015661389 0.999738812 0.016645463 0.016741525 0.252295643 -0.012157591 0.967573822 10.377666473
1741156026.00015711784362792969 0.967727900 0.017711757 -0.251374334 -3.334978580 -0.014292631 0.999778926 0.015421079 0.020626681 0.251591891 -0.011330607 0.967767060 10.532744408
1741156026.10016298294067382812 0.967920005 0.020442659 -0.250425547 -3.380119801 -0.016709097 0.999715447 0.017026111 0.025061695 0.250702351 -0.012295530 0.967986107 10.686272621
1741156026.20016503334045410156 0.968201518 0.017824037 -0.249535739 -3.424961329 -0.013406067 0.999722064 0.019393247 0.022625422 0.249812037 -0.015431278 0.968171358 10.840489388
1741156026.30016803741455078125 0.968437493 0.019562582 -0.248487622 -3.471858263 -0.016006993 0.999738634 0.016321521 0.022501949 0.248741969 -0.011828833 0.968497574 10.996583939
1741156026.40017104148864746094 0.968600571 0.021124400 -0.247722939 -3.513152361 -0.017577514 0.999709010 0.016521132 0.024150692 0.247999847 -0.011648025 0.968690038 11.142050743
1741156026.50017404556274414062 0.969018400 0.021401271 -0.246059492 -3.560789347 -0.017567193 0.999687850 0.017766664 0.030009296 0.246362910 -0.012893651 0.969091892 11.297070503
1741156026.60017609596252441406 0.969194412 0.019873902 -0.245493934 -3.604886532 -0.016071850 0.999718010 0.017481290 0.032424305 0.245772123 -0.012997227 0.969240487 11.450363159
1741156026.70017910003662109375 0.969451606 0.022289008 -0.244267821 -3.648987293 -0.018672902 0.999679208 0.017109839 0.033501606 0.244570822 -0.012025972 0.969556868 11.598279953
1741156026.80018210411071777344 0.969534636 0.020266617 -0.244114369 -3.689864397 -0.016496470 0.999711156 0.017478952 0.031972088 0.244398102 -0.012919423 0.969588935 11.741933823
1741156026.90018391609191894531 0.969906867 0.018780284 -0.242750779 -3.730370998 -0.015898559 0.999778032 0.013824847 0.024527425 0.242956534 -0.009549426 0.969990194 11.884823799
1741156027.00018692016601562500 0.970141709 0.024120016 -0.241336554 -3.777129889 -0.021328269 0.999672055 0.014173832 0.028612178 0.241599292 -0.008603334 0.970337987 12.041606903
1741156027.10018301010131835938 0.970429063 0.023207899 -0.240268335 -3.820832729 -0.019951859 0.999673307 0.015975697 0.029310197 0.240560591 -0.010709480 0.970575035 12.192155838
1741156027.20018506050109863281 0.970751882 0.022279687 -0.239049047 -3.863145828 -0.018909184 0.999686956 0.016384032 0.033213250 0.239339232 -0.011384607 0.970869243 12.344508171
1741156027.30018806457519531250 0.971035719 0.024574356 -0.237667292 -3.911534071 -0.020911992 0.999620736 0.017918939 0.034784332 0.238017499 -0.012429832 0.971181333 12.502282143
1741156027.40019106864929199219 0.971190453 0.027732555 -0.236685514 -3.954832077 -0.023656176 0.999519169 0.020045875 0.036708739 0.237127617 -0.013869287 0.971379519 12.655294418
1741156027.50019407272338867188 0.971501052 0.024813145 -0.235732958 -4.001038551 -0.020443073 0.999571204 0.020964565 0.038140282 0.236152083 -0.015547990 0.971591711 12.817092896
1741156027.60019588470458984375 0.971757233 0.026585232 -0.234480605 -4.045838356 -0.022572452 0.999549508 0.019781223 0.039805330 0.234900862 -0.013929744 0.971919537 12.966582298
1741156027.70019888877868652344 0.971754789 0.025745872 -0.234584242 -4.085983276 -0.021912184 0.999580562 0.018934797 0.043019604 0.234973341 -0.013259728 0.971911371 13.115881920
1741156027.80020189285278320312 0.971924782 0.022602728 -0.234203726 -4.127119064 -0.018858783 0.999656260 0.018213367 0.041471742 0.234534889 -0.013285224 0.972016931 13.272912025
1741156027.90020394325256347656 0.972032070 0.024127495 -0.233605579 -4.169952869 -0.020472854 0.999627352 0.018057067 0.042628516 0.233954191 -0.012769476 0.972163737 13.430377007
1741156028.00020694732666015625 0.972240686 0.026281124 -0.232502431 -4.215981483 -0.022270886 0.999554753 0.019856835 0.047309872 0.232920766 -0.014127588 0.972393095 13.589443207
1741156028.10021305084228515625 0.972752213 0.024887040 -0.230507508 -4.260374069 -0.020137480 0.999534130 0.022934908 0.049226109 0.230970904 -0.017668143 0.972800255 13.742988586
1741156028.20021510124206542969 0.972959161 0.027994474 -0.229274571 -4.301509857 -0.023110697 0.999445796 0.023959028 0.052919559 0.229818225 -0.018012460 0.973066866 13.894777298
1741156028.30021810531616210938 0.972797275 0.026840705 -0.230097905 -4.345019817 -0.021894183 0.999471605 0.024024215 0.055728532 0.230621144 -0.018332886 0.972870886 14.061432838
1741156028.40022110939025878906 0.972862005 0.026781688 -0.229830936 -4.386745930 -0.021732133 0.999464214 0.024474384 0.055481523 0.230363265 -0.018815482 0.972922802 14.209352493
1741156028.50022411346435546875 0.973009646 0.023313964 -0.229583785 -4.420719624 -0.018178839 0.999535561 0.024457086 0.058102779 0.230047360 -0.019623414 0.972981572 14.357735634
1741156028.60022592544555664062 0.973178506 0.026024306 -0.228574529 -4.467623711 -0.021341793 0.999509156 0.022934129 0.062942922 0.229059190 -0.017440811 0.973256230 14.519652367
1741156028.70022892951965332031 0.973321199 0.024982909 -0.228082746 -4.510120392 -0.019822484 0.999493718 0.024888407 0.065470152 0.228589043 -0.019703249 0.973323584 14.679083824
1741156028.80023193359375000000 0.973467946 0.027061939 -0.227217585 -4.551951408 -0.022289652 0.999474287 0.023543293 0.068460584 0.227735266 -0.017854039 0.973559380 14.831801414
1741156028.90023398399353027344 0.973653615 0.026962791 -0.226432368 -4.595794678 -0.022355519 0.999488056 0.022887427 0.070975587 0.226933554 -0.017222416 0.973757982 14.983191490
1741156029.00023698806762695312 0.973557889 0.025200300 -0.227046192 -4.632118702 -0.020341760 0.999511838 0.023713754 0.073492810 0.227532953 -0.018468194 0.973595262 15.135354042
1741156029.10024309158325195312 0.973647118 0.024877075 -0.226699010 -4.675141335 -0.019720249 0.999493301 0.024984261 0.078286581 0.227205679 -0.019855293 0.973644376 15.289629936
1741156029.20024490356445312500 0.973957539 0.024761902 -0.225374371 -4.717062950 -0.019239983 0.999459267 0.026664902 0.078962222 0.225912780 -0.021634283 0.973907292 15.444568634
1741156029.30024790763854980469 0.974185765 0.025849277 -0.224262938 -4.759074688 -0.020090500 0.999408185 0.027923027 0.084654570 0.224852011 -0.022696663 0.974128544 15.601116180
1741156029.40025091171264648438 0.974189401 0.024538299 -0.224394396 -4.796233177 -0.019207839 0.999479771 0.025907332 0.087686107 0.224913388 -0.020928517 0.974153996 15.758414268
1741156029.50025391578674316406 0.974400163 0.030061336 -0.222801685 -4.841657162 -0.025054688 0.999366760 0.025264662 0.092590399 0.223420098 -0.019035665 0.974536359 15.909651756
1741156029.60025596618652343750 0.972702324 0.027435895 -0.230428755 -4.884292126 -0.021781964 0.999396861 0.027045144 0.096929714 0.231031790 -0.021287683 0.972713292 16.053176880
1741156029.70025897026062011719 0.971427917 0.024412032 -0.236075953 -4.928185940 -0.018101612 0.999419510 0.028861269 0.101869240 0.236643478 -0.023763288 0.971305907 16.203990936
1741156029.80026197433471679688 0.966432393 0.023986600 -0.255798876 -4.978886604 -0.017092185 0.999429166 0.029141903 0.101507738 0.256351888 -0.023791518 0.966290653 16.345825195
1741156029.90026402473449707031 0.959310293 0.027832137 -0.280978858 -5.042464256 -0.020386130 0.999360144 0.029389061 0.105871886 0.281617045 -0.022465156 0.959263861 16.487239838
1741156030.00026702880859375000 0.954417050 0.026197342 -0.297324389 -5.101051807 -0.017320415 0.999323189 0.032451801 0.112200074 0.297973335 -0.025822772 0.954224885 16.624542236
1741156030.10026311874389648438 0.953909099 0.025987186 -0.298968464 -5.151984215 -0.016965538 0.999320149 0.032732338 0.115733609 0.299615830 -0.026151516 0.953701437 16.767021179
1741156030.20026493072509765625 0.953394830 0.026699904 -0.300541818 -5.203428268 -0.017411649 0.999285638 0.033541605 0.118972823 0.301222682 -0.026745467 0.953178644 16.907203674
1741156030.30026793479919433594 0.952930391 0.027788453 -0.301913023 -5.256451607 -0.018290851 0.999246240 0.034240324 0.123709194 0.302636921 -0.027106399 0.952720404 17.050945282
1741156030.40027093887329101562 0.952765703 0.024521966 -0.302714676 -5.308588505 -0.014901738 0.999309063 0.034049086 0.129024372 0.303340465 -0.027929829 0.952472806 17.202396393
1741156030.50027394294738769531 0.952805996 0.025631288 -0.302495837 -5.358161926 -0.016567636 0.999334693 0.032491323 0.132942021 0.303127378 -0.025946287 0.952596784 17.330041885
1741156030.60027599334716796875 0.952740371 0.024669098 -0.302782446 -5.402405739 -0.016474430 0.999426365 0.029589208 0.136024848 0.303338706 -0.023202665 0.952600241 17.453004837
1741156030.70027899742126464844 0.952670872 0.026398718 -0.302855194 -5.456202030 -0.016638692 0.999257088 0.034762189 0.142602772 0.303547889 -0.028077813 0.952402413 17.606557846
1741156030.80028200149536132812 0.952023447 0.031568557 -0.304392427 -5.516972065 -0.021221939 0.999080956 0.037240617 0.146917105 0.305288315 -0.028994143 0.951818466 17.759721756
1741156030.90028405189514160156 0.952010870 0.025781034 -0.304976374 -5.565734386 -0.015555006 0.999233842 0.035913423 0.148340255 0.305668592 -0.029446060 0.951682508 17.902105331
1741156031.00028705596923828125 0.951784790 0.027190844 -0.305559099 -5.617375851 -0.017878002 0.999287605 0.033235677 0.151535481 0.306245148 -0.026170425 0.951592863 18.041498184
1741156031.10029292106628417969 0.951498091 0.025132414 -0.306626409 -5.671938419 -0.016178945 0.999366224 0.031707160 0.155684292 0.307228953 -0.025208412 0.951301694 18.186111450
1741156031.20029497146606445312 0.951300323 0.026965566 -0.307083935 -5.725791454 -0.018354675 0.999354124 0.030894941 0.158510506 0.307718694 -0.023753941 0.951180816 18.329143524
1741156031.30029797554016113281 0.951764584 0.025270466 -0.305786937 -5.777492523 -0.016063800 0.999339759 0.032587484 0.163618863 0.306408554 -0.026103511 0.951542139 18.474676132
1741156031.40030097961425781250 0.958462358 0.030237533 -0.283611715 -5.820152283 -0.021500004 0.999194920 0.033871118 0.167269468 0.284407556 -0.026366539 0.958340824 18.618783951
1741156031.50030398368835449219 0.966098666 0.029721266 -0.256456614 -5.847137928 -0.021880813 0.999203444 0.033372372 0.171515465 0.257244200 -0.026629526 0.965979457 18.764177322
1741156031.60030603408813476562 0.972437024 0.028180212 -0.231456503 -5.873170853 -0.021970164 0.999327302 0.029364709 0.174951196 0.232128292 -0.023470193 0.972401977 18.901123047
1741156031.70030903816223144531 0.974465847 0.027739793 -0.222815722 -5.911867142 -0.021510301 0.999308228 0.030336957 0.176092446 0.223503128 -0.024769496 0.974388421 19.050653458
1741156031.80031204223632812500 0.974781513 0.030540112 -0.221061707 -5.956579208 -0.024098864 0.999204397 0.031777047 0.181409910 0.221856311 -0.025648344 0.974741995 19.208421707
1741156031.90031409263610839844 0.975002110 0.032098956 -0.219864801 -5.998339653 -0.024833541 0.999052882 0.035730146 0.187056318 0.220803469 -0.029376948 0.974875808 19.363910675
1741156032.00031709671020507812 0.975580454 0.030099053 -0.217570379 -6.036609650 -0.023168929 0.999141812 0.034334041 0.192352444 0.218417078 -0.028454745 0.975440562 19.510128021
1741156032.10032296180725097656 0.975768924 0.033297237 -0.216255054 -6.075463295 -0.026940545 0.999115825 0.032276925 0.195016742 0.217138574 -0.025668794 0.975803256 19.647857666
1741156032.20032501220703125000 0.976072490 0.031511579 -0.215149909 -6.113044262 -0.024808096 0.999121070 0.033787526 0.198922276 0.216025501 -0.027641617 0.975996375 19.791782379
1741156032.30032801628112792969 0.976163149 0.030989630 -0.214814365 -6.150528431 -0.024137393 0.999114931 0.034449138 0.203539759 0.215691805 -0.028442919 0.976047158 19.943393707
1741156032.40033102035522460938 0.976370633 0.032178372 -0.213693559 -6.191632748 -0.025196891 0.999058545 0.035314932 0.207743362 0.214628756 -0.029096048 0.976262212 20.096521378
1741156032.50033402442932128906 0.976991475 0.031563025 -0.210929960 -6.230285645 -0.025191184 0.999143481 0.032828044 0.211962402 0.211785436 -0.026759142 0.976949811 20.235126495
1741156032.60033607482910156250 0.977032065 0.029873101 -0.210987926 -6.266642570 -0.023604924 0.999203801 0.032165568 0.219155043 0.211780816 -0.026446439 0.976959288 20.387521744
1741156032.70033907890319824219 0.977371216 0.034219369 -0.208745062 -6.312778950 -0.027591851 0.999020994 0.034579914 0.223592088 0.209724009 -0.028037749 0.977358520 20.548242569
1741156032.80034208297729492188 0.977489889 0.031923104 -0.208553314 -6.352901459 -0.024847234 0.999026120 0.036461167 0.227806628 0.209514171 -0.030458447 0.977331102 20.702251434
1741156032.90034389495849609375 0.977376461 0.031750664 -0.209110364 -6.404232502 -0.024765564 0.999047101 0.035938583 0.199770868 0.210052177 -0.029946791 0.977231443 20.903211594
1741156033.00034689903259277344 0.977704287 0.031797171 -0.207565069 -6.442319393 -0.025229832 0.999096096 0.034211505 0.206157088 0.208465293 -0.028211905 0.977622807 21.053331375
1741156033.10035300254821777344 0.977771938 0.033853490 -0.206920177 -6.482840061 -0.027345996 0.999039769 0.034229811 0.210526749 0.207880288 -0.027810510 0.977758825 21.207101822
1741156033.20035505294799804688 0.978086174 0.034674473 -0.205292821 -6.522354603 -0.027358634 0.998889029 0.038368855 0.215647101 0.206395164 -0.031911515 0.977948189 21.359306335
1741156033.30035805702209472656 0.978433967 0.037138164 -0.203193903 -6.562405109 -0.030150320 0.998846233 0.037379157 0.221257344 0.204347655 -0.030446675 0.978424788 21.511535645
1741156033.40036106109619140625 0.978633940 0.037357625 -0.202188209 -6.600872040 -0.030858045 0.998903632 0.035204507 0.225376114 0.203281686 -0.028213194 0.978713751 21.664678574
1741156033.50036406517028808594 0.978693902 0.038337011 -0.201713964 -6.642010212 -0.032015059 0.998891354 0.034512069 0.231210262 0.202813432 -0.027318867 0.978836238 21.822084427
1741156033.60036611557006835938 0.978973866 0.036077376 -0.200769946 -6.675538063 -0.029980803 0.998994768 0.033325154 0.236382946 0.201770425 -0.026605211 0.979071438 21.970981598
1741156033.70036888122558593750 0.979110360 0.039494079 -0.199457183 -6.720282555 -0.033588242 0.998893797 0.032908298 0.237457454 0.200536236 -0.025521439 0.979353786 22.137044907
1741156033.80037188529968261719 0.979459107 0.037819177 -0.198064566 -6.756277084 -0.031228842 0.998853147 0.036293354 0.240273476 0.199210003 -0.029362528 0.979516804 22.289323807
1741156033.90037393569946289062 0.979743123 0.038977057 -0.196428761 -6.794531345 -0.032284059 0.998787642 0.037162162 0.246651635 0.197639093 -0.030067855 0.979813635 22.443943024
1741156034.00037693977355957031 0.979955673 0.041498568 -0.194845468 -6.835699081 -0.035341304 0.998763204 0.034972999 0.250773698 0.196055800 -0.027385898 0.980210245 22.593875885
1741156034.10037302970886230469 0.980049789 0.042292897 -0.194200113 -6.875363350 -0.036184318 0.998735666 0.034896936 0.254940510 0.195430472 -0.027173737 0.980341017 22.744440079
1741156034.20037508010864257812 0.980374813 0.038234770 -0.193399504 -6.909960747 -0.031981539 0.998862982 0.035353791 0.258901447 0.194531351 -0.028474752 0.980482936 22.895156860
1741156034.30037808418273925781 0.980729699 0.040565308 -0.191111818 -6.951235294 -0.034431219 0.998783112 0.035310358 0.263871640 0.192311630 -0.028049704 0.980932951 23.050613403
1741156034.40038108825683593750 0.981045604 0.042765100 -0.188999221 -6.988049507 -0.036786798 0.998709023 0.035028536 0.269211471 0.190253228 -0.027411915 0.981352270 23.202674866
1741156034.50038409233093261719 0.981079698 0.040761027 -0.189264938 -7.024048328 -0.034114026 0.998685837 0.038247358 0.278100014 0.190575212 -0.031067116 0.981180906 23.361217499
1741156034.60038590431213378906 0.980945408 0.047382236 -0.188417211 -7.065706730 -0.040803526 0.998419583 0.038644679 0.284906358 0.189950496 -0.030220235 0.981328487 23.517042160
1741156034.70038890838623046875 0.980767250 0.042996842 -0.190386251 -7.103343010 -0.036453545 0.998622477 0.037739974 0.288601190 0.191746682 -0.030073876 0.980983555 23.668928146
1741156034.80039191246032714844 0.980422199 0.038029544 -0.193199486 -7.138964653 -0.031267680 0.998791099 0.037929907 0.290161967 0.194408387 -0.031146422 0.980426073 23.823562622
1741156034.90039396286010742188 0.980504096 0.033628557 -0.193599567 -7.171997547 -0.027822614 0.999080122 0.032631457 0.293036878 0.194518834 -0.026608834 0.980537832 23.974037170
1741156035.00039696693420410156 0.980432928 0.037316475 -0.193284273 -7.214354038 -0.032626528 0.999092162 0.027392182 0.299695224 0.194130987 -0.020550003 0.980760336 24.127220154
1741156035.10040307044982910156 0.980671942 0.036828171 -0.192161962 -7.252586842 -0.031153020 0.998987019 0.032472454 0.304509103 0.193163201 -0.025858400 0.980825841 24.283969879
1741156035.20040488243103027344 0.980939984 0.039334543 -0.190288171 -7.292402267 -0.033982478 0.998931885 0.031309146 0.307676554 0.191316456 -0.024245931 0.981228888 24.441465378
1741156035.30040788650512695312 0.981118619 0.038363103 -0.189564034 -7.334000111 -0.034082972 0.999086201 0.025788711 0.312117845 0.190380156 -0.018840879 0.981529653 24.594312668
1741156035.40041089057922363281 0.981102407 0.042242959 -0.188821569 -7.373366356 -0.037916530 0.998930335 0.026468238 0.317052454 0.189737692 -0.018808592 0.981654644 24.743682861
1741156035.50041389465332031250 0.981172383 0.042952627 -0.188297302 -7.411780834 -0.038284920 0.998864412 0.028358063 0.325364888 0.189301521 -0.020615200 0.981702566 24.900676727
1741156035.60041594505310058594 0.981141090 0.044826355 -0.188023150 -7.449637890 -0.040163167 0.998785436 0.028539969 0.332664341 0.189074129 -0.020450132 0.981749833 25.053070068
1741156035.70041894912719726562 0.981478214 0.043284666 -0.186619923 -7.487074852 -0.037690874 0.998730421 0.033420552 0.334378660 0.187829599 -0.025767677 0.981863558 25.204681396
1741156035.80042195320129394531 0.981621146 0.046674944 -0.185044363 -7.528570652 -0.040414158 0.998480380 0.037464678 0.343717307 0.186511829 -0.029297708 0.982015789 25.366004944
1741156035.90042400360107421875 0.981575012 0.051695779 -0.183951274 -7.568505287 -0.045325622 0.998223543 0.038670268 0.351690173 0.185623571 -0.029620064 0.982174397 25.521730423
1741156036.00042700767517089844 0.981589675 0.050697371 -0.184150770 -7.603417397 -0.044205569 0.998253405 0.039191231 0.359199703 0.185816035 -0.030329216 0.982116342 25.672510147
1741156036.10043311119079589844 0.981768966 0.049949903 -0.183397636 -7.639287472 -0.042850088 0.998178184 0.042476106 0.366947323 0.185185194 -0.033843119 0.982120693 25.822837830
1741156036.20043492317199707031 0.981868863 0.050361473 -0.182749033 -7.675432205 -0.042289961 0.997961223 0.047801096 0.374902844 0.184783772 -0.039205961 0.981996894 25.977390289
1741156036.30043792724609375000 0.982087016 0.051975880 -0.181117564 -7.712756634 -0.044150762 0.997919917 0.046974313 0.378643274 0.183182359 -0.038136385 0.982338965 26.124769211
1741156036.40044093132019042969 0.982135832 0.051516425 -0.180984125 -7.750061512 -0.043746490 0.997952163 0.046666693 0.388762176 0.183017597 -0.037915614 0.982378244 26.277547836
1741156036.50044393539428710938 0.982230365 0.057175033 -0.178758189 -7.788487911 -0.050048187 0.997771323 0.044130892 0.395938993 0.180882975 -0.034400184 0.982902825 26.424837112
1741156036.60044598579406738281 0.982391238 0.054684337 -0.178653479 -7.827075481 -0.048605066 0.998086035 0.038233154 0.403171301 0.180402309 -0.028876452 0.983168960 26.578619003
1741156036.70044898986816406250 0.982333720 0.055106789 -0.178839892 -7.861927986 -0.049095709 0.998075962 0.037868463 0.411436498 0.180582613 -0.028419197 0.983149171 26.729393005
1741156036.80045199394226074219 0.982451200 0.054198481 -0.178471625 -7.893712044 -0.047824588 0.998061419 0.039827555 0.416612715 0.180284232 -0.030593298 0.983138680 26.877368927
1741156036.90045404434204101562 0.982444108 0.055870648 -0.177994639 -7.929705143 -0.049418479 0.997957408 0.040482309 0.426591754 0.179892853 -0.030975379 0.983198404 27.030139923
1741156037.00045704841613769531 0.982696712 0.053402476 -0.177356645 -7.962045670 -0.046289533 0.997958243 0.044006653 0.433840871 0.179344594 -0.035035439 0.983162284 27.184595108
1741156037.10045289993286132812 0.982594550 0.059227165 -0.176068559 -8.001660347 -0.052158982 0.997646451 0.044509023 0.441443294 0.178290308 -0.034550767 0.983371139 27.336126328
1741156037.20045495033264160156 0.982871056 0.057682831 -0.175034866 -8.035478592 -0.050946668 0.997786403 0.042740837 0.449932039 0.177112818 -0.033091288 0.983634114 27.488592148
1741156037.30045795440673828125 0.982852161 0.057242393 -0.175285459 -8.071033478 -0.050807353 0.997867107 0.040985640 0.456707180 0.177257717 -0.031377036 0.983664155 27.642883301
1741156037.40046095848083496094 0.982950211 0.058852814 -0.174198821 -8.106904030 -0.052109916 0.997713625 0.043035891 0.465771824 0.176333323 -0.033224653 0.983769655 27.795488358
1741156037.50046396255493164062 0.982895255 0.061620109 -0.173550904 -8.139173508 -0.055103339 0.997591615 0.042125359 0.472604692 0.175728709 -0.031841580 0.983923554 27.943004608
1741156037.60046601295471191406 0.983176053 0.059551138 -0.172680438 -8.172073364 -0.052822154 0.997664332 0.043308739 0.480572879 0.174856201 -0.033458766 0.984025300 28.092702866
1741156037.70046901702880859375 0.983129561 0.063789941 -0.171426728 -8.205910683 -0.056852076 0.997364104 0.045085378 0.491290927 0.173850864 -0.034578800 0.984164715 28.243537903
1741156037.80047202110290527344 0.983111799 0.066095509 -0.170653477 -8.242212296 -0.059594672 0.997298479 0.042945046 0.501182795 0.173030928 -0.032049745 0.984394789 28.397912979
1741156037.90047407150268554688 0.983217478 0.063390598 -0.171070188 -8.274814606 -0.057233535 0.997531235 0.040691432 0.508988023 0.173227310 -0.030217577 0.984418213 28.556331635
1741156038.00047707557678222656 0.983257532 0.062196296 -0.171278283 -8.306647301 -0.056095961 0.997614384 0.040233605 0.516457200 0.173372060 -0.029951975 0.984400809 28.707202911
1741156038.10048294067382812500 0.983267128 0.064361215 -0.170421362 -8.336497307 -0.058377471 0.997496963 0.039897993 0.523391128 0.172562689 -0.029281616 0.984563231 28.847196579
1741156038.20048499107360839844 0.983348846 0.064580970 -0.169865504 -8.368181229 -0.058770474 0.997508645 0.039020240 0.532085359 0.171962276 -0.028387435 0.984694421 28.992744446
1741156038.30048799514770507812 0.983536899 0.061194587 -0.170030400 -8.397909164 -0.054459915 0.997546136 0.043998525 0.543753266 0.172305629 -0.034014333 0.984456062 29.157621384
1741156038.40049099922180175781 0.983324349 0.066227742 -0.169372693 -8.435103416 -0.059702542 0.997274995 0.043338221 0.550284445 0.171781346 -0.032503549 0.984598756 29.318414688
1741156038.50049400329589843750 0.983694613 0.061062586 -0.169163540 -8.463522911 -0.054822177 0.997640729 0.041322410 0.557177842 0.171287686 -0.031374719 0.984721363 29.465261459
1741156038.60049605369567871094 0.983605921 0.063565500 -0.168756813 -8.494823456 -0.058330771 0.997655094 0.035802741 0.562038660 0.170636907 -0.025372073 0.985007286 29.605199814
1741156038.70049905776977539062 0.983583987 0.062922046 -0.169125289 -8.523943901 -0.057947725 0.997733891 0.034193590 0.569400430 0.170893550 -0.023831842 0.985001266 29.756021500
1741156038.80050206184387207031 0.983533144 0.066401944 -0.168087259 -8.559921265 -0.061175529 0.997474372 0.036088862 0.577883661 0.170059100 -0.025211766 0.985111296 29.920553207
1741156038.89950394630432128906 0.983679891 0.065957390 -0.167402193 -8.590563774 -0.060323052 0.997435093 0.038527846 0.588365674 0.169514015 -0.027800858 0.985135555 30.084333420
1741156038.99950695037841796875 0.983661830 0.068597794 -0.166444510 -8.620236397 -0.062871084 0.997242033 0.039440859 0.597667933 0.168691009 -0.028331921 0.985261738 30.233673096
1741156039.09951305389404296875 0.983515263 0.071911626 -0.165911034 -8.652094841 -0.066520154 0.997067511 0.037834495 0.604927719 0.168145239 -0.026174376 0.985414684 30.382740021
1741156039.19951510429382324219 0.983556628 0.069816001 -0.166559666 -8.683093071 -0.064345345 0.997202992 0.038024988 0.611873269 0.168748558 -0.026682388 0.985297918 30.537586212
1741156039.29951810836791992188 0.983494282 0.068071060 -0.167646572 -8.716696739 -0.062893152 0.997370422 0.036010321 0.617316365 0.169656992 -0.024872122 0.985189259 30.702682495
1741156039.39952111244201660156 0.983602941 0.067623325 -0.167189375 -8.747837067 -0.062797561 0.997447312 0.033990435 0.623943090 0.169061139 -0.022934007 0.985338688 30.859863281
1741156039.49952292442321777344 0.983610749 0.070206568 -0.166074976 -8.780645370 -0.065540671 0.997290194 0.033417478 0.626151919 0.167971075 -0.021985125 0.985546768 31.004898071
1741156039.59952592849731445312 0.983703911 0.068580441 -0.166202679 -8.807942390 -0.063960008 0.997406662 0.033001136 0.637356520 0.168034896 -0.021833023 0.985539258 31.155796051
1741156039.69952893257141113281 0.983527899 0.074268468 -0.164793938 -8.842299461 -0.069603443 0.996998131 0.033912633 0.648699522 0.166817889 -0.021883795 0.985744834 31.311876297
1741156039.79953193664550781250 0.983554840 0.070241369 -0.166391253 -8.867140770 -0.065233849 0.997242689 0.035378184 0.651392102 0.168417469 -0.023942042 0.985424936 31.476455688
1741156039.89953398704528808594 0.983548999 0.070779458 -0.166197702 -8.897825241 -0.065647453 0.997186780 0.036178935 0.659453392 0.168290883 -0.024673300 0.985428572 31.626729965
1741156039.99953699111938476562 0.983539999 0.070290200 -0.166458324 -8.924142838 -0.065070540 0.997208774 0.036612913 0.667230725 0.168567225 -0.025178732 0.985368550 31.777372360
1741156040.09954309463500976562 0.983318925 0.073092408 -0.166557550 -8.948398590 -0.068372294 0.997083545 0.033906981 0.671605945 0.168550134 -0.021953454 0.985448599 31.929924011
1741156040.19954490661621093750 0.983472228 0.071129777 -0.166502044 -8.985156059 -0.065865882 0.997144759 0.036932994 0.677965879 0.168653667 -0.025355771 0.985349178 32.097171783
1741156040.29954791069030761719 0.983331442 0.072940119 -0.166550338 -9.014493942 -0.066980787 0.996906161 0.041129526 0.681234956 0.169035047 -0.029288284 0.985174775 32.262504578
1741156040.39955091476440429688 0.983283818 0.073233292 -0.166702688 -9.044253349 -0.067483768 0.996922076 0.039904490 0.688933671 0.169111922 -0.027987715 0.985199392 32.427219391
1741156040.49955296516418457031 0.983404934 0.068868302 -0.167844728 -9.070578575 -0.064203046 0.997388721 0.033071488 0.694541097 0.169684023 -0.021746524 0.985258579 32.577762604
1741156040.59955596923828125000 0.983429253 0.066097774 -0.168813378 -9.099979401 -0.061620422 0.997598350 0.031630795 0.697416306 0.170498669 -0.020704299 0.985140383 32.737224579
1741156040.69955897331237792969 0.983150244 0.068719976 -0.169390738 -9.129502296 -0.063737109 0.997363746 0.034687001 0.706302047 0.171327874 -0.023306055 0.984938383 32.908126831
