1741156271.69981908798217773438 1.000000000 0.000000000 0.000000000 0.000000000 0.000000000 1.000000000 0.000000000 0.000000000 0.000000000 0.000000000 1.000000000 0.000000000
1741156271.79982209205627441406 0.999997318 -0.001914434 -0.001306411 -0.002511220 0.001920299 0.999988019 0.004502433 -0.000661783 0.001297775 -0.004504930 0.999989033 0.170117229
1741156271.89982390403747558594 0.999997377 0.002161340 -0.000749821 -0.008081743 -0.002158569 0.999990880 0.003677472 -0.004049923 0.000757763 -0.003675844 0.999992967 0.307171792
1741156271.99982690811157226562 0.999998689 -0.001568086 -0.000334332 -0.012950996 0.001570074 0.999980569 0.006030792 -0.004539906 0.000324869 -0.006031309 0.999981761 0.451541394
1741156272.09983301162719726562 0.999997675 -0.002139825 -0.000298404 -0.018624034 0.002141861 0.999973178 0.007001141 -0.001839274 0.000283415 -0.007001764 0.999975443 0.604420900
1741156272.19983506202697753906 0.999997258 -0.000596289 -0.002275530 -0.022246722 0.000607047 0.999988616 0.004730097 -0.002768448 0.002272684 -0.004731466 0.999986231 0.748293042
1741156272.29983806610107421875 0.999998748 0.000250546 -0.001573987 -0.028286826 -0.000238009 0.999968290 0.007960540 -0.001693105 0.001575931 -0.007960156 0.999967098 0.899514079
1741156272.39984107017517089844 0.999997020 -0.001888513 -0.001556325 -0.033724293 0.001898744 0.999976456 0.006598367 -0.001480925 0.001543827 -0.006601302 0.999976993 1.048969865
1741156272.49984288215637207031 0.999995351 0.002898167 -0.000977034 -0.041097362 -0.002893033 0.999982238 0.005215649 0.000914050 0.000992133 -0.005212799 0.999985933 1.196937919
1741156272.59984588623046875000 0.999999583 -0.000259262 -0.000872149 -0.044006538 0.000265549 0.999973893 0.007217012 0.000064091 0.000870255 -0.007217241 0.999973595 1.350399733
1741156272.69984889030456542969 0.999994457 0.003124729 -0.001158130 -0.048479896 -0.003114171 0.999954581 0.009008769 0.000078278 0.001186227 -0.009005113 0.999958754 1.499644756
1741156272.79985189437866210938 0.999993980 -0.000574558 -0.003419374 -0.053177748 0.000604957 0.999960244 0.008895860 0.000154045 0.003414127 -0.008897875 0.999954581 1.650892854
1741156272.89985394477844238281 0.999993861 -0.000954525 -0.003367877 -0.056149449 0.000972084 0.999985933 0.005215777 -0.000882735 0.003362851 -0.005219019 0.999980748 1.793664336
1741156272.99985694885253906250 0.999989212 -0.002069055 -0.004163417 -0.064247578 0.002106356 0.999957502 0.008974965 0.001935480 0.004144670 -0.008983637 0.999951065 1.945592523
1741156273.09985303878784179688 0.999990880 0.001285824 -0.004077400 -0.070369497 -0.001254973 0.999970615 0.007559795 0.002664649 0.004087000 -0.007554609 0.999963105 2.092309237
1741156273.19985508918762207031 0.999987125 0.003867110 -0.003292895 -0.078500271 -0.003835509 0.999947071 0.009549556 0.002877418 0.003329650 -0.009536804 0.999948978 2.239857197
1741156273.29985809326171875000 0.999981701 0.004645897 -0.003878578 -0.085158773 -0.004606022 0.999937117 0.010227243 0.005826237 0.003925849 -0.010209192 0.999940157 2.398903370
1741156273.39986109733581542969 0.999987304 0.002278901 -0.004494364 -0.088471130 -0.002254256 0.999982417 0.005481110 0.006249566 0.004506776 -0.005470909 0.999974906 2.553093672
1741156273.49986290931701660156 0.999986470 0.002435390 -0.004597677 -0.096079543 -0.002416041 0.999988198 0.004209292 0.009454311 0.004607874 -0.004198126 0.999980569 2.696360588
1741156273.59986591339111328125 0.999973893 0.005775653 -0.004335565 -0.105934322 -0.005741573 0.999952853 0.007832249 0.011272133 0.004380597 -0.007807151 0.999959946 2.849704266
1741156273.69986891746520996094 0.999969780 0.006198372 -0.004698321 -0.111302458 -0.006162275 0.999951661 0.007658880 0.012317479 0.004745566 -0.007629696 0.999959648 2.996512175
1741156273.79987192153930664062 0.999969244 0.005598240 -0.005488422 -0.112269759 -0.005544596 0.999937177 0.009740864 0.011454981 0.005542609 -0.009710133 0.999937475 3.143087626
1741156273.89987397193908691406 0.999981105 0.003498807 -0.005048571 -0.121158935 -0.003454742 0.999956071 0.008710685 0.013960183 0.005078827 -0.008693079 0.999949336 3.295376539
1741156273.99987697601318359375 0.999959648 0.006916027 -0.005735375 -0.126916453 -0.006864353 0.999936104 0.008980868 0.014225613 0.005797121 -0.008941136 0.999943197 3.441172838
1741156274.09988307952880859375 0.999973059 0.003171090 -0.006618951 -0.130519852 -0.003114738 0.999958992 0.008506792 0.014690606 0.006645655 -0.008485946 0.999941885 3.591940641
1741156274.19988489151000976562 0.999972820 0.005541492 -0.004857501 -0.137561724 -0.005500498 0.999949515 0.008412495 0.015665710 0.004903873 -0.008385548 0.999952793 3.739348173
1741156274.29988789558410644531 0.999974430 0.005838838 0.004122177 -0.136605382 -0.005875479 0.999942839 0.008933341 0.016226597 -0.004069781 -0.008957333 0.999951601 3.893360138
1741156274.39989089965820312500 0.999887168 0.004973432 0.014176274 -0.134377167 -0.005043544 0.999975204 0.004914240 0.018704651 -0.014151482 -0.004985184 0.999887407 4.044933796
1741156274.49989295005798339844 0.999840140 0.004295339 0.017356066 -0.135268882 -0.004454975 0.999948025 0.009169525 0.016945520 -0.017315779 -0.009245380 0.999807298 4.197641373
1741156274.59989595413208007812 0.999816895 0.006259599 0.018081827 -0.140608817 -0.006441691 0.999928951 0.010029810 0.022042755 -0.018017760 -0.010144451 0.999786198 4.343262672
1741156274.69989895820617675781 0.999822438 0.005047628 0.018154586 -0.139593422 -0.005183319 0.999958932 0.007434935 0.021467242 -0.018116310 -0.007527716 0.999807537 4.490580082
1741156274.79990196228027343750 0.999801934 0.004517545 0.019382296 -0.143513739 -0.004633117 0.999971747 0.005922012 0.021093562 -0.019354995 -0.006010639 0.999794602 4.641716480
1741156274.89990401268005371094 0.999800026 0.003879800 0.019617250 -0.146860495 -0.004053689 0.999952793 0.008832100 0.024393773 -0.019582057 -0.008909856 0.999768555 4.784433842
1741156274.99990701675415039062 0.999770820 0.005303838 0.020741718 -0.146779463 -0.005482332 0.999948323 0.008558150 0.025896190 -0.020695254 -0.008669902 0.999748230 4.911395550
1741156275.09991288185119628906 0.999749780 0.006372896 0.021441946 -0.148476794 -0.006563118 0.999939620 0.008812857 0.025804348 -0.021384487 -0.008951378 0.999731243 5.010809898
1741156275.19991493225097656250 0.999742329 0.005664434 0.021982929 -0.150343537 -0.005915579 0.999917805 0.011376417 0.027499735 -0.021916680 -0.011503528 0.999693632 5.097576618
1741156275.29991793632507324219 0.999746561 0.003133383 0.022293022 -0.147338465 -0.003395619 0.999925375 0.011735016 0.025994185 -0.022254588 -0.011807741 0.999682605 5.163520336
1741156275.39992094039916992188 0.999735296 0.005147398 0.022423379 -0.149911344 -0.005440705 0.999900162 0.013039103 0.029103220 -0.022354024 -0.013157650 0.999663532 5.216598511
1741156275.49992299079895019531 0.999724805 0.004641918 0.022994373 -0.150433734 -0.004950564 0.999898195 0.013383983 0.031922426 -0.022929905 -0.013494135 0.999646008 5.252698898
1741156275.59992599487304687500 0.999717951 0.005972194 0.022987127 -0.150674984 -0.006263664 0.999900639 0.012628665 0.030771390 -0.022909421 -0.012769086 0.999656022 5.261462688
1741156275.69992899894714355469 0.999729276 0.005015190 0.022719948 -0.150726780 -0.005270835 0.999923289 0.011206129 0.031012984 -0.022662004 -0.011322848 0.999679089 5.257961750
1741156275.79993200302124023438 0.999738336 0.004726242 0.022381164 -0.149832979 -0.004977744 0.999924958 0.011194853 0.032011416 -0.022326576 -0.011303332 0.999686837 5.259634972
1741156275.89993405342102050781 0.999717534 0.005226904 0.023185831 -0.150375903 -0.005474513 0.999928534 0.010628729 0.031356506 -0.023128618 -0.010752658 0.999674678 5.257811546
1741156275.99993705749511718750 0.999744534 0.004413752 0.022167075 -0.149201855 -0.004612599 0.999949515 0.008927240 0.029956613 -0.022126554 -0.009027207 0.999714434 5.266750336
1741156276.09994292259216308594 0.999741733 0.002406558 0.022597108 -0.148756847 -0.002683720 0.999921441 0.012243058 0.027054498 -0.022565868 -0.012300541 0.999669671 5.275647163
1741156276.19994497299194335938 0.999742448 0.003957808 0.022346890 -0.148414820 -0.004195995 0.999934793 0.010621806 0.027558578 -0.022303393 -0.010712837 0.999693871 5.275010586
1741156276.29994797706604003906 0.999730706 0.003574646 0.022929797 -0.149988130 -0.003801310 0.999944270 0.009849132 0.028883828 -0.022893311 -0.009933643 0.999688566 5.269139767
1741156276.39995098114013671875 0.999728680 0.004589478 0.022836808 -0.149371013 -0.004824487 0.999935865 0.010246338 0.028354889 -0.022788318 -0.010353734 0.999686718 5.270324230
1741156276.49995303153991699219 0.999730468 0.004265921 0.022821730 -0.148771867 -0.004499957 0.999937713 0.010213451 0.027957506 -0.022776740 -0.010313394 0.999687374 5.272382259
1741156276.59995603561401367188 0.999722004 0.004571765 0.023130247 -0.148822606 -0.004804495 0.999938309 0.010016158 0.028108887 -0.023083029 -0.010124503 0.999682307 5.273009777
1741156276.69995903968811035156 0.999735296 0.004576818 0.022546671 -0.148910120 -0.004801050 0.999939442 0.009901197 0.028098468 -0.022499990 -0.010006824 0.999696732 5.271833420
1741156276.79996204376220703125 0.999737561 0.004281395 0.022505967 -0.148989558 -0.004506573 0.999940217 0.009964081 0.028099660 -0.022461962 -0.010062890 0.999697030 5.272079945
1741156276.89996409416198730469 0.999736249 0.004504881 0.022520704 -0.148901552 -0.004730852 0.999938905 0.009990741 0.028113462 -0.022474321 -0.010094648 0.999696434 5.271874428
1741156276.99996709823608398438 0.999740481 0.004031642 0.022421148 -0.148912281 -0.004257010 0.999940813 0.010012978 0.027540868 -0.022379452 -0.010105826 0.999698460 5.270836353
1741156277.09996294975280761719 0.999734104 0.004145295 0.022683615 -0.149093211 -0.004373671 0.999940157 0.010027545 0.027449351 -0.022640690 -0.010124088 0.999692380 5.270659447
1741156277.19996500015258789062 0.999736011 0.004222589 0.022584960 -0.148978591 -0.004448787 0.999940336 0.009974550 0.027606912 -0.022541493 -0.010072392 0.999695182 5.270606041
1741156277.29996800422668457031 0.999735117 0.004365397 0.022596493 -0.148935005 -0.004591971 0.999939620 0.009984808 0.027539164 -0.022551540 -0.010085925 0.999694824 5.270919800
1741156277.39997100830078125000 0.999743462 0.003990699 0.022295386 -0.148473978 -0.004216312 0.999940276 0.010081487 0.027486235 -0.022253823 -0.010172904 0.999700606 5.271386623
1741156277.49997305870056152344 0.999737859 0.004010962 0.022541268 -0.149009615 -0.004239300 0.999940097 0.010091126 0.027452875 -0.022499442 -0.010184040 0.999695003 5.271056652
1741156277.59997606277465820312 0.999738336 0.004069660 0.022508852 -0.148826212 -0.004296376 0.999940455 0.010033143 0.027497215 -0.022466680 -0.010127224 0.999696314 5.271269321
1741156277.69997906684875488281 0.999735177 0.004276292 0.022612046 -0.149024442 -0.004502987 0.999940038 0.009983964 0.027452467 -0.022567997 -0.010083143 0.999694467 5.270911694
1741156277.79998207092285156250 0.999736428 0.004325234 0.022548163 -0.149048135 -0.004550732 0.999940038 0.009959005 0.027572636 -0.022503737 -0.010058990 0.999696136 5.270802975
1741156277.89998388290405273438 0.999739408 0.004203660 0.022437448 -0.148867711 -0.004428315 0.999940455 0.009972211 0.027601624 -0.022394191 -0.010068973 0.999698520 5.270820141
1741156277.99998688697814941406 0.999737859 0.004057816 0.022533240 -0.149022892 -0.004285256 0.999940276 0.010054450 0.027557019 -0.022491096 -0.010148376 0.999695539 5.270647526
1741156278.09999299049377441406 0.999736667 0.004143054 0.022571648 -0.149107546 -0.004369788 0.999940395 0.010005051 0.027592516 -0.022528851 -0.010101050 0.999695182 5.270701885
1741156278.19999504089355468750 0.999739587 0.004101303 0.022449750 -0.148936853 -0.004326288 0.999940813 0.009982342 0.027529826 -0.022407481 -0.010076866 0.999698162 5.270580292
1741156278.29999804496765136719 0.999738216 0.004004404 0.022527203 -0.149035022 -0.004229945 0.999941349 0.009973215 0.027532110 -0.022485945 -0.010065893 0.999696493 5.270984173
1741156278.40000104904174804688 0.999736667 0.004156997 0.022566862 -0.149038896 -0.004384695 0.999939859 0.010049810 0.027430484 -0.022523727 -0.010146112 0.999694824 5.270936489
1741156278.50000309944152832031 0.999737799 0.003944460 0.022557138 -0.149110556 -0.004173028 0.999940336 0.010094797 0.027294673 -0.022515973 -0.010186282 0.999694586 5.270792961
1741156278.60000610351562500000 0.999735296 0.004109009 0.022637118 -0.148883820 -0.004335826 0.999940813 0.009979761 0.027575301 -0.022594770 -0.010075270 0.999693930 5.271126270
1741156278.70000910758972167969 0.999740064 0.004118026 0.022425182 -0.148842037 -0.004341556 0.999941289 0.009928299 0.027643260 -0.022382980 -0.010023078 0.999699235 5.270740509
1741156278.80001211166381835938 0.999736726 0.004148863 0.022567835 -0.149093568 -0.004376224 0.999940097 0.010034502 0.027435826 -0.022524850 -0.010130622 0.999694943 5.270650387
1741156278.90001392364501953125 0.999740005 0.004068519 0.022435298 -0.148873061 -0.004294550 0.999940395 0.010035802 0.027444789 -0.022393130 -0.010129542 0.999697924 5.270836830
1741156279.00001692771911621094 0.999737859 0.004040943 0.022536449 -0.149205849 -0.004263528 0.999942541 0.009837396 0.027446084 -0.022495402 -0.009930903 0.999697626 5.270649910
1741156279.10002303123474121094 0.999740183 0.003810586 0.022474281 -0.147705317 -0.003963926 0.999969125 0.006782322 0.025502469 -0.022447743 -0.006869646 0.999724388 5.276071548
1741156279.20002508163452148438 0.999721348 0.004728144 0.023126589 -0.150064349 -0.004916842 0.999955058 0.008109344 0.027329454 -0.023087207 -0.008220795 0.999699652 5.314630508
1741156279.30002808570861816406 0.999713302 0.004507074 0.023515176 -0.151664719 -0.004674613 0.999964058 0.007074638 0.027723750 -0.023482444 -0.007182534 0.999698460 5.358498573
1741156279.40003108978271484375 0.999725044 0.003818635 0.023136666 -0.151786178 -0.003931435 0.999980569 0.004831839 0.027082726 -0.023117766 -0.004921470 0.999720633 5.406958103
1741156279.50003409385681152344 0.999705553 0.003904654 0.023949999 -0.151933834 -0.004045855 0.999974728 0.005850016 0.028504385 -0.023926552 -0.005945192 0.999696016 5.474654675
1741156279.60003590583801269531 0.999713480 0.004279713 0.023550769 -0.151245594 -0.004427576 0.999970794 0.006229931 0.026899470 -0.023523418 -0.006332419 0.999703228 5.533864498
1741156279.70003890991210937500 0.999698877 0.006141674 0.023757510 -0.152942181 -0.006284141 0.999962687 0.005926702 0.027899655 -0.023720225 -0.006074212 0.999700189 5.607043743
1741156279.80004191398620605469 0.999689937 0.005018905 0.024388572 -0.154154658 -0.005081166 0.999983966 0.002491534 0.025551923 -0.024375677 -0.002614683 0.999699473 5.666609764
1741156279.90004396438598632812 0.999693871 0.005461779 0.024130771 -0.155416995 -0.005509169 0.999983013 0.001897851 0.026772674 -0.024119996 -0.002030210 0.999706984 5.742837429
1741156280.00004696846008300781 0.999676287 0.004161022 0.025100708 -0.155672550 -0.004205082 0.999989688 0.001702786 0.027221180 -0.025093364 -0.001807785 0.999683499 5.829869747
1741156280.10004305839538574219 0.999680638 0.004897630 0.024792602 -0.154998526 -0.004880280 0.999987781 -0.000760277 0.027070267 -0.024796024 0.000639039 0.999692321 5.915994167
1741156280.20004510879516601562 0.999639153 0.004105084 0.026545566 -0.156940147 -0.004127163 0.999991179 0.000777007 0.029094530 -0.026542142 -0.000886285 0.999647319 6.021925926
1741156280.30004811286926269531 0.999620497 0.006401590 0.026794007 -0.160793170 -0.006454274 0.999977410 0.001880239 0.034198765 -0.026781365 -0.002052461 0.999639213 6.146560192
1741156280.40005111694335937500 0.999633908 0.006865211 0.026171817 -0.157718986 -0.006945812 0.999971390 0.002990031 0.030721858 -0.026150541 -0.003170721 0.999652982 6.273007393
1741156280.50005388259887695312 0.999668479 0.001381229 0.025709461 -0.158724293 -0.001485151 0.999990821 0.004023506 0.030468440 -0.025703667 -0.004060355 0.999661386 6.418667316
1741156280.60005593299865722656 0.999671698 0.005736683 0.024972759 -0.155579686 -0.005852228 0.999972522 0.004556241 0.031690996 -0.024945933 -0.004700892 0.999677777 6.560616493
1741156280.70005893707275390625 0.999682844 -0.001993580 0.025103666 -0.159690097 0.001913676 0.999993026 0.003206560 0.032557063 -0.025109883 -0.003157503 0.999679685 6.721086979
1741156280.80006194114685058594 0.999652922 0.004264489 0.025996601 -0.166189820 -0.004273494 0.999990821 0.000290860 0.035606235 -0.025995122 -0.000401855 0.999661982 6.873757362
1741156280.90006399154663085938 0.999679923 0.003331227 0.025078900 -0.163339436 -0.003400769 0.999990463 0.002730793 0.030927403 -0.025069565 -0.002815207 0.999681771 7.018714428
1741156281.00006699562072753906 0.999668479 0.005894464 0.025062980 -0.166624144 -0.006023611 0.999968946 0.005080523 0.033203632 -0.025032254 -0.005229808 0.999672949 7.172678471
1741156281.10007309913635253906 0.999726474 -0.003227003 0.023164937 -0.161412716 0.003108821 0.999981999 0.005135973 0.033565160 -0.023181094 -0.005062553 0.999718487 7.327808857
1741156281.20007491111755371094 0.999701262 -0.000252261 0.024439301 -0.164826483 0.000191924 0.999996901 0.002471200 0.036536682 -0.024439849 -0.002465772 0.999698281 7.455237389
1741156281.30007791519165039062 0.999725401 0.001015618 0.023411149 -0.166848242 -0.001060586 0.999997616 0.001908491 0.033277798 -0.023409154 -0.001932797 0.999724090 7.623642921
1741156281.40008091926574707031 0.999690831 -0.000689120 0.024853975 -0.171880022 0.000723220 0.999998808 -0.001363073 0.035315324 -0.024853006 0.001380627 0.999690175 7.776812077
1741156281.50008392333984375000 0.999684572 0.000522409 0.025108758 -0.174378753 -0.000526679 0.999999821 0.000163436 0.035410754 -0.025108669 -0.000176609 0.999684691 7.924849033
1741156281.60008597373962402344 0.999646246 0.004537034 0.026207279 -0.175563529 -0.004563301 0.999989152 0.000942543 0.037665226 -0.026202718 -0.001061801 0.999656081 8.076482773
1741156281.70008897781372070312 0.999703765 -0.001230732 0.024308387 -0.174465507 0.001166567 0.999995828 0.002653610 0.038277213 -0.024311550 -0.002624467 0.999700963 8.228075981
1741156281.80009198188781738281 0.999704778 -0.001925646 0.024221467 -0.179323971 0.001851807 0.999993563 0.003070568 0.041052878 -0.024227224 -0.003024808 0.999701917 8.380731583
1741156281.90009403228759765625 0.999734223 0.002370259 0.022932833 -0.183756471 -0.002487671 0.999983966 0.005092621 0.041387100 -0.022920392 -0.005148317 0.999724030 8.533948898
1741156282.00009703636169433594 0.999761105 -0.001284137 0.021819942 -0.180889502 0.001200800 0.999991953 0.003831957 0.044641286 -0.021824686 -0.003804840 0.999754548 8.691259384
1741156282.10010290145874023438 0.999748647 -0.001565853 0.022364566 -0.184327349 0.001473355 0.999990284 0.004151787 0.037744451 -0.022370851 -0.004117793 0.999741256 8.829950333
1741156282.20010495185852050781 0.999765515 -0.004164272 0.021248942 -0.182977095 0.004117861 0.999989033 0.002227450 0.040607419 -0.021257985 -0.002139428 0.999771714 8.986890793
1741156282.30010795593261718750 0.999754190 -0.000775438 0.022156604 -0.188769445 0.000703146 0.999994397 0.003270380 0.042091932 -0.022159016 -0.003253997 0.999749184 9.130820274
1741156282.40011096000671386719 0.999781609 -0.003865032 0.020536603 -0.189247608 0.003770550 0.999982119 0.004637397 0.043431476 -0.020554161 -0.004558950 0.999778330 9.282829285
1741156282.50011396408081054688 0.999751925 -0.004781960 0.021753779 -0.189045861 0.004663242 0.999973953 0.005504805 0.041674327 -0.021779537 -0.005401996 0.999748230 9.417609215
1741156282.60011601448059082031 0.999068260 -0.000117285 0.043157481 -0.202938437 -0.000330662 0.999946177 0.010372070 0.032191582 -0.043156374 -0.010376677 0.999014437 9.499752045
1741156282.70011901855468750000 0.995691955 -0.001396113 0.092712291 -0.200255707 0.000427885 0.999945164 0.010462416 0.022030914 -0.092721812 -0.010377673 0.995637953 9.738806725
1741156282.80012202262878417969 0.987141132 -0.003019050 0.159822628 -0.309172451 0.001033115 0.999921262 0.012507504 -0.037107229 -0.159847796 -0.012181556 0.987066507 9.827729225
1741156282.90012407302856445312 0.975249350 -0.004032222 0.221071243 -0.239518419 0.000789055 0.999890804 0.014756583 -0.030488208 -0.221106604 -0.014216910 0.975145996 10.004924774
1741156283.00012707710266113281 0.964212239 -0.006043770 0.265062690 -0.178786159 0.001784571 0.999865472 0.016306525 -0.027986530 -0.265125573 -0.015249928 0.964093268 10.156170845
1741156283.10012292861938476562 0.960702717 -0.005059210 0.277533233 -0.138572261 0.000621840 0.999870598 0.016074296 -0.026457477 -0.277578622 -0.015270039 0.960581541 10.304553986
1741156283.20012497901916503906 0.960018992 -0.005123972 0.279887974 -0.096141763 0.001242543 0.999900639 0.014043470 -0.022778548 -0.279932112 -0.013134224 0.959929943 10.457974434
1741156283.30012798309326171875 0.959709167 -0.003617613 0.280971855 -0.062371664 -0.000153708 0.999910235 0.013399217 -0.019239396 -0.280995101 -0.012902540 0.959622502 10.611711502
1741156283.40013098716735839844 0.959610403 -0.002848428 0.281317949 -0.024985716 -0.000794374 0.999917328 0.012834171 -0.020507092 -0.281331241 -0.012539275 0.959528804 10.753567696
1741156283.50013399124145507812 0.958972454 0.002272126 0.283490092 0.007151760 -0.006393302 0.999886930 0.013612934 -0.020433830 -0.283427089 -0.014866867 0.958878517 10.890905380
1741156283.60013604164123535156 0.958911180 -0.003373762 0.283686429 0.046779133 -0.000293844 0.999916971 0.012884834 -0.020099606 -0.283706337 -0.012438771 0.958830535 11.036479950
1741156283.70013904571533203125 0.962046206 -0.002138479 0.272878170 0.082942106 -0.000876246 0.999939919 0.010925535 -0.025680136 -0.272885144 -0.010749978 0.961986542 11.204524994
1741156283.80014204978942871094 0.970902681 -0.000359490 0.239474162 0.113105714 -0.001784135 0.999960244 0.008734543 -0.013544418 -0.239467800 -0.008907646 0.970863461 11.373271942
1741156283.90014410018920898438 0.979960144 0.002951476 0.199171722 0.111711614 -0.004648066 0.999956787 0.008051197 -0.015598052 -0.199139357 -0.008815615 0.979931533 11.518819809
1741156284.00014710426330566406 0.985920191 -0.001478953 0.167210042 0.117909230 0.000622820 0.999986410 0.005172425 -0.012303418 -0.167215422 -0.004995456 0.985907733 11.674369812
1741156284.10015296936035156250 0.987229407 0.002794328 0.159280583 0.083284773 -0.003264718 0.999991059 0.002691612 -0.039578937 -0.159271643 -0.003177245 0.987229705 11.750764847
1741156284.20015501976013183594 0.987571716 0.001347573 0.157163367 0.061271124 -0.001490478 0.999998569 0.000791422 -0.057225347 -0.157162085 -0.001015834 0.987572312 11.793233871
1741156284.30015802383422851562 0.987754345 0.000673708 0.156015590 0.061306037 -0.000929490 0.999998331 0.001566513 -0.059703525 -0.156014279 -0.001692345 0.987753332 11.796372414
1741156284.40016102790832519531 0.988192618 0.001981394 0.153203711 0.056060806 -0.002311059 0.999995410 0.001973755 -0.061687369 -0.153199092 -0.002304513 0.988192677 11.805645943
1741156284.50016403198242187500 0.988469481 -0.001531935 0.151412591 0.055485755 0.001051864 0.999994159 0.003250661 -0.063911788 -0.151416674 -0.003053914 0.988465309 11.814790726
1741156284.60016608238220214844 0.988821566 -0.000942659 0.149100617 0.055985685 0.000441152 0.999994159 0.003396585 -0.064632602 -0.149102941 -0.003292840 0.988816202 11.815574646
1741156284.70016908645629882812 0.989058495 -0.001705640 0.147514120 0.055853374 0.000943887 0.999985874 0.005233780 -0.065604560 -0.147520959 -0.005037278 0.989046097 11.820254326
1741156284.80017209053039550781 0.989274502 -0.001970319 0.146055192 0.058448404 0.000803225 0.999967277 0.008049316 -0.067151517 -0.146066263 -0.007845668 0.989243686 11.823950768
1741156284.90017390251159667969 0.989798903 -0.005428557 0.142368063 0.060358129 0.004331265 0.999958515 0.008016201 -0.067293100 -0.142405659 -0.007317793 0.989781320 11.824826241
1741156285.00017690658569335938 0.989795387 -0.000799248 0.142493710 0.057239603 -0.000491358 0.999959171 0.009021866 -0.070361577 -0.142495096 -0.008999817 0.989754617 11.833026886
1741156285.10018301010131835938 0.990321875 -0.000809099 0.138787389 0.061953008 -0.000486754 0.999956608 0.009302771 -0.069641277 -0.138788894 -0.009280293 0.990278482 11.831615448
1741156285.20018506050109863281 0.990499496 -0.001049439 0.137512490 0.063345663 0.000135250 0.999977827 0.006657213 -0.071024597 -0.137516424 -0.006575367 0.990477681 11.834255219
1741156285.30018806457519531250 0.990744233 -0.006306984 0.135595292 0.062804915 0.004887527 0.999929726 0.010798695 -0.072150350 -0.135653868 -0.010036021 0.990705431 11.837202072
1741156285.40019106864929199219 0.990935922 -0.005304211 0.134230480 0.061102308 0.003338444 0.999883950 0.014865563 -0.073788330 -0.134293750 -0.014282700 0.990838647 11.843228340
1741156285.50019407272338867188 0.991313100 -0.005315523 0.131415784 0.064603843 0.003371824 0.999881685 0.015008555 -0.073741883 -0.131480008 -0.014435066 0.991213739 11.846329689
1741156285.60019588470458984375 0.991297185 -0.004503998 0.131565809 0.064990312 0.002720367 0.999902010 0.013733536 -0.075006120 -0.131614774 -0.013256108 0.991212308 11.849118233
1741156285.70019888877868652344 0.991468906 -0.002153946 0.130325511 0.067047991 0.000126255 0.999878824 0.015564932 -0.076575518 -0.130343243 -0.015415692 0.991349101 11.853161812
1741156285.80020189285278320312 0.991625369 -0.004234378 0.129078090 0.068563581 0.002573742 0.999911785 0.013029455 -0.076824315 -0.129121870 -0.012588126 0.991548836 11.858613014
1741156285.90020394325256347656 0.991950214 -0.002904096 0.126595274 0.068467937 0.000950024 0.999879539 0.015493227 -0.077436976 -0.126625016 -0.015248241 0.991833448 11.861322403
1741156286.00020694732666015625 0.992062747 0.000001608 0.125744000 0.070864968 -0.002113399 0.999858975 0.016660968 -0.079042055 -0.125726238 -0.016794471 0.991922796 11.865875244
1741156286.10021305084228515625 0.992304385 -0.003995032 0.123758107 0.073324531 0.001677135 0.999821365 0.018827772 -0.081066579 -0.123811215 -0.018475320 0.992133796 11.871385574
1741156286.20021510124206542969 0.992543399 -0.005996523 0.121744290 0.075053900 0.003331271 0.999750555 0.022083957 -0.082072914 -0.121846355 -0.021513723 0.992315769 11.875189781
1741156286.30021810531616210938 0.990176916 0.000176493 0.139819980 0.072556630 -0.003010327 0.999794304 0.020056499 -0.082693495 -0.139787689 -0.020280387 0.989973783 11.890152931
1741156286.40022110939025878906 0.983738005 -0.004354860 0.179556549 0.125051931 0.001077659 0.999831140 0.018345142 -0.079993591 -0.179606125 -0.017853312 0.983576596 12.104598999
1741156286.50022411346435546875 0.973178089 -0.002926928 0.230034456 0.228594765 -0.000979126 0.999857306 0.016864322 -0.296361834 -0.230050996 -0.016637221 0.973036349 12.645766258
1741156286.60022592544555664062 0.960436225 -0.003860727 0.278473228 0.289800525 -0.001052411 0.999846458 0.017491482 -0.294722229 -0.278497994 -0.017092522 0.960284710 12.794973373
1741156286.70022892951965332031 0.953194380 -0.002855381 0.302344710 0.373296529 -0.002524467 0.999845386 0.017401488 -0.259762317 -0.302347660 -0.017350260 0.953039825 13.096704483
1741156286.80023193359375000000 0.953409314 -0.005512539 0.301629484 0.622459710 -0.000332113 0.999813259 0.019322213 -0.295068234 -0.301679671 -0.018522153 0.953229427 13.208041191
1741156286.90023398399353027344 0.953466415 -0.006804390 0.301422387 0.665953517 0.001004078 0.999811411 0.019393887 -0.293725997 -0.301497519 -0.018188769 0.953293443 13.356274605
1741156287.00023698806762695312 0.953286111 -0.004123422 0.302040666 0.703628302 -0.001803577 0.999811292 0.019341666 -0.290315419 -0.302063435 -0.018982897 0.953098834 13.505369186
1741156287.10023307800292968750 0.952830255 -0.002570870 0.303492934 0.730221748 -0.003721307 0.999790013 0.020152379 -0.299407452 -0.303480983 -0.020331185 0.952620566 13.648395538
1741156287.20023488998413085938 0.952669799 -0.003096665 0.303991228 0.775115371 -0.002848577 0.999813318 0.019111870 -0.288159102 -0.303993672 -0.019073244 0.952483118 13.807098389
1741156287.30023789405822753906 0.951814592 -0.003692102 0.306651890 0.645145893 -0.003211703 0.999752700 0.022005849 -0.313764960 -0.306657284 -0.021930363 0.951567292 13.757098198
1741156287.40024089813232421875 0.951593459 -0.006261669 0.307295710 0.689609885 -0.001026305 0.999722183 0.023549156 -0.310084343 -0.307357788 -0.022724602 0.951322675 13.906954765
1741156287.50024390220642089844 0.951476038 -0.005903638 0.307666183 0.737962365 -0.001578095 0.999709189 0.024063230 -0.299601585 -0.307718754 -0.023381114 0.951190054 14.070631027
1741156287.60024595260620117188 0.951346397 -0.006142739 0.308062106 0.781909347 -0.002410205 0.999622285 0.027375517 -0.295314848 -0.308113933 -0.026786095 0.950972319 14.222362518
1741156287.70024895668029785156 0.950920701 -0.004202343 0.309406072 0.807635963 -0.005284073 0.999541461 0.029815674 -0.293358982 -0.309389502 -0.029987266 0.950462461 14.337492943
1741156287.80025196075439453125 0.950849295 -0.008307217 0.309542537 0.846855819 -0.001329545 0.999521315 0.030908315 -0.301260263 -0.309651136 -0.029800700 0.950383127 14.453677177
1741156287.90025401115417480469 0.950477540 -0.001360097 0.310790330 0.885147989 -0.007753016 0.999575496 0.028085129 -0.295912385 -0.310696602 -0.029103847 0.950063467 14.603243828
1741156288.00025701522827148438 0.950625777 -0.005841305 0.310284585 0.930889249 -0.003250462 0.999580622 0.028776255 -0.290759504 -0.310322523 -0.028364018 0.950208068 14.750124931
1741156288.10026311874389648438 0.950654507 -0.005997506 0.310193598 0.973942578 -0.002919426 0.999595940 0.028274115 -0.289571702 -0.310237825 -0.027784502 0.950252891 14.883110046
1741156288.20026493072509765625 0.950656712 -0.005628294 0.310193688 1.015255690 -0.003733187 0.999555528 0.029577559 -0.285019547 -0.310222268 -0.029276116 0.950213134 15.028624535
1741156288.30026793479919433594 0.950153530 -0.001962187 0.311776161 1.054087400 -0.006877465 0.999605000 0.027250515 -0.278369009 -0.311706483 -0.028036403 0.949764729 15.160684586
1741156288.40027093887329101562 0.950162172 -0.005637533 0.311705053 1.096766472 -0.002525492 0.999664485 0.025778441 -0.274859607 -0.311745793 -0.025280908 0.949829161 15.306142807
1741156288.50027394294738769531 0.949727893 -0.000528440 0.313076079 1.110288382 -0.007104708 0.999704659 0.023239797 -0.305263281 -0.312995881 -0.024295798 0.949443698 15.360574722
1741156288.60027599334716796875 0.949932635 -0.000451585 0.312454462 1.152641892 -0.007026136 0.999715209 0.022805920 -0.300609976 -0.312375784 -0.023859436 0.949658930 15.504819870
1741156288.70027899742126464844 0.949724615 -0.001370784 0.313083440 1.183662057 -0.006234501 0.999709308 0.023289140 -0.305289090 -0.313024342 -0.024070190 0.949440062 15.632421494
1741156288.80028200149536132812 0.949832857 -0.001639189 0.312753737 1.226136446 -0.005466340 0.999746501 0.021841094 -0.303008705 -0.312710255 -0.022455007 0.949583113 15.777018547
1741156288.90028405189514160156 0.949715436 0.001276071 0.313111812 1.249652386 -0.008760277 0.999708533 0.022496983 -0.308130473 -0.312991828 -0.024108678 0.949449778 15.895165443
1741156289.00028705596923828125 0.949810624 -0.004975171 0.312785864 1.295365095 -0.002071795 0.999751568 0.022193294 -0.306140631 -0.312818557 -0.021727454 0.949564338 16.050388336
1741156289.10029292106628417969 0.949608922 -0.005637774 0.313386559 1.337077022 -0.001516913 0.999743879 0.022581710 -0.301918715 -0.313433588 -0.021919172 0.949357092 16.197219849
1741156289.20029497146606445312 0.952591956 -0.001020348 0.304249018 1.372541308 -0.006564396 0.999692678 0.023905501 -0.298608959 -0.304179907 -0.024769399 0.952292502 16.334182739
1741156289.30029797554016113281 0.960649014 -0.004253788 0.277732521 1.400501609 -0.002586492 0.999702394 0.024257991 -0.294633478 -0.277753055 -0.024021769 0.960352123 16.483947754
1741156289.40030097961425781250 0.967909753 -0.002198761 0.251288474 1.417362809 -0.003867485 0.999712944 0.023644164 -0.293430269 -0.251268327 -0.023857271 0.967623413 16.628248215
1741156289.50030398368835449219 0.970982969 -0.001719209 0.239142537 1.443301558 -0.004164866 0.999700963 0.024097383 -0.292727113 -0.239112452 -0.024394145 0.970685422 16.767982483
1741156289.60030603408813476562 0.970875263 -0.002737890 0.239569977 1.473609090 -0.002339112 0.999778748 0.020905249 -0.289736509 -0.239574209 -0.020856770 0.970654011 16.919603348
1741156289.70030903816223144531 0.971384287 -0.004760413 0.237465680 1.412966967 0.000498218 0.999837756 0.018005464 -0.211845517 -0.237512872 -0.017371913 0.971229017 16.800008774
1741156289.80031204223632812500 0.976195157 -0.000479675 0.216893584 1.429263353 -0.003622379 0.999822021 0.018514788 -0.211279571 -0.216863871 -0.018859716 0.976019681 16.939613342
1741156289.90031409263610839844 0.983290374 -0.006303563 0.181934893 1.435275555 0.002425258 0.999765217 0.021531608 -0.205518469 -0.182027891 -0.020730583 0.983074784 17.084108353
1741156290.00031709671020507812 0.988542676 -0.001196629 0.150936812 1.434308052 -0.001822917 0.999800980 0.019865410 -0.200284556 -0.150930554 -0.019912951 0.988343775 17.234266281
1741156290.10031294822692871094 0.990693510 -0.001712848 0.136100754 1.445358038 -0.001262671 0.999762118 0.021773292 -0.195577234 -0.136105672 -0.021742510 0.990455687 17.388204575
1741156290.20031499862670898438 0.990804791 -0.000237530 0.135299072 1.458088994 -0.002542319 0.999789238 0.020372802 -0.195236549 -0.135275394 -0.020529443 0.990595341 17.535974503
1741156290.30031800270080566406 0.991093874 0.002015093 0.133149788 1.471865058 -0.004877748 0.999763846 0.021176821 -0.191679373 -0.133075669 -0.021637687 0.990869641 17.684993744
1741156290.40032100677490234375 0.991293252 -0.000503525 0.131671712 1.484365821 -0.002083125 0.999807537 0.019506212 -0.190592661 -0.131656185 -0.019610664 0.991101444 17.834136963
1741156290.50032401084899902344 0.991558492 -0.000798578 0.129657537 1.498280406 -0.001453704 0.999849737 0.017275440 -0.186114445 -0.129651859 -0.017318092 0.991408348 17.982982635
1741156290.60032606124877929688 0.991759777 0.000106260 0.128111243 1.511894226 -0.002198539 0.999866486 0.016190438 -0.183383718 -0.128092423 -0.016338684 0.991627634 18.129482269
1741156290.70032906532287597656 0.992092013 -0.003013065 0.125476301 1.545337558 0.000848924 0.999850035 0.017297311 -0.160708398 -0.125509605 -0.017054005 0.991945803 18.163631439
1741156290.80033206939697265625 0.992390692 0.000142034 0.123128697 1.555699468 -0.002588500 0.999802411 0.019709436 -0.156200275 -0.123101562 -0.019878181 0.992194951 18.314498901
1741156290.90033388137817382812 0.992542684 0.000014624 0.121897370 1.567183733 -0.002615894 0.999772251 0.021179833 -0.152128115 -0.121869296 -0.021340759 0.992316723 18.458595276
1741156291.00033688545227050781 0.992762387 -0.000854841 0.120092034 1.577034950 -0.001686987 0.999776721 0.021062404 -0.150085703 -0.120083228 -0.021112556 0.992539287 18.605037689
1741156291.10034298896789550781 0.992937148 -0.001425859 0.118633114 1.589462161 -0.001023215 0.999787688 0.020580631 -0.144015312 -0.118637271 -0.020556660 0.992724836 18.761405945
1741156291.20034503936767578125 0.993239045 -0.003668990 0.116029017 1.603876591 0.001131755 0.999758959 0.021925563 -0.141433224 -0.116081491 -0.021646008 0.993003786 18.909883499
1741156291.30034804344177246094 0.993312657 -0.001598225 0.115444608 1.613211274 -0.000743713 0.999794841 0.020240333 -0.140305817 -0.115453273 -0.020190837 0.993107677 19.055585861
1741156291.40035104751586914062 0.993703187 -0.002516293 0.112016119 1.625609159 0.000045934 0.999756873 0.022050729 -0.136223003 -0.112044372 -0.021906735 0.993461728 19.208639145
1741156291.50035405158996582031 0.993691981 -0.002243798 0.112121500 1.634499311 0.000196069 0.999833047 0.018271172 -0.134185091 -0.112143777 -0.018133933 0.993526518 19.356813431
1741156291.60035610198974609375 0.993901074 -0.000392748 0.110274434 1.644114017 -0.001394262 0.999868989 0.016127545 -0.133990467 -0.110266320 -0.016182937 0.993770301 19.504545212
1741156291.70035910606384277344 0.993842781 0.000119614 0.110799402 1.655151486 -0.001696010 0.999898672 0.014133335 -0.132000998 -0.110786483 -0.014234230 0.993742287 19.650897980
1741156291.80036211013793945312 0.993934512 0.001288724 0.109965749 1.664806008 -0.002961121 0.999882400 0.015046399 -0.128613949 -0.109933428 -0.015280757 0.993821502 19.800180435
1741156291.90036392211914062500 0.994016290 0.002246751 0.109208733 1.675263524 -0.003668257 0.999911129 0.012817251 -0.126713976 -0.109170228 -0.013141163 0.993936181 19.949590683
1741156292.00036692619323730469 0.994107366 0.003261965 0.108350888 1.687191963 -0.004801202 0.999891222 0.013948195 -0.124920942 -0.108293600 -0.014386218 0.994014859 20.100006104
1741156292.10037302970886230469 0.994013250 0.003378491 0.109207131 1.696591854 -0.004930458 0.999890625 0.013944323 -0.123351961 -0.109148078 -0.014399284 0.993921220 20.249351501
1741156292.20037508010864257812 0.995173454 0.004788116 0.098014340 1.700755596 -0.006263898 0.999871552 0.014754622 -0.120060161 -0.097931102 -0.015297361 0.995075643 20.402093887
1741156292.30037808418273925781 0.997253060 0.006115238 0.073817186 1.695499063 -0.007188076 0.999872267 0.014276808 -0.119012490 -0.073720455 -0.014768193 0.997169614 20.549900055
1741156292.40038108825683593750 0.999439836 0.003832123 0.033245608 1.677488089 -0.004346495 0.999871731 0.015413400 -0.116184361 -0.033182278 -0.015549268 0.999328375 20.695545197
1741156292.50038409233093261719 0.999959171 0.001417637 -0.008927362 1.653455973 -0.001248879 0.999820948 0.018880736 -0.111325055 0.008952530 -0.018868817 0.999781907 20.845420837
1741156292.60038590431213378906 0.999509215 0.000188440 -0.031324781 1.630264640 0.000391340 0.999828756 0.018501496 -0.107599661 0.031322900 -0.018504674 0.999338031 20.996221542
1741156292.70038890838623046875 0.999429464 -0.004482526 -0.033475623 1.604765534 0.005139443 0.999795377 0.019563541 -0.120904230 0.033381078 -0.019724425 0.999248028 21.121021271
1741156292.80039191246032714844 0.999437809 -0.003079913 -0.033386111 1.578570843 0.003727095 0.999806046 0.019339886 -0.120735504 0.033320069 -0.019453445 0.999255419 21.306978226
1741156292.90039396286010742188 0.999328434 -0.006362408 -0.036085591 1.541655779 0.007062014 0.999788940 0.019293178 -0.148333654 0.035955224 -0.019535057 0.999162436 21.367670059
1741156293.00039696693420410156 0.999383330 -0.003186171 -0.034968387 1.494292617 0.003819715 0.999829531 0.018065793 -0.171225950 0.034904867 -0.018188223 0.999225140 21.430984497
1741156293.10040307044982910156 0.999319792 -0.004782455 -0.036566056 1.457513928 0.005571024 0.999753475 0.021494210 -0.192046493 0.036454245 -0.021683300 0.999100029 21.492691040
1741156293.20040488243103027344 0.999275029 -0.005893463 -0.037612498 1.412977338 0.006654707 0.999774873 0.020146118 -0.217571750 0.037485301 -0.020381814 0.999089301 21.558265686
1741156293.30040788650512695312 0.999242485 -0.005759474 -0.038487002 1.413487911 0.006533612 0.999778271 0.020018846 -0.219452843 0.038363170 -0.020255141 0.999058545 21.564687729
1741156293.40041089057922363281 0.999209583 -0.002898514 -0.039646592 1.412855387 0.003795213 0.999738276 0.022560786 -0.221713439 0.039570823 -0.022693420 0.998959064 21.570819855
1741156293.50041389465332031250 0.999126017 -0.004690159 -0.041535627 1.412436604 0.005590355 0.999751449 0.021583298 -0.222717747 0.041424073 -0.021796633 0.998903871 21.574615479
1741156293.60041594505310058594 0.999097764 -0.003918903 -0.042288657 1.411497355 0.004788110 0.999778926 0.020472480 -0.222353980 0.042199079 -0.020656493 0.998895645 21.578525543
1741156293.70041894912719726562 0.999003053 -0.008890064 -0.043747462 1.412017822 0.009824365 0.999727249 0.021188231 -0.226253256 0.043547165 -0.021596899 0.998817921 21.584089279
