1.000000000 0.000000000 0.000000000 0.000000000 0.000000000 1.000000000 0.000000000 0.000000000 0.000000000 0.000000000 1.000000000 0.000000000
0.999581158 -0.000511349 -0.028934991 -0.016511552 0.000426622 0.999995589 -0.002934290 -0.002073523 0.028936364 0.002920717 0.999576986 0.037781402
0.998130262 -0.000056594 -0.061122585 -0.039365020 -0.000270746 0.999985695 -0.005347169 -0.001889721 0.061122011 0.005353719 0.998115957 0.077128410
0.995824873 0.001863381 -0.091265336 -0.061483499 -0.002515695 0.999972105 -0.007032934 -0.004766780 0.091249682 0.007233166 0.995801747 0.112990022
0.992621064 0.001410776 -0.121249557 -0.083591007 -0.002882981 0.999924242 -0.011967374 -0.006801130 0.121223487 0.012228628 0.992549896 0.144963488
0.988377273 0.000779789 -0.152019098 -0.106586836 -0.003070120 0.999885261 -0.014831935 -0.008025846 0.151990086 0.015126264 0.988266289 0.178398535
0.983768165 0.004529497 -0.179386929 -0.131944016 -0.007447892 0.999850571 -0.015598564 -0.009059994 0.179289475 0.016681425 0.983654916 0.213442057
0.978805184 0.003114941 -0.204769850 -0.153633773 -0.006756217 0.999831200 -0.017085550 -0.010563211 0.204682067 0.018106895 0.978661001 0.242831856
0.973922849 0.003573807 -0.226851225 -0.173555493 -0.007901853 0.999803603 -0.018173540 -0.011426495 0.226741731 0.019492172 0.973759830 0.271290153
0.968313277 0.001619497 -0.249733344 -0.194311500 -0.006636845 0.999792695 -0.019250071 -0.012804814 0.249650389 0.020297540 0.968123257 0.299297601
0.962260485 0.001372019 -0.272126645 -0.216867819 -0.006838530 0.999793410 -0.019140763 -0.014965360 0.272044152 0.020279346 0.962071061 0.328337461
0.955471277 0.000928906 -0.295082718 -0.241279960 -0.006543557 0.999815822 -0.018040521 -0.015640037 0.295011610 0.019168090 0.955301404 0.360487372
0.948507309 0.000727419 -0.316754490 -0.266376972 -0.005714499 0.999873936 -0.014815628 -0.014120505 0.316703767 0.015862824 0.948391855 0.395065725
0.941035271 0.003502981 -0.338290393 -0.293973744 -0.006968673 0.999934912 -0.009030746 -0.010754077 0.338236749 0.010855686 0.940998435 0.431540757
0.933166504 0.005248467 -0.359406173 -0.321513742 -0.005579420 0.999984443 0.000116465 -0.007733058 0.359401196 0.001896597 0.933181226 0.465647966
0.924633980 0.009386986 -0.380741298 -0.349499285 -0.007600068 0.999951899 0.006196475 -0.004193894 0.380781144 -0.002835811 0.924660861 0.498601586
0.914611161 0.010220835 -0.404205322 -0.378796816 -0.009103415 0.999947608 0.004686268 -0.006147195 0.404232055 -0.000606464 0.914656281 0.523726523
0.904071808 0.012503284 -0.427197725 -0.408099622 -0.013167335 0.999912322 0.001399755 -0.008066765 0.427177787 0.004359576 0.904157162 0.545277953
0.890784979 0.011413684 -0.454281718 -0.437102348 -0.012732326 0.999918938 0.000156278 -0.011632396 0.454246670 0.005644853 0.890858054 0.565468371
0.876138628 0.010330674 -0.481948525 -0.468039274 -0.013518592 0.999903679 -0.003142414 -0.015007127 0.481869638 0.009268456 0.876193881 0.586707711
0.859255433 0.003604625 -0.511534095 -0.501602054 -0.008878750 0.999929607 -0.007867985 -0.017693872 0.511469781 0.011302392 0.859226942 0.611209095
0.842216909 -0.004354931 -0.539121270 -0.532338023 -0.003637135 0.999898732 -0.013758958 -0.024371909 0.539126575 0.013548885 0.842115760 0.631034136
0.825476766 -0.024858793 -0.563888490 -0.556658804 0.013991489 0.999623895 -0.023585862 -0.028156973 0.564262748 0.011579941 0.825514078 0.656505466
0.811420918 -0.041508771 -0.582986414 -0.577734530 0.027244447 0.999076843 -0.033214733 -0.033085987 0.583826900 0.011067988 0.811802685 0.674912751
0.796766400 -0.058750551 -0.601424634 -0.596942842 0.042116102 0.998241365 -0.041718498 -0.036753215 0.602817953 0.007910238 0.797839522 0.695437968
0.780459106 -0.074357435 -0.620769322 -0.619851053 0.055787984 0.997224212 -0.049311060 -0.039475344 0.622712851 0.003853800 0.782440960 0.718196452
0.764093280 -0.079188041 -0.640227139 -0.656598508 0.058562733 0.996854186 -0.053405326 -0.042171720 0.642442167 0.003313202 0.766327024 0.743553042
0.739334762 -0.075969018 -0.669038773 -0.714540899 0.055594388 0.997109592 -0.051785596 -0.046369735 0.671039045 0.001092092 0.741421223 0.776244164
0.710969031 -0.076297201 -0.699072063 -0.770951331 0.053312864 0.997083902 -0.054602262 -0.053583600 0.701199532 0.001550985 0.712963402 0.801692188
0.677911103 -0.078455895 -0.730945408 -0.840463281 0.052522436 0.996916950 -0.058292270 -0.062387839 0.733265281 0.001125946 0.679941773 0.831584752
0.643447995 -0.082841836 -0.760994077 -0.919075429 0.053126510 0.996562600 -0.063565448 -0.069652528 0.763644099 0.000472104 0.645637274 0.869111538
0.617555976 -0.080594733 -0.782386839 -1.000997305 0.048292395 0.996744752 -0.064557739 -0.075726330 0.785043001 0.002084683 0.619437814 0.906994820
0.594984531 -0.077853821 -0.799957633 -1.080245972 0.049172599 0.996959090 -0.060453378 -0.082371183 0.802231550 -0.003367165 0.597003520 0.947097063
0.571729839 -0.077580847 -0.816765726 -1.156416893 0.047041733 0.996981204 -0.061769843 -0.089643970 0.819092274 -0.003106407 0.573653460 0.981916606
0.536031306 -0.077346526 -0.840647340 -1.234647036 0.040534064 0.997003496 -0.065886401 -0.097589344 0.843224466 0.001242316 0.537560225 1.000370979
0.480993867 -0.080340400 -0.873035133 -1.331035972 0.035904337 0.996762156 -0.071944997 -0.105382919 0.875988483 0.003259359 0.482321024 1.009119749
0.403515041 -0.073354341 -0.912027836 -1.441245556 0.027080046 0.997301936 -0.068231717 -0.114627481 0.914572179 0.002834771 0.404412746 1.006303191
0.326487720 -0.071376354 -0.942502618 -1.547595978 0.020111535 0.997443557 -0.068570323 -0.122439533 0.944987476 0.003432195 0.327088535 0.995739937
0.257098973 -0.072315231 -0.963675618 -1.637484074 0.016401190 0.997379124 -0.070468709 -0.129366547 0.966245949 0.002312003 0.257611215 0.978164554
0.196424961 -0.074196689 -0.977707565 -1.714568734 0.013702645 0.997243166 -0.072926305 -0.135856971 0.980423093 0.000927367 0.196900129 0.958715796
0.134584308 -0.071127705 -0.988346040 -1.806354523 0.005529716 0.997458816 -0.071030527 -0.143067077 0.990886748 0.004094320 0.134635568 0.933193088
0.040179849 -0.064033352 -0.997138560 -1.925406694 -0.000014364 0.997944415 -0.064085677 -0.147619545 0.999192417 0.002589271 0.040096343 0.889575362
-0.049022436 -0.065669335 -0.996636689 -2.025865078 -0.014944581 0.997772753 -0.065009117 -0.154835254 0.998686016 0.011707414 -0.049894691 0.830462456
-0.128725290 -0.068069287 -0.989341378 -2.110523701 -0.015004921 0.997660935 -0.066689372 -0.162535191 0.991566777 0.006260386 -0.129445553 0.777932644
-0.197054625 -0.068361104 -0.978006244 -2.185144901 -0.022937616 0.997614443 -0.065110072 -0.168771520 0.980124116 0.009602892 -0.198152542 0.720490456
-0.273178816 -0.070464231 -0.959379017 -2.265638113 -0.026589373 0.997485638 -0.065691866 -0.173864469 0.961595714 0.007563661 -0.274365544 0.655683279
-0.352585077 -0.074441537 -0.932814181 -2.334081411 -0.030581195 0.997215033 -0.068021856 -0.181466103 0.935279965 0.004543083 -0.353879690 0.580142260
-0.420576096 -0.077643782 -0.903928697 -2.396562338 -0.042039327 0.996928871 -0.066072233 -0.187233537 0.906282723 0.010212149 -0.422548532 0.501568079
-0.477842450 -0.078126766 -0.874964476 -2.465851784 -0.045714930 0.996899188 -0.064048283 -0.192609712 0.877255201 0.009393947 -0.479932308 0.424528360
-0.508439541 -0.078050628 -0.857553065 -2.546717644 -0.044040293 0.996937335 -0.064625457 -0.197875619 0.859970689 0.004908752 -0.510319710 0.355079651
-0.519755602 -0.076954030 -0.850842237 -2.639273167 -0.045124557 0.997017443 -0.062609479 -0.205156401 0.853122652 0.005852261 -0.521677852 0.285194635
-0.518859506 -0.071810365 -0.851838052 -2.749189138 -0.046352506 0.997362912 -0.055844598 -0.209899440 0.853601933 0.010509328 -0.520819902 0.213023186
-0.521262884 -0.072624594 -0.850300312 -2.852482557 -0.047058493 0.997302473 -0.056331672 -0.215620711 0.852097690 0.010650237 -0.523274422 0.142559767
-0.522171259 -0.071326107 -0.849852860 -2.949002504 -0.045586996 0.997406304 -0.055700105 -0.220986694 0.851621449 0.009657249 -0.524068475 0.079179525
-0.523188591 -0.071370065 -0.849223375 -3.040977478 -0.042174052 0.997434437 -0.057843432 -0.229869574 0.851172924 0.005552171 -0.524856329 0.020431519
-0.522865891 -0.072166383 -0.849354565 -3.130609274 -0.043711185 0.997368813 -0.057833806 -0.235095054 0.851293445 0.006886967 -0.524644613 -0.042448521
-0.524901152 -0.072032839 -0.848109663 -3.228134632 -0.044230841 0.997374654 -0.057335641 -0.241012514 0.850013137 0.007417060 -0.526709199 -0.107360363
-0.541120768 -0.075007580 -0.837593257 -3.318094254 -0.046361670 0.997160316 -0.059345428 -0.247622162 0.839666128 0.006719186 -0.543061614 -0.179593563
-0.575437307 -0.076824017 -0.814229906 -3.390429497 -0.050312746 0.997017980 -0.058513094 -0.256977379 0.816297054 0.007295535 -0.577586532 -0.263816357
-0.617520928 -0.077149704 -0.782761693 -3.449394941 -0.054457698 0.996983469 -0.055301901 -0.263776124 0.784666955 0.008477313 -0.619859576 -0.347750664
-0.659939170 -0.079571366 -0.747093499 -3.505611897 -0.056484576 0.996816337 -0.056273617 -0.266603649 0.749192774 0.005062097 -0.662332654 -0.439620018
-0.695849061 -0.076099314 -0.714144886 -3.565942049 -0.055034261 0.997096658 -0.052626334 -0.274204969 0.716076314 0.002682447 -0.698016882 -0.533554077
-0.707516670 -0.077575646 -0.702425897 -3.639247417 -0.059721835 0.996964574 -0.049949713 -0.279049903 0.704168618 0.006609906 -0.710002065 -0.638918400
-0.708883762 -0.078405067 -0.700954199 -3.706726074 -0.059295446 0.996908903 -0.051542804 -0.283728778 0.702828705 0.005025543 -0.711341619 -0.712127686
-0.707669497 -0.083863549 -0.701548815 -3.771908045 -0.063901655 0.996458292 -0.054658018 -0.288928747 0.703647912 0.006150316 -0.710522175 -0.787570953
-0.708397865 -0.083237894 -0.700888157 -3.849717140 -0.064633317 0.996499658 -0.053019077 -0.294294834 0.702848017 0.007742132 -0.711298108 -0.872445107
-0.709408164 -0.082363196 -0.699968874 -3.929300547 -0.064004205 0.996573150 -0.052396402 -0.301378995 0.701885760 0.007630516 -0.712248683 -0.956099987
-0.709976315 -0.082600176 -0.699364841 -4.003284454 -0.063051984 0.996564865 -0.053693041 -0.307398260 0.701397479 0.005975557 -0.712745547 -1.036163807
-0.709838152 -0.082210042 -0.699551105 -4.067469597 -0.065013491 0.996572793 -0.051146019 -0.312107056 0.701358318 0.009174870 -0.712750196 -1.109568119
-0.710572481 -0.084330283 -0.698552191 -4.122311592 -0.063995160 0.996422768 -0.055193324 -0.317604423 0.700707734 0.005485102 -0.713427305 -1.167960167
-0.711168647 -0.084055655 -0.697978497 -4.184404850 -0.064204849 0.996443033 -0.054580774 -0.320067704 0.700083613 0.005997472 -0.714035869 -1.234878540
-0.711481214 -0.081826471 -0.697924793 -4.252415657 -0.062855788 0.996626556 -0.052770332 -0.323994130 0.699888408 0.006323516 -0.714224339 -1.307641506
-0.711492538 -0.080040902 -0.698120236 -4.305019855 -0.062064614 0.996766865 -0.051027898 -0.326960862 0.699947417 0.007022591 -0.714159846 -1.364576340
-0.711794496 -0.080988318 -0.697703183 -4.339550972 -0.062950611 0.996688426 -0.051472068 -0.329374671 0.699561357 0.007283316 -0.714535594 -1.403717041
-0.711736321 -0.080012329 -0.697875082 -4.363652229 -0.062666871 0.996762693 -0.050368641 -0.331806600 0.699645936 0.007884461 -0.714446306 -1.429399490
-0.711848617 -0.079526909 -0.697816014 -4.374588966 -0.062662311 0.996797621 -0.049678087 -0.332710862 0.699532092 0.008363483 -0.714552402 -1.441764355
-0.711968541 -0.080519795 -0.697579801 -4.373967648 -0.062504306 0.996727645 -0.051256094 -0.332550645 0.699424207 0.007109018 -0.714671612 -1.439774036
-0.711955190 -0.080638990 -0.697579622 -4.369974136 -0.062326983 0.996720612 -0.051607773 -0.332347274 0.699453592 0.006735612 -0.714646339 -1.436167717
-0.711676002 -0.081285276 -0.697789490 -4.368477821 -0.062725209 0.996668577 -0.052128129 -0.331746340 0.699702084 0.006670652 -0.714403749 -1.435220242
-0.711659789 -0.080951393 -0.697844744 -4.368158340 -0.062634066 0.996694267 -0.051744532 -0.332469374 0.699726641 0.006884348 -0.714377522 -1.435144901
-0.711752892 -0.080816709 -0.697765410 -4.369019985 -0.062331546 0.996707261 -0.051859763 -0.332141370 0.699658990 0.006581464 -0.714446664 -1.435905457
-0.711999297 -0.080716915 -0.697525382 -4.370225430 -0.062162083 0.996716440 -0.051887013 -0.331739783 0.699423134 0.006416111 -0.714678884 -1.435132504
-0.711904287 -0.080810227 -0.697611630 -4.369586945 -0.062216748 0.996708930 -0.051965740 -0.331546843 0.699515104 0.006408492 -0.714589119 -1.435606480
-0.711797953 -0.080844954 -0.697716117 -4.368916512 -0.062373206 0.996704817 -0.051856957 -0.332021236 0.699609399 0.006607116 -0.714494944 -1.435438156
-0.711710691 -0.081791416 -0.697695017 -4.370459557 -0.062606663 0.996631503 -0.052971691 -0.332158655 0.699677467 0.005979843 -0.714434028 -1.436603546
-0.711643934 -0.082326047 -0.697700202 -4.384072781 -0.062775604 0.996589243 -0.053563677 -0.332933605 0.699730217 0.005680286 -0.714384794 -1.451753616
-0.712115407 -0.081077158 -0.697365224 -4.406521797 -0.063179240 0.996679723 -0.051360544 -0.334444672 0.699213922 0.007484366 -0.714873433 -1.476569653
-0.711643457 -0.082089484 -0.697728574 -4.426645279 -0.064235404 0.996592820 -0.051735152 -0.336890340 0.699598253 0.008001904 -0.714491844 -1.500238895
-0.712349296 -0.081635058 -0.697061002 -4.452765465 -0.064006612 0.996629655 -0.051308051 -0.338063121 0.698900163 0.008067256 -0.715173602 -1.528755665
-0.712488413 -0.081902385 -0.696887791 -4.481943130 -0.065448582 0.996591806 -0.050211687 -0.340313375 0.698625147 0.009835079 -0.715420485 -1.561488628
-0.712647080 -0.080934897 -0.696838737 -4.516652107 -0.065212145 0.996664345 -0.049066875 -0.341116607 0.698485553 0.010474988 -0.715547919 -1.598254204
-0.713237166 -0.080817141 -0.696248233 -4.549089909 -0.065333016 0.996671438 -0.048761651 -0.344218075 0.697871506 0.010709380 -0.716143131 -1.633068085
-0.713390708 -0.080155276 -0.696167231 -4.583761215 -0.064833783 0.996725380 -0.048323132 -0.347180277 0.697760940 0.010661875 -0.716251373 -1.672157764
-0.713809133 -0.079842761 -0.695774078 -4.621758461 -0.063673407 0.996764243 -0.049058668 -0.350235552 0.697439671 0.009283774 -0.716583252 -1.713204861
-0.714061856 -0.080118701 -0.695483208 -4.658669472 -0.062954292 0.996753633 -0.050188646 -0.353078485 0.697246492 0.007945859 -0.716787577 -1.753081322
-0.714547753 -0.078439735 -0.695175350 -4.696450710 -0.061897870 0.996885836 -0.048860297 -0.354903460 0.696843028 0.008116860 -0.717177749 -1.793458462
-0.715055466 -0.077621616 -0.694744945 -4.731844425 -0.061065983 0.996953011 -0.048535131 -0.357359678 0.696395397 0.007719970 -0.717616796 -1.830305099
-0.715648174 -0.076907225 -0.694214106 -4.768636703 -0.058506992 0.997027040 -0.050140396 -0.360855371 0.696006358 0.004733502 -0.718020082 -1.867811680
-0.716641545 -0.075283676 -0.693366587 -4.811611652 -0.055910438 0.997158766 -0.050481278 -0.364127994 0.695197046 0.002589450 -0.718814492 -1.913524628
-0.716421008 -0.074470475 -0.693682313 -4.854852200 -0.057278141 0.997208536 -0.047899928 -0.366097510 0.695313036 0.005416323 -0.718686581 -1.963282108
-0.717653275 -0.072434850 -0.692623198 -4.888991833 -0.055481445 0.997361481 -0.046818070 -0.368162155 0.694186985 0.004828594 -0.719778538 -2.001782894
-0.719443440 -0.076963432 -0.690273881 -4.904823780 -0.057824440 0.997028470 -0.050897665 -0.370168746 0.692139983 0.003296716 -0.721755981 -2.023944378
-0.722470403 -0.078893885 -0.686886072 -4.920573711 -0.057847366 0.996882558 -0.053655095 -0.372221470 0.688977778 0.000970334 -0.724781990 -2.045976162
-0.729651451 -0.078288287 -0.679323077 -4.943594456 -0.058343276 0.996929586 -0.052225016 -0.373363018 0.681325912 0.001527880 -0.731978655 -2.078976631
-0.737131715 -0.077320471 -0.671311080 -4.965858936 -0.058537021 0.997004211 -0.050556812 -0.375304490 0.673209071 0.002029528 -0.739449501 -2.114216805
-0.743992090 -0.080522127 -0.663318932 -4.984592438 -0.062064342 0.996748507 -0.051385429 -0.377370358 0.665299833 0.002938101 -0.746570587 -2.150563717
-0.753273726 -0.079046629 -0.652939737 -5.011764050 -0.061599497 0.996866882 -0.049618185 -0.379317969 0.654816151 0.002844684 -0.755782843 -2.192907810
-0.766209483 -0.076427661 -0.638030052 -5.039829731 -0.061343227 0.997066796 -0.045768604 -0.381233633 0.639656544 0.004070488 -0.768650293 -2.244685650
-0.778961062 -0.077077433 -0.622317255 -5.062495232 -0.063628942 0.997010231 -0.043840215 -0.383185118 0.623835742 0.005447568 -0.781536460 -2.294219494
-0.794039369 -0.078790635 -0.602738559 -5.079509258 -0.066099957 0.996875942 -0.043233555 -0.385673642 0.604261994 0.005511856 -0.796766758 -2.342461586
-0.811683893 -0.079048939 -0.578723252 -5.102485180 -0.066524021 0.996863842 -0.042860825 -0.387163371 0.580296397 0.003709560 -0.814396977 -2.403858662
-0.829398632 -0.079111315 -0.553027511 -5.128646851 -0.068633817 0.996852994 -0.039668120 -0.389712036 0.554425299 0.005055703 -0.832218289 -2.478317261
-0.846609712 -0.077346452 -0.526564300 -5.150596619 -0.068670623 0.996988297 -0.036037959 -0.391821027 0.527765810 0.005649413 -0.849371314 -2.549161434
-0.860851407 -0.077957407 -0.502849281 -5.171643257 -0.071151212 0.996927798 -0.032747950 -0.391390115 0.503857374 0.007587213 -0.863753557 -2.618827343
-0.872678995 -0.074129313 -0.482634813 -5.190382004 -0.069169864 0.997209251 -0.028094446 -0.394227207 0.483370513 0.008866349 -0.875371099 -2.681310654
-0.879454851 -0.076658085 -0.469769090 -5.206900597 -0.072643444 0.997000575 -0.026697235 -0.396738440 0.470406622 0.010646630 -0.882385731 -2.732927322
-0.886708140 -0.073562719 -0.456440061 -5.223769665 -0.068163998 0.997272491 -0.028307140 -0.397724211 0.457277477 0.006012611 -0.889303923 -2.783663750
-0.889983892 -0.074444227 -0.449874818 -5.246841431 -0.069134556 0.997207344 -0.028247206 -0.398594588 0.450721323 0.005962344 -0.892645121 -2.841753006
-0.891505837 -0.072263151 -0.447208941 -5.270527840 -0.067545116 0.997363925 -0.026510697 -0.399584860 0.447945833 0.006572339 -0.894036770 -2.898709297
-0.893990517 -0.073733419 -0.441977680 -5.294856548 -0.067737564 0.997271121 -0.029357763 -0.402497858 0.442936242 0.003692928 -0.896545529 -2.954288960
-0.903959751 -0.075120337 -0.420967907 -5.312418461 -0.070746668 0.997154832 -0.026022134 -0.403094649 0.421724975 0.006259114 -0.906702399 -3.031170845
-0.917533636 -0.076795831 -0.390172333 -5.321244240 -0.073761612 0.997015715 -0.022779400 -0.403647304 0.390757293 0.007878874 -0.920459986 -3.108865738
-0.929868817 -0.075025976 -0.360160381 -5.326999664 -0.072222203 0.997162044 -0.021256886 -0.405636072 0.360733062 0.006245464 -0.932648420 -3.178379536
-0.939441442 -0.073813461 -0.334666133 -5.335886955 -0.070841558 0.997264504 -0.021095797 -0.405418187 0.335307807 0.003890004 -0.942100644 -3.245961666
-0.946772695 -0.072616033 -0.313605815 -5.343528748 -0.069209360 0.997359574 -0.021998243 -0.406422764 0.314375192 0.000877124 -0.949298501 -3.310834408
-0.953855872 -0.074749827 -0.290811926 -5.346225739 -0.071946964 0.997201145 -0.020334758 -0.406527042 0.291518003 0.001526606 -0.956564188 -3.377079487
-0.960406303 -0.077079654 -0.267728418 -5.349724770 -0.075296327 0.997017324 -0.016937613 -0.405585945 0.268235415 0.003891975 -0.963345528 -3.445519447
-0.967449546 -0.076608934 -0.241189972 -5.349396706 -0.075141706 0.997055650 -0.015289082 -0.405899584 0.241651103 0.003332010 -0.970357656 -3.513157368
-0.974638462 -0.078711137 -0.209485561 -5.342917442 -0.078117818 0.996882141 -0.011118130 -0.405073941 0.209707528 0.005528397 -0.977748394 -3.583946228
-0.981079578 -0.078777984 -0.176852018 -5.336655617 -0.078276098 0.996883333 -0.009823876 -0.406900078 0.177074730 0.004205280 -0.984188318 -3.654239655
-0.984770179 -0.077730402 -0.155519336 -5.332646847 -0.077593714 0.996960759 -0.006958690 -0.406578392 0.155587569 0.005214612 -0.987808704 -3.715051651
-0.985720515 -0.077807225 -0.149336174 -5.334961414 -0.077991791 0.996943235 -0.004629096 -0.405041993 0.149239868 0.007084000 -0.988775730 -3.762899876
-0.985807419 -0.078201272 -0.148556054 -5.336222649 -0.078096114 0.996924341 -0.006549988 -0.405112892 0.148611352 0.005144623 -0.988882661 -3.790349483
-0.985753417 -0.078326888 -0.148846641 -5.339798450 -0.077601977 0.996927202 -0.010680832 -0.406244516 0.149225861 0.001022127 -0.988802671 -3.823960304
-0.985618353 -0.080192238 -0.148748517 -5.345551014 -0.080462158 0.996748745 -0.004212166 -0.404520392 0.148602694 0.007817038 -0.988866329 -3.881619930
-0.985571504 -0.081132658 -0.148547277 -5.350805283 -0.081706457 0.996653914 -0.002245873 -0.403702497 0.148232445 0.009923804 -0.988902807 -3.932471752
-0.985352397 -0.081919082 -0.149566576 -5.352800846 -0.082451053 0.996591568 -0.002651184 -0.405760139 0.149273977 0.009719570 -0.988748193 -3.970375538
-0.985316157 -0.083268784 -0.149059892 -5.357575417 -0.083469965 0.996498168 -0.004916816 -0.406279117 0.148947313 0.007597406 -0.988816142 -4.009437561
-0.985553145 -0.081616305 -0.148404300 -5.365733624 -0.082093008 0.996620417 -0.002920770 -0.404568434 0.148141131 0.009304380 -0.988922477 -4.060910702
-0.985674620 -0.080559999 -0.148174614 -5.370419025 -0.081491560 0.996674001 0.000216609 -0.402569085 0.147664323 0.012288485 -0.988961220 -4.109579563
-0.985445380 -0.082814112 -0.148457736 -5.371491909 -0.083287179 0.996520936 -0.003038283 -0.405493438 0.148192868 0.009370563 -0.988914371 -4.131035328
-0.985435605 -0.082049303 -0.148945332 -5.374765873 -0.082040004 0.996609628 -0.006217017 -0.405467540 0.148950458 0.006093004 -0.988825917 -4.150290966
-0.985391378 -0.082858674 -0.148790240 -5.378693581 -0.083191417 0.996525586 -0.003996813 -0.405409485 0.148604453 0.008439646 -0.988860846 -4.182939053
-0.985516191 -0.081211582 -0.148872927 -5.382471561 -0.081917599 0.996638119 -0.001393603 -0.404008210 0.148485601 0.010821892 -0.988855720 -4.204780579
-0.985427260 -0.081754111 -0.149163470 -5.380942822 -0.082089521 0.996617258 -0.003917321 -0.405336380 0.148979142 0.008384522 -0.988804936 -4.197161674
-0.985334039 -0.082524143 -0.149356142 -5.379272461 -0.082640506 0.996564567 -0.005437776 -0.405460209 0.149291798 0.006984841 -0.988768816 -4.188174725
-0.985364676 -0.082398981 -0.149222076 -5.379172325 -0.082667395 0.996567428 -0.004413730 -0.404801935 0.149073541 0.007986665 -0.988794088 -4.190928459
-0.985285401 -0.083126292 -0.149342403 -5.379399776 -0.083459690 0.996502936 -0.004044428 -0.405536979 0.149156347 0.008479155 -0.988777518 -4.193247318
-0.985347629 -0.082766891 -0.149131402 -5.380568981 -0.083072126 0.996534705 -0.004192096 -0.404518962 0.148961589 0.008257991 -0.988808751 -4.196712017
-0.985339999 -0.082893707 -0.149110466 -5.380919933 -0.083153956 0.996526539 -0.004499144 -0.404022574 0.148965493 0.007965939 -0.988810420 -4.197185516
-0.985350132 -0.082799949 -0.149095595 -5.380602837 -0.083072774 0.996533751 -0.004407825 -0.404564738 0.148943767 0.008042534 -0.988813043 -4.195154667
-0.985309601 -0.083114341 -0.149188623 -5.380066872 -0.083399743 0.996506691 -0.004353175 -0.404799759 0.149029270 0.008153067 -0.988799334 -4.194666862
-0.985297561 -0.082972936 -0.149347305 -5.379974842 -0.083256178 0.996518612 -0.004365596 -0.404791296 0.149189606 0.008132676 -0.988775373 -4.194727421
-0.985271454 -0.083152920 -0.149419993 -5.379582405 -0.083425745 0.996504068 -0.004452134 -0.404686153 0.149267837 0.008078914 -0.988764048 -4.194729328
-0.985309839 -0.082786016 -0.149369061 -5.380072594 -0.083072029 0.996534109 -0.004334252 -0.404646426 0.149210185 0.008137809 -0.988772154 -4.194910049
-0.985287547 -0.083055459 -0.149366498 -5.379993439 -0.083340265 0.996511579 -0.004362481 -0.404836655 0.149207771 0.008149944 -0.988772392 -4.194775581
-0.985324740 -0.082911231 -0.149202526 -5.380018234 -0.083200641 0.996523499 -0.004312003 -0.404686093 0.149041340 0.008165022 -0.988797426 -4.196039677
-0.985324383 -0.082879364 -0.149220198 -5.380229473 -0.083164275 0.996526420 -0.004340443 -0.404673040 0.149061605 0.008133044 -0.988794327 -4.194925785
-0.985302925 -0.083020031 -0.149285838 -5.380528450 -0.083285645 0.996515632 -0.004482591 -0.404137790 0.149137810 0.008016657 -0.988784194 -4.195831299
-0.985330701 -0.082812555 -0.149217159 -5.380264759 -0.083088614 0.996532500 -0.004393930 -0.404655397 0.149063617 0.008068772 -0.988794804 -4.194869518
-0.985309362 -0.082866907 -0.149327293 -5.380364418 -0.083135560 0.996528327 -0.004453100 -0.404448509 0.149177894 0.008026727 -0.988777876 -4.195081711
-0.985286951 -0.083000645 -0.149402201 -5.379979610 -0.083275005 0.996516764 -0.004429561 -0.404598653 0.149249464 0.008077079 -0.988766789 -4.195048809
-0.985308170 -0.082830019 -0.149356022 -5.380173206 -0.083117552 0.996530354 -0.004326773 -0.404653758 0.149196193 0.008150901 -0.988774180 -4.195298672
-0.985331297 -0.082756601 -0.149242908 -5.380331516 -0.083061524 0.996535599 -0.004199716 -0.404689044 0.149073422 0.008258232 -0.988791585 -4.195614338
-0.985332727 -0.082873933 -0.149169669 -5.380310059 -0.083166279 0.996526480 -0.004287840 -0.405015796 0.149006873 0.008180937 -0.988802433 -4.195233822
-0.985342622 -0.082869522 -0.149106786 -5.380656242 -0.083152734 0.996527314 -0.004344685 -0.404740214 0.148949027 0.008117632 -0.988811731 -4.195280552
-0.985339880 -0.082824141 -0.149148539 -5.380377769 -0.083120644 0.996530414 -0.004255366 -0.404814929 0.148983493 0.008204340 -0.988805652 -4.195240021
-0.985347152 -0.082825668 -0.149101317 -5.380834579 -0.083127238 0.996529996 -0.004219247 -0.404683113 0.148933396 0.008236957 -0.988813043 -4.195077419
-0.985272050 -0.083147943 -0.149417371 -5.379540443 -0.083432004 0.996503830 -0.004377219 -0.404722422 0.149258941 0.008153439 -0.988764644 -4.195276260
-0.985296011 -0.082991973 -0.149347588 -5.379924774 -0.083267078 0.996517479 -0.004420898 -0.404428184 0.149194390 0.008079844 -0.988775253 -4.195243359
-0.985261321 -0.083212197 -0.149451748 -5.379724503 -0.083168551 0.996513963 -0.006553001 -0.405978471 0.149476036 0.005973267 -0.988747358 -4.197043419
-0.985472322 -0.081567101 -0.148968682 -5.383897781 -0.081634007 0.996646225 -0.005675721 -0.406556070 0.148932025 0.006567645 -0.988825917 -4.224303722
-0.985408068 -0.081638999 -0.149351925 -5.389519691 -0.081894286 0.996631086 -0.004450396 -0.405973345 0.149212092 0.007845612 -0.988774061 -4.269213676
-0.984908342 -0.085710019 -0.150365546 -5.392681122 -0.086000711 0.996284544 -0.004580647 -0.406408429 0.150199473 0.008420027 -0.988620043 -4.322244167
-0.984830260 -0.085279949 -0.151117831 -5.399562836 -0.085346498 0.996332943 -0.006057546 -0.404176801 0.151080251 0.006931722 -0.988497138 -4.392903805
-0.984703302 -0.087583281 -0.150627166 -5.415315151 -0.087583043 0.996135056 -0.006648581 -0.404360980 0.150627300 0.006645505 -0.988568306 -4.480631828
-0.984969497 -0.085994765 -0.149800569 -5.427483082 -0.085710123 0.996284962 -0.008367416 -0.404379934 0.149963617 0.004597778 -0.988680959 -4.574985981
-0.984927177 -0.087586083 -0.149156436 -5.439932823 -0.086830698 0.996155739 -0.011581708 -0.404096186 0.149597436 0.001544220 -0.988746047 -4.686172962
-0.984798074 -0.088264853 -0.149606556 -5.454471588 -0.087344810 0.996096909 -0.012722370 -0.407400995 0.150145561 0.000538390 -0.988663793 -4.812328815
-0.984702945 -0.089737058 -0.149357229 -5.471727371 -0.088969037 0.995964170 -0.011829597 -0.407203078 0.149816006 0.001639530 -0.988712668 -4.954652786
-0.984874845 -0.088135414 -0.149176478 -5.489899635 -0.087367140 0.996107399 -0.011708556 -0.407284021 0.149627730 0.001501659 -0.988741279 -5.106988907
-0.984751225 -0.088503309 -0.149774447 -5.506562233 -0.087623499 0.996075511 -0.012476390 -0.408857793 0.150290862 0.000837620 -0.988641620 -5.253334522
-0.983879328 -0.095525965 -0.151183158 -5.521399498 -0.094769105 0.995424271 -0.012220326 -0.408540815 0.151658744 0.002304165 -0.988430262 -5.397325993
-0.983490109 -0.094057083 -0.154598325 -5.541541100 -0.093247801 0.995564520 -0.012494392 -0.410273880 0.155087799 0.002127844 -0.987898469 -5.533397198
-0.981122494 -0.091508009 -0.170366675 -5.568942070 -0.089956842 0.995803654 -0.016818516 -0.413561702 0.171190783 -0.001175376 -0.985237122 -5.667370796
-0.977418423 -0.092971094 -0.189762726 -5.600990295 -0.091284759 0.995668828 -0.017627377 -0.414520681 0.190579668 0.000093125 -0.981671929 -5.802958965
-0.974570036 -0.093444973 -0.203669474 -5.631079197 -0.092151776 0.995618880 -0.015845403 -0.416800976 0.204257846 0.003326048 -0.978911519 -5.934935570
-0.974492669 -0.090887532 -0.205191299 -5.656534672 -0.089604869 0.995855927 -0.015554250 -0.418959171 0.205754653 0.003228636 -0.978598356 -6.064677715
-0.974455118 -0.090358637 -0.205603689 -5.681248665 -0.089064546 0.995904326 -0.015559874 -0.420844644 0.206167579 0.003149602 -0.978511810 -6.192988396
-0.973104358 -0.094428852 -0.210122913 -5.702955723 -0.093463004 0.995516479 -0.014545026 -0.420709997 0.210554302 0.005484891 -0.977567077 -6.324702263
-0.968596339 -0.094596677 -0.229939952 -5.742059708 -0.093660958 0.995491028 -0.015006007 -0.423416913 0.230322689 0.007001632 -0.973088980 -6.455779076
-0.957947731 -0.092310339 -0.271689236 -5.797950745 -0.090710148 0.995706022 -0.018471042 -0.428917468 0.272227675 0.006950679 -0.962207794 -6.578844070
-0.942905903 -0.089567989 -0.320789814 -5.863150597 -0.086832389 0.995960772 -0.022854315 -0.435814202 0.321541071 0.006305478 -0.946874619 -6.696599007
-0.924562693 -0.088168912 -0.370689034 -5.932802200 -0.085280113 0.996062815 -0.024211621 -0.438035309 0.371364295 0.009227242 -0.928441525 -6.807890892
-0.901691794 -0.086116910 -0.423716724 -6.010488987 -0.082090497 0.996237516 -0.027784072 -0.444112718 0.424515188 0.009730446 -0.905368686 -6.909386635
-0.880550027 -0.081583157 -0.466878653 -6.086875916 -0.076454744 0.996622980 -0.029955143 -0.452041090 0.467745811 0.009318081 -0.883813858 -7.002985001
-0.859495878 -0.082255028 -0.504480839 -6.160432339 -0.075719126 0.996566832 -0.033484638 -0.455639064 0.505503118 0.009418935 -0.862773418 -7.092725754
-0.837145805 -0.084044434 -0.540484548 -6.237956524 -0.075600542 0.996419728 -0.037845410 -0.459527940 0.541730165 0.009178799 -0.840502381 -7.180644989
-0.817279935 -0.078403443 -0.570882022 -6.318440437 -0.069567412 0.996879101 -0.037315413 -0.465985596 0.572026014 0.009217645 -0.820183635 -7.264962196
-0.808177710 -0.076734759 -0.583918393 -6.395928860 -0.068268739 0.996997952 -0.036530998 -0.470820069 0.584968567 0.010339838 -0.810990095 -7.362486839
-0.806064606 -0.074629106 -0.587103426 -6.473078728 -0.066377930 0.997158587 -0.035619210 -0.476103425 0.588093460 0.010259323 -0.808727980 -7.472106934
-0.807537913 -0.072880574 -0.585295796 -6.545637608 -0.063377760 0.997313023 -0.036741782 -0.481222391 0.586400926 0.007424357 -0.809987187 -7.574615479
-0.806247354 -0.075374410 -0.586757243 -6.612252712 -0.065335244 0.997127533 -0.038314879 -0.485530615 0.587959766 0.007444661 -0.808856010 -7.670749664
-0.797352910 -0.075842887 -0.598729074 -6.681680679 -0.064452365 0.997099757 -0.040471829 -0.492149442 0.600062132 0.006319175 -0.799928665 -7.757076263
-0.776789427 -0.082120359 -0.624383211 -6.765938759 -0.068595171 0.996595681 -0.045736000 -0.497200668 0.626013458 0.007302434 -0.779778004 -7.846658707
-0.750889301 -0.080315672 -0.655526340 -6.864407063 -0.063494094 0.996759176 -0.049392901 -0.505599976 0.657368898 0.004533457 -0.753555298 -7.934118271
-0.729600430 -0.082497470 -0.678879559 -6.955540657 -0.063534655 0.996580720 -0.052823033 -0.511903286 0.680916011 0.004592672 -0.732347131 -8.012953758
-0.723779440 -0.082711101 -0.685056567 -7.028514862 -0.065429032 0.996543288 -0.051191416 -0.516787529 0.686922610 0.007771296 -0.726689219 -8.091588974
-0.723314166 -0.080639832 -0.685794592 -7.106294632 -0.063933574 0.996712387 -0.049768072 -0.521914303 0.687553287 0.007847359 -0.726091743 -8.179173470
-0.723996878 -0.079641908 -0.685190260 -7.191440105 -0.064748168 0.996773243 -0.047442961 -0.527509272 0.686757743 0.010016254 -0.726817369 -8.273273468
-0.724142551 -0.075547934 -0.685500145 -7.273010731 -0.064070269 0.997052670 -0.042201713 -0.531634212 0.686667979 0.013360126 -0.726848602 -8.365101814
-0.724010706 -0.073753968 -0.685834646 -7.346203804 -0.062867150 0.997184753 -0.040869705 -0.537731230 0.686918139 0.013526369 -0.726609111 -8.445448875
-0.722914934 -0.078660883 -0.686444759 -7.409226894 -0.068867199 0.996754229 -0.041693732 -0.540868819 0.687496424 0.017132504 -0.725985646 -8.520610809
-0.710310578 -0.075906016 -0.699783564 -7.483248711 -0.064073361 0.997013628 -0.043109521 -0.546604335 0.700966001 0.014216336 -0.713052869 -8.585253716
-0.684135556 -0.076518930 -0.725329936 -7.564611435 -0.063558780 0.996952832 -0.045224864 -0.553143024 0.726580322 0.015161153 -0.686914325 -8.641198158
-0.644908905 -0.079060234 -0.760159492 -7.656414986 -0.058215670 0.996827006 -0.054285437 -0.561744750 0.762039304 0.009244037 -0.647465110 -8.689023972
-0.589522123 -0.071753681 -0.804558992 -7.775385857 -0.056188568 0.997276723 -0.047770113 -0.565633953 0.805795670 0.017045483 -0.591948390 -8.739807129
-0.516618967 -0.059994128 -0.854110956 -7.913496017 -0.042272117 0.998112857 -0.044540267 -0.571866274 0.855171263 0.013094732 -0.518180132 -8.769907951
-0.454035997 -0.043322306 -0.889929593 -8.044221878 -0.033721466 0.998937130 -0.031424403 -0.570962071 0.890345037 0.015741920 -0.455014229 -8.795999527
-0.405369043 -0.025917286 -0.913785696 -8.160690308 -0.022193847 0.999582410 -0.018505177 -0.572790861 0.913883686 0.012778994 -0.405774951 -8.813837051
-0.366437316 -0.013811684 -0.930340230 -8.274354935 -0.024172951 0.999693632 -0.005320185 -0.571096182 0.930128694 0.020539554 -0.366658807 -8.840568542
-0.346183419 -0.003192876 -0.938161492 -8.375127792 -0.036622804 0.999278009 0.010113010 -0.569146156 0.937451839 0.037859056 -0.346050382 -8.880256653
-0.348512411 0.007687081 -0.937272668 -8.468628883 -0.032063954 0.999283314 0.020118222 -0.567991734 0.936755598 0.037064116 -0.348016262 -8.916318893
-0.349903703 0.018608119 -0.936600804 -8.556514740 -0.016420837 0.999527276 0.025992967 -0.568633676 0.936641693 0.024474807 -0.349432707 -8.941677094
-0.349977851 0.017186023 -0.936600327 -8.639045715 -0.020974986 0.999437273 0.026176730 -0.565700531 0.936523139 0.028806454 -0.349420428 -8.980421066
-0.349808097 0.018274475 -0.936643183 -8.727464676 -0.019698767 0.999445200 0.026856679 -0.563517928 0.936614275 0.027845398 -0.349254012 -9.013978958
-0.350928903 0.017685646 -0.936235189 -8.810783386 -0.019273827 0.999473393 0.026104631 -0.562005639 0.936203837 0.027205700 -0.350403190 -9.048564911
-0.351095796 0.015129529 -0.936217248 -8.893653870 -0.020744493 0.999498367 0.023931669 -0.561077118 0.936109662 0.027823662 -0.350605845 -9.081358910
-0.351165414 0.016251473 -0.936172366 -8.980515480 -0.018116768 0.999544263 0.024147313 -0.559512615 0.936138153 0.025440119 -0.350710869 -9.115116119
-0.350738645 0.016171899 -0.936333716 -9.065666199 -0.017358521 0.999566853 0.023766307 -0.558620691 0.936312497 0.024589131 -0.350305915 -9.150183678
-0.350657582 0.015366931 -0.936377883 -9.150514603 -0.014473893 0.999657035 0.021825634 -0.557010412 0.936392128 0.021206349 -0.350314856 -9.184001923
-0.350314856 0.013039769 -0.936541200 -9.233577728 -0.017637940 0.999633908 0.020515732 -0.554553926 0.936465919 0.023705624 -0.349956632 -9.219538689
-0.342822671 0.011451787 -0.939330459 -9.317827225 -0.020786565 0.999588370 0.019772783 -0.552839875 0.939170241 0.026304007 -0.342443466 -9.252022743
-0.321395278 0.011052738 -0.946880817 -9.406414986 -0.023857897 0.999519944 0.019765154 -0.551710367 0.946644723 0.028943006 -0.320977211 -9.275121689
-0.285742760 0.012777440 -0.958221138 -9.490133286 -0.022692155 0.999540508 0.020095244 -0.550961375 0.958037615 0.027486175 -0.285321474 -9.281593323
-0.245000839 0.012517932 -0.969442070 -9.566649437 -0.020814365 0.999618292 0.018167865 -0.551071644 0.969299436 0.024629463 -0.244646788 -9.278157234
-0.191828728 0.009675383 -0.981380641 -9.646595001 -0.021985201 0.999658108 0.014152987 -0.552169919 0.981182098 0.024290802 -0.191550493 -9.268743515
-0.135342002 0.009450182 -0.990753889 -9.735022545 -0.018314077 0.999759793 0.012037878 -0.552481174 0.990629673 0.019773971 -0.135136366 -9.251148224
-0.074946880 0.007995752 -0.997155488 -9.827062607 -0.019779405 0.999759197 0.009503262 -0.552542150 0.996991336 0.020435382 -0.074770689 -9.229963303
-0.018207669 0.003960628 -0.999826491 -9.920130730 -0.019819420 0.999794245 0.004321426 -0.554243386 0.999637842 0.019894661 -0.018125415 -9.206430435
0.024062753 -0.003182705 -0.999705374 -9.998391151 -0.014760131 0.999884784 -0.003538551 -0.558342218 0.999601483 0.014840930 0.024012983 -9.181927681
0.056222677 -0.014397227 -0.998314619 -10.066267014 -0.017089237 0.999735653 -0.015380151 -0.562173188 0.998272181 0.017925147 0.055961788 -9.166818619
0.088867307 -0.024236048 -0.995748580 -10.135827065 -0.017973406 0.999502122 -0.025931476 -0.566708326 0.995881319 0.020201454 0.088387430 -9.147012711
0.127529085 -0.029676778 -0.991390765 -10.207806587 -0.010181433 0.999460399 -0.031228043 -0.571859837 0.991782546 0.014076262 0.127158105 -9.115064621
0.179696202 -0.036827799 -0.983032525 -10.280677795 -0.007705824 0.999215603 -0.038842682 -0.575102091 0.983691990 0.014554957 0.179271460 -9.077215195
0.221335948 -0.040758010 -0.974345565 -10.343901634 -0.000939357 0.999116838 -0.042007614 -0.578642547 0.975197256 0.010213056 0.221102178 -9.037923813
0.251991749 -0.043687712 -0.966742814 -10.389524460 -0.002139279 0.998952866 -0.045700934 -0.580391943 0.967727065 0.013584389 0.251634419 -9.012660980
0.265661955 -0.044662993 -0.963031054 -10.425630569 0.003470011 0.998964131 -0.045372240 -0.580667615 0.964059949 0.008711947 0.265541732 -8.992581367
0.268147469 -0.045390237 -0.962307990 -10.441733360 0.005129780 0.998942554 -0.045688804 -0.582562923 0.963364244 0.007314907 0.268096745 -8.986818314
0.267896533 -0.047296122 -0.962286174 -10.445677757 0.005945353 0.998856485 -0.047438391 -0.583572090 0.963429451 0.006987454 0.267871380 -8.985349655
0.266595364 -0.053232852 -0.962337315 -10.464493752 0.009270015 0.998569012 -0.052668985 -0.586320698 0.963763952 0.005120423 0.266707301 -8.979764938
0.261503398 -0.052382689 -0.963780105 -10.510090828 0.015945261 0.998624444 -0.049950082 -0.588859320 0.965070903 -0.002305608 0.261978924 -8.964878082
0.258427083 -0.054282758 -0.964504540 -10.550705910 0.023781473 0.998474896 -0.049822677 -0.591093183 0.965738118 -0.010061802 0.259323835 -8.952369690
0.256669581 -0.055582680 -0.964899600 -10.568153381 0.024024175 0.998403430 -0.051122066 -0.593180180 0.966200531 -0.010059439 0.257595122 -8.948341370
0.256430924 -0.058038082 -0.964818656 -10.565726280 0.024526831 0.998264909 -0.053531252 -0.593389928 0.966251433 -0.009936863 0.257409513 -8.948877335
0.256519794 -0.061695259 -0.964568019 -10.566565514 0.025700897 0.998043239 -0.057001427 -0.594678760 0.966197312 -0.010168263 0.257603467 -8.949073792
0.256986260 -0.061337523 -0.964466572 -10.596815109 0.028695282 0.998028100 -0.055825967 -0.596008480 0.965988934 -0.013329139 0.258239567 -8.937749863
0.264740944 -0.061993033 -0.962324798 -10.635682106 0.036083717 0.997869432 -0.054355986 -0.598903477 0.963644207 -0.020334007 0.266413867 -8.920118332
0.273607016 -0.061337307 -0.959883928 -10.667696953 0.040059429 0.997825325 -0.052343186 -0.600511551 0.961007059 -0.024130929 0.275469124 -8.904439926
0.281582773 -0.061682783 -0.957552373 -10.693150520 0.042778451 0.997746408 -0.051692318 -0.600271225 0.958582938 -0.026406933 0.283586860 -8.890981674
0.295851529 -0.059865601 -0.953356206 -10.722299576 0.043760318 0.997835815 -0.049078703 -0.603164792 0.954231143 -0.027199158 0.297830939 -8.875030518
0.316107094 -0.057182673 -0.946998715 -10.757718086 0.049421396 0.997819126 -0.043754566 -0.603394389 0.947435439 -0.032970864 0.318243742 -8.852066040
0.337143958 -0.054308645 -0.939885378 -10.795461655 0.052982647 0.997847080 -0.038652524 -0.603096724 0.939961016 -0.036766149 0.339295566 -8.822677612
