1.000000000 0.000000000 0.000000000 0.000000000 0.000000000 1.000000000 0.000000000 0.000000000 0.000000000 0.000000000 1.000000000 0.000000000
0.999940872 0.004950890 0.009684007 0.000331381 -0.004965344 0.999986589 0.001469102 0.034249485 -0.009676603 -0.001517100 0.999952018 0.014320270
0.999914467 0.005656571 0.011793143 -0.001184271 -0.005940097 0.999690771 0.024146829 0.079735346 -0.011652908 -0.024214815 0.999638855 0.028294999
0.999929607 0.002107969 0.011678906 -0.002092855 -0.002503141 0.999421239 0.033925820 0.105084300 -0.011600632 -0.033952665 0.999356091 0.035453174
0.999925554 0.001133303 0.012147935 -0.001889403 -0.001637278 0.999134779 0.041557118 0.130208462 -0.012090327 -0.041573912 0.999062300 0.040739082
0.999930203 -0.003114041 0.011398971 -0.002196976 0.002576051 0.998895764 0.046910457 0.154558808 -0.011532465 -0.046877816 0.998834074 0.047325268
0.999937296 -0.005567849 0.009714865 -0.003475328 0.005026275 0.998478770 0.054907586 0.202473447 -0.010005805 -0.054855313 0.998444200 0.060387824
0.999943256 -0.003631588 0.010016582 -0.004508090 0.003028247 0.998217463 0.059605032 0.224040300 -0.010215188 -0.059571318 0.998171806 0.065261021
0.999947548 0.001117580 0.010180245 -0.004739411 -0.001802739 0.997714639 0.067544483 0.243544787 -0.010081493 -0.067559294 0.997664332 0.069347069
0.999963403 0.002180779 0.008269840 -0.006137546 -0.002825867 0.996885359 0.078813791 0.261631817 -0.008072208 -0.078834280 0.996855080 0.072269961
0.999949634 0.005007317 0.008696576 -0.006772236 -0.005798851 0.995600879 0.093516111 0.277827859 -0.008190054 -0.093561828 0.995579779 0.074152753
0.999959528 0.005405093 0.007190647 -0.007205155 -0.006171355 0.993778229 0.111205816 0.289912879 -0.006544830 -0.111245692 0.993771374 0.075448304
0.999960423 0.005601801 0.006908094 -0.008117351 -0.006442191 0.991709411 0.128338948 0.297237456 -0.006131893 -0.128378376 0.991706312 0.075910509
0.999984324 0.003447790 0.004412355 -0.008855660 -0.004035755 0.989992917 0.141059294 0.295851201 -0.003881857 -0.141074881 0.989991307 0.074488521
0.999996901 0.001969491 0.001512571 -0.009606149 -0.002169900 0.989200473 0.146552652 0.285482973 -0.001207602 -0.146555483 0.989201725 0.071025908
0.999973953 0.006084054 0.003886627 -0.010798041 -0.006557142 0.990642309 0.136326283 0.244216055 -0.003020841 -0.136348218 0.990656376 0.061590470
0.999884129 0.012153247 0.009163908 -0.011929794 -0.013209047 0.991983175 0.125677809 0.211044580 -0.007563049 -0.125784293 0.992028773 0.053315897
0.999686241 0.018884635 0.016456511 -0.012858486 -0.020624416 0.993391037 0.112910718 0.175902069 -0.014215472 -0.113214701 0.993468821 0.045638777
0.999361634 0.024386402 0.026108401 -0.012603636 -0.026850633 0.994762897 0.098619841 0.137454122 -0.023566684 -0.099257909 0.994782627 0.038287703
0.998800039 0.032147542 0.036945485 -0.012861616 -0.035119981 0.995943546 0.082843661 0.098306529 -0.034132399 -0.084041774 0.995877504 0.030550191
0.998522878 0.035524435 0.041110888 -0.014392329 -0.038268358 0.996950805 0.068004258 0.059802130 -0.038569719 -0.069477059 0.996837676 0.022530489
0.998409450 0.038518466 0.041168749 -0.015919495 -0.040723771 0.997702360 0.054143898 0.024401056 -0.038988620 -0.055734329 0.997684121 0.014263113
0.998479843 0.038323112 0.039615221 -0.018629132 -0.039923035 0.998385012 0.040416993 -0.008846654 -0.038002342 -0.041937113 0.998397291 0.006426039
0.998665869 0.031236580 0.041118711 -0.019917747 -0.031694759 0.999442041 0.010538323 -0.066605702 -0.040766589 -0.011827512 0.999098718 -0.004141417
0.998722732 0.028403986 0.041786749 -0.019414771 -0.028198596 0.999587238 -0.005496567 -0.091885813 -0.041925628 0.004311219 0.999111414 -0.010185837
0.998859167 0.023438780 0.041605219 -0.018915683 -0.022485705 0.999477267 -0.023229633 -0.113644451 -0.042127945 0.022267610 0.998864055 -0.016076725
0.998850226 0.025249470 0.040751100 -0.018964339 -0.023693454 0.998988211 -0.038224984 -0.129282087 -0.041675031 0.037215497 0.998437881 -0.020642715
0.998793602 0.025207056 0.042142119 -0.020144461 -0.023167556 0.998568833 -0.048202928 -0.139454693 -0.043296862 0.047168445 0.997948170 -0.028267544
0.998463690 0.030575123 0.046210937 -0.018769702 -0.028229322 0.998320460 -0.050590146 -0.139057010 -0.047680125 0.049207922 0.997649848 -0.027836949
0.997806072 0.041759674 0.051373411 -0.015582598 -0.039939377 0.998554707 -0.035963509 -0.112559341 -0.052800987 0.033832785 0.998031735 -0.021570763
0.997859776 0.038696140 0.052711133 -0.013052729 -0.037495323 0.999018490 -0.023582945 -0.089770176 -0.053571966 0.021556051 0.998331308 -0.015034596
0.998076677 0.035645917 0.050717972 -0.010170483 -0.035164975 0.999328017 -0.010343923 -0.062564649 -0.051052608 0.008540533 0.998659432 -0.008133885
0.998276770 0.030801505 0.049947944 -0.009110729 -0.030835073 0.999524474 -0.000098563 -0.033538986 -0.049927231 -0.001441755 0.998751819 -0.000485937
0.998234451 0.034133572 0.048608929 -0.006768694 -0.034488183 0.999384105 0.006474982 -0.002442712 -0.048357978 -0.008139984 0.998796880 0.008983698
0.998748124 0.029126812 0.040666919 -0.008429965 -0.029709663 0.999463260 0.013802154 0.058339220 -0.040243078 -0.014993075 0.999077439 0.022162497
0.998851001 0.028230935 0.038726229 -0.008132369 -0.028951503 0.999415576 0.018173723 0.091954105 -0.038190532 -0.019274024 0.999084592 0.030849800
0.999113858 0.024238752 0.034408212 0.000255460 -0.025221577 0.999277771 0.028422941 0.125602409 -0.033694424 -0.029265583 0.999003589 0.037380774
0.999022901 0.021248370 0.038752668 0.000461137 -0.022868939 0.998861492 0.041865859 0.157832056 -0.037818968 -0.042711187 0.998371422 0.044234980
0.998945296 0.017808769 0.042322453 0.001261644 -0.020246457 0.998117924 0.057885427 0.186662957 -0.041211929 -0.058681253 0.997425735 0.051739134
0.998774529 0.018124217 0.046054382 0.001107644 -0.021551443 0.996947229 0.075044885 0.212725967 -0.044553656 -0.075945452 0.996116102 0.057776906
0.998746991 0.019942153 0.045898825 0.000578039 -0.024077475 0.995524645 0.091383651 0.235754803 -0.043871023 -0.092374280 0.994757414 0.063654117
0.999049962 0.019622926 0.038911387 -0.002840704 -0.024060495 0.992832124 0.117070273 0.259391040 -0.036335215 -0.117895275 0.992361069 0.066314049
0.999221683 0.016689599 0.035742477 -0.005950015 -0.020852976 0.992618144 0.119475454 0.283819020 -0.033484630 -0.120127797 0.992193580 0.071335234
0.999196291 0.020370340 0.034522064 -0.006049990 -0.024634397 0.991471291 0.127975821 0.242395774 -0.031620726 -0.128723413 0.991176307 0.060957406
0.999292195 0.018830182 0.032566521 -0.009659757 -0.022708012 0.992130637 0.123130694 0.224754348 -0.029991670 -0.123783067 0.991855979 0.059197962
0.999310970 0.019385269 0.031651709 -0.010407433 -0.022734245 0.993767560 0.109129287 0.207745224 -0.029338941 -0.109773673 0.993523538 0.053776808
0.999362409 0.017691502 0.031013513 -0.011703379 -0.020541893 0.995347023 0.094139993 0.179012328 -0.029203730 -0.094717041 0.995075762 0.046164297
0.999213874 0.021000795 0.033625077 -0.012632213 -0.023662109 0.996448517 0.080811590 0.148611978 -0.031808551 -0.081543699 0.996162057 0.039007228
0.998722076 0.026632925 0.042951990 -0.013283954 -0.029392244 0.997455895 0.064944945 0.084429316 -0.041113045 -0.066124402 0.996964037 0.023323327
0.998460650 0.027346555 0.048254207 -0.012820989 -0.030211959 0.997759819 0.059687201 0.052683707 -0.046513870 -0.061053175 0.997050107 0.015330037
0.998327971 0.026022526 0.051614754 -0.018944535 -0.028865037 0.998062789 0.055113290 0.020004932 -0.050080575 -0.056511004 0.997145176 0.009152359
0.998199701 0.022267636 0.055690747 -0.017251138 -0.024934523 0.998552322 0.047660273 -0.011369059 -0.054548841 -0.048963096 0.997309923 0.001224582
0.997930169 0.017542947 0.061867494 -0.014643610 -0.019933075 0.999070168 0.038229834 -0.043415196 -0.061139304 -0.039383914 0.997351944 -0.006577021
0.996990800 0.009712036 0.076909252 -0.009245688 -0.010394991 0.999909997 0.008484678 -0.102990627 -0.076819919 -0.009258617 0.997002006 -0.018164476
0.996736825 0.009248049 0.080188528 -0.007674754 -0.008580088 0.999925613 -0.008670461 -0.129249185 -0.080262750 0.007954144 0.996742010 -0.026024006
0.996419370 0.009622555 0.083999112 -0.007212442 -0.007510260 0.999648511 -0.025426520 -0.149467409 -0.084214255 0.024704622 0.996141374 -0.030846113
0.996437371 0.012859848 0.083349779 -0.004364003 -0.009852762 0.999289095 -0.036389373 -0.159828797 -0.083758488 0.035438508 0.995855749 -0.034745481
0.996236682 0.015452733 0.085285909 -0.004212885 -0.011986356 0.999086916 -0.041007657 -0.165196076 -0.085841723 0.039831061 0.995512247 -0.037631635
0.995622337 0.023461530 0.090474941 -0.003469261 -0.020016881 0.999046683 -0.038794287 -0.152334273 -0.091298871 0.036813430 0.995142877 -0.033826575
0.995781660 0.024785308 0.088343769 -0.002406551 -0.021777263 0.999155164 -0.034852147 -0.136771515 -0.089132950 0.032781243 0.995480120 -0.029061195
0.995926917 0.024795683 0.086687453 -0.001950978 -0.022163576 0.999267578 -0.031195050 -0.114393406 -0.087397464 0.029146688 0.995747030 -0.020706508
0.996049404 0.025464736 0.085071132 0.000268392 -0.023323212 0.999387920 -0.026073221 -0.089643233 -0.085683003 0.023986086 0.996033669 -0.014070598
0.996778548 0.026170686 0.075812981 0.003620204 -0.025106307 0.999572873 -0.014958926 -0.028710132 -0.076172084 0.013007353 0.997009814 0.003671357
0.996945798 0.027250703 0.073188245 0.005256401 -0.026693918 0.999606848 -0.008575179 0.004719436 -0.073393151 0.006595307 0.997281253 0.012718599
0.996851385 0.031168679 0.072909817 0.006160758 -0.031271089 0.999510884 0.000263237 0.038335662 -0.072865948 -0.002542377 0.997338533 0.022851445
0.996371448 0.033598125 0.078199476 0.006209146 -0.034606814 0.999333918 0.011579262 0.071042456 -0.077758342 -0.014243480 0.996870458 0.032985140
0.997011185 0.029787596 0.071283974 0.014042846 -0.031901237 0.999078929 0.028698320 0.105172217 -0.070363469 -0.030886592 0.997043133 0.039699130
0.997823656 0.013489297 0.064544231 0.013699277 -0.018204508 0.997163355 0.073032983 0.166261107 -0.063375980 -0.074049033 0.995238781 0.053517278
0.997983396 0.007777348 0.062997267 0.016889814 -0.013680721 0.995494545 0.093826681 0.193559110 -0.061983716 -0.094499320 0.993593454 0.056803197
0.997992873 0.005555409 0.063082077 0.014974522 -0.012391022 0.994019985 0.108493038 0.218934521 -0.062102120 -0.109056927 0.992093682 0.066542581
0.997878551 0.010724465 0.064213820 0.015680041 -0.018317167 0.992743552 0.118847683 0.240119100 -0.062473275 -0.119771764 0.990833879 0.070346333
0.997965515 0.017000504 0.061448120 0.015387865 -0.024571143 0.991898835 0.124631494 0.257732451 -0.058831520 -0.125887781 0.990298510 0.072684206
0.998234570 0.020211538 0.055850293 0.014378078 -0.027202887 0.991477728 0.127404377 0.269006461 -0.052799288 -0.128698751 0.990277171 0.073458754
0.998563766 0.022126243 0.048793666 0.012894807 -0.028191030 0.991458654 0.127338007 0.274114430 -0.045559391 -0.128530666 0.990658462 0.072651349
0.998842239 0.022264674 0.042642783 0.011194043 -0.027534559 0.991484463 0.127280742 0.271808654 -0.039445791 -0.128307521 0.990949631 0.071282819
0.998949111 0.025720181 0.037936684 0.008923141 -0.030361218 0.991395772 0.127328843 0.245016158 -0.034335349 -0.128346831 0.991134763 0.065046728
0.998974621 0.025454195 0.037440900 0.007815138 -0.029941922 0.991748750 0.124651186 0.222350329 -0.033959072 -0.125644416 0.991493940 0.059949603
0.998910248 0.026537649 0.038394377 0.005983681 -0.030995794 0.992215276 0.120615393 0.196242362 -0.034894638 -0.121674016 0.991956532 0.054471180
0.998724520 0.030177768 0.040479630 0.005287151 -0.034720775 0.992562473 0.116680168 0.166428134 -0.036657415 -0.117936827 0.992344260 0.048424397
0.998241544 0.035582028 0.047410216 0.006046105 -0.040750466 0.992766678 0.112932481 0.133966327 -0.043048915 -0.114665888 0.992470920 0.042649753
0.997722924 0.040034480 0.054279242 0.006294949 -0.045631953 0.993302643 0.106149137 0.098938532 -0.049666088 -0.108384296 0.992867649 0.036845371
0.997426867 0.042369433 0.057831198 0.006195828 -0.047813006 0.994208694 0.096244201 0.063182645 -0.053418465 -0.098761633 0.993676305 0.029838154
0.997338116 0.039974280 0.060981844 0.004712723 -0.044919491 0.995619178 0.082004048 0.028466357 -0.057436641 -0.084525041 0.994764566 0.024332544
0.996580243 0.037571613 0.073594503 0.002308222 -0.040914033 0.998173535 0.044448022 -0.047042947 -0.071790107 -0.047307070 0.996297240 0.009147319
0.996053934 0.038663376 0.079885706 -0.001515703 -0.040543776 0.998934388 0.022051644 -0.078874014 -0.078947991 -0.025203492 0.996560097 0.003668577
0.995416224 0.038921148 0.087359793 -0.001692893 -0.039200552 0.999230266 0.001484381 -0.107463926 -0.087234773 -0.004902129 0.996175706 -0.004269614
0.995172262 0.039158501 0.089993164 0.000694380 -0.037988424 0.999170363 -0.014678722 -0.137974456 -0.090493292 0.011189159 0.995834231 -0.009910516
0.995097458 0.036017358 0.092107765 -0.000491366 -0.033513471 0.999029279 -0.028588546 -0.158060655 -0.093048044 0.025361540 0.995338559 -0.016493527
0.995340109 0.026018459 0.092849709 -0.004035180 -0.022190932 0.998870313 -0.042019971 -0.188546732 -0.093838118 0.039763741 0.994793057 -0.028472915
0.995091200 0.023774043 0.096064068 -0.004109296 -0.019895051 0.998955429 -0.041137330 -0.193817914 -0.096941717 0.039024197 0.994524717 -0.028375946
0.994758308 0.021182276 0.100035816 -0.005657616 -0.017440021 0.999120355 -0.038136706 -0.189918265 -0.100755647 0.036192179 0.994252682 -0.027852964
0.994728923 0.020094158 0.100551374 -0.004718638 -0.016827097 0.999305904 -0.033234868 -0.181290001 -0.101149403 0.031367701 0.994376600 -0.024507780
0.993641436 0.019319873 0.110921092 -0.001998517 -0.016982533 0.999614179 -0.021978421 -0.144642189 -0.111302920 0.019954948 0.993586183 -0.010521542
0.992781937 0.025376812 0.117218122 0.000280320 -0.023662444 0.999592066 -0.015994219 -0.121137932 -0.117576182 0.013105104 0.992977381 -0.002937797
0.992087185 0.030261371 0.121849500 0.004017028 -0.029304519 0.999524057 -0.009637546 -0.098231494 -0.122083150 0.005990545 0.992501795 0.006701560
0.991420865 0.039519675 0.124591015 0.006918379 -0.039319873 0.999218404 -0.004063268 -0.071797460 -0.124654211 -0.000870493 0.992199838 0.013736837
0.991215646 0.042910948 0.125100628 0.010884375 -0.043585867 0.999046147 0.002661693 -0.045701873 -0.124867089 -0.008090932 0.992140472 0.020302486
0.992428064 0.047268420 0.113367766 0.015230659 -0.050103813 0.998495221 0.022291483 0.008558207 -0.112143487 -0.027802849 0.993303001 0.034107283
0.993630052 0.048124965 0.101898812 0.015364803 -0.051888157 0.998053133 0.034606468 0.032626692 -0.100034989 -0.039673369 0.994192660 0.035557978
0.994959712 0.046798393 0.088685058 0.016651973 -0.051115029 0.997584164 0.047043499 0.055176236 -0.086269252 -0.051339526 0.994948149 0.037692722
0.996187329 0.043178815 0.075804688 0.020039476 -0.047905896 0.996945083 0.061689317 0.071853220 -0.072909437 -0.065085605 0.995212555 0.035139017
0.997291803 0.037320100 0.063373886 0.019041454 -0.042157993 0.996154726 0.076801792 0.087056555 -0.060263947 -0.079265520 0.995030284 0.032038048
0.998644769 0.022863407 0.046754006 0.017992163 -0.027851883 0.993652225 0.108993083 0.104979619 -0.043965269 -0.110147551 0.992942393 0.024208022
0.999105930 0.015299018 0.039411511 0.017434895 -0.020203862 0.991667688 0.127228230 0.109885372 -0.037136655 -0.127910733 0.991090178 0.020613730
0.999386013 0.008655492 0.033951387 0.016060507 -0.013517253 0.989236891 0.145697221 0.112438671 -0.032324880 -0.146066681 0.988746464 0.015470890
0.999388278 0.003585784 0.034787294 0.015542712 -0.009352386 0.985903025 0.167056143 0.113478243 -0.033697870 -0.167279303 0.985333502 0.011615328
0.998532772 -0.004809899 0.053936951 0.015713293 -0.006920469 0.976544797 0.215203077 0.113395646 -0.053706951 -0.215260595 0.975078702 0.005401805
0.997736037 -0.010539864 0.066420332 0.014540860 -0.005515554 0.971490920 0.237012550 0.111889288 -0.067024827 -0.236842319 0.969233394 0.002380204
0.996923983 -0.016947886 0.076520458 0.012596713 -0.003158277 0.966859758 0.255288512 0.110788412 -0.078311145 -0.254744917 0.963832140 -0.000261634
0.996503413 -0.022790162 0.080384113 0.010074826 0.000054481 0.962257683 0.272139847 0.109125912 -0.083552338 -0.271183908 0.958894312 -0.004430913
0.996282935 -0.026618650 0.081925102 0.007268629 0.001675041 0.956864655 0.290529191 0.108264066 -0.086124726 -0.289312065 0.953352571 -0.009109567
0.995833278 -0.038683809 0.082581185 0.005487874 0.009303560 0.943940818 0.329983562 0.107775532 -0.090716772 -0.327840298 0.940367579 -0.018966207
0.995571017 -0.045945022 0.082020715 0.004758159 0.014419097 0.936746418 0.349711657 0.107999630 -0.092900127 -0.346980155 0.933260083 -0.024402063
0.995536745 -0.047322400 0.081652768 0.005143427 0.014013259 0.929729402 0.367976665 0.109015748 -0.093328513 -0.365190089 0.926242948 -0.030387355
0.995596230 -0.046512850 0.081392087 0.005948774 0.011765389 0.923360348 0.383754134 0.109541744 -0.093003727 -0.381106555 0.919841349 -0.036075827
0.995881081 -0.045656219 0.078335151 0.008269031 0.010912342 0.918041408 0.396334350 0.108921111 -0.090010032 -0.393847048 0.914758265 -0.041496456
0.996085107 -0.045907915 0.075544097 0.015364651 0.011474326 0.914492607 0.404439896 0.105502062 -0.087651514 -0.401989728 0.911439240 -0.046906084
0.996266842 -0.045526691 0.073346689 0.020060144 0.012423703 0.916402519 0.400065064 0.103173107 -0.085428730 -0.397660315 0.913547039 -0.047975682
0.996565938 -0.046761498 0.068335101 0.024599761 0.016240887 0.919629693 0.392450571 0.101498276 -0.081194565 -0.389993072 0.917231083 -0.047857113
0.996854544 -0.045353875 0.064993054 0.029049383 0.016886057 0.922784090 0.384947211 0.099419169 -0.077433407 -0.382638901 0.920647383 -0.046610691
0.997087121 -0.043372288 0.062738582 0.033064242 0.016485220 0.925681353 0.377944797 0.098942548 -0.074468270 -0.375809640 0.923699975 -0.045192305
0.997791111 -0.035012778 0.056453858 0.036265552 0.011809763 0.929781914 0.367921293 0.098531768 -0.065371722 -0.366441905 0.928141654 -0.040699497
0.998208702 -0.028274884 0.052724522 0.037180211 0.007036356 0.930641532 0.365864456 0.097878233 -0.059412409 -0.364838123 0.929173470 -0.038408935
0.998390198 -0.025543671 0.050640941 0.038009744 0.005166755 0.930094600 0.367283762 0.096881695 -0.056482643 -0.366430879 0.928729296 -0.035873577
0.998581111 -0.021314090 0.048800468 0.039399941 0.001673700 0.928515375 0.371290207 0.096164592 -0.053225696 -0.370681703 0.927233577 -0.033501841
0.998756468 -0.017669212 0.046618421 0.046471000 -0.001307551 0.925482750 0.378787518 0.094614699 -0.049837422 -0.378377438 0.924308777 -0.028483197
0.998704851 -0.019076847 0.047166929 0.052166123 -0.000288897 0.924904883 0.380198479 0.094311439 -0.050877914 -0.379719675 0.923701465 -0.025366886
0.998634100 -0.020877190 0.047896426 0.059840035 0.001026257 0.924361885 0.381515443 0.093478985 -0.052238602 -0.380945206 0.923120737 -0.022319376
0.998480618 -0.023422753 0.049878377 0.069424726 0.002571175 0.923981428 0.382428616 0.092634767 -0.055044230 -0.381719321 0.922637761 -0.019162880
0.998297453 -0.026107743 0.052159145 0.080310129 0.004087185 0.923346639 0.383945674 0.091717079 -0.058184929 -0.383078784 0.921881318 -0.015563470
0.997937799 -0.035426244 0.053526986 0.106920063 0.011861556 0.921320438 0.388623148 0.088911675 -0.063082963 -0.387186795 0.919840693 -0.010448720
0.997732341 -0.039608173 0.054418840 0.123424590 0.015317793 0.920923233 0.389442950 0.088662483 -0.065540694 -0.387726218 0.919441581 -0.008176597
0.997389257 -0.043427452 0.057695117 0.140602365 0.017640056 0.921278298 0.388503730 0.086756438 -0.070024982 -0.386471689 0.919639111 -0.006643143
0.996963918 -0.048436940 0.060965545 0.158970460 0.021366453 0.923090458 0.383988976 0.085033700 -0.074875958 -0.381520510 0.921322823 -0.004527770
0.996386409 -0.052923199 0.066432066 0.177410945 0.023949225 0.925467014 0.378070354 0.082469821 -0.081489377 -0.375113189 0.923390269 -0.001644038
0.995651066 -0.059397981 0.071769185 0.196231991 0.028589847 0.928021431 0.371428072 0.079550058 -0.088665418 -0.367760897 0.925683737 -0.000088868
0.993988633 -0.070132248 0.084071890 0.234207377 0.034791991 0.930431187 0.364811420 0.076570585 -0.103808150 -0.359693348 0.927278042 0.004598455
0.993158102 -0.074182831 0.090187900 0.251765013 0.036056072 0.929369032 0.367386937 0.076868415 -0.111071639 -0.361621499 0.925685167 0.006384248
0.992066979 -0.078005329 0.098581150 0.268915355 0.035627827 0.926506758 0.374587595 0.077623665 -0.120555922 -0.368103743 0.921935976 0.008184293
0.990780771 -0.079974405 0.109350465 0.284619659 0.032023892 0.922545910 0.384556323 0.079308718 -0.131635487 -0.377509207 0.916601837 0.009516960
0.989563763 -0.085469320 0.116011061 0.298909962 0.033192553 0.918651342 0.393672466 0.081445262 -0.140220627 -0.385713279 0.911900997 0.011279313
0.989141345 -0.089517258 0.116559029 0.312604755 0.035829313 0.916046321 0.399468899 0.083320543 -0.142532825 -0.390954971 0.909306645 0.011957970
0.989089787 -0.088423081 0.117825270 0.323868930 0.033530012 0.913958669 0.404419690 0.084264562 -0.143447459 -0.396056682 0.906952024 0.012655523
0.989393890 -0.088157736 0.115446545 0.339763105 0.034392685 0.914347529 0.403467149 0.087691694 -0.141127020 -0.395217448 0.907681823 0.014369871
0.989603162 -0.089333922 0.112716839 0.344616026 0.037081063 0.915688157 0.400175214 0.088807061 -0.138962701 -0.391834974 0.909480453 0.015300010
0.989960551 -0.089586273 0.109327160 0.347160876 0.039133534 0.916967511 0.397038072 0.089783885 -0.135818601 -0.388773650 0.911267459 0.015666038
0.989931464 -0.091507360 0.107991241 0.347471118 0.041894153 0.918163717 0.393980116 0.090619802 -0.135205716 -0.385489136 0.912752748 0.015401391
0.989881516 -0.092482753 0.107617334 0.345872402 0.043189891 0.918810844 0.392327935 0.091626175 -0.135163546 -0.383710176 0.913508236 0.014869886
0.989557147 -0.091460422 0.111407667 0.342370093 0.040555865 0.918347955 0.393690526 0.091401428 -0.138318107 -0.385061026 0.912467062 0.013681196
0.989418805 -0.090585470 0.113334335 0.328903884 0.039088141 0.918688715 0.393043458 0.089115955 -0.139723003 -0.384454548 0.912508726 0.010479875
0.989704490 -0.089248717 0.111891352 0.318828553 0.038627546 0.919318676 0.391613424 0.088359840 -0.137814805 -0.383259475 0.913301289 0.008142650
0.990063429 -0.089827359 0.108191758 0.306467474 0.040441945 0.918764412 0.392729461 0.087912723 -0.134680584 -0.384451568 0.913267851 0.005400224
0.990843177 -0.086743772 0.103466637 0.293294787 0.039093256 0.917809010 0.395092875 0.088662602 -0.129234448 -0.387430221 0.912795901 0.002734047
0.991409481 -0.085387602 0.099076547 0.278996825 0.039249431 0.916810274 0.397389501 0.089503631 -0.124766536 -0.390087038 0.912285805 0.000275321
0.991937816 -0.083701029 0.095149927 0.261723816 0.039006464 0.916043282 0.399178207 0.090542495 -0.120573081 -0.392248511 0.911922812 -0.001358428
0.992553353 -0.082661271 0.089470297 0.243852898 0.040334020 0.916095853 0.398925543 0.090906091 -0.114939064 -0.392346203 0.912608087 -0.003510563
0.993956625 -0.076234676 0.078984231 0.204140082 0.039188161 0.918530881 0.393402249 0.090876922 -0.102540344 -0.387929529 0.915967345 -0.009186840
0.994670987 -0.072580650 0.073223576 0.183440700 0.038575403 0.920626581 0.388534009 0.089824587 -0.095611617 -0.383638859 0.918520331 -0.012763120
0.995437384 -0.066912480 0.068022631 0.161295414 0.035867009 0.923018575 0.383079946 0.088942610 -0.088418983 -0.378892362 0.921207190 -0.016067216
0.995851398 -0.063712299 0.064967304 0.138314456 0.034454420 0.924826205 0.378826320 0.086903542 -0.084219366 -0.375016332 0.923184633 -0.019160135
0.996307731 -0.060978595 0.060436223 0.115404613 0.033855323 0.925944269 0.376139730 0.085614748 -0.078897044 -0.372704834 0.924589872 -0.022276271
0.997173488 -0.053419042 0.052834600 0.066820845 0.029476549 0.924975514 0.378881902 0.084746324 -0.069110215 -0.376253575 0.923935652 -0.026859960
0.997572064 -0.051018782 0.047402993 0.043057214 0.029031269 0.923357964 0.382841110 0.085446931 -0.063302018 -0.380535424 0.922597229 -0.029285250
0.998027444 -0.044735737 0.044044748 0.018711876 0.024307637 0.922222674 0.385894448 0.086718932 -0.057882339 -0.384062618 0.921490908 -0.031151980
0.998284400 -0.040508699 0.042276487 -0.004787980 0.021042228 0.922013760 0.386584878 0.088217624 -0.054639556 -0.385032058 0.921284318 -0.032571126
0.998462379 -0.038278822 0.040094513 -0.028673107 0.019894388 0.922554970 0.385352433 0.089110970 -0.051740233 -0.383962274 0.921898007 -0.034510769
0.998831809 -0.033940811 0.034395386 -0.075906858 0.018326215 0.924689472 0.380280823 0.092360951 -0.044712093 -0.379206270 0.924231291 -0.036885485
0.999005198 -0.031148419 0.031911518 -0.099467292 0.016774189 0.925538361 0.378282130 0.093570612 -0.041318227 -0.377370536 0.925140142 -0.038472306
0.999137044 -0.029523715 0.029214695 -0.122365989 0.016369052 0.926343679 0.376323640 0.096368648 -0.038173318 -0.375520706 0.926027536 -0.039800812
0.999356091 -0.027339578 0.023237418 -0.145289123 0.016543612 0.925771832 0.377720654 0.098591194 -0.031839270 -0.377093017 0.925627947 -0.041618098
0.999751329 -0.020956203 0.007623334 -0.185927987 0.016370729 0.921848595 0.387204289 0.104619958 -0.015141890 -0.386983216 0.921962440 -0.045181148
0.999833822 -0.018175736 -0.001421983 -0.203512147 0.017274097 0.919514060 0.392677337 0.108251184 -0.005829664 -0.392636627 0.919675231 -0.045970615
0.999807596 -0.016773645 -0.010170300 -0.220526308 0.019429233 0.918177545 0.395692468 0.111562379 0.002700936 -0.395813942 0.918326735 -0.046622291
0.999698579 -0.015776750 -0.018810995 -0.235344470 0.021920126 0.918651640 0.394459963 0.114198066 0.011057457 -0.394753397 0.918720603 -0.047792085
0.999604821 -0.013381273 -0.024721099 -0.247861341 0.021963071 0.920664191 0.389737278 0.114872687 0.017544651 -0.390126199 0.920594215 -0.048916165
0.999448121 -0.011965013 -0.030989381 -0.257607490 0.022937480 0.923357725 0.383254975 0.115226507 0.024028635 -0.383754283 0.923122585 -0.049604163
0.999266803 -0.011400936 -0.036550093 -0.264716625 0.024354054 0.925883293 0.377023995 0.115205295 0.029542696 -0.377637684 0.925482035 -0.050462477
0.999193013 -0.009774834 -0.038958635 -0.268642664 0.023608897 0.927624881 0.372766286 0.114405617 0.032495271 -0.373385221 0.927107096 -0.052163027
0.999305189 -0.005900400 -0.036801882 -0.266496032 0.019230234 0.927440703 0.373475462 0.113300703 0.031927913 -0.373923689 0.926909745 -0.054554231
0.999480546 -0.005550249 -0.031747196 -0.260984659 0.017080458 0.926564753 0.375747234 0.112540901 0.027330343 -0.376094311 0.926178217 -0.055753611
0.999630272 -0.005468860 -0.026635822 -0.251945019 0.015105614 0.926195621 0.376740605 0.111843988 0.022609640 -0.377003640 0.925935745 -0.057242215
0.999800920 -0.006285522 -0.018936621 -0.240401730 0.012952618 0.926376700 0.376375407 0.110630862 0.015176729 -0.376545757 0.926273704 -0.058186065
0.999907911 -0.005573421 -0.012375174 -0.225736424 0.009807406 0.926996827 0.374940962 0.108613402 0.009382043 -0.375027806 0.926966071 -0.060100354
0.999981463 -0.005956613 0.001277967 -0.192046240 0.005067154 0.929683685 0.368324012 0.105290025 -0.003382069 -0.368310720 0.929696620 -0.062929355
0.999941707 -0.007342818 0.007913180 -0.172533974 0.003924285 0.930132747 0.367202520 0.103479251 -0.010056609 -0.367150068 0.930107355 -0.063258216
0.999863148 -0.009334554 0.013658151 -0.152353868 0.003656844 0.929889321 0.367821306 0.102048308 -0.016134016 -0.367721051 0.929796219 -0.063529477
0.999744713 -0.012916696 0.018538307 -0.130831584 0.005146700 0.929096878 0.369800627 0.101776086 -0.022000484 -0.369610786 0.928926170 -0.063638672
0.999507546 -0.021840872 0.022530239 -0.086637266 0.011604412 0.924381733 0.381292284 0.100695722 -0.029154297 -0.380843043 0.924179971 -0.061475094
0.999392986 -0.024974907 0.024287395 -0.062205780 0.013668155 0.922373414 0.386057585 0.100726932 -0.032043800 -0.385491282 0.922154903 -0.060171816
0.999279261 -0.025857387 0.027791722 -0.038698222 0.013043253 0.921433389 0.388317347 0.100771144 -0.035649091 -0.387674987 0.921106517 -0.058749456
0.999242127 -0.026847694 0.028183753 -0.014816125 0.013812468 0.921509445 0.388110310 0.100903086 -0.036391459 -0.387426883 0.921181917 -0.056665484
0.999273002 -0.029499706 0.024149977 0.030994020 0.017918486 0.922542989 0.385478050 0.099876150 -0.033650883 -0.384765059 0.922400951 -0.052410718
0.999162674 -0.032873958 0.024357919 0.051931359 0.020962846 0.922579765 0.385236472 0.099197835 -0.035136372 -0.384403259 0.922496378 -0.050528623
0.999100268 -0.034928046 0.024055112 0.073683515 0.022904838 0.921763241 0.387076169 0.098305479 -0.035692930 -0.386176914 0.921733916 -0.048115484
0.998943567 -0.037990086 0.025854640 0.093622811 0.024962803 0.920988560 0.388789147 0.099464923 -0.038581960 -0.387733012 0.920963943 -0.045066532
0.998769104 -0.039702680 0.029732626 0.110795453 0.024911989 0.919854522 0.391467869 0.100419879 -0.042892013 -0.390245318 0.919711292 -0.042628389
0.998246491 -0.045458861 0.037913591 0.139507875 0.026806541 0.918222487 0.395156771 0.103990793 -0.052776486 -0.393447548 0.917830944 -0.037112601
0.997953355 -0.049873341 0.040021218 0.150603309 0.030051444 0.918225467 0.394916356 0.106929809 -0.056444302 -0.392905414 0.917844951 -0.033383325
0.997706294 -0.050542559 0.045029514 0.161169514 0.028775889 0.918789029 0.393698752 0.109177165 -0.061271161 -0.391499937 0.918135941 -0.029141420
0.996936262 -0.053943887 0.056640167 0.170270041 0.027864344 0.921557307 0.387241185 0.111602128 -0.073086455 -0.384476542 0.920237005 -0.024115281
0.994477332 -0.060009077 0.086103037 0.185262904 0.025237178 0.933068633 0.358811885 0.115816854 -0.101872012 -0.354657263 0.929430127 -0.012343570
0.993388176 -0.058755014 0.098629549 0.189099461 0.021972496 0.940535128 0.338984996 0.117158800 -0.112681627 -0.334576577 0.935607493 -0.007465816
0.992220640 -0.057398889 0.110470027 0.193518907 0.019390631 0.947792232 0.318298459 0.117617324 -0.122972608 -0.313680232 0.941531956 -0.002916136
0.990669429 -0.056419298 0.124060437 0.196303725 0.017053306 0.954450667 0.297881037 0.116609924 -0.135215804 -0.292986006 0.946507215 0.001180949
0.989383638 -0.056963876 0.133697793 0.199500173 0.017178215 0.959368825 0.281631619 0.114710107 -0.144308314 -0.276345044 0.950162351 0.005072847
0.986300468 -0.068236016 0.150183916 0.206196070 0.025228800 0.962120593 0.271454453 0.110860869 -0.163018018 -0.263946712 0.950661480 0.012627991
0.984527051 -0.076349162 0.157725468 0.210659400 0.029912336 0.960104227 0.278037935 0.109715790 -0.172660843 -0.269017905 0.947532356 0.018427297
0.982137561 -0.086916722 0.166887164 0.216656759 0.036172427 0.957591832 0.285848558 0.107582442 -0.184654802 -0.274705887 0.943630934 0.025231410
0.979834080 -0.096218541 0.175120458 0.223744914 0.041289032 0.955005586 0.293699801 0.105439194 -0.195500389 -0.280546546 0.939719796 0.034321371
0.977388144 -0.106314838 0.182782948 0.230888069 0.047040507 0.952073276 0.302231133 0.103048585 -0.206154406 -0.286798894 0.935546279 0.043938130
0.975761414 -0.112480745 0.187717319 0.237897962 0.049195882 0.948585868 0.312673360 0.100437567 -0.213235736 -0.295859665 0.931127071 0.054137714
0.974726498 -0.118473291 0.189399853 0.249454051 0.050528917 0.942745268 0.329663724 0.094444655 -0.217612162 -0.311761826 0.924905181 0.076968029
0.974986970 -0.124457896 0.184148401 0.252748191 0.056391697 0.939926922 0.336685866 0.090183735 -0.214989245 -0.317879885 0.923434913 0.090115532
0.976548135 -0.124731407 0.175487295 0.253537446 0.058500275 0.938144743 0.341265619 0.085698195 -0.207199022 -0.322996259 0.923440337 0.103497036
0.978686571 -0.122003600 0.165189847 0.252352595 0.059207860 0.937870920 0.341895580 0.080476105 -0.196639255 -0.324828088 0.925105214 0.118386000
0.981531203 -0.115566500 0.152449444 0.248474300 0.058388121 0.939855576 0.336544752 0.074629620 -0.182173744 -0.321427941 0.929245293 0.133482501
0.987859368 -0.093814127 0.123825461 0.234514251 0.050260253 0.947205007 0.316664726 0.064204045 -0.146995723 -0.306596726 0.940420508 0.164345995
0.990709782 -0.080058038 0.109930821 0.223345548 0.042544819 0.950239658 0.308600962 0.059770439 -0.129166618 -0.301057041 0.944817781 0.179418728
0.993365347 -0.067546882 0.093073472 0.210224494 0.036407121 0.952412248 0.302630872 0.057317272 -0.109086081 -0.297234505 0.948552489 0.194428191
0.995904565 -0.054279216 0.072303958 0.194242716 0.030091926 0.953135073 0.301044881 0.054141663 -0.085255913 -0.297636211 0.950864911 0.208158568
0.997924328 -0.043488864 0.047495294 0.174821883 0.027200062 0.953156352 0.301252663 0.051476959 -0.058371577 -0.299335480 0.952360749 0.217792407
0.999683678 -0.022822717 -0.010568915 0.129619434 0.024975864 0.950335562 0.310223341 0.049362626 0.002963877 -0.310389161 0.950604975 0.229150772
0.999235749 -0.011221043 -0.037443411 0.100381605 0.022481900 0.948596299 0.315689236 0.049579374 0.031976316 -0.316289753 0.948123574 0.227657259
0.997887373 0.001589755 -0.064948447 0.071298115 0.019399155 0.946802676 0.321229517 0.052443512 0.062004037 -0.321810842 0.944771528 0.224667460
0.995704412 0.013197474 -0.091643810 0.041207686 0.017488338 0.945166051 0.326121598 0.055806287 0.090922594 -0.326323420 0.940875173 0.218607917
0.993022382 0.027662011 -0.114635609 0.010004953 0.011763962 0.944013000 0.329698443 0.059265077 0.117337622 -0.328746498 0.937100649 0.208506525
0.989544749 0.036520742 -0.139525622 -0.021773886 0.011895028 0.943447411 0.331308752 0.065016821 0.143734723 -0.329504520 0.933149040 0.196272656
0.981659412 0.041198418 -0.186138347 -0.077651583 0.023489410 0.942793250 0.332549393 0.075026244 0.189190492 -0.330822527 0.924534202 0.165262014
0.978877902 0.043885358 -0.199679971 -0.107707843 0.026446139 0.941303670 0.336523443 0.079426706 0.202727944 -0.334696144 0.920260787 0.139734119
0.976881027 0.048456896 -0.208219677 -0.128316402 0.026061174 0.939716756 0.340959311 0.085561208 0.212189347 -0.338503122 0.916728616 0.118058376
0.975815356 0.051483840 -0.212447271 -0.143890068 0.025453500 0.938497663 0.344346076 0.094910614 0.217109516 -0.341425687 0.914489985 0.098150402
0.975731790 0.053323183 -0.212377340 -0.154257089 0.024605397 0.937053323 0.348318398 0.103337981 0.217582345 -0.345090985 0.913000643 0.077437796
0.977171540 0.052480526 -0.205867946 -0.160090208 0.023653090 0.936111093 0.350908190 0.113750286 0.211131126 -0.347766906 0.913499773 0.057906244
0.981515050 0.037516177 -0.187671989 -0.164647281 0.033394538 0.931983948 0.360958040 0.131528854 0.188449055 -0.360552967 0.913503408 0.010183735
0.983870924 0.024205001 -0.177234694 -0.158133402 0.043530576 0.928619802 0.368470281 0.141102985 0.173502460 -0.370242327 0.912588358 -0.010870872
0.987417817 0.012125649 -0.157667518 -0.150048211 0.048895553 0.924783885 0.377337962 0.150371954 0.150383860 -0.380299479 0.912555218 -0.029619783
0.990822196 -0.005663343 -0.135053083 -0.136805698 0.057520337 0.921812475 0.383344710 0.158120945 0.122322604 -0.387594759 0.913677990 -0.047590155
0.994151413 -0.025490915 -0.104943924 -0.120356292 0.064231716 0.920750976 0.384827077 0.165763751 0.086817630 -0.389317095 0.917003214 -0.064762659
0.996804237 -0.070218451 -0.038087390 -0.076866612 0.079385974 0.923857093 0.374414146 0.176663116 0.008896524 -0.376241207 0.926479042 -0.090910494
0.995871186 -0.090774648 0.000705503 -0.049579963 0.084263958 0.927278638 0.364765584 0.180969179 -0.033765662 -0.363200068 0.931099117 -0.100603603
0.993226290 -0.109219186 0.039657116 -0.024456270 0.088056780 0.930180311 0.356385529 0.182231426 -0.075812407 -0.350479424 0.933497012 -0.109458394
0.981458843 -0.150595784 0.118572362 -0.013263085 0.101776682 0.933663368 0.343386471 0.201859906 -0.162419230 -0.324951768 0.931679308 -0.099782579
0.974358797 -0.167374626 0.150368482 0.013961431 0.106829628 0.932311714 0.345517457 0.200767606 -0.198021144 -0.320594192 0.926286697 -0.099100113
0.967717409 -0.179714173 0.176708430 0.043285888 0.109270334 0.930958509 0.348391026 0.199809700 -0.227119029 -0.317835063 0.920542121 -0.093192816
0.961812913 -0.188802034 0.198165983 0.072531529 0.109951437 0.929536402 0.351955682 0.197143331 -0.250652432 -0.316726893 0.914799094 -0.085501745
0.957282066 -0.193157047 0.215177715 0.102529399 0.107860096 0.928980649 0.354063720 0.194120318 -0.268285841 -0.315729767 0.910130441 -0.072171956
0.950679123 -0.189338237 0.245683223 0.157270759 0.095186420 0.931944132 0.349885195 0.185051456 -0.295209676 -0.309242874 0.904002309 -0.040527243
0.949372053 -0.184016272 0.254618704 0.186782002 0.089726225 0.935557604 0.341586262 0.179104269 -0.301067889 -0.301446468 0.904703379 -0.018269371
0.949132442 -0.175918892 0.261151612 0.209482357 0.083320394 0.940129280 0.330476344 0.171859279 -0.303653300 -0.291906536 0.906964839 0.003035909
0.948848605 -0.174943060 0.262833118 0.229325071 0.085391849 0.943625689 0.319810629 0.163665444 -0.303964734 -0.281008065 0.910296619 0.026046302
0.949202538 -0.174562156 0.261806518 0.244562313 0.088048168 0.946121931 0.311610043 0.155230790 -0.302096218 -0.272729456 0.913431168 0.049716003
0.952069998 -0.171145111 0.253519326 0.253976434 0.090981968 0.949754000 0.299482316 0.140261069 -0.292035908 -0.262062460 0.919803381 0.093576796
0.955873489 -0.165519625 0.242712051 0.249706447 0.090068638 0.951500714 0.294166714 0.135370433 -0.279631048 -0.259325415 0.924422383 0.115344182
0.961869657 -0.155728102 0.224845603 0.237722501 0.086715631 0.953303695 0.289296478 0.130435497 -0.259397745 -0.258767873 0.930457950 0.133481875
0.968486726 -0.141377643 0.205050752 0.219075054 0.079574838 0.955772340 0.283137947 0.127485961 -0.236011222 -0.257898480 0.936902940 0.153583109
0.975597978 -0.123756751 0.181363896 0.194045573 0.070315942 0.958615959 0.275882393 0.126057878 -0.208000645 -0.256397516 0.943925858 0.170079008
0.982835412 -0.103199922 0.152919561 0.163611189 0.058854125 0.960984051 0.270270020 0.125107378 -0.174845099 -0.256630987 0.950562835 0.183929130
0.995039523 -0.062739536 0.077201620 0.091259010 0.040039584 0.962993681 0.266533405 0.122944511 -0.091066852 -0.262120157 0.960728824 0.195371777
0.998380899 -0.044574250 0.035337720 0.058263730 0.033414792 0.962332785 0.269812942 0.116723649 -0.046033356 -0.268195271 0.962264121 0.242611304
0.999699712 -0.024424477 -0.001987071 0.036884937 0.024015626 0.960375011 0.277674377 0.111868456 -0.004873719 -0.277638733 0.960673213 0.204454899
0.999129355 -0.011652091 -0.040059172 0.005339240 0.022576831 0.958468080 0.284304887 0.114081681 0.035082690 -0.284961790 0.957896650 0.185560688
0.997347057 0.001214455 -0.072783262 -0.029468991 0.019963901 0.956959963 0.289532572 0.118096448 0.070002288 -0.290217489 0.954396904 0.178482220
0.992114186 0.023798231 -0.123057462 -0.079903357 0.014123074 0.954329491 0.298422068 0.129283488 0.124539278 -0.297806710 0.946467698 0.157127678
0.990006745 0.030768577 -0.137622371 -0.100057527 0.012182035 0.953599393 0.300831854 0.134619400 0.140492782 -0.299502075 0.943695009 0.144556254
0.988275409 0.035694063 -0.148450777 -0.110647202 0.011206345 0.952709258 0.303676605 0.140259907 0.152269885 -0.301779687 0.941139162 0.129645854
0.987526000 0.036619857 -0.153138414 -0.114924349 0.012452208 0.951369822 0.307799369 0.145313740 0.156962827 -0.305866808 0.939046443 0.115003757
0.986886978 0.041297942 -0.156040430 -0.112758793 0.009703999 0.949787259 0.312745959 0.151119351 0.161120981 -0.310159117 0.936931908 0.098571241
0.998352766 0.022015423 -0.052981962 0.009367810 -0.003652603 0.945965409 0.324247032 0.188981891 0.057257537 -0.323519379 0.944487572 0.016229887
0.999691427 0.008965880 -0.023165379 0.038036548 -0.000965904 0.945912361 0.324420810 0.195127949 0.024821136 -0.324298322 0.945629179 0.004433193
0.998950303 -0.023354169 0.039406884 0.056363668 0.008668579 0.941108108 0.337994725 0.186340079 -0.044979725 -0.337298304 0.940322638 -0.027967107
