1.000000000 0.000000000 0.000000000 0.000000000 0.000000000 1.000000000 0.000000000 0.000000000 0.000000000 0.000000000 1.000000000 0.000000000
0.999999881 -0.000443653 -0.000161324 -0.002590906 0.000443754 0.999999702 0.000622365 -0.001447955 0.000161047 -0.000622437 0.999999821 0.095075160
0.999997139 0.001116371 -0.002123037 -0.006238383 -0.001117631 0.999999225 -0.000592492 -0.002825909 0.002122374 0.000594863 0.999997556 0.181237340
0.999998033 -0.000282889 -0.001976101 -0.006612625 0.000281173 0.999999583 -0.000868286 -0.005021777 0.001976346 0.000867728 0.999997675 0.270566791
0.999993563 0.000686128 -0.003526830 -0.010717661 -0.000679427 0.999997973 0.001900973 -0.004942329 0.003528127 -0.001898565 0.999991953 0.369379699
0.999987364 0.004034770 -0.003007560 -0.014190247 -0.004022363 0.999983430 0.004120217 -0.004170844 0.003024135 -0.004108067 0.999987006 0.474262714
0.999994218 0.002956607 -0.001670740 -0.017340662 -0.002950360 0.999988675 0.003729451 -0.006022349 0.001681748 -0.003724500 0.999991655 0.575829685
0.999993563 0.003383139 -0.001213917 -0.019653805 -0.003384314 0.999993801 -0.000967440 -0.007109604 0.001210636 0.000971542 0.999998808 0.664495230
0.999977887 0.006630207 -0.000488157 -0.021115636 -0.006630592 0.999977708 -0.000789907 -0.008084198 0.000482909 0.000793126 0.999999583 0.753956854
0.999931574 0.011678668 0.000643832 -0.026370350 -0.011674445 0.999912560 -0.006212019 -0.009888602 -0.000716324 0.006204078 0.999980509 0.843933344
0.999968708 0.007880555 0.000734144 -0.027042795 -0.007874669 0.999939322 -0.007703688 -0.014280694 -0.000794809 0.007697666 0.999970078 0.935171306
0.999909639 0.013398148 0.001076364 -0.028769936 -0.013389341 0.999879837 -0.007810827 -0.014585507 -0.001180885 0.007795710 0.999968886 1.035785794
0.999837756 0.018003311 0.000560382 -0.035456244 -0.017989179 0.999652565 -0.019263603 -0.020015230 -0.000906996 0.019250399 0.999814272 1.128591180
0.999923348 0.012333132 -0.001073854 -0.033991702 -0.012353869 0.999679148 -0.022113960 -0.024455238 0.000800775 0.022125531 0.999754906 1.221435070
0.999869823 0.016124759 -0.000581453 -0.037182853 -0.016134089 0.999579549 -0.024090974 -0.028041409 0.000192748 0.024097219 0.999709606 1.309042215
0.999911129 0.013246967 -0.001517768 -0.039574500 -0.013287570 0.999433637 -0.030916881 -0.033140108 0.001107354 0.030934300 0.999520779 1.398902059
0.999864161 0.016412539 -0.001498747 -0.041620154 -0.016454147 0.999281704 -0.034136791 -0.038297374 0.000937399 0.034156818 0.999416053 1.490003943
0.999896348 0.014137484 -0.002718939 -0.043177277 -0.014223543 0.999293685 -0.034781933 -0.042233597 0.002225289 0.034816999 0.999391198 1.589986920
0.999908030 0.013432370 -0.001868936 -0.043637905 -0.013497712 0.999068141 -0.040995855 -0.048469100 0.001316523 0.041017309 0.999157548 1.679409027
0.999854982 0.016885106 -0.002225823 -0.048405647 -0.016970532 0.998768866 -0.046613302 -0.052210201 0.001436012 0.046644315 0.998910546 1.754978299
0.999780416 0.020905970 -0.001437880 -0.050352719 -0.020951657 0.998537719 -0.049833816 -0.056480166 0.000393953 0.049852997 0.998756468 1.829612613
0.999839962 0.017802324 -0.001762812 -0.054334138 -0.017868066 0.998597741 -0.049833082 -0.060365513 0.000873195 0.049856603 0.998755991 1.916458249
0.999795556 0.019999519 -0.002981420 -0.054882057 -0.020125862 0.998489141 -0.051131185 -0.069374569 0.001954316 0.051180735 0.998687506 2.003310919
0.999777377 0.020790869 -0.003597818 -0.056631733 -0.020954402 0.998332083 -0.053795405 -0.073019020 0.002473364 0.053858817 0.998545468 2.072525501
0.999755919 0.021930415 -0.002670686 -0.059749544 -0.022045938 0.998174191 -0.056234058 -0.078261130 0.001432573 0.056279209 0.998414040 2.131125927
0.999782264 0.020579165 -0.003449682 -0.061524186 -0.020749776 0.997965634 -0.060283139 -0.081405535 0.002202088 0.060341597 0.998175383 2.193208694
0.999678552 0.025147365 -0.003217482 -0.065578431 -0.025294878 0.997888327 -0.059824888 -0.085944213 0.001706250 0.059887044 0.998203695 2.257923126
0.999762654 0.021319371 -0.004479609 -0.065728262 -0.021541629 0.998116672 -0.057437532 -0.090368494 0.003246640 0.057520397 0.998339057 2.331792593
0.999804616 0.019143848 -0.004927127 -0.066635013 -0.019394873 0.998169005 -0.057292562 -0.097595654 0.003821305 0.057376929 0.998345256 2.403522491
0.999791563 0.019426059 -0.006277067 -0.066093788 -0.019753769 0.998165667 -0.057228390 -0.100909807 0.005153831 0.057340458 0.998341382 2.480046988
0.999768615 0.020770079 -0.005597971 -0.069794334 -0.021067301 0.997996628 -0.059656885 -0.104601279 0.004347678 0.059761014 0.998203218 2.546663284
0.999711454 0.023693627 -0.003949829 -0.072195716 -0.023889890 0.997868180 -0.060732313 -0.110477842 0.002502440 0.060809150 0.998146296 2.609690428
0.999710977 0.023490470 -0.005120126 -0.075287804 -0.023753131 0.997955203 -0.059340183 -0.114092827 0.003715727 0.059444651 0.998224676 2.689345598
0.999713659 0.023234852 -0.005726471 -0.079138204 -0.023530833 0.998003602 -0.058610048 -0.118067726 0.004353243 0.058728013 0.998264551 2.774102449
0.999739230 0.021983197 -0.006182021 -0.080592327 -0.022295542 0.998178303 -0.056062348 -0.125158042 0.004938329 0.056185558 0.998408139 2.854299784
0.999637604 0.025898281 -0.007346461 -0.084603421 -0.026266791 0.998111904 -0.055521619 -0.127639487 0.005894675 0.055694465 0.998430431 2.934525251
0.999612749 0.026894003 -0.007145819 -0.085608251 -0.027248243 0.998101056 -0.055243164 -0.132494733 0.005646540 0.055416483 0.998447359 3.002002478
0.999529123 0.029631494 -0.007966881 -0.090545461 -0.030021684 0.998068571 -0.054385941 -0.138596624 0.006339956 0.054599512 0.998488188 3.067063093
0.999611616 0.026265882 -0.009315362 -0.093509696 -0.026746379 0.998079062 -0.055882178 -0.141352564 0.007829674 0.056109622 0.998393893 3.149376392
0.999732494 0.021478284 -0.008577945 -0.090344608 -0.021910651 0.998301983 -0.053972851 -0.148377255 0.007404135 0.054146361 0.998505533 3.230765343
0.999772191 0.021209942 0.002382187 -0.087632589 -0.021048708 0.998292327 -0.054491945 -0.154178008 -0.003533890 0.054429390 0.998511374 3.318593740
0.999618113 0.021476129 0.017388249 -0.079048552 -0.020478303 0.998239696 -0.055660635 -0.160509571 -0.018553017 0.055283301 0.998298347 3.397282124
0.999328971 0.022403883 0.028977903 -0.070923954 -0.020769505 0.998241425 -0.055522133 -0.162902221 -0.030170854 0.054883018 0.998036861 3.482286930
0.999227822 0.021318121 0.033005312 -0.069099046 -0.019417936 0.998193324 -0.056859508 -0.168477610 -0.034157820 0.056174703 0.997836471 3.560381889
0.999315500 0.019804992 0.031245187 -0.066836841 -0.018011939 0.998231053 -0.056659825 -0.174316570 -0.032312062 0.056058254 0.997904480 3.640817404
0.999184489 0.022938645 0.033228539 -0.067071669 -0.020990565 0.998105526 -0.057834059 -0.178592920 -0.034492224 0.057089411 0.997773051 3.732192278
0.998864532 0.020799059 0.042860545 -0.059073113 -0.018416721 0.998302817 -0.055247772 -0.184715047 -0.043936905 0.054395691 0.997552335 3.835711241
0.998129547 0.013926940 0.059527129 -0.042044982 -0.010753692 0.998520672 -0.053299390 -0.192866147 -0.060181368 0.052559558 0.996802747 3.931670904
0.996837616 0.012509776 0.078474574 -0.025133666 -0.008483041 0.998640180 -0.051437687 -0.196043208 -0.079011336 0.050609317 0.995588243 4.021882534
0.995690167 0.013764652 0.091715090 -0.013423733 -0.009056745 0.998629272 -0.051551737 -0.200457901 -0.092298970 0.050498918 0.994449973 4.100822926
0.994609296 0.015977670 0.102455229 -0.001608255 -0.010658721 0.998576939 -0.052253764 -0.207076460 -0.103144325 0.050880037 0.993364215 4.182514191
0.992891848 0.013552478 0.118246213 0.019934788 -0.007770050 0.998757422 -0.049226258 -0.212404221 -0.118766420 0.047957569 0.991763413 4.274703503
0.989494979 0.016138472 0.143663779 0.042059343 -0.009417406 0.998834372 -0.047340989 -0.218081087 -0.144260347 0.045490731 0.988493562 4.370382309
0.985940218 0.016982973 0.166233212 0.065228686 -0.009870568 0.999003828 -0.043518770 -0.223104328 -0.166806698 0.041266091 0.985125721 4.469767094
0.982482851 0.012983249 0.185900152 0.091881283 -0.005316991 0.999116957 -0.041677922 -0.229993671 -0.186277106 0.039959412 0.981684327 4.534884930
0.978958130 0.009496633 0.203840196 0.125565812 -0.001310851 0.999188542 -0.040255353 -0.230917051 -0.204057083 0.039141104 0.978176177 4.640044689
0.977750123 0.010704638 0.209499568 0.144042701 -0.002077433 0.999142289 -0.041356869 -0.233891860 -0.209762588 0.040001463 0.976933718 4.726127625
0.978307128 0.008164134 0.206998870 0.162317470 0.000629580 0.999101341 -0.042380523 -0.239274666 -0.207158849 0.041591492 0.977422833 4.811033249
0.978469789 0.004314798 0.206344858 0.180135429 0.003784382 0.999238253 -0.038839906 -0.244337276 -0.206355274 0.038784564 0.977708161 4.892165661
0.978966177 0.003658682 0.203989819 0.201288119 0.004598279 0.999189556 -0.039988641 -0.249673814 -0.203970805 0.040085528 0.978155971 4.986402512
0.977165818 0.006129147 0.212389827 0.224000812 0.001873649 0.999296427 -0.037458017 -0.253741771 -0.212469980 0.037000638 0.976466835 5.083107948
0.970859468 0.004823513 0.239600986 0.258126944 0.004839936 0.999198854 -0.039726660 -0.258770168 -0.239600658 0.039728656 0.970058322 5.176645756
0.960275114 0.002902543 0.279039949 0.308590859 0.008301829 0.999206185 -0.038963169 -0.261948556 -0.278931528 0.039731901 0.959488690 5.270980358
0.946530223 0.002339204 0.322606742 0.361689866 0.010584497 0.999210238 -0.038300198 -0.267554700 -0.322441548 0.039666925 0.945757866 5.353966236
0.932506740 -0.003235937 0.361138076 0.411740810 0.018305676 0.999098003 -0.038315400 -0.273367703 -0.360688329 0.042340245 0.931724906 5.431903362
0.924002111 -0.003261859 0.382373393 0.452494234 0.020070318 0.998999000 -0.039977737 -0.279027343 -0.381860226 0.044613868 0.923142672 5.498983860
0.921556711 0.000178478 0.388243705 0.483152777 0.017521927 0.998961866 -0.042050250 -0.283238262 -0.387848139 0.045554467 0.920596898 5.569536686
0.923001409 -0.003363823 0.384781867 0.519032776 0.019212991 0.999117434 -0.037353016 -0.285926580 -0.384316623 0.041869696 0.922251403 5.657098770
0.923438847 -0.008510377 0.383651286 0.555444181 0.024489149 0.999023139 -0.036783841 -0.289233655 -0.382963479 0.043362919 0.922745168 5.746227741
0.923855484 -0.012870586 0.382525027 0.588517427 0.028173152 0.999009967 -0.034429323 -0.293398410 -0.381703168 0.042584654 0.923303425 5.822772980
0.923847795 -0.004491339 0.382733643 0.615057409 0.020313535 0.999097288 -0.037308797 -0.295833498 -0.382220566 0.042242326 0.923105121 5.891728878
0.924385905 -0.004857653 0.381427735 0.650122404 0.020988746 0.999051869 -0.038142622 -0.301899374 -0.380880803 0.043264188 0.923611403 5.985733986
0.925845385 -0.013787460 0.377650917 0.694033861 0.028903482 0.998990536 -0.034387883 -0.310696930 -0.376795560 0.042753287 0.925309300 6.095116615
0.926591039 -0.011530733 0.375893712 0.735163569 0.028360931 0.998826027 -0.039271180 -0.318446964 -0.374999613 0.047049019 0.925830245 6.212996483
0.926393628 -0.008851701 0.376452446 0.774849474 0.024345366 0.999040008 -0.036419444 -0.321042538 -0.375768661 0.042903613 0.925719798 6.327996254
0.926658034 -0.011868947 0.375717938 0.812329113 0.029038964 0.998774827 -0.040069375 -0.324563742 -0.374782056 0.048041068 0.925867438 6.413632393
0.926713824 -0.012872626 0.375547260 0.843131542 0.030336874 0.998713732 -0.040627461 -0.328600377 -0.374541193 0.049042959 0.925912321 6.492200851
0.926754832 -0.009911389 0.375535965 0.874187708 0.027013781 0.998822272 -0.040303558 -0.331777811 -0.374694228 0.047496166 0.925931096 6.578721046
0.927813888 -0.013785938 0.372788638 0.911865652 0.030600242 0.998761773 -0.039224543 -0.338258147 -0.371786267 0.047800496 0.927086890 6.669886112
0.927981794 -0.006672980 0.372565776 0.942955136 0.022715971 0.998993099 -0.038687795 -0.343185544 -0.371932477 0.044364762 0.927199006 6.772727966
0.928756714 -0.009093979 0.370578200 0.978897214 0.024729798 0.998991966 -0.037463494 -0.349119693 -0.369863957 0.043958798 0.928045392 6.866611004
0.929712415 -0.011542841 0.368105441 1.012684345 0.028054280 0.998824298 -0.039535258 -0.354419112 -0.367216289 0.047083352 0.928943157 6.950941086
0.930597544 -0.014827727 0.365743488 1.048151851 0.033470035 0.998440385 -0.044683043 -0.360677123 -0.364510506 0.053823378 0.929642498 7.036027431
0.930655479 -0.015475901 0.365569293 1.086352587 0.033657815 0.998489976 -0.043415289 -0.364513308 -0.364345402 0.052708939 0.929771066 7.140125751
0.930625260 -0.014028721 0.365704566 1.122838855 0.030756095 0.998728037 -0.039954446 -0.370036155 -0.364678890 0.048430260 0.929872990 7.246717930
0.929767609 -0.012409314 0.367937744 1.159393668 0.026922707 0.999047577 -0.034338329 -0.372940361 -0.367161185 0.041832548 0.929216146 7.350218773
0.925395489 -0.014599605 0.378721595 1.201361656 0.029227689 0.999031067 -0.032904677 -0.376911223 -0.377874255 0.041518997 0.924925506 7.431867123
0.914363265 -0.009577930 0.404781491 1.246226549 0.024969924 0.999151170 -0.032762822 -0.381621778 -0.404124111 0.040064484 0.913826346 7.514461994
0.900791645 -0.013319803 0.434047192 1.307927728 0.028124247 0.999220490 -0.027703594 -0.383371741 -0.433339834 0.037162416 0.900464058 7.609897137
0.886081815 -0.012025250 0.463372827 1.373835206 0.025997173 0.999379218 -0.023777481 -0.386478603 -0.462799221 0.033115178 0.885844350 7.699841499
0.871140480 -0.010928970 0.490912199 1.439708948 0.024434075 0.999478579 -0.021108136 -0.388789147 -0.490425527 0.030383138 0.870953321 7.790429115
0.858295500 -0.008179996 0.513090551 1.502221227 0.022998547 0.999481440 -0.022537533 -0.394677490 -0.512640119 0.031144200 0.858038545 7.864823341
0.847609103 -0.009104164 0.530543089 1.557659626 0.018387346 0.999756277 -0.012220187 -0.392176211 -0.530302525 0.020113220 0.847569883 7.940374374
0.830598116 -0.014039659 0.556695342 1.625638247 0.027183101 0.999512613 -0.015350256 -0.395849496 -0.556208491 0.027882598 0.830574870 8.011407852
0.809852898 -0.012083476 0.586508512 1.696800709 0.024154652 0.999626815 -0.012758125 -0.399784505 -0.586135447 0.024499113 0.809842587 8.084639549
0.788832545 -0.007780280 0.614558935 1.769271255 0.021938045 0.999639094 -0.015503752 -0.402040452 -0.614216566 0.025712086 0.788718522 8.157672882
0.768443227 -0.008600924 0.639860153 1.849547267 0.024380138 0.999577224 -0.015843248 -0.406013668 -0.639453351 0.027774515 0.768328011 8.224928856
0.749875128 -0.012385691 0.661463439 1.927065611 0.030067362 0.999429643 -0.015372188 -0.411228836 -0.660895765 0.031415682 0.749819875 8.286705971
0.740772724 -0.010222301 0.671677947 1.990149975 0.028528199 0.999460876 -0.016252015 -0.412746131 -0.671149731 0.031200813 0.740664959 8.352004051
0.738566637 0.010423543 0.674099922 2.040046215 0.006391100 0.999727309 -0.022460993 -0.411354661 -0.674150169 0.020897180 0.738298595 8.428460121
0.745766699 0.003274932 0.666199207 2.105921745 0.016243421 0.999601245 -0.023097340 -0.416208863 -0.666009188 0.028046580 0.745416164 8.500218391
0.751333177 -0.007442819 0.659881115 2.175631762 0.022404287 0.999647677 -0.014234211 -0.414774090 -0.659542620 0.025478801 0.751235187 8.586820602
0.754908800 -0.014612735 0.655666947 2.243933678 0.026964160 0.999597967 -0.008767591 -0.416131020 -0.655275226 0.024298241 0.754999280 8.667438507
0.761325419 -0.012969803 0.648240268 2.287871361 0.027583310 0.999542654 -0.012396647 -0.420521855 -0.647782981 0.027318493 0.761335015 8.732862473
0.765962839 -0.014089555 0.642730415 2.337285995 0.032830156 0.999312639 -0.017218430 -0.427998662 -0.642046034 0.034289617 0.765898943 8.788470268
0.772197664 -0.013343268 0.635242224 2.390500784 0.046167158 0.998315096 -0.035150979 -0.442089528 -0.633702874 0.056470834 0.771512628 8.854135513
0.770399749 -0.023256322 0.637136936 2.454206467 0.058840200 0.997663081 -0.034731161 -0.445707470 -0.634840250 0.064246133 0.769967794 8.914590836
0.765807569 -0.017526027 0.642830908 2.505657196 0.051887844 0.998053253 -0.034603491 -0.447844654 -0.640973032 0.059854727 0.765226126 8.979056358
0.762182951 -0.018096991 0.647108734 2.559380531 0.056448009 0.997659624 -0.038585603 -0.451667070 -0.644895971 0.065937288 0.761420727 9.033950806
0.758232057 -0.018404191 0.651724994 2.613579988 0.067408964 0.996457398 -0.050286006 -0.455567420 -0.648490667 0.082060568 0.756786585 9.083925247
0.750886440 -0.018465977 0.660173178 2.668233395 0.073177129 0.995780230 -0.055378903 -0.461531162 -0.656364739 0.089892842 0.749069154 9.130388260
0.745173514 -0.002257708 0.666866779 2.713744640 0.059534747 0.996226549 -0.063152842 -0.465068758 -0.664207816 0.086761571 0.742496073 9.194298744
0.734623492 0.018676903 0.678217947 2.765882015 0.037205372 0.997008026 -0.067755461 -0.471790880 -0.677454174 0.075008102 0.731730580 9.254955292
0.721100867 0.045130324 0.691358685 2.809602261 -0.002558688 0.998042881 -0.062481210 -0.474367380 -0.692825437 0.043286283 0.719805002 9.331974030
0.719647288 0.060353126 0.691711843 2.860303879 -0.019645911 0.997586191 -0.066601895 -0.478334546 -0.694061816 0.034340560 0.719095826 9.403380394
0.716891706 0.074569769 0.693185151 2.909084320 -0.033919290 0.996816576 -0.072153777 -0.482935429 -0.696358919 0.028214097 0.717138886 9.469690323
0.716264009 0.086185187 0.692486823 2.954730034 -0.044607945 0.995969236 -0.077816255 -0.488004059 -0.696402192 0.024846572 0.717221498 9.526869774
0.717112124 0.098026589 0.690029681 2.998855591 -0.057330638 0.995000899 -0.081770472 -0.491066813 -0.694595873 0.019078750 0.719147146 9.593038559
0.723338962 0.084228188 0.685336709 3.064157963 -0.043124806 0.996105313 -0.076905698 -0.499403119 -0.689145148 0.026073871 0.724154055 9.654232025
0.730000734 0.076810218 0.679116488 3.123312473 -0.035471674 0.996583402 -0.074587278 -0.506681502 -0.682525277 0.030359371 0.730231166 9.719766617
0.735588431 0.060466230 0.674724758 3.183543682 -0.020224016 0.997524679 -0.067345992 -0.513710618 -0.677126765 0.035893295 0.734990478 9.781380653
0.739503622 0.058758326 0.670583248 3.237766504 -0.018557860 0.997583985 -0.066945851 -0.521108091 -0.672896743 0.037062109 0.738807440 9.839623451
0.744567573 0.050994936 0.665596485 3.305549622 -0.016642876 0.998186052 -0.057858922 -0.528354108 -0.667339623 0.032002442 0.744065642 9.919637680
0.750242651 0.047583330 0.659448147 3.375109196 -0.017073352 0.998468578 -0.052621733 -0.533082843 -0.660942137 0.028220082 0.749906063 10.007123947
0.754839718 0.040783994 0.654640138 3.437412500 -0.008843149 0.998607099 -0.052016404 -0.539099514 -0.655849695 0.033474967 0.754148960 10.080778122
0.759774566 0.036739554 0.649147868 3.488875628 -0.005258925 0.998716831 -0.050368831 -0.545264482 -0.650165379 0.034855139 0.758992851 10.146617889
0.764781356 0.030310830 0.643576503 3.540160418 0.004498443 0.998617172 -0.052377988 -0.552653790 -0.644274175 0.042952802 0.763587475 10.204986572
0.767738104 0.027957847 0.640153587 3.588876009 0.007756247 0.998569012 -0.052913252 -0.559372127 -0.640716910 0.045588709 0.766422629 10.263839722
0.772956908 0.018145837 0.634198964 3.650824547 0.016657889 0.998665929 -0.048876550 -0.563686252 -0.634239793 0.048343882 0.771623433 10.341852188
0.776537955 0.013006602 0.629936218 3.710210562 0.023347059 0.998506308 -0.049397152 -0.570248544 -0.629637778 0.053065922 0.775074363 10.413492203
0.778782904 0.012014393 0.627178490 3.764312983 0.023988470 0.998514831 -0.048914876 -0.577424526 -0.626834750 0.053139120 0.777338028 10.482929230
0.780899823 0.008305728 0.624601066 3.819783211 0.026457939 0.998574495 -0.046357416 -0.579875886 -0.624095678 0.052726157 0.779566884 10.555015564
0.782496095 0.006614155 0.622620344 3.873483896 0.030795075 0.998308778 -0.049307730 -0.586369634 -0.621893525 0.057756748 0.780969024 10.622925758
0.783211768 0.002513158 0.621749997 3.939703703 0.032929339 0.998420715 -0.045516424 -0.593729496 -0.620882452 0.056122813 0.781892061 10.710620880
0.785096884 0.000549057 0.619372725 4.007126331 0.033502277 0.998497963 -0.043351557 -0.598810136 -0.618466198 0.054785572 0.783899307 10.797017097
0.785650849 0.006447969 0.618636549 4.063196182 0.030646944 0.998312414 -0.049326040 -0.607742727 -0.617910564 0.057712365 0.784127414 10.876384735
0.787046313 0.011675561 0.616783440 4.119147778 0.031436194 0.997762799 -0.059001558 -0.618544400 -0.616092443 0.065826282 0.784918487 10.948788643
0.786832154 0.018004168 0.616904318 4.171555042 0.030595560 0.997207463 -0.068126380 -0.627097189 -0.616408169 0.072478563 0.784084082 11.018055916
0.784652650 0.025838353 0.619396925 4.232306957 0.026492767 0.996820748 -0.075143769 -0.636038005 -0.619369328 0.075371295 0.781473517 11.102293968
0.782980204 0.026330950 0.621489108 4.301144600 0.030236239 0.996311724 -0.080304235 -0.645914614 -0.621311367 0.081668116 0.779296160 11.185774803
0.778164208 0.031670514 0.627261817 4.373165131 0.027658062 0.996030927 -0.084601559 -0.654471397 -0.627451599 0.083182752 0.774199665 11.272124290
0.771798253 0.026238803 0.635325849 4.457001686 0.029135410 0.996639609 -0.076554872 -0.658155203 -0.635199606 0.077595398 0.768440247 11.367410660
0.760725677 0.039617274 0.647863328 4.528455734 0.003382513 0.997879982 -0.064992793 -0.663364053 -0.649064720 0.051633090 0.758978963 11.470039368
0.754230142 0.050401375 0.654672980 4.594020844 -0.005807459 0.997522652 -0.070105776 -0.675475776 -0.656584561 0.049073905 0.752654314 11.547910690
0.752104163 0.064325228 0.655897558 4.646485329 -0.022251491 0.997136414 -0.072275914 -0.683151424 -0.658668518 0.039764315 0.751381814 11.627508163
0.755562603 0.065501966 0.651793420 4.710786343 -0.032178327 0.997498274 -0.062942274 -0.687698960 -0.654285669 0.026583208 0.755780101 11.716792107
0.759785295 0.072742298 0.646092057 4.775087833 -0.042478129 0.997152209 -0.062314477 -0.693343043 -0.648784995 0.019900847 0.760711551 11.813301086
0.769616008 0.068814218 0.634787977 4.835649490 -0.037197985 0.997319102 -0.063015640 -0.698143244 -0.637422502 0.024885014 0.770112514 11.894370079
0.778307319 0.064283960 0.624584138 4.890629292 -0.029582337 0.997394800 -0.065791517 -0.701962471 -0.627186298 0.032729365 0.778181314 11.969719887
0.789036274 0.038832586 0.613118112 4.951128960 -0.003973540 0.998301983 -0.058115043 -0.710802078 -0.614333808 0.043418627 0.787850797 12.033980370
0.796696901 0.017317362 0.604130983 5.014174461 0.013830788 0.998805225 -0.046870004 -0.718369305 -0.604220867 0.045696795 0.795505524 12.107033730
0.805076420 -0.000473274 0.593170941 5.079286098 0.023586063 0.999234378 -0.031214733 -0.721762717 -0.592702031 0.039120812 0.804471195 12.199520111
0.810237110 -0.010687509 0.586004794 5.143665791 0.034869954 0.998941660 -0.029994184 -0.728588939 -0.585064054 0.044736359 0.809752285 12.288997650
0.813652039 -0.022075867 0.580932856 5.210225105 0.047932949 0.998423815 -0.029193858 -0.737173021 -0.579372704 0.051599469 0.813427806 12.371343613
0.815313935 -0.015962401 0.578799129 5.263706207 0.042458974 0.998576939 -0.032269754 -0.742243826 -0.577460408 0.050885197 0.814831376 12.454843521
0.817103386 -0.024720956 0.575960934 5.324941635 0.056450177 0.997709870 -0.037261713 -0.749637365 -0.573720753 0.062959768 0.816627562 12.531096458
0.816923141 -0.027433030 0.576093793 5.386528015 0.064065784 0.997002780 -0.043371446 -0.757493854 -0.573177278 0.072339036 0.816232145 12.613154411
0.817091286 -0.020262986 0.576152086 5.445866108 0.057102513 0.997312307 -0.045907047 -0.760555148 -0.573673368 0.070409983 0.816052258 12.705635071
0.816530049 -0.008926203 0.577233911 5.503617764 0.047402389 0.997540772 -0.051627647 -0.766713619 -0.575353563 0.069517791 0.814945161 12.801733971
0.818111837 -0.013866404 0.574891984 5.565692425 0.050543524 0.997574210 -0.047865495 -0.772659242 -0.572833657 0.068216391 0.816828132 12.885946274
0.818768442 -0.008575249 0.574059844 5.616576195 0.044080142 0.997875929 -0.047964323 -0.775875866 -0.572429240 0.064576313 0.817407310 12.972354889
0.820941925 -0.012340895 0.570878386 5.678529739 0.047274616 0.997803092 -0.046412569 -0.785228014 -0.569051445 0.065090075 0.819721758 13.057768822
0.822049856 -0.028017504 0.568725824 5.747947216 0.056624275 0.997860312 -0.032687847 -0.787987769 -0.566593111 0.059074722 0.821877420 13.156935692
0.820818067 -0.030189985 0.570391417 5.813259125 0.053541489 0.998272061 -0.024211448 -0.784143925 -0.568674862 0.050412796 0.821016133 13.257257462
0.816204906 -0.035542138 0.576668322 5.882473469 0.052627929 0.998530269 -0.012945527 -0.786516666 -0.575360715 0.040915061 0.816875815 13.353226662
0.810649514 -0.030969249 0.584712088 5.941112041 0.045453910 0.998915255 -0.010110168 -0.787485838 -0.583764732 0.034773253 0.811177909 13.438583374
0.806820691 -0.032398961 0.589907408 6.001039028 0.041890476 0.999119282 -0.002420169 -0.788547993 -0.589309454 0.026664142 0.807467282 13.518670082
0.804312229 -0.023997895 0.593722165 6.058282375 0.034077108 0.999402583 -0.005768823 -0.793919861 -0.593228996 0.024872266 0.804649472 13.604834557
0.803269088 -0.010584004 0.595522225 6.120127678 0.019909404 0.999760509 -0.009086380 -0.795033813 -0.595283449 0.019155301 0.803287446 13.702821732
0.801664829 0.015328382 0.597577214 6.170951843 -0.002355301 0.999744415 -0.022484632 -0.799455702 -0.597769141 0.016617667 0.801496029 13.794895172
0.804740369 0.028480291 0.592943311 6.218983650 -0.010153372 0.999362707 -0.034221336 -0.805315912 -0.593540072 0.021518916 0.804516673 13.882946968
0.810404181 0.014171682 0.585699797 6.283221245 0.012747508 0.999044180 -0.041811135 -0.815159678 -0.585732520 0.041350130 0.809448957 13.959813118
0.815520406 0.010259402 0.578637421 6.346002102 0.024791095 0.998305738 -0.052640326 -0.823299646 -0.578197122 0.057274316 0.813884377 14.044280052
0.816603899 0.007917901 0.577144265 6.410142422 0.027726933 0.998213470 -0.052925553 -0.832056403 -0.576532245 0.059221651 0.814925432 14.131016731
0.818022251 0.009935211 0.575100839 6.467231274 0.028001983 0.997977376 -0.057070628 -0.838514984 -0.574504614 0.062789001 0.816089511 14.214158058
0.818909883 0.009260328 0.573847413 6.525981426 0.032155536 0.997558951 -0.061985489 -0.850276113 -0.573020637 0.069212899 0.816613078 14.306521416
0.820143700 0.012705411 0.572016537 6.588980198 0.024270894 0.998080969 -0.056968030 -0.854764163 -0.571642578 0.060605321 0.818261445 14.400369644
0.822587550 0.006630830 0.568599880 6.658022404 0.027488302 0.998299301 -0.051408898 -0.861743510 -0.567973733 0.057918165 0.821006298 14.504573822
0.823199391 0.005670577 0.567724049 6.719886303 0.029063366 0.998218238 -0.052112319 -0.869652510 -0.567008018 0.059398800 0.821567833 14.598673820
0.824442387 0.004777337 0.565925717 6.780154228 0.030009978 0.998188496 -0.052144971 -0.878009796 -0.565149665 0.059973944 0.822805524 14.686133385
0.824955583 0.002162309 0.565193415 6.849356174 0.032646962 0.998140752 -0.051470138 -0.885026038 -0.564253926 0.060912427 0.823351264 14.789016724
0.823551714 -0.001341597 0.567239642 6.922140121 0.035745595 0.998132408 -0.049536835 -0.892792881 -0.566113830 0.061072465 0.822061658 14.895207405
0.819177628 0.003366037 0.573530078 6.987263680 0.029088767 0.998452008 -0.047407620 -0.899114132 -0.572801769 0.055518541 0.817811608 14.992309570
0.818085015 0.014536654 0.574913621 7.037578583 0.020190625 0.998338223 -0.053973585 -0.904868484 -0.574742854 0.055762846 0.816431999 15.072501183
0.817236185 0.018434063 0.576008022 7.092936993 0.019227184 0.998059750 -0.059220441 -0.913470268 -0.575982094 0.059472099 0.815296113 15.155291557
0.818642735 0.018408833 0.574007988 7.160982132 0.015520223 0.998411953 -0.054154508 -0.920700252 -0.574093342 0.053241927 0.817057014 15.267683029
0.821385264 0.008139229 0.570315659 7.236299992 0.024743825 0.998448372 -0.049886081 -0.930504680 -0.569836795 0.055087484 0.819909394 15.374620438
0.822201133 0.010897552 0.569092751 7.302024841 0.020568209 0.998594880 -0.048838165 -0.934256852 -0.568825305 0.051860012 0.820821702 15.473197937
0.822744966 0.010387311 0.568315804 7.359282970 0.020987643 0.998596072 -0.048635300 -0.940259576 -0.568023086 0.051942058 0.821371913 15.561018944
0.824425280 0.007902157 0.565915704 7.415464401 0.022762848 0.998630524 -0.047105256 -0.946458936 -0.565512955 0.051716615 0.823116362 15.644435883
0.825393617 0.003384205 0.564547539 7.471122265 0.027061576 0.998595357 -0.045551360 -0.952507436 -0.563908756 0.052875347 0.824142694 15.723657608
0.825193644 0.005782853 0.564820409 7.525364876 0.024272218 0.998660922 -0.045686014 -0.959271789 -0.564328253 0.051409248 0.823948264 15.810239792
0.821953893 0.008197695 0.569494963 7.585233212 0.020098805 0.998856127 -0.043386880 -0.965652466 -0.569199264 0.047108185 0.820848942 15.901204109
0.816467404 0.007957050 0.577336729 7.653409481 0.020063404 0.998910189 -0.042140912 -0.968641043 -0.577042878 0.045990020 0.815418005 15.988611221
0.806589305 0.010863896 0.591012478 7.715434551 0.019083936 0.998831332 -0.044405326 -0.974699378 -0.590804160 0.047095705 0.805439293 16.066928864
0.797055840 0.014506022 0.603731394 7.784067631 0.021528466 0.998393536 -0.052410908 -0.982596755 -0.603521824 0.054771829 0.795463085 16.147520065
0.795705318 0.014867886 0.605501473 7.859445572 0.017258650 0.998736203 -0.047203671 -0.989017427 -0.605438054 0.048010349 0.794443071 16.249578476
0.796959281 0.015179963 0.603842258 7.927964211 0.013259546 0.999003589 -0.042614035 -0.994815528 -0.603887498 0.041968327 0.795963883 16.347600937
0.799104571 0.012759464 0.601056635 7.984560013 0.020027226 0.998654902 -0.047826026 -1.002811432 -0.600858331 0.050255492 0.797774196 16.421623230
0.800485611 0.015750965 0.599144995 8.045861244 0.021406865 0.998265445 -0.054844037 -1.011672854 -0.598969579 0.056727678 0.798759937 16.508922577
0.802096486 0.007304967 0.597149849 8.121132851 0.028099868 0.998355985 -0.049956914 -1.018909574 -0.596533060 0.056850094 0.800572515 16.604873657
0.801592946 0.010238235 0.597782552 8.192187309 0.021556906 0.998708308 -0.046011504 -1.021858335 -0.597481430 0.049768839 0.800336778 16.708623886
0.799550414 0.008896822 0.600533068 8.261854172 0.024731876 0.998554468 -0.047721509 -1.030140281 -0.600089490 0.053008065 0.798174620 16.801631927
0.788858712 0.015064007 0.614389956 8.328177452 0.020857332 0.998467445 -0.051261269 -1.037256956 -0.614220560 0.053252436 0.787335575 16.876840591
0.776653290 0.016045915 0.629723966 8.401655197 0.021016290 0.998458982 -0.051361494 -1.042294025 -0.629577696 0.053124536 0.775119185 16.953371048
0.768047631 0.014651709 0.640225053 8.486917496 0.021281742 0.998602092 -0.048383947 -1.046696424 -0.640038967 0.050786279 0.766662121 17.049192429
0.768751979 0.011006075 0.639452338 8.562592506 0.023968158 0.998653710 -0.046003163 -1.052367806 -0.639097750 0.050691519 0.767453253 17.140707016
0.769371808 0.013910737 0.638649762 8.634930611 0.020822428 0.998685479 -0.046837319 -1.057904720 -0.638461769 0.049333550 0.768070817 17.235683441
0.772227824 0.004907955 0.635326803 8.713520050 0.028337544 0.998708963 -0.042158872 -1.065096021 -0.634713471 0.050559856 0.771091819 17.328170776
0.773261666 0.005003221 0.634067357 8.783935547 0.026733365 0.998822510 -0.040483430 -1.069807887 -0.633523285 0.048255038 0.772217393 17.419532776
0.775246501 0.006125638 0.631629109 8.850004196 0.025663199 0.998821914 -0.041185126 -1.074955583 -0.631137311 0.048138250 0.774176002 17.504888535
0.776990354 0.005352990 0.629489779 8.922254562 0.027243625 0.998741031 -0.042120278 -1.084335089 -0.628922760 0.049876634 0.775866270 17.602191925
0.778474808 0.001141947 0.627674878 9.003246307 0.031069871 0.998702347 -0.040351428 -1.090609670 -0.626906455 0.050914347 0.777429163 17.703676224
0.780291677 -0.002472702 0.625410974 9.083506584 0.034535237 0.998636782 -0.039139431 -1.097585559 -0.624461591 0.052138887 0.779313326 17.805646896
0.781661153 -0.000499594 0.623703122 9.150708199 0.032574080 0.998667598 -0.040023796 -1.102994204 -0.622852147 0.051601600 0.780635953 17.891576767
0.782865405 0.004274115 0.622176468 9.219809532 0.030719358 0.998491347 -0.045512483 -1.110326290 -0.621432304 0.054743011 0.781553030 17.985544205
0.785811424 -0.002140749 0.618462503 9.300402641 0.037706394 0.998299599 -0.044453800 -1.119231701 -0.617315710 0.058252294 0.784555912 18.092176437
0.785549164 0.001323028 0.618797839 9.378592491 0.035300903 0.998273373 -0.046948027 -1.126234412 -0.617791533 0.058724105 0.784146070 18.196510315
0.777050197 -0.003635253 0.629428089 9.460039139 0.041745424 0.998079300 -0.045771740 -1.134781957 -0.628052771 0.061842684 0.775709510 18.286867142
0.756470382 -0.005025612 0.654008687 9.541061401 0.043939658 0.998101711 -0.043153834 -1.139817119 -0.652550280 0.061381511 0.755255222 18.357606888
0.726966023 -0.002578382 0.686668694 9.631340981 0.043588728 0.998149455 -0.042398781 -1.145400763 -0.685288668 0.060753483 0.725733101 18.422306061
0.692563653 -0.008256224 0.721309602 9.733547211 0.047301747 0.998302162 -0.033989936 -1.149625897 -0.719804287 0.057659395 0.691778302 18.492851257
0.666165650 -0.009367780 0.745744944 9.834110260 0.050379451 0.998202384 -0.032464340 -1.154699683 -0.744100273 0.059196852 0.665440083 18.560159683
0.658164740 -0.007355268 0.752838075 9.916208267 0.045585990 0.998506904 -0.030097844 -1.158177972 -0.751492620 0.054128207 0.657517314 18.632612228
0.656349063 -0.002110291 0.754454494 9.985308647 0.038917348 0.998759508 -0.031063097 -1.160538912 -0.753453016 0.049749598 0.655616939 18.700275421
0.657635093 -0.003150370 0.753330112 10.072002411 0.044638060 0.998397171 -0.034792498 -1.172397137 -0.752013028 0.056507960 0.656721652 18.774459839
0.660139918 -0.000039130 0.751142681 10.163114548 0.044502240 0.998245418 -0.039058689 -1.178624630 -0.749823213 0.059211731 0.658983409 18.861499786
0.661397099 0.002972683 0.750030041 10.253221512 0.042044926 0.998272777 -0.041032948 -1.184631467 -0.748856544 0.058674030 0.660129786 18.943733215
0.663587928 -0.000114600 0.748098373 10.337022781 0.045954626 0.998117685 -0.040610369 -1.193508029 -0.746685565 0.061327126 0.662344098 19.013414383
0.664376676 -0.002291471 0.747394383 10.420598984 0.048061568 0.998056591 -0.039663088 -1.197507739 -0.745850980 0.062272176 0.663195610 19.088689804
0.666037858 -0.003811724 0.745908260 10.508642197 0.056659497 0.997356415 -0.045495849 -1.205430269 -0.743762970 0.072564743 0.664493084 19.166688919
0.665635645 -0.002267413 0.746273458 10.605754852 0.047605272 0.998087704 -0.039428834 -1.208138108 -0.744756997 0.061771788 0.664470673 19.259580612
0.664952636 -0.001444781 0.746884167 10.710405350 0.042376220 0.998460233 -0.035796221 -1.214263916 -0.745682418 0.055452920 0.663990021 19.361967087
0.666871548 -0.003662955 0.745163739 10.803699493 0.038967051 0.998791158 -0.029963210 -1.217925072 -0.744153202 0.049018443 0.666208148 19.453033447
0.667241991 -0.001156753 0.744840145 10.879943848 0.040111985 0.998603463 -0.034382228 -1.224276543 -0.743760169 0.052818280 0.666356564 19.527114868
0.666278481 0.005998343 0.745678961 10.976909637 0.040939186 0.998165309 -0.044609334 -1.237062573 -0.744578421 0.060249727 0.664810479 19.605518341
0.666558087 -0.000097943 0.745453179 11.076285362 0.046886224 0.998025596 -0.041792899 -1.241771817 -0.743977189 0.062808879 0.665246606 19.696832657
0.667002201 -0.001517897 0.745054245 11.173534393 0.047393601 0.998059154 -0.040395297 -1.252386212 -0.743546903 0.062254556 0.665779591 19.785289764
0.666167915 0.008109621 0.745757759 11.265357018 0.047038317 0.997493207 -0.052865312 -1.256534338 -0.744316995 0.070296362 0.664116502 19.875064850
0.658839107 0.020524278 0.752003908 11.359862328 0.027090345 0.998332143 -0.050981421 -1.257776022 -0.751796007 0.053960599 0.657184184 19.967771530
0.639859736 0.003329839 0.768484533 11.464799881 0.043843776 0.998203695 -0.040830657 -1.267679334 -0.767240047 0.059819154 0.638564348 20.031082153
0.596531272 0.001240489 0.802588880 11.601106644 0.048046891 0.998150110 -0.037254021 -1.277683854 -0.801150382 0.060785089 0.595368147 20.103763580
0.543291926 -0.003346757 0.839537203 11.749771118 0.053214200 0.998118520 -0.030457722 -1.281269908 -0.837855697 0.061222736 0.542447805 20.179571152
0.495494843 -0.000378497 0.868610799 11.884088516 0.051125046 0.998278975 -0.028729036 -1.286460161 -0.867105007 0.058642857 0.494661450 20.216836929
0.472987592 0.002043451 0.881066799 11.995273590 0.052088030 0.998183370 -0.030277770 -1.294528246 -0.879528105 0.060214043 0.472021937 20.265975952
0.468488932 0.005825776 0.883450270 12.093011856 0.054602955 0.997875571 -0.035535995 -1.298045397 -0.881780505 0.064887211 0.467175543 20.313076019
0.469015718 0.001957085 0.883187771 12.208164215 0.061047290 0.997533977 -0.034629568 -1.301254630 -0.881077588 0.070158027 0.467739642 20.375160217
0.469326258 0.000769050 0.883024573 12.322677612 0.059294172 0.997715116 -0.032383710 -1.307914376 -0.881031871 0.067556731 0.468208313 20.437313080
0.469306648 0.003471826 0.883028448 12.433200836 0.055011358 0.997934937 -0.033160716 -1.312189102 -0.881320059 0.064139135 0.468146503 20.498685837
0.468631089 0.000463442 0.883393824 12.544309616 0.054707523 0.998065233 -0.029545363 -1.317382336 -0.881698370 0.062174164 0.467699051 20.556838989
0.467777491 0.000582472 0.883846164 12.640954971 0.052334372 0.998226941 -0.028355937 -1.321430206 -0.882295549 0.059519798 0.466917574 20.620126724
0.467929125 0.005455574 0.883749187 12.747396469 0.048826311 0.998294055 -0.032015331 -1.326783180 -0.882416189 0.058131117 0.466864526 20.671327591
0.465735853 0.000929242 0.884923339 12.869485855 0.051397704 0.998282909 -0.028098930 -1.330605388 -0.883429945 0.058569703 0.464888394 20.733879089
0.440899611 -0.002897496 0.897551715 13.009183884 0.054391947 0.998243153 -0.023496123 -1.333408356 -0.895906806 0.059179015 0.440282643 20.791687012
0.400468528 -0.003654472 0.916303277 13.140529633 0.054030322 0.998346269 -0.019632166 -1.335692167 -0.914716244 0.057370219 0.400003731 20.830829620
0.366875589 -0.003798875 0.930262387 13.252918243 0.057779681 0.998153985 -0.018710954 -1.341395259 -0.928474009 0.060614847 0.366417825 20.847877502
0.335789919 0.000151817 0.941936970 13.370336533 0.059143521 0.998023391 -0.021244861 -1.341587424 -0.940078318 0.062843271 0.335117221 20.876268387
0.323121250 -0.004962276 0.946344614 13.499261856 0.055315681 0.998375595 -0.013651963 -1.343698025 -0.944739640 0.056758933 0.322870851 20.914424896
0.321460485 -0.003738670 0.946915627 13.610619545 0.052409362 0.998529673 -0.013849565 -1.348200917 -0.945471525 0.054079328 0.321183741 20.957101822
0.322962701 -0.004785435 0.946399629 13.700944901 0.054593407 0.998416305 -0.013581767 -1.348037481 -0.944835842 0.056053583 0.322712481 20.978637695
0.322860718 -0.004590783 0.946435392 13.826761246 0.052045986 0.998561203 -0.012911000 -1.356026173 -0.945014417 0.053426616 0.322635114 21.034023285
0.327156365 -0.008554230 0.944931507 13.936883926 0.058220681 0.998241782 -0.011120463 -1.358233929 -0.943175018 0.058652680 0.327079177 21.073223114
0.325456917 -0.009018964 0.945513844 14.051130295 0.054346435 0.998479903 -0.009182489 -1.357547045 -0.943993807 0.054373812 0.325452328 21.117805481
0.327171922 -0.009585605 0.944916189 14.160903931 0.054923128 0.998451054 -0.008888138 -1.360891104 -0.943367362 0.054805703 0.327191591 21.157421112
0.328393936 -0.007207954 0.944513440 14.271407127 0.056899823 0.998305798 -0.012164804 -1.362888694 -0.942825556 0.057737492 0.328247666 21.197645187
0.329860568 -0.008983576 0.943987012 14.380826950 0.062204812 0.997988343 -0.012238961 -1.371733546 -0.941978097 0.062757678 0.329755843 21.233976364
0.331146419 -0.005379380 0.943563998 14.481119156 0.056201011 0.998320878 -0.014032342 -1.372827053 -0.941904187 0.057676014 0.330892682 21.274330139
0.333428919 -0.006013070 0.942756116 14.587009430 0.056174055 0.998329699 -0.013499810 -1.374492526 -0.941100240 0.057459660 0.333209753 21.314872742
0.333935142 -0.006313156 0.942574918 14.696273804 0.056666780 0.998303354 -0.013389477 -1.378641725 -0.940891206 0.057883900 0.333726346 21.354511261
