1.000000000 -0.000000001 -0.000000009 -0.000000060 0.000000001 1.000000000 0.000000001 -0.000000000 0.000000009 -0.000000001 1.000000000 -0.000000000
0.999989927 -0.000282470 -0.004478384 0.000079528 0.000253769 0.999979436 -0.006407938 -0.000529613 0.004480102 0.006406737 0.999969423 -0.001989408
0.999966443 0.002243452 -0.007881605 -0.000901450 -0.002339632 0.999922633 -0.012215071 -0.001368780 0.007853592 0.012233102 0.999894321 -0.004951205
0.999888897 0.004157544 -0.014314152 -0.001926941 -0.004342181 0.999907494 -0.012892091 -0.002603459 0.014259228 0.012952813 0.999814451 -0.007609183
0.999793887 0.003708094 -0.019962113 -0.002721397 -0.003991857 0.999891281 -0.014194046 -0.001704194 0.019907311 0.014270806 0.999699950 -0.008419785
0.999728978 0.004484330 -0.022845499 -0.003574746 -0.004756404 0.999918222 -0.011868938 -0.002895024 0.022790406 0.011974384 0.999668539 -0.007121528
0.999702692 0.007363848 -0.023243776 -0.004624782 -0.007446906 0.999966204 -0.003488775 -0.001824794 0.023217300 0.003660832 0.999723732 -0.002424709
0.999749362 0.008793979 -0.020587752 -0.005019727 -0.008566411 0.999901533 0.011115785 -0.001422005 0.020683475 -0.010936636 0.999726236 0.007884121
0.999799550 -0.000886040 -0.020000748 -0.006200551 0.001453931 0.999595702 0.028396796 -0.006547415 0.019967500 -0.028420184 0.999396622 0.023826148
0.999776661 0.003044707 -0.020912670 -0.006189865 -0.002182104 0.999150693 0.041147508 -0.013696557 0.021020191 -0.041092683 0.998934209 0.045763798
0.999682128 0.019054037 -0.016508626 -0.009730616 -0.018245008 0.998688221 0.047843635 -0.016493890 0.017398585 -0.047527228 0.998718381 0.079362720
0.999378741 0.026629707 -0.023086820 -0.009931521 -0.025872720 0.999137163 0.032489631 -0.020501532 0.023932088 -0.031872127 0.999205410 0.114140674
0.999718904 0.018976906 -0.014214159 -0.009708906 -0.018471370 0.999220431 0.034890212 -0.026159823 0.014865187 -0.034617849 0.999290049 0.155399084
0.999610484 0.019240739 -0.020216858 -0.007842500 -0.018362071 0.998915613 0.042783942 -0.031243529 0.021018131 -0.042396050 0.998879790 0.193438917
0.998291016 0.035124686 -0.046704929 -0.013332795 -0.034199219 0.999205410 0.020469002 -0.037713785 0.047386788 -0.018836750 0.998699009 0.226702347
0.995406926 0.029988805 -0.090915821 -0.021329777 -0.029294031 0.999530613 0.008967046 -0.050520942 0.091142058 -0.006262569 0.995818198 0.260466516
0.992677927 0.028353576 -0.117416330 -0.027267821 -0.029027024 0.999570489 -0.004029153 -0.062275261 0.117251657 0.007407899 0.993074596 0.294971347
0.993461132 0.017902255 -0.112758294 -0.027509483 -0.019566007 0.999715149 -0.013665632 -0.074857101 0.112481534 0.015782505 0.993528485 0.324690253
0.995367229 -0.001171698 -0.096138947 -0.027317299 0.000001919 0.999925971 -0.012166780 -0.082819223 0.096146084 0.012110231 0.995293558 0.346028298
0.995697320 -0.011393810 -0.091962241 -0.027030924 0.010466206 0.999889433 -0.010562785 -0.087069690 0.092072420 0.009554841 0.995706499 0.353928447
0.995467007 -0.005558961 -0.094944820 -0.030816693 0.005283334 0.999981046 -0.003154158 -0.084991932 0.094960555 0.002638235 0.995477557 0.353464097
0.995380819 -0.001574427 -0.095992342 -0.030091034 0.002661215 0.999933779 0.011194643 -0.082871266 0.095968366 -0.011398389 0.995319128 0.351825297
0.995935321 -0.007637160 -0.089746714 -0.028415261 0.009545234 0.999737024 0.020850720 -0.079138994 0.089563876 -0.021622622 0.995746315 0.348935366
0.996166289 -0.012108844 -0.086637586 -0.025594708 0.014671450 0.999471664 0.029003102 -0.075783320 0.086240619 -0.030163012 0.995817602 0.343236238
0.996201217 -0.016174708 -0.085565738 -0.020883506 0.019035984 0.999282956 0.032729935 -0.073826395 0.084974989 -0.034234431 0.995794773 0.332080573
0.996140301 -0.028724885 -0.082941920 -0.012398495 0.031674527 0.998903751 0.034468435 -0.074640892 0.081860885 -0.036962543 0.995958090 0.311668903
0.997464001 -0.033393823 -0.062852621 -0.004535583 0.035796519 0.998655379 0.037497543 -0.073528543 0.061515916 -0.039652351 0.997318149 0.286878556
0.998128533 -0.021362828 -0.057298247 0.001248540 0.024207693 0.998484433 0.049424473 -0.071425892 0.056155562 -0.050719034 0.997132957 0.255292267
0.998447478 -0.020114364 -0.051943012 0.003253103 0.022979258 0.998213112 0.055159703 -0.067750014 0.050740689 -0.056267675 0.997125506 0.217321187
0.998269856 -0.030871697 -0.050041787 0.007789512 0.033678506 0.997848392 0.056252286 -0.063954011 0.048197515 -0.057840295 0.997161746 0.177509204
0.998239636 -0.035731964 -0.047337703 0.010326771 0.037990276 0.998139083 0.047698345 -0.060235444 0.045545258 -0.049412753 0.997739434 0.137621149
0.998322070 -0.033156138 -0.047472998 0.012275654 0.034038287 0.999260306 0.017895674 -0.060356349 0.046844531 -0.019481547 0.998712182 0.094996169
0.998642147 -0.035118617 -0.038478453 0.017424481 0.034719523 0.999336660 -0.010991703 -0.060197972 0.038838942 0.009640823 0.999198973 0.060900059
0.998712242 -0.039772496 -0.031495512 0.021358840 0.039034810 0.998956740 -0.023700435 -0.058286387 0.032405280 0.022440495 0.999222875 0.035243805
0.999132633 -0.030794566 -0.028030723 0.021422835 0.029795155 0.998928964 -0.035399489 -0.053060737 0.029090814 0.034533605 0.998980045 0.014171937
0.999206543 -0.028137190 -0.028188417 0.020387121 0.026385291 0.997807026 -0.060703382 -0.048820619 0.029834623 0.059911456 0.997757733 -0.005953202
0.998914480 -0.033231083 -0.032643557 0.018546652 0.030659065 0.996608973 -0.076358460 -0.040093530 0.035070337 0.075274751 0.996545911 -0.022572190
0.998654783 -0.034902032 -0.038346946 0.017172506 0.032375533 0.997383356 -0.064639390 -0.036002990 0.040502653 0.063310929 0.997171640 -0.033486467
0.998420060 -0.028562954 -0.048389941 0.020108623 0.025618857 0.997845113 -0.060405582 -0.035208929 0.050011028 0.059070446 0.997000277 -0.038044933
0.998614132 -0.028382083 -0.044320408 0.019889303 0.025417721 0.997491002 -0.066072881 -0.035792585 0.046084493 0.064854786 0.996829987 -0.037026674
0.998824120 -0.029733125 -0.038292076 0.019765139 0.027256561 0.997600079 -0.063649073 -0.037962008 0.040092666 0.062530525 0.997237444 -0.031452827
0.999191225 -0.020141145 -0.034803260 0.018225804 0.018269047 0.998411596 -0.053296234 -0.036065780 0.035821427 0.052617308 0.997972071 -0.020887339
0.999303758 -0.012510514 -0.035149116 0.016270176 0.011691381 0.999657512 -0.023414169 -0.035735462 0.035429999 0.022986924 0.999107778 -0.001552446
0.999138355 -0.009391257 -0.040426515 0.013893938 0.009376432 0.999955893 -0.000556295 -0.034905244 0.040429957 0.000176759 0.999182343 0.026848614
0.999065220 -0.013590373 -0.041037090 0.006716923 0.014323271 0.999742210 0.017618505 -0.036104940 0.040787071 -0.018189821 0.999002278 0.064836942
0.998350322 -0.019875264 -0.053866498 0.002791864 0.020873299 0.999619544 0.018029068 -0.042218592 0.053487673 -0.019123698 0.998385370 0.106425695
0.997257292 -0.013203876 -0.072825350 0.000743969 0.013504316 0.999902189 0.003634623 -0.055011943 0.072770238 -0.004608111 0.997338057 0.151836872
0.996354759 0.000585523 -0.085304685 -0.009609445 -0.002075518 0.999846816 -0.017379105 -0.061420985 0.085281439 0.017492805 0.996203303 0.203382000
0.994122505 -0.012809844 -0.107500330 -0.014755891 0.011563649 0.999858618 -0.012207854 -0.074712932 0.107641518 0.010893007 0.994130075 0.248919219
0.992356420 -0.014695696 -0.122526735 -0.020538863 0.011324693 0.999539196 -0.028163580 -0.083935715 0.122884154 0.026560731 0.992065549 0.286341876
0.992157340 -0.012526242 -0.124366090 -0.022610083 0.006513531 0.998795331 -0.048636287 -0.095967293 0.124825500 0.047444787 0.991043687 0.316730827
0.994858444 -0.017562743 -0.099740736 -0.029561346 0.011249594 0.997917891 -0.063508876 -0.131819308 0.100648455 0.062060297 0.992984593 0.346080691
0.995229006 -0.028950224 -0.093172796 -0.024771936 0.023149526 0.997760952 -0.062747106 -0.181539893 0.094780713 0.060290836 0.993670762 0.365754604
0.994874239 -0.016879069 -0.099701293 -0.016034110 0.016605359 0.999855757 -0.003574575 -0.264309615 0.099747248 0.001900677 0.995010972 0.384177834
0.995307386 -0.005070711 -0.096630938 -0.015373230 0.007646149 0.999624848 0.026300676 -0.327925533 0.096461326 -0.026916111 0.994972706 0.397564650
0.995566547 -0.006652889 -0.093824454 -0.012637655 0.010603831 0.999074996 0.041674469 -0.388461620 0.093460411 -0.042484608 0.994716167 0.407711327
0.995806754 -0.016209822 -0.090034470 -0.008819042 0.021621693 0.997996330 0.059462599 -0.450771809 0.088890195 -0.061159953 0.994161963 0.415213883
0.994985819 -0.031783387 -0.094831362 -0.004664196 0.039157979 0.996266007 0.076946355 -0.517664909 0.092031643 -0.080273934 0.992515147 0.414659023
0.996108532 -0.032335699 -0.081988662 0.009746473 0.041041814 0.993429899 0.106830053 -0.574698567 0.077995561 -0.109779291 0.990891099 0.404222578
0.998286188 -0.026949771 -0.051945765 0.012850555 0.032340985 0.993849754 0.105909266 -0.610829592 0.048772056 -0.107407741 0.993018031 0.379744560
0.997795284 -0.022406207 -0.062470060 0.013197943 0.029480776 0.992958903 0.114732362 -0.602688432 0.059459485 -0.116321072 0.991430283 0.335536361
0.997743070 -0.020359300 -0.063986376 0.013984704 0.028135693 0.991997063 0.123086020 -0.591561079 0.060968351 -0.124608524 0.990331054 0.289769739
0.997662127 -0.035018172 -0.058685988 0.016295193 0.042161904 0.991224527 0.125284791 -0.586677432 0.053783748 -0.127466202 0.990383625 0.247198284
0.996755958 -0.020503368 -0.077827677 0.086432062 0.030110650 0.991781056 0.124353170 -0.617071629 0.074638352 -0.126293212 0.989181042 0.214750811
0.996755958 -0.020503368 -0.077827677 0.086432062 0.030110650 0.991781056 0.124353170 -0.617071629 0.074638352 -0.126293212 0.989181042 0.214750811
0.996755958 -0.020503368 -0.077827677 0.086432062 0.030110650 0.991781056 0.124353170 -0.617071629 0.074638352 -0.126293212 0.989181042 0.214750811
0.996755958 -0.020503368 -0.077827677 0.086432062 0.030110650 0.991781056 0.124353170 -0.617071629 0.074638352 -0.126293212 0.989181042 0.214750811
0.996755958 -0.020503368 -0.077827677 0.086432062 0.030110650 0.991781056 0.124353170 -0.617071629 0.074638352 -0.126293212 0.989181042 0.214750811
0.996755958 -0.020503368 -0.077827677 0.086432062 0.030110650 0.991781056 0.124353170 -0.617071629 0.074638352 -0.126293212 0.989181042 0.214750811
0.997853816 -0.047965296 -0.044576883 0.018953705 0.045519352 0.997483611 -0.054354180 -0.039758705 0.047071826 0.052208412 0.997526228 -0.029948961
0.997098565 -0.047859702 -0.059193537 0.020438246 0.045649048 0.998228729 -0.038151659 -0.037159257 0.060914617 0.035338838 0.997517228 -0.036708321
0.996884108 -0.047715310 -0.062812142 0.020261975 0.046898182 0.998795569 -0.014420611 -0.035600625 0.063424572 0.011429902 0.997921169 -0.035197087
0.997262061 -0.047067985 -0.057034746 0.020346943 0.046452995 0.998847663 -0.012061736 -0.035859257 0.057536744 0.009379277 0.998299301 -0.031984173
0.997754395 -0.037501872 -0.055495672 0.020413531 0.036912315 0.999251068 -0.011610989 -0.034842443 0.055889543 0.009536441 0.998391390 -0.028301418
0.998035669 -0.031403258 -0.054209244 0.017956061 0.031252738 0.999504924 -0.003622363 -0.036882542 0.054296162 0.001921060 0.998523057 -0.023599930
0.999045134 -0.023210719 -0.037015319 0.015865404 0.022946812 0.999708235 -0.007538719 -0.049641881 0.037179500 0.006682137 0.999286234 -0.013460618
0.988832057 0.031569291 0.145652190 -0.144795015 -0.035442501 0.999081731 0.024073647 -0.090325288 -0.144758448 -0.028967071 0.989042938 0.021657135
0.999094069 -0.026159156 0.033567321 -0.009403300 0.027577214 0.998715699 -0.042501774 -0.033422045 -0.032412399 0.043388963 0.998532355 0.007945884
0.980200052 0.020756662 0.196918815 -0.169302940 -0.003607876 0.996197641 -0.087047532 -0.009491635 -0.197976872 0.084613539 0.976547837 0.014195416
0.978750467 0.031340964 0.202645615 -0.167514816 -0.009876838 0.994309068 -0.106075063 -0.030241905 -0.204816863 0.101819523 0.973490059 0.025603680
0.979097486 0.036762416 0.200041562 -0.165035814 -0.012779442 0.992705584 -0.119884774 -0.051771116 -0.202989623 0.114822462 0.972425342 0.030891886
0.979478180 0.027545277 0.199659050 -0.161693916 0.000964839 0.989964843 -0.141310379 -0.065008305 -0.201547891 0.138603076 0.969622433 0.034906097
0.977452159 0.028787676 0.209185466 -0.160426095 0.003853101 0.988066435 -0.153979927 -0.072690122 -0.211121857 0.151314020 0.965676785 0.038349912
0.976068854 0.035768844 0.214499712 -0.165684685 -0.002575020 0.988211751 -0.153071508 -0.073196396 -0.217446327 0.148855984 0.964654863 0.040871162
0.978174567 0.030680651 0.205507204 -0.161324367 -0.000282590 0.989234328 -0.146340027 -0.073624730 -0.207784593 0.143088028 0.967652500 0.038882509
0.977871239 0.030828618 0.206923813 -0.160982609 -0.002472942 0.990717292 -0.135915846 -0.070040666 -0.209193096 0.132396489 0.968870163 0.039288316
0.977302849 0.034006324 0.209099859 -0.158170745 -0.006452825 0.991352618 -0.131066054 -0.064215362 -0.211748764 0.126741931 0.969071150 0.039981112
0.976904035 0.047766771 0.208271235 -0.164196491 -0.020191204 0.990967989 -0.132569805 -0.050214432 -0.212722555 0.125302732 0.969045043 0.039727386
0.980625272 0.057098914 0.187386692 -0.163909003 -0.033109896 0.991125762 -0.128738075 -0.027975718 -0.193074584 0.120039463 0.973813474 0.037829872
0.985644758 0.041316893 0.163698971 -0.160366327 -0.030204829 0.997103691 -0.069798820 -0.069154814 -0.166108727 0.063852340 0.984037995 0.049566913
0.997583330 -0.020643953 0.066342354 -0.062955625 0.021401444 0.999713421 -0.010727490 -0.117925286 -0.066101879 0.012121388 0.997739255 0.067652062
0.995581686 0.031713832 0.088382006 -0.094677769 -0.034899827 0.998786867 0.034738630 -0.135411680 -0.087173089 -0.037669662 0.995480716 0.073863827
0.996051133 0.026020801 0.084882364 -0.101101384 -0.030818690 0.997971117 0.055712231 -0.115941852 -0.083260469 -0.058108196 0.994832218 0.072321184
0.997238159 -0.004923800 0.074106462 -0.102627076 -0.000350018 0.997477353 0.070984781 -0.084633134 -0.074269034 -0.070814669 0.994720757 0.069430165
0.997292936 -0.010892134 0.072720028 -0.107061103 0.004991718 0.996715188 0.080832638 -0.061199434 -0.073361598 -0.080250815 0.994071364 0.069241241
0.997383177 0.008753537 0.071764380 -0.111812994 -0.015120878 0.995946407 0.088668726 -0.041905768 -0.070697315 -0.089521840 0.993472576 0.066564634
0.998075604 -0.001792484 0.061983041 -0.113341346 -0.004720578 0.994485080 0.104772091 -0.027243676 -0.061829008 -0.104863063 0.992562771 0.066246673
0.998273194 -0.012077011 0.057487175 -0.112715781 0.005622891 0.993789434 0.111134775 -0.017888989 -0.058472324 -0.110619627 0.992141247 0.063932337
0.998205066 -0.003835433 0.059765868 -0.116933063 -0.003695997 0.992099702 0.125397563 -0.008622706 -0.059774656 -0.125393376 0.990304768 0.063501693
0.998613298 -0.001253466 0.052629389 -0.117824838 -0.005615801 0.991475701 0.130170524 -0.007170591 -0.052343924 -0.130285576 0.990093827 0.061166611
0.998832464 -0.008004766 0.047641031 -0.116558626 0.002449350 0.993299365 0.115544066 -0.013043777 -0.048246708 -0.115292475 0.992159188 0.060241539
0.998789728 -0.010403280 0.048071511 -0.114073247 0.004723201 0.993144870 0.116794333 -0.029974069 -0.048957020 -0.116425924 0.991992056 0.059958510
0.998719037 -0.008105325 0.049945958 -0.109882869 0.002490399 0.993764460 0.111471981 -0.053516388 -0.050538033 -0.111204803 0.992511690 0.059194393
0.998728096 -0.005392544 0.050131079 -0.104833730 0.000722543 0.995692790 0.092710823 -0.086608730 -0.050415102 -0.092556685 0.994430304 0.058234416
0.998701036 -0.007646883 0.050376780 -0.098394252 0.003821015 0.997130275 0.075608000 -0.121828049 -0.050810378 -0.075317293 0.995864272 0.061289694
0.997903228 0.001532865 0.064705871 -0.096085533 -0.004392037 0.999018848 0.044068143 -0.148686931 -0.064574830 -0.044259932 0.996930838 0.068828568
0.997383118 -0.004892966 0.072131731 -0.088049054 0.003691734 0.999852419 0.016777223 -0.179680258 -0.072203174 -0.016467027 0.997254014 0.077879243
0.996875882 -0.016478939 0.077246226 -0.080258012 0.016981019 0.999838710 -0.005847360 -0.204304829 -0.077137403 0.007140812 0.996994913 0.085869879
0.995967746 -0.010712616 0.089069843 -0.076004297 0.013240938 0.999524593 -0.027843583 -0.219861597 -0.088729225 0.028910680 0.995636106 0.095430620
0.995635450 -0.010420308 0.092744388 -0.070250206 0.014009577 0.999174416 -0.038134135 -0.235605940 -0.092270456 0.039267004 0.994959414 0.101755239
0.995395780 -0.022351198 0.093207903 -0.068273008 0.025753984 0.999038994 -0.035465762 -0.243847221 -0.092325628 0.037702944 0.995014787 0.107274972
0.995148718 -0.030750223 0.093453191 -0.066921778 0.033782899 0.998946965 -0.031044079 -0.250671476 -0.092400163 0.034050595 0.995139599 0.108646929
0.995034158 -0.028406773 0.095394298 -0.067600302 0.031617094 0.998977661 -0.032311767 -0.253207892 -0.094378896 0.035167400 0.994915009 0.109350018
0.995279729 -0.022977157 0.094288237 -0.069301955 0.026467834 0.999003410 -0.035939172 -0.251771122 -0.093368493 0.038265135 0.994896054 0.109153472
0.995537579 -0.016548557 0.092903592 -0.068138584 0.018987095 0.999496400 -0.025425751 -0.246688753 -0.092436045 0.027076259 0.995350420 0.109501287
0.994935155 -0.009059758 0.100109659 -0.075460553 0.012079508 0.999488831 -0.029599547 -0.227868214 -0.099790320 0.030658904 0.994536042 0.111464538
0.995125473 -0.010000105 0.098108515 -0.075626761 0.011768986 0.999778152 -0.017467709 -0.218476981 -0.097912073 0.018537199 0.995022416 0.108524978
0.995224774 -0.004241201 0.097517520 -0.080283746 0.005004272 0.999958754 -0.007581709 -0.193259522 -0.097481340 0.008033508 0.995204926 0.107143089
0.996237397 -0.003623118 0.086590700 -0.080981821 0.001346054 0.999652088 0.026340803 -0.179239646 -0.086656012 -0.026125137 0.995895684 0.101090506
0.997110486 0.002094174 0.075936355 -0.083655640 -0.005472698 0.999002814 0.044310778 -0.156182885 -0.075767837 -0.044598319 0.996127605 0.094913259
0.997646928 0.001824651 0.068536602 -0.088708594 -0.006075174 0.998066247 0.061861206 -0.130597815 -0.068291195 -0.062132016 0.995728850 0.089225642
0.997388303 -0.006229658 0.071956299 -0.093479954 0.000767633 0.997131348 0.075687036 -0.108181424 -0.072221383 -0.075434126 0.994531929 0.084060490
0.997326434 -0.014090884 0.071703874 -0.097939238 0.007427728 0.995698214 0.092357606 -0.082542799 -0.072696820 -0.091578089 0.993140817 0.079302944
0.997674584 -0.016349547 0.066167511 -0.102653183 0.008265195 0.992659867 0.120656855 -0.059224375 -0.067654520 -0.119829386 0.990486622 0.074262165
0.997882664 -0.017686721 0.062588990 -0.106271796 0.008993451 0.990593612 0.136540741 -0.039537247 -0.064415216 -0.135688752 0.988655269 0.069947928
0.997732878 -0.015778253 0.065422811 -0.109236084 0.005986571 0.989082336 0.147242129 -0.023073368 -0.067031771 -0.146516651 0.986934423 0.065929547
0.998252153 -0.018963063 0.055973321 -0.104128577 0.009989287 0.987636089 0.156445593 -0.003271398 -0.058247957 -0.155613005 0.986099243 0.060373724
0.998167455 -0.011602081 0.059389982 -0.101518326 0.001610150 0.986192524 0.165595055 0.003141555 -0.060491204 -0.165195957 0.984403908 0.057407908
0.998280048 -0.015523750 0.056533206 -0.097399436 0.005974638 0.986223519 0.165310383 0.010491574 -0.058320612 -0.164688274 0.984619975 0.057183888
0.998006582 -0.023148483 0.058711737 -0.100745119 0.013082814 0.985978603 0.166358143 0.003526346 -0.061739456 -0.165258393 0.984315932 0.057066184
0.998478770 -0.019251572 0.051667295 -0.093940184 0.011446938 0.989025116 0.147303313 0.002325028 -0.053936072 -0.146487802 0.987740993 0.052793432
0.998383820 -0.012739754 0.055384934 -0.101624057 0.004459214 0.989106596 0.147133321 -0.022483405 -0.056656048 -0.146648556 0.987564802 0.052509468
0.998338103 -0.001203044 0.057615604 -0.103264183 -0.007314748 0.989050090 0.147398666 -0.051398959 -0.057162050 -0.147575155 0.987397611 0.053194247
0.997921288 0.012735874 0.063173503 -0.101410434 -0.020370211 0.992355704 0.121717982 -0.077944487 -0.061140396 -0.122751825 0.990552306 0.054862440
0.997274697 0.022456137 0.070277095 -0.096448846 -0.029234968 0.994858027 0.096967943 -0.110413402 -0.067738205 -0.098758228 0.992803276 0.058066554
0.997195303 0.015639005 0.073190898 -0.088974178 -0.020961229 0.997146428 0.072523527 -0.140762836 -0.071847841 -0.073854297 0.994677544 0.064102449
0.997400045 0.003648191 0.071971335 -0.083325818 -0.008121067 0.998045981 0.061953686 -0.168629974 -0.071604684 -0.062377091 0.995480716 0.073272116
0.997190297 0.001339068 0.074898332 -0.078211464 -0.004301775 0.999213874 0.039409071 -0.191950351 -0.074786685 -0.039620541 0.996412158 0.081807025
0.996418059 0.005098769 0.084410146 -0.071887530 -0.006116023 0.999911726 0.011797120 -0.209346130 -0.084342539 -0.012271117 0.996361256 0.089909367
0.994648635 0.008963041 0.102926143 -0.072100513 -0.007725767 0.999893129 -0.012413360 -0.213355020 -0.103026398 0.011551748 0.994611561 0.098982953
0.994337857 -0.002869826 0.106226064 -0.071028262 0.005110220 0.999770105 -0.020824637 -0.226766527 -0.106141880 0.021249564 0.994123936 0.102146968
0.994261503 -0.001283782 0.106969103 -0.073955327 0.004586184 0.999520183 -0.030632216 -0.229908451 -0.106878459 0.030947015 0.993790388 0.106369726
0.993650794 0.012287935 0.111835249 -0.072540499 -0.008006898 0.999220788 -0.038648821 -0.233303070 -0.112223014 0.037507977 0.992974877 0.109062210
0.993689895 0.011025318 0.111619242 -0.072364777 -0.006140660 0.999012172 -0.044011369 -0.231360644 -0.111994222 0.043048240 0.992775977 0.111608543
0.994159162 0.017232431 0.106539242 -0.074752279 -0.013760160 0.999352634 -0.033241145 -0.225710914 -0.107043102 0.031580992 0.993752718 0.111207344
0.995829642 0.030815598 0.085870296 -0.077411547 -0.028743349 0.999267459 -0.025265373 -0.203220770 -0.086585961 0.022691809 0.995985925 0.108309880
0.997512281 0.027197750 0.065035254 -0.081878357 -0.027489157 0.999615669 0.003589980 -0.175260514 -0.064912617 -0.005368813 0.997876525 0.104495846
0.998483717 0.022085272 0.050423607 -0.085087605 -0.024398349 0.998655915 0.045727950 -0.150129363 -0.049345922 -0.046888866 0.997680545 0.097340144
0.998532176 0.027295424 0.046781506 -0.091634616 -0.030482136 0.997163475 0.068817675 -0.115586422 -0.044770401 -0.070142664 0.996531785 0.091415592
0.999099910 0.012691326 0.040476527 -0.095623538 -0.016262179 0.995885551 0.089148782 -0.089896575 -0.039178573 -0.089726776 0.995195508 0.084352665
0.999092996 0.003222723 0.042458836 -0.099680677 -0.007694806 0.994379997 0.105589718 -0.065374449 -0.041879930 -0.105820663 0.993502915 0.077194177
0.998106360 0.020224648 0.058091860 -0.102305450 -0.027422616 0.991661847 0.125915691 -0.046636149 -0.055060882 -0.127270281 0.990338624 0.070928209
0.998154759 0.015478834 0.058715247 -0.104025103 -0.023596542 0.989843190 0.140191600 -0.039761715 -0.055948883 -0.141318381 0.988381922 0.064673774
0.998270333 0.008426687 0.058183156 -0.105407529 -0.016636742 0.989712119 0.142102525 -0.039016359 -0.056387123 -0.142824709 0.988140464 0.060547981
0.998097420 0.014320340 0.059970293 -0.105138727 -0.022491088 0.990194321 0.137874559 -0.042447694 -0.057407830 -0.138961047 0.988632500 0.057650208
0.997998595 0.013665359 0.061741684 -0.104580790 -0.021502305 0.991526902 0.128109574 -0.046215124 -0.059467878 -0.129180759 0.989836276 0.056199498
0.997848690 0.006170738 0.065267608 -0.102742717 -0.014136766 0.992391884 0.122305147 -0.055694863 -0.064016327 -0.122964703 0.990344167 0.054821309
0.997228682 0.006123624 0.074144669 -0.104957052 -0.015419232 0.991979182 0.125457332 -0.058293026 -0.072781712 -0.126252905 0.989324510 0.055969529
0.997018754 0.007233879 0.076819591 -0.102277949 -0.017736752 0.990421236 0.136934936 -0.064946197 -0.075093187 -0.137889236 0.987596869 0.065064959
0.997444987 0.006137751 0.071174696 -0.101205081 -0.016069377 0.990046501 0.139820218 -0.074269183 -0.069608077 -0.140606701 0.987615526 0.083165370
0.997926891 0.013308842 0.062966838 -0.103534333 -0.021330800 0.991480291 0.128498182 -0.084578611 -0.060720216 -0.129574925 0.989708722 0.110302180
0.997751832 0.023092693 0.062912881 -0.104690716 -0.030191034 0.992984593 0.114324316 -0.093268439 -0.059831463 -0.115966700 0.991449416 0.144390509
0.995787621 0.058021847 0.070996284 -0.108034298 -0.062948681 0.995611489 0.069247290 -0.096080437 -0.066666856 -0.073424712 0.995070040 0.181156278
0.997132242 0.036848012 0.066102616 -0.108332716 -0.041019004 0.997177005 0.062892817 -0.101922169 -0.063598529 -0.065423921 0.995828748 0.220070302
0.999097347 -0.004438380 0.042247426 -0.113350362 0.001703825 0.997913361 0.064544335 -0.098048039 -0.042445745 -0.064414091 0.997020125 0.257151902
0.999858022 -0.016775314 0.001594973 -0.113596156 0.016582677 0.996344268 0.083804153 -0.106237158 -0.002994983 -0.083765805 0.996480942 0.282436311
0.999024093 -0.013252373 -0.042134050 -0.121925049 0.017023014 0.995757163 0.090431757 -0.104324043 0.040756848 -0.091060750 0.995010972 0.309362113
0.997868538 -0.007196107 -0.064858399 -0.123787530 0.013323552 0.995431602 0.094543204 -0.105585404 0.063881755 -0.095205829 0.993405759 0.328471422
0.998023510 -0.016234428 -0.060708642 -0.119829841 0.021295102 0.996266365 0.083665155 -0.103905991 0.059123721 -0.084792584 0.994642973 0.338658333
0.998604059 -0.026341615 -0.045782980 -0.118534856 0.030304275 0.995647609 0.088133335 -0.103241615 0.043262139 -0.089397721 0.995055974 0.341540456
0.998619139 -0.026134044 -0.045572802 -0.116859287 0.030704297 0.994242966 0.102655731 -0.102596611 0.042627629 -0.103913262 0.993672431 0.338991970
0.998679340 -0.030573880 -0.041288733 -0.113286428 0.034625150 0.994256675 0.101265885 -0.105144098 0.037955508 -0.102561772 0.994002223 0.325414777
0.999722719 -0.023062376 -0.004752028 -0.104171529 0.023440970 0.993867517 0.108064137 -0.107695460 0.002230671 -0.108145565 0.994132578 0.305285335
0.999305189 -0.023005428 0.029324634 -0.095112272 0.019307313 0.992502987 0.120685518 -0.110136770 -0.031881209 -0.120035484 0.992257535 0.275873035
0.998084545 -0.038035866 0.048790418 -0.099013366 0.031911783 0.992179155 0.120674007 -0.106626011 -0.052998774 -0.118885875 0.991492450 0.243766099
0.998076975 -0.052053589 0.033656411 -0.085182860 0.047551047 0.991267920 0.122991309 -0.116655827 -0.039764658 -0.121154398 0.991836846 0.200108632
0.999084055 -0.036660627 0.022070304 -0.088036977 0.033813395 0.992452681 0.117873974 -0.114675052 -0.026225066 -0.117019735 0.992783248 0.159561157
0.999365091 -0.031704970 0.016254570 -0.090762228 0.029609719 0.992804885 0.116024561 -0.113431469 -0.019816171 -0.115469597 0.993113339 0.120049872
0.998451889 -0.050988778 0.022225954 -0.087622665 0.048189547 0.992522478 0.112146720 -0.115863569 -0.027777985 -0.110902049 0.993443072 0.086258955
0.998144984 -0.050011389 0.034720201 -0.087425672 0.046317752 0.993901432 0.100073144 -0.114152305 -0.039513253 -0.098279350 0.994374096 0.056146596
0.998763144 -0.030239703 0.039468739 -0.089847490 0.026951060 0.996321261 0.081348822 -0.112172060 -0.041783504 -0.080184475 0.995903909 0.029552663
0.998549283 -0.027971743 0.046010114 -0.099790119 0.024251914 0.996539116 0.079508722 -0.110276334 -0.048074875 -0.078277543 0.995771766 0.011672168
0.998309493 -0.037225254 0.044636831 -0.096110761 0.033543155 0.996183753 0.080577917 -0.110672221 -0.047466021 -0.078944437 0.995748341 -0.000955078
0.998613834 -0.029293429 0.043729734 -0.097944640 0.025738344 0.996482074 0.079756036 -0.109392144 -0.045912221 -0.078519948 0.995854735 -0.005934035
0.999832273 -0.014189471 -0.011581392 -0.041501205 0.015373336 0.993866384 0.109513611 -0.135690451 0.009956416 -0.109673291 0.993917823 -0.040062789
0.998791695 -0.007901640 -0.048504908 -0.045429967 0.012900695 0.994531989 0.103632286 -0.137538359 0.047420818 -0.104132809 0.993432224 -0.037658192
0.997401893 -0.012149319 -0.071005657 -0.045859680 0.018758342 0.995473921 0.093165495 -0.140447333 0.069552377 -0.094255388 0.993115485 -0.033780757
0.902832627 0.027437249 -0.429115921 0.576382697 0.013774326 0.995604575 0.092638291 -0.118616879 0.429771513 -0.089547649 0.898486316 0.166652262
0.936383009 0.034295540 -0.349300385 0.492506206 0.001425457 0.994834781 0.101497665 -0.122396760 0.350977063 -0.095538601 0.931497455 0.137319475
0.971017718 0.054474398 -0.232716873 0.405093253 -0.028302858 0.993036628 0.114355691 -0.118389115 0.237325832 -0.104454853 0.965797901 0.079043418
0.981157541 0.072581291 -0.179058328 0.316863179 -0.046041772 0.987891972 0.148154199 -0.136498034 0.187643513 -0.137118444 0.972619355 0.070496671
0.999139071 0.015511576 -0.038477845 0.150064901 -0.014592407 0.999604106 0.024055185 -0.025421210 0.038835745 -0.023472989 0.998969853 0.028298100
0.999870121 0.000309962 -0.016112775 0.161306709 0.000022399 0.999787331 0.020622876 -0.025127977 0.016115742 -0.020620558 0.999657452 0.034562148
0.999923468 -0.005338238 -0.011162722 0.165900275 0.005587085 0.999733865 0.022381622 -0.024777787 0.011040272 -0.022442276 0.999687195 0.036282483
0.999898136 -0.007950970 -0.011851995 0.163629517 0.008160750 0.999809027 0.017757939 -0.026997896 0.011708539 -0.017852852 0.999772072 0.035229038
0.999929249 -0.007141943 -0.009515384 0.155277818 0.007329052 0.999777555 0.019776376 -0.027649634 0.009372026 -0.019844715 0.999759138 0.033668358
0.999761045 -0.018512156 -0.011626093 0.145353347 0.018817017 0.999466777 0.026684305 -0.033249095 0.011125910 -0.026896697 0.999576330 0.030618299
0.999445081 -0.032026358 -0.009156489 0.125197351 0.032266732 0.999102712 0.027434606 -0.041310541 0.008269642 -0.027714832 0.999581635 0.025854146
0.998688817 -0.046913449 -0.020487759 0.099716410 0.047376014 0.998618960 0.022708010 -0.050030705 0.019394156 -0.023648866 0.999532163 0.018277099
0.998118460 -0.046372581 -0.040114518 0.068223536 0.047309667 0.998621523 0.022734731 -0.052557398 0.039004952 -0.024589758 0.998936415 0.011141680
0.996503115 -0.046469714 -0.069441669 0.035924710 0.047663920 0.998740971 0.015639547 -0.057331454 0.068627477 -0.018894719 0.997463405 0.000868203
0.991820335 -0.063648455 -0.110640422 0.004816075 0.065334685 0.997795045 0.011678857 -0.064200453 0.109653123 -0.018811984 0.993791878 -0.009807102
0.986254156 -0.069337063 -0.149983525 -0.029930161 0.070689619 0.997491479 0.003699081 -0.065053433 0.149350807 -0.014250512 0.988681555 -0.019020548
0.979682863 -0.063002802 -0.190399930 -0.064267270 0.062697969 0.998003364 -0.007630677 -0.070881844 0.190500528 -0.004462045 0.981676936 -0.027865387
0.970870912 -0.062776729 -0.231233001 -0.095713004 0.061751455 0.998023272 -0.011676273 -0.072307006 0.231508911 -0.002942820 0.972828329 -0.038504496
0.961716831 -0.061232693 -0.267116576 -0.122583032 0.061610684 0.998075902 -0.006973883 -0.070647374 0.267029643 -0.009750333 0.963639021 -0.046272147
0.956609726 -0.054327469 -0.286262810 -0.142950207 0.054127693 0.998496830 -0.008617013 -0.071528174 0.286300659 -0.007251627 0.958112419 -0.051769450
0.953467846 -0.053585738 -0.296694607 -0.158982903 0.052190956 0.998557329 -0.012625895 -0.071100883 0.296943128 -0.003446390 0.954888940 -0.062576421
0.951389253 -0.046381284 -0.304478765 -0.164611533 0.045012280 0.998920023 -0.011518037 -0.069817714 0.304684162 -0.002747147 0.952449501 -0.064823754
0.949451029 -0.044489946 -0.310746461 -0.166361511 0.043509673 0.999002039 -0.010089396 -0.069380566 0.310885251 -0.003941087 0.950439274 -0.067204542
0.950339854 -0.040380232 -0.308583260 -0.162153333 0.041854400 0.999122024 -0.001843516 -0.068727031 0.308386773 -0.011163600 0.951195538 -0.065231010
0.954786301 -0.039707124 -0.294629425 -0.152619287 0.042889211 0.999070406 0.004343835 -0.067148253 0.294183046 -0.016783858 0.955601692 -0.062255651
0.960963130 -0.033344809 -0.274659842 -0.130929828 0.038187392 0.999194860 0.012301448 -0.062642261 0.274028510 -0.022309778 0.961462796 -0.054511111
0.966624081 -0.025382627 -0.254938424 -0.101328835 0.031299569 0.999326050 0.019178733 -0.059770230 0.254279792 -0.026518088 0.966767073 -0.046074972
0.971262991 -0.008907637 -0.237842172 -0.066576362 0.016942320 0.999351978 0.031758808 -0.056659222 0.237405151 -0.034875754 0.970784485 -0.033023767
0.975401640 0.002989809 -0.220414951 -0.029036073 0.005014974 0.999348223 0.035748366 -0.051249664 0.220378175 -0.035974387 0.974750876 -0.023942968
0.979358852 0.006165008 -0.202035099 0.009731974 0.001725926 0.999243259 0.038857821 -0.048656128 0.202121764 -0.038404450 0.978607118 -0.014011811
0.982250512 0.005693662 -0.187487274 0.044875756 0.001075769 0.999351740 0.035984553 -0.045649458 0.187570617 -0.035547540 0.981607676 -0.005384341
0.985801995 0.011689434 -0.167504594 0.077497043 -0.005921225 0.999373496 0.034894295 -0.043624606 0.167807534 -0.033407032 0.985253572 0.005340899
0.990042388 0.022352001 -0.138983682 0.102524519 -0.017886888 0.999285519 0.033293497 -0.035733387 0.139628559 -0.030475989 0.989734828 0.016758027
0.994390666 0.030539040 -0.101264663 0.121729374 -0.026805978 0.998917282 0.038022745 -0.026878444 0.102316201 -0.035094965 0.994132638 0.030141054
0.996906281 0.024452088 -0.074699111 0.142199188 -0.021389177 0.998908222 0.041531764 -0.019732283 0.075633101 -0.039805524 0.996340871 0.041587263
0.998584569 0.016752470 -0.050480273 0.154845491 -0.014428318 0.998834550 0.046058573 -0.016608303 0.051193036 -0.045265034 0.997662425 0.049152721
0.999345839 0.017536277 -0.031627756 0.160680741 -0.016005931 0.998718739 0.048006818 -0.014089371 0.032429092 -0.047469180 0.998346150 0.054198649
0.999567032 0.019077811 -0.022400448 0.167094141 -0.017963348 0.998640120 0.048940931 -0.011509304 0.023303673 -0.048517354 0.998550475 0.057099260
0.999836504 0.011986556 -0.013538136 0.167601004 -0.011284497 0.998645365 0.050794769 -0.012456572 0.014128651 -0.050633691 0.998617351 0.058350321
0.999959230 0.006885242 -0.005839034 0.161197722 -0.006565242 0.998564601 0.053156827 -0.014787991 0.006196650 -0.053116329 0.998569131 0.057967484
0.999997199 0.001977746 -0.001317536 0.151082665 -0.001901863 0.998468041 0.055299204 -0.019192403 0.001424886 -0.055296540 0.998468935 0.055436477
0.999963105 0.001483144 0.008458970 0.129958317 -0.001991049 0.998175025 0.060354676 -0.023662779 -0.008354018 -0.060369290 0.998141170 0.051384844
0.999841273 -0.012989566 0.012193732 0.102776006 0.012071742 0.997292221 0.072542742 -0.028156793 -0.013103013 -0.072384022 0.997290790 0.046416033
0.999542534 -0.030133825 0.002593595 0.072874606 0.029832112 0.996383011 0.079567559 -0.037636440 -0.004981889 -0.079453781 0.996826112 0.037521638
0.999026597 -0.042503074 -0.011806812 0.041461732 0.043257158 0.996364892 0.073388107 -0.045137562 0.008644673 -0.073827393 0.997233570 0.027047712
0.997744977 -0.053361040 -0.040712655 0.006679325 0.055890787 0.996398926 0.063760735 -0.050379198 0.037163708 -0.065892421 0.997134447 0.015620416
0.995404363 -0.052580789 -0.080034070 -0.025861211 0.057160646 0.996790349 0.056050252 -0.055685427 0.076830022 -0.060367465 0.995214999 0.004785370
0.990936518 -0.056774639 -0.121743180 -0.059950229 0.062708184 0.996995509 0.045470905 -0.060354419 0.118795812 -0.052693073 0.991519511 -0.006108201
0.985393763 -0.064579159 -0.157571167 -0.094028987 0.069951892 0.997134924 0.028787179 -0.062023971 0.155260652 -0.039389107 0.987087965 -0.016164755
0.979679048 -0.066256493 -0.189311966 -0.124404602 0.070717074 0.997353256 0.016897548 -0.062893651 0.187691331 -0.029941762 0.981771588 -0.025325879
0.972061336 -0.068680994 -0.224454105 -0.152392343 0.073641926 0.997189343 0.013795752 -0.062086996 0.222875729 -0.029939551 0.974386990 -0.034824453
0.965630770 -0.069673344 -0.250405341 -0.171416759 0.074749060 0.997143865 0.010805061 -0.061609488 0.248937324 -0.029151263 0.968080819 -0.039430983
0.963632822 -0.070500724 -0.257762372 -0.185364231 0.074803509 0.997174323 0.006911797 -0.061064858 0.256546736 -0.025941962 0.966183603 -0.049258076
0.960013628 -0.070588514 -0.270907938 -0.187951028 0.076788194 0.996971071 0.012340000 -0.060505491 0.269216299 -0.032649096 0.962526143 -0.049526762
0.959943891 -0.061506692 -0.273358047 -0.186116308 0.069314100 0.997414172 0.018986091 -0.060013905 0.271483421 -0.037173152 0.961724937 -0.049177445
0.961876631 -0.056910478 -0.267496794 -0.177168027 0.065692872 0.997551441 0.023990232 -0.058960743 0.265476525 -0.040648278 0.963260055 -0.047423970
0.963910818 -0.058266755 -0.259770840 -0.157983765 0.067859262 0.997298956 0.028105170 -0.058290076 0.257431597 -0.044718735 0.965261221 -0.037897497
0.966445088 -0.048873235 -0.252181053 -0.130421430 0.058233764 0.997858584 0.029784791 -0.056444589 0.250185341 -0.043470819 0.967221558 -0.032979429
0.970919907 -0.033931304 -0.236987680 -0.096132733 0.042756513 0.998566568 0.032197822 -0.054636631 0.235555455 -0.041394275 0.970978975 -0.027603574
0.975579739 -0.023169817 -0.218420208 -0.056565672 0.031394634 0.998919725 0.034260485 -0.052078944 0.217390433 -0.040281057 0.975253224 -0.020746151
0.979854465 -0.009366359 -0.199493065 -0.015623372 0.017479390 0.999088407 0.038945902 -0.047762677 0.198946431 -0.041648336 0.979124963 -0.012397656
0.983983099 0.000575183 -0.178260759 0.024518957 0.006157984 0.999288261 0.037215855 -0.042223964 0.178155303 -0.037717499 0.983279228 -0.003633644
0.987456679 0.008477020 -0.157662585 0.060881976 -0.002970123 0.999378324 0.035131246 -0.037517734 0.157862380 -0.034222305 0.986867905 0.005913554
0.990447938 0.013765069 -0.137198240 0.092098206 -0.009736056 0.999502659 0.029994305 -0.031473696 0.137542874 -0.028372029 0.990089357 0.016648628
0.993888259 0.013308535 -0.109585896 0.114388615 -0.010259289 0.999545634 0.028342165 -0.024765639 0.109913297 -0.027044671 0.993573189 0.026791427
0.996554136 0.011327981 -0.082167648 0.134050205 -0.008786519 0.999473751 0.031226128 -0.019378386 0.082478136 -0.030396558 0.996129215 0.037083074
0.997941315 0.001253907 -0.064121120 0.148730993 0.000913989 0.999429226 0.033768889 -0.017139683 0.064126864 -0.033757973 0.997370601 0.043749947
0.998753607 -0.006553194 -0.049479738 0.157309949 0.008230750 0.999395490 0.033776648 -0.015850680 0.049228482 -0.034141809 0.998203814 0.048145168
0.999021769 -0.011363389 -0.042736690 0.159332111 0.012823072 0.999338269 0.034037694 -0.016012134 0.042321626 -0.034552414 0.998506367 0.049607877
0.998942554 -0.016221860 -0.043018654 0.153745666 0.017787054 0.999184310 0.036254466 -0.018026175 0.042395450 -0.036981303 0.998416245 0.048528224
0.998819411 -0.019663520 -0.044420138 0.140511572 0.021411182 0.999001324 0.039216969 -0.021788381 0.043604631 -0.040121756 0.998242915 0.044490762
0.998398185 -0.025886625 -0.050308324 0.118398860 0.028254580 0.998497903 0.046942160 -0.024444746 0.049017582 -0.048288409 0.997629941 0.038160615
0.997339666 -0.034144059 -0.064403191 0.088453531 0.037655488 0.997824132 0.054120719 -0.031614028 0.062415160 -0.056401875 0.996455312 0.027742043
0.994694114 -0.040041100 -0.094764769 0.057590991 0.045241237 0.997549057 0.053376675 -0.036456227 0.092395246 -0.057380740 0.994067669 0.014685633
0.990755439 -0.044766441 -0.128060937 0.019585457 0.051124044 0.997595370 0.046795126 -0.042269837 0.125658154 -0.052909520 0.990661681 0.001921446
0.985340893 -0.048527606 -0.163549319 -0.018883415 0.055252686 0.997793198 0.036822006 -0.047717571 0.161401510 -0.045318767 0.985847712 -0.010502676
0.979054391 -0.052620113 -0.196681604 -0.056148034 0.059781931 0.997740746 0.030651221 -0.052962489 0.194624394 -0.041767217 0.979988217 -0.019949809
0.971058547 -0.057588521 -0.231794804 -0.092936061 0.064776331 0.997622788 0.023512127 -0.057338424 0.229889750 -0.037846468 0.972480536 -0.032732617
0.965499103 -0.048662193 -0.255819261 -0.126607507 0.054599274 0.998377681 0.016153216 -0.057788469 0.254618198 -0.029563460 0.966589689 -0.040601920
0.960811317 -0.045348432 -0.273468733 -0.153302535 0.051221147 0.998583972 0.014369620 -0.058399096 0.272429854 -0.027813874 0.961773574 -0.045765024
0.958399892 -0.052454885 -0.280567616 -0.167564869 0.059277404 0.998115242 0.015880089 -0.057671253 0.279205799 -0.031850792 0.959702909 -0.049408868
