1.000000000 0.000000000 0.000000000 0.000000000 0.000000000 1.000000000 0.000000000 0.000000000 0.000000000 0.000000000 1.000000000 0.000000000
0.999989390 0.004552279 0.000686372 0.000163648 -0.004553337 0.999988437 0.001547938 -0.000960098 -0.000679318 -0.001551047 0.999998569 0.002548171
0.999987602 0.004941212 0.000623126 -0.000309991 -0.004942170 0.999986589 0.001544669 -0.000451446 -0.000615485 -0.001547730 0.999998629 0.002043515
0.999999285 0.001187237 -0.000275193 -0.000211096 -0.001187139 0.999999225 0.000355591 -0.000763410 0.000275615 -0.000355264 0.999999881 0.002514017
0.999996543 0.002602126 -0.000336436 -0.000329891 -0.002601560 0.999995232 0.001671141 -0.000813481 0.000340783 -0.001670260 0.999998569 0.003907397
0.999997914 0.001991726 -0.000388811 -0.000370408 -0.001990303 0.999991477 0.003625218 -0.001104097 0.000396028 -0.003624437 0.999993324 0.004699330
0.999998868 0.001444266 -0.000454396 -0.000649829 -0.001442036 0.999987066 0.004872130 -0.001324538 0.000461427 -0.004871469 0.999988019 0.005639616
0.999999642 0.000391173 -0.000758838 -0.000727310 -0.000387272 0.999986768 0.005134451 -0.001878282 0.000760837 -0.005134156 0.999986529 0.006363946
0.999998689 0.001262361 -0.000990810 -0.000905238 -0.001254652 0.999969244 0.007743077 -0.002151452 0.001000554 -0.007741824 0.999969542 0.006399408
0.999983490 0.005744399 0.000110187 -0.000920367 -0.005744896 0.999969900 0.005215412 -0.002312738 -0.000080224 -0.005215959 0.999986410 0.009025007
0.999992371 0.003904060 -0.000204807 -0.001556370 -0.003902459 0.999965668 0.007306160 -0.002426148 0.000233324 -0.007305305 0.999973297 0.009069607
0.999991894 0.003834482 -0.001239237 -0.001555903 -0.003824383 0.999960303 0.008050763 -0.002404101 0.001270059 -0.008045958 0.999966800 0.008001400
0.999995708 0.001360121 -0.002587561 -0.001244690 -0.001340949 0.999971747 0.007396571 -0.003971822 0.002597549 -0.007393069 0.999969304 0.010326571
0.999992371 0.003030504 -0.002454509 -0.002199796 -0.003008796 0.999956727 0.008800181 -0.003075918 0.002481072 -0.008792728 0.999958277 0.008935690
0.999996305 -0.000764355 -0.002613993 -0.002021866 0.000792703 0.999940693 0.010861046 -0.004303841 0.002605536 -0.010863078 0.999937594 0.011380926
0.999993384 -0.001179197 -0.003444865 -0.002218103 0.001221340 0.999924123 0.012256990 -0.004222608 0.003430150 -0.012261116 0.999918938 0.011695107
0.999994874 -0.000836795 -0.003086229 -0.002246692 0.000875001 0.999922752 0.012398984 -0.004703191 0.003075616 -0.012401622 0.999918342 0.013824238
0.999992609 -0.001728417 -0.003427548 -0.001520198 0.001772480 0.999915302 0.012894463 -0.005506310 0.003404970 -0.012900443 0.999911010 0.014844318
0.999985576 -0.003814998 -0.003774938 -0.002266210 0.003864195 0.999906540 0.013112179 -0.005367936 0.003724562 -0.013126577 0.999906898 0.015150289
0.999992192 -0.000391837 -0.003930102 -0.001945070 0.000445410 0.999906898 0.013640089 -0.006214826 0.003924391 -0.013641733 0.999899268 0.016854437
0.999986649 -0.000479606 -0.005141189 -0.001989172 0.000553159 0.999897361 0.014314814 -0.007369340 0.005133796 -0.014317468 0.999884307 0.018505855
0.999987423 -0.000527713 -0.004988930 -0.002204377 0.000598383 0.999899387 0.014174498 -0.006795679 0.004980948 -0.014177305 0.999887109 0.018111976
0.999988437 0.001156679 -0.004669123 -0.002707350 -0.001094404 0.999910712 0.013318428 -0.006352197 0.004684111 -0.013313164 0.999900401 0.018457273
0.999988019 -0.000620058 -0.004859966 -0.003011184 0.000689836 0.999896526 0.014369151 -0.006355701 0.004850553 -0.014372331 0.999884963 0.018029699
0.999970198 -0.004044296 -0.006578433 -0.003056959 0.004158684 0.999838769 0.017468620 -0.007216658 0.006506725 -0.017495455 0.999825776 0.017804271
0.999975979 -0.003172854 -0.006164152 -0.003282207 0.003284588 0.999828935 0.018201774 -0.007146667 0.006105346 -0.018221583 0.999815345 0.018193215
0.999948680 -0.006343203 -0.007903107 -0.003149536 0.006496708 0.999787748 0.019551657 -0.008090716 0.007777409 -0.019601999 0.999777615 0.019177748
0.999948204 -0.006144586 -0.008115133 -0.003200822 0.006303091 0.999786973 0.019653002 -0.008105757 0.007992645 -0.019703133 0.999773920 0.019618496
0.999909818 -0.010132501 -0.008813392 -0.003132408 0.010294450 0.999775350 0.018528314 -0.008325842 0.008623675 -0.018617371 0.999789476 0.020833891
0.999959946 -0.004014567 -0.007999102 -0.003664036 0.004173942 0.999791086 0.020008137 -0.008161803 0.007917107 -0.020040723 0.999767840 0.020813175
0.999927223 -0.005615000 -0.010677402 -0.003713826 0.005828607 0.999781370 0.020080823 -0.009109393 0.010562314 -0.020141598 0.999741316 0.022105923
0.999606371 -0.005821376 -0.027445484 -0.003509270 0.006351453 0.999794185 0.019266360 -0.008201577 0.027327679 -0.019433094 0.999437630 0.020469978
0.998578787 -0.004617605 -0.053095479 -0.002038342 0.005699002 0.999779046 0.020233693 -0.009150117 0.052990317 -0.020507528 0.998384416 0.023136854
0.997034013 -0.005759071 -0.076746404 -0.002010249 0.007148920 0.999815166 0.017847216 -0.008069505 0.076629438 -0.018342935 0.996890903 0.020614237
0.996130407 -0.003568769 -0.087814786 -0.001437214 0.005497369 0.999748766 0.021730097 -0.008215118 0.087715171 -0.022128761 0.995899796 0.021852192
0.996034026 -0.002911247 -0.088925518 -0.001226826 0.004870704 0.999749899 0.021825772 -0.009234284 0.088839740 -0.022172341 0.995799124 0.023604795
0.995766044 -0.001585026 -0.091910243 -0.002044157 0.003804269 0.999705315 0.023975600 -0.007999961 0.091845155 -0.024223739 0.995478630 0.021885978
0.995724738 -0.001841981 -0.092352092 -0.002484599 0.004015643 0.999719143 0.023356384 -0.007968323 0.092283130 -0.023627382 0.995452464 0.022280041
0.995510638 -0.003974299 -0.094566315 -0.002568874 0.006201370 0.999710023 0.023268156 -0.007941225 0.094446421 -0.023750138 0.995246589 0.022956710
0.995415628 0.000491487 -0.095642500 -0.002250250 0.001844629 0.999702156 0.024335552 -0.008779602 0.095625974 -0.024400415 0.995118201 0.025377171
0.995213747 0.002470972 -0.097691000 0.003262507 -0.000225643 0.999735713 0.022988362 -0.016107243 0.097721986 -0.022856290 0.994951248 0.047677528
0.994534254 -0.000875886 -0.104407012 0.014345522 0.003415749 0.999702513 0.024150239 -0.024858205 0.104354799 -0.024374869 0.994241416 0.076565780
0.994406402 -0.003599906 -0.105560444 0.010672181 0.006072446 0.999714494 0.023110939 -0.022272486 0.105447099 -0.023622675 0.994144320 0.069522761
0.994113028 -0.006775406 -0.108135909 0.016824089 0.009377483 0.999678135 0.023572683 -0.029038547 0.107941389 -0.024447955 0.993856609 0.088804998
0.993224442 -0.007457086 -0.115972534 0.026983436 0.010658490 0.999578357 0.027009252 -0.034402780 0.115722224 -0.028062340 0.992885113 0.107732385
0.992646694 -0.003650693 -0.120992519 0.025207303 0.007098528 0.999580562 0.028077509 -0.033913955 0.120839261 -0.028729916 0.992256224 0.100858755
0.991279483 -0.008511134 -0.131501094 0.038500521 0.012417069 0.999504864 0.028911280 -0.035922661 0.131189913 -0.030292016 0.990894318 0.115192950
0.989419818 -0.008306921 -0.144842684 0.050111819 0.012477891 0.999532521 0.027911900 -0.037084457 0.144543111 -0.029423919 0.989060938 0.148810253
0.988787830 -0.006235261 -0.149197102 0.042763639 0.010809341 0.999495447 0.029866733 -0.037109494 0.148935601 -0.031144584 0.988356292 0.131440967
0.988296032 -0.006448482 -0.152411908 0.049462978 0.011003461 0.999517083 0.029061433 -0.038797487 0.152150899 -0.030398358 0.987889707 0.154357806
0.988216877 -0.005598332 -0.152957872 0.044884708 0.010129020 0.999532223 0.028857324 -0.035555247 0.152724758 -0.030066608 0.987811267 0.146961689
0.987825632 -0.008317883 -0.155342534 0.044931062 0.013240444 0.999441564 0.030680668 -0.036430217 0.155000582 -0.032363955 0.987384140 0.148624137
0.987303197 -0.005904992 -0.158737123 0.048470464 0.011192800 0.999411047 0.032438379 -0.037621483 0.158452094 -0.033803228 0.986787856 0.160048738
0.987050951 -0.005248997 -0.160321280 0.048446421 0.010752261 0.999381602 0.033478256 -0.038286429 0.160046414 -0.034768559 0.986496985 0.163107485
0.986400247 -0.006656328 -0.164226070 0.053693555 0.012830954 0.999248862 0.036566239 -0.044422232 0.163859308 -0.038176123 0.985744774 0.177036181
0.985542476 -0.006958689 -0.169285506 0.063261136 0.013141356 0.999285758 0.035429180 -0.054773331 0.168918073 -0.037141606 0.984930038 0.201501355
0.983127892 -0.011108261 -0.182581991 0.115643859 0.017826073 0.999221504 0.035193481 -0.053718813 0.182048917 -0.037854411 0.982560575 0.227685153
0.982642293 -0.015971182 -0.184821710 0.115602791 0.022943042 0.999101102 0.035645045 -0.054819018 0.184086293 -0.039266702 0.982125461 0.228433475
0.982560456 -0.014980491 -0.185338899 0.114273809 0.021644251 0.999188006 0.033983469 -0.057292532 0.184679314 -0.037402336 0.982086897 0.232858807
0.982427895 -0.008868861 -0.186431751 0.114007972 0.015320514 0.999331534 0.033193748 -0.055631481 0.186012730 -0.035466693 0.981907010 0.228745922
0.981921315 -0.012309630 -0.188888848 0.114784233 0.018881377 0.999275923 0.033031646 -0.055409983 0.188345477 -0.036000960 0.981442750 0.228571638
0.981740177 -0.014117975 -0.189702034 0.113913320 0.020825021 0.999224782 0.033408873 -0.057385709 0.189083308 -0.036749382 0.981273174 0.231637821
0.982275009 -0.010203697 -0.187167645 0.082579836 0.016913269 0.999268949 0.034286074 -0.077891320 0.186680973 -0.036843970 0.981729448 0.258951396
0.981980741 -0.006431570 -0.188871488 0.081849448 0.013536531 0.999247372 0.036352143 -0.076867498 0.188495532 -0.038253769 0.981328726 0.261410415
0.981755018 -0.007439069 -0.190004736 0.080999866 0.014662946 0.999220908 0.036641959 -0.077554010 0.189584121 -0.038759455 0.981099188 0.263886094
0.981256068 -0.013901206 -0.192206457 0.080106497 0.021174198 0.999133289 0.035837259 -0.077954583 0.191541702 -0.039235346 0.980699956 0.264410019
0.981002986 -0.013651276 -0.193511739 0.077244408 0.021129549 0.999105334 0.036633894 -0.079725288 0.192838505 -0.040026773 0.980413795 0.266786695
0.980695307 -0.014196775 -0.195026025 0.076332033 0.021999596 0.999039292 0.037901428 -0.081098177 0.194300592 -0.041460246 0.980065465 0.268797100
0.980347395 -0.012800304 -0.196863264 0.075699918 0.020711727 0.999056160 0.038181148 -0.080609605 0.196188733 -0.041508164 0.979687214 0.270597279
0.980270863 -0.011127242 -0.197345525 0.074384920 0.019235920 0.999045432 0.039219495 -0.080757812 0.196720749 -0.042241849 0.979549170 0.272528172
0.979840279 -0.015352702 -0.199191630 0.073992372 0.023229787 0.999035239 0.037268594 -0.080357082 0.198427290 -0.041144449 0.979251623 0.273220390
0.979499817 -0.013714325 -0.200977564 0.072658189 0.022044292 0.998985529 0.039267898 -0.080761351 0.200235143 -0.042893309 0.978808463 0.277888268
0.979510546 -0.011883922 -0.201042086 0.068811938 0.020558484 0.998942912 0.041115236 -0.083403766 0.200340956 -0.044405926 0.978719354 0.282327682
0.979467750 -0.008322868 -0.201429084 0.067987949 0.017711464 0.998836577 0.044852626 -0.085768305 0.200821429 -0.047499303 0.978475630 0.284825414
0.979067326 -0.013801409 -0.203068107 0.068473220 0.022956049 0.998820066 0.042795464 -0.085179150 0.202237859 -0.046561282 0.978228986 0.285572201
0.978834093 -0.012329518 -0.204283595 0.067250229 0.021381976 0.998881817 0.042165283 -0.085898258 0.203535289 -0.045640804 0.978003204 0.287303805
0.978544831 -0.013232588 -0.205608636 0.066408925 0.022906519 0.998735964 0.044741284 -0.086297706 0.204756707 -0.048491132 0.977611005 0.289142698
0.977954030 -0.014355732 -0.208326131 0.066088885 0.023708642 0.998816490 0.042468131 -0.086991742 0.207469910 -0.046471011 0.977136970 0.288864315
0.978379309 -0.009338929 -0.206607550 0.065422297 0.018652987 0.998893201 0.043178987 -0.087939829 0.205975637 -0.046099275 0.977470636 0.290480196
0.978442907 -0.006834388 -0.206404299 0.060545061 0.016314376 0.998886704 0.044262193 -0.091316245 0.205872014 -0.046675388 0.977465153 0.295083582
0.978022337 -0.008802424 -0.208314344 0.061760247 0.018640103 0.998799086 0.045309328 -0.091662310 0.207665354 -0.048196536 0.977011859 0.294825405
0.977762103 -0.010322735 -0.209462807 0.061250955 0.020462845 0.998717904 0.046300791 -0.091733217 0.208716318 -0.049557365 0.976719797 0.297452152
0.976657152 -0.018972566 -0.213964611 0.061472185 0.029566737 0.998484254 0.046422426 -0.087637864 0.212759539 -0.051665027 0.975737691 0.297646374
0.977144718 -0.013491330 -0.212146729 0.060753968 0.024289720 0.998533785 0.048376992 -0.088013634 0.211183012 -0.052424308 0.976039648 0.298909962
0.976241589 -0.019129273 -0.215838894 0.060809102 0.030051922 0.998422027 0.047437459 -0.088254534 0.214590862 -0.052796796 0.975275993 0.299129426
0.975946307 -0.018655557 -0.217211381 0.060312066 0.029932398 0.998362780 0.048742380 -0.088549234 0.215946451 -0.054071601 0.974906862 0.299834251
0.974942923 -0.013750663 -0.222029731 0.060065392 0.025575511 0.998398006 0.050470844 -0.088392437 0.220980033 -0.054884717 0.973732769 0.300222933
0.973729253 -0.012729935 -0.227352872 0.058945540 0.024146475 0.998579144 0.047504488 -0.088438720 0.226425111 -0.051746279 0.972653091 0.300812513
0.971681535 -0.012348088 -0.235971421 0.058564745 0.024342520 0.998551428 0.047984526 -0.089648612 0.235037073 -0.052369818 0.970574558 0.301168889
0.970199823 -0.013435375 -0.241933405 0.059011303 0.026184026 0.998427987 0.049556963 -0.089873143 0.240887269 -0.054414947 0.969026506 0.299016386
0.968102515 -0.012552824 -0.250239730 0.058561277 0.025703732 0.998450518 0.049354576 -0.089675531 0.249232456 -0.054212384 0.966925144 0.298112899
0.965026200 -0.008793979 -0.262005955 0.058530584 0.022658324 0.998495042 0.049942125 -0.089000925 0.261172444 -0.054132074 0.963773131 0.296312660
0.962290645 -0.007789983 -0.271911740 0.058989458 0.022158405 0.998512805 0.049811859 -0.088789098 0.271119297 -0.053958617 0.961032152 0.296184212
0.959181488 -0.009093319 -0.282645047 0.060135655 0.023808096 0.998531103 0.048669953 -0.087820791 0.281787306 -0.053412557 0.957989037 0.295666784
0.955336750 -0.008352799 -0.295401245 0.070660427 0.023146657 0.998644531 0.046619225 -0.083739862 0.294611424 -0.051374611 0.954235196 0.282038867
0.951370120 -0.004183079 -0.308021724 0.074124657 0.019272963 0.998757184 0.045963783 -0.082585849 0.307446629 -0.049665064 0.950268388 0.280636817
0.947622657 0.000824186 -0.319390953 0.063894622 0.014502689 0.998854220 0.045606550 -0.090378568 0.319062591 -0.047849830 0.946524918 0.286220461
0.943505406 0.006181692 -0.331299484 0.065949075 0.009092364 0.998966515 0.044533718 -0.089267083 0.331232369 -0.045030098 0.942474067 0.282800168
0.942124844 0.000584357 -0.335261792 0.065436803 0.014685189 0.998966753 0.043008290 -0.089489162 0.334940523 -0.045442559 0.941142857 0.283834696
0.941693306 0.002214599 -0.336465210 0.064987779 0.013478538 0.998927414 0.044298410 -0.089762621 0.336202443 -0.046250574 0.940653384 0.284294546
0.941567779 0.004464334 -0.336794049 0.064723141 0.011583980 0.998891413 0.045625776 -0.089685000 0.336624384 -0.046861175 0.940472245 0.284638137
0.941170573 0.004199034 -0.337905735 0.064447507 0.011765834 0.998909354 0.045184530 -0.090527296 0.337726921 -0.046502095 0.940094709 0.286641508
0.940495729 0.000672881 -0.339804918 0.064500369 0.015303439 0.998899519 0.044334143 -0.089719340 0.339460820 -0.046896257 0.939450443 0.284912854
0.940175712 -0.002471462 -0.340681046 0.063984193 0.018488809 0.998870194 0.043777198 -0.090071261 0.340187967 -0.047457043 0.939159214 0.286228925
0.939709663 0.001580266 -0.341969669 0.063397005 0.015329313 0.998789489 0.046739411 -0.091246434 0.341629565 -0.049163636 0.938547909 0.289528936
0.939288497 0.000037139 -0.343128383 0.063474283 0.016683305 0.998812318 0.045777421 -0.090984933 0.342722565 -0.048722722 0.938172340 0.288375914
0.938958943 0.002575431 -0.344019532 0.063936539 0.013539248 0.998920679 0.044431929 -0.091452397 0.343762636 -0.046377521 0.937910676 0.290382534
0.938651264 0.003826224 -0.344846547 0.062911198 0.012580958 0.998892963 0.045327757 -0.090616211 0.344638228 -0.046885457 0.937564015 0.288247138
0.938261211 0.004365420 -0.345900089 0.063461870 0.012346226 0.998860717 0.046095483 -0.091577530 0.345707238 -0.047520164 0.937138379 0.289889336
0.937706947 0.000936853 -0.347425967 0.062152788 0.016040748 0.998813212 0.045987532 -0.091224395 0.347056717 -0.048695799 0.936579049 0.290412873
0.937357247 0.003430959 -0.348352790 0.062228747 0.014817216 0.998653948 0.049706411 -0.091700390 0.348054439 -0.051754281 0.936044693 0.291941702
0.936783791 0.004149583 -0.349884152 0.062271994 0.014433843 0.998620331 0.050488852 -0.092705935 0.349610925 -0.052347310 0.935431421 0.295256734
0.936528444 -0.000881324 -0.350590438 0.061761610 0.019109381 0.998638630 0.048536282 -0.092084013 0.350070357 -0.052155174 0.935270309 0.292902976
0.936485589 0.004223776 -0.350680619 0.061144393 0.014899383 0.998545527 0.051815499 -0.092247404 0.350389421 -0.053749394 0.935060561 0.293942243
0.936032116 0.006491916 -0.351854742 0.060586385 0.012835938 0.998534679 0.052570716 -0.092573665 0.351680458 -0.053724263 0.934577227 0.294184178
0.935443521 0.009862038 -0.353338540 0.060998961 0.009284438 0.998580337 0.052451413 -0.092470825 0.353354186 -0.052345887 0.934023976 0.296596527
0.934992671 0.011603442 -0.354477108 0.061623055 0.008098031 0.998505652 0.054044969 -0.093870595 0.354574502 -0.053402219 0.933501542 0.296129674
0.934232235 0.005136048 -0.356628239 0.061135009 0.014264858 0.998558223 0.051749498 -0.093860902 0.356379867 -0.053433303 0.932812035 0.297589600
0.933854818 0.003638534 -0.357633740 0.060266215 0.016352242 0.998468161 0.052857380 -0.094454624 0.357278228 -0.055209234 0.932364821 0.298436821
0.933617830 0.007351511 -0.358195096 0.059549820 0.013057287 0.998427033 0.054524656 -0.094638437 0.358032525 -0.055582244 0.932053268 0.299213648
0.933099866 0.002675615 -0.359607339 0.058488544 0.018236239 0.998333693 0.054746907 -0.094949163 0.359154612 -0.057642218 0.931496263 0.299950391
0.932851374 0.005732362 -0.360215843 0.059402682 0.015237087 0.998350918 0.055346940 -0.095509648 0.359939069 -0.057119109 0.931225657 0.300327539
0.931962490 0.004670672 -0.362524539 0.059365295 0.016714785 0.998300314 0.055831492 -0.095689580 0.362169147 -0.058092378 0.930300355 0.301215202
0.928247631 0.009666717 -0.371837169 0.052166395 0.011831051 0.998389125 0.055490129 -0.100273013 0.371774584 -0.055907805 0.926638007 0.302798748
0.922241688 0.008808439 -0.386513561 0.051451325 0.012469028 0.998542666 0.052508023 -0.098431483 0.386412770 -0.053244535 0.920787811 0.298683673
0.916720212 0.007162611 -0.399465621 0.051408444 0.014287672 0.998612046 0.050693896 -0.097700506 0.399274290 -0.052179553 0.915345490 0.296542615
0.910088480 0.004489137 -0.414389640 0.050903622 0.018568300 0.998495340 0.051596798 -0.098228768 0.413997740 -0.054652166 0.908635795 0.297943324
0.904071569 0.003361160 -0.427367955 0.052065682 0.018959478 0.998669207 0.047961980 -0.097541235 0.426960409 -0.051463734 0.902804673 0.296432376
0.902420402 0.008579347 -0.430771261 0.052255087 0.013880296 0.998703897 0.048968196 -0.097252570 0.430633038 -0.050169133 0.901131630 0.297063112
0.901633203 0.009808573 -0.432390273 0.051532578 0.013374825 0.998632312 0.050543100 -0.097041748 0.432294667 -0.051354483 0.900268912 0.296471059
0.901049256 0.006375640 -0.433669955 0.050583754 0.016766448 0.998632491 0.049517650 -0.097893313 0.433392614 -0.051888946 0.899710178 0.298819840
0.900239766 0.005365135 -0.435361505 0.049961057 0.017816190 0.998632669 0.049146846 -0.099161185 0.435029894 -0.052000426 0.898913205 0.303036332
0.899534762 0.005800968 -0.436810642 0.050458852 0.018083997 0.998560250 0.050501972 -0.097088762 0.436474681 -0.053327564 0.898134768 0.297789812
0.894178331 0.009838280 -0.447602838 0.049761906 0.014727664 0.998571098 0.051370051 -0.098811015 0.447468638 -0.052526131 0.892755747 0.303068608
0.885768533 0.013413855 -0.463933349 0.045487788 0.012472180 0.998533368 0.052683529 -0.108046904 0.463959634 -0.052451674 0.884302139 0.324960202
