1735269608.41644811630249023438 1.000000000 -0.000000000 0.000000000 0.000000000 0.000000000 1.000000000 0.000000023 -0.000000179 -0.000000000 -0.000000023 1.000000000 0.000000477
1735269608.51644992828369140625 0.999999642 0.000268857 0.000829323 -0.000120698 -0.000268374 0.999999821 -0.000582696 -0.001816503 -0.000829479 0.000582473 0.999999464 0.026195539
1735269608.61645197868347167969 1.000000000 -0.000081693 0.000099019 0.001152967 0.000081621 0.999999762 0.000722507 -0.001521169 -0.000099078 -0.000722499 0.999999762 0.057772238
1735269608.71645402908325195312 0.999999762 -0.000177283 0.000646766 -0.000399029 0.000176834 0.999999762 0.000694356 -0.000200661 -0.000646889 -0.000694242 0.999999523 0.092951745
1735269608.81645607948303222656 0.999999940 -0.000070281 0.000351136 -0.001699921 0.000070287 1.000000000 -0.000016812 -0.000922231 -0.000351135 0.000016836 0.999999940 0.124180570
1735269608.91645812988281250000 0.999998271 -0.001749618 0.000609782 -0.000783459 0.001749596 0.999998450 0.000037169 -0.000038505 -0.000609847 -0.000036102 0.999999821 0.153352350
1735269609.01645994186401367188 0.999999166 -0.000749526 0.001026837 -0.000633970 0.000749574 0.999999702 -0.000046224 -0.001233909 -0.001026802 0.000046994 0.999999464 0.189717487
1735269609.11646199226379394531 0.999998510 -0.001608091 0.000644675 -0.001478819 0.001607958 0.999998689 0.000206575 -0.002034507 -0.000645006 -0.000205539 0.999999762 0.231282502
1735269609.21646404266357421875 0.999997258 -0.002352798 0.000076447 -0.003070524 0.002352825 0.999997199 -0.000350993 0.000177699 -0.000075621 0.000351171 0.999999940 0.271802187
1735269609.31646609306335449219 0.999999046 -0.000134182 0.001389090 -0.002692373 0.000135262 0.999999702 -0.000777569 -0.002665999 -0.001388985 0.000777756 0.999998748 0.306543589
1735269609.41646814346313476562 0.999997795 0.000139139 0.002086191 -0.004053513 -0.000137251 0.999999583 -0.000905112 -0.000930746 -0.002086316 0.000904824 0.999997437 0.348439515
1735269609.51646995544433593750 0.999997437 0.000209274 0.002245813 -0.003882511 -0.000207493 0.999999642 -0.000793481 -0.000971187 -0.002245978 0.000793013 0.999997139 0.389003992
1735269609.61647200584411621094 0.999998331 0.000237219 0.001798443 -0.003579780 -0.000237722 0.999999940 0.000279546 -0.004030957 -0.001798376 -0.000279973 0.999998331 0.426539063
1735269609.71647405624389648438 0.999999344 0.000133068 0.001157414 -0.007239179 -0.000132232 0.999999702 -0.000721951 0.003203582 -0.001157509 0.000721797 0.999999046 0.481165856
1735269609.81647610664367675781 0.999998868 -0.000380702 0.001445040 -0.006509920 0.000383192 0.999998450 -0.001722858 0.000630961 -0.001444382 0.001723410 0.999997497 0.517362952
1735269609.91647791862487792969 0.999997854 0.000042718 0.002064904 -0.005345043 -0.000040280 0.999999285 -0.001180995 -0.005755773 -0.002064953 0.001180909 0.999997199 0.552160740
1735269610.01647996902465820312 0.999994457 0.001362261 0.003034603 -0.009184359 -0.001358352 0.999998271 -0.001289759 -0.005578080 -0.003036354 0.001285629 0.999994576 0.602109611
1735269610.11648201942443847656 0.999995470 0.001293170 0.002710077 -0.007564419 -0.001285539 0.999995232 -0.002815561 -0.004419543 -0.002713705 0.002812064 0.999992371 0.644401968
1735269610.21648406982421875000 0.999994338 0.002145221 0.002583174 -0.008887266 -0.002136551 0.999992073 -0.003354602 -0.006214434 -0.002590350 0.003349065 0.999991059 0.682208955
1735269610.31648612022399902344 0.999997437 0.000072148 0.002256581 -0.008665864 -0.000064538 0.999994338 -0.003372045 -0.005272223 -0.002256812 0.003371890 0.999991775 0.732412636
1735269610.41648793220520019531 0.999994159 0.002107459 0.002680472 -0.011563872 -0.002100416 0.999994338 -0.002627834 -0.006796480 -0.002685994 0.002622189 0.999992967 0.783000112
1735269610.51648998260498046875 0.999996841 0.001521296 0.002001826 -0.010859186 -0.001518329 0.999997735 -0.001483143 -0.008860888 -0.002004078 0.001480099 0.999996901 0.827276111
1735269610.61649203300476074219 0.999997735 0.001213843 0.001762202 -0.010476030 -0.001211562 0.999998450 -0.001294871 -0.009856856 -0.001763771 0.001292733 0.999997616 0.874137461
1735269610.71649408340454101562 0.999998033 0.001756210 0.000946638 -0.011055341 -0.001754037 0.999995828 -0.002291870 -0.009934811 -0.000950659 0.002290205 0.999996901 0.912966669
1735269610.81649613380432128906 0.999997735 0.001992005 0.000725975 -0.013065210 -0.001989916 0.999993920 -0.002867604 -0.010525279 -0.000731683 0.002866153 0.999995649 0.969895005
1735269610.91649794578552246094 0.999998569 0.001600804 0.000537175 -0.015511835 -0.001599534 0.999995947 -0.002355902 -0.007177874 -0.000540944 0.002355040 0.999997079 1.024990320
1735269611.01649999618530273438 0.999999583 0.000802852 0.000432925 -0.016087720 -0.000801798 0.999996722 -0.002429768 -0.008040518 -0.000434874 0.002429419 0.999996960 1.073845863
1735269611.11550211906433105469 0.999999225 0.001220958 -0.000201733 -0.015702320 -0.001221289 0.999997914 -0.001651424 -0.012263132 0.000199717 0.001651670 0.999998629 1.119088531
1735269611.21550393104553222656 0.999999404 0.000837204 -0.000665590 -0.015720146 -0.000837399 0.999999583 -0.000292121 -0.013756757 0.000665345 0.000292678 0.999999762 1.166361570
1735269611.31550598144531250000 0.999999046 0.000051315 -0.001400788 -0.016709069 -0.000051756 0.999999940 -0.000314807 -0.013444867 0.001400772 0.000314879 0.999998987 1.227591515
1735269611.41550803184509277344 0.999998271 -0.000542286 -0.001779885 -0.018027918 0.000538726 0.999997854 -0.001999984 -0.014908031 0.001780966 0.001999022 0.999996424 1.286042809
1735269611.51551008224487304688 0.999996483 -0.001382471 -0.002264417 -0.018346490 0.001380559 0.999998689 -0.000845657 -0.015449494 0.002265583 0.000842528 0.999997079 1.348006487
1735269611.61551213264465332031 0.999995351 -0.001013515 -0.002866637 -0.020397257 0.001014727 0.999999404 0.000421302 -0.016250992 0.002866209 -0.000424209 0.999995828 1.409700274
1735269611.71551394462585449219 0.999991894 -0.002490311 -0.003168212 -0.020424645 0.002488147 0.999996662 -0.000686979 -0.017183507 0.003169913 0.000679091 0.999994755 1.468292594
1735269611.81551599502563476562 0.999990046 -0.002931920 -0.003364167 -0.021353794 0.002930734 0.999995649 -0.000357433 -0.018269015 0.003365201 0.000347570 0.999994278 1.527800798
1735269611.91551804542541503906 0.999994040 -0.001073986 -0.003273137 -0.023467928 0.001070130 0.999998748 -0.001179740 -0.019092567 0.003274400 0.001176230 0.999993920 1.587774992
1735269612.01552009582519531250 0.999993742 -0.000644632 -0.003485728 -0.025154142 0.000637298 0.999997556 -0.002104628 -0.018990904 0.003487076 0.002102394 0.999991715 1.652841091
1735269612.11552214622497558594 0.999987066 -0.002978522 -0.004120216 -0.025314672 0.002971385 0.999994099 -0.001737122 -0.020597009 0.004125366 0.001724857 0.999989986 1.716158390
1735269612.21552395820617675781 0.999991298 -0.001919904 -0.003709438 -0.026726050 0.001910882 0.999995232 -0.002434238 -0.021645999 0.003714094 0.002427128 0.999990165 1.782797813
1735269612.31552600860595703125 0.999990344 -0.001414180 -0.004156752 -0.029250806 0.001410043 0.999998510 -0.000997836 -0.022474114 0.004158156 0.000991966 0.999990880 1.859715939
1735269612.41552805900573730469 0.999990165 -0.001046906 -0.004304821 -0.031052172 0.001040521 0.999998331 -0.001485281 -0.023755636 0.004306369 0.001480787 0.999989629 1.931273699
1735269612.51553010940551757812 0.999989986 0.000677168 -0.004421910 -0.034029156 -0.000689367 0.999995947 -0.002757687 -0.024738645 0.004420025 0.002760708 0.999986410 2.001068830
1735269612.61553192138671875000 0.999989867 0.000988758 -0.004389098 -0.035707232 -0.001007313 0.999990582 -0.004227340 -0.026260961 0.004384877 0.004231718 0.999981403 2.065112114
1735269612.71553397178649902344 0.999989152 0.000470294 -0.004629442 -0.036784284 -0.000493810 0.999986947 -0.005079845 -0.028537050 0.004626993 0.005082075 0.999976397 2.129523516
1735269612.81553602218627929688 0.999981940 -0.000379199 -0.005998143 -0.038004074 0.000350469 0.999988437 -0.004790207 -0.029453255 0.005999890 0.004788019 0.999970555 2.198345184
1735269612.91553807258605957031 0.999986589 -0.000453548 -0.005162824 -0.040058296 0.000422532 0.999981880 -0.006007174 -0.030741511 0.005165455 0.006004912 0.999968648 2.269364834
1735269613.01554012298583984375 0.999984264 0.001335193 -0.005448136 -0.042766865 -0.001367806 0.999981165 -0.005986849 -0.031913936 0.005440039 0.005994207 0.999967217 2.335593462
1735269613.11554193496704101562 0.999982059 0.000499843 -0.005964734 -0.043643918 -0.000543420 0.999973178 -0.007306397 -0.034384347 0.005960922 0.007309508 0.999955535 2.403903723
1735269613.21554398536682128906 0.999979138 -0.000639130 -0.006426369 -0.044328123 0.000589902 0.999970496 -0.007659304 -0.036356453 0.006431075 0.007655354 0.999949992 2.473269701
1735269613.31554603576660156250 0.999976039 -0.001266784 -0.006805221 -0.046146404 0.001216599 0.999972045 -0.007373585 -0.037554603 0.006814371 0.007365129 0.999949634 2.543268919
1735269613.41554808616638183594 0.999972999 0.000382031 -0.007339492 -0.048484117 -0.000450120 0.999956846 -0.009277626 -0.037816584 0.007335631 0.009280679 0.999930024 2.611970663
1735269613.51555013656616210938 0.999967456 -0.000764070 -0.008032164 -0.050137345 0.000704967 0.999972701 -0.007358516 -0.038875096 0.008037566 0.007352614 0.999940693 2.681711912
1735269613.61555194854736328125 0.999965966 -0.001252720 -0.008157108 -0.051511873 0.001197827 0.999976635 -0.006730918 -0.040709220 0.008165349 0.006720919 0.999944091 2.751283407
1735269613.71555399894714355469 0.999966323 -0.000694864 -0.008175336 -0.053123154 0.000654779 0.999987781 -0.004904840 -0.041148722 0.008178644 0.004899322 0.999954581 2.823393345
1735269613.81555604934692382812 0.999959588 -0.000653621 -0.008965615 -0.055453856 0.000607334 0.999986470 -0.005164547 -0.042233627 0.008968869 0.005158894 0.999946475 2.893934965
1735269613.91555809974670410156 0.999956191 -0.000321946 -0.009354481 -0.057309054 0.000273384 0.999986470 -0.005192206 -0.043506704 0.009356027 0.005189421 0.999942780 2.963703871
1735269614.01556015014648437500 0.999951363 -0.001149031 -0.009795720 -0.059206396 0.001104196 0.999988914 -0.004581171 -0.044366281 0.009800876 0.004570132 0.999941528 3.033070564
1735269614.11556196212768554688 0.999943197 -0.003012584 -0.010222245 -0.060066268 0.002965340 0.999984860 -0.004633693 -0.046074454 0.010236050 0.004603117 0.999936998 3.104009390
1735269614.21556401252746582031 0.999940991 -0.001984434 -0.010680949 -0.063305132 0.001937958 0.999988616 -0.004359960 -0.047308497 0.010689479 0.004339003 0.999933481 3.175501347
1735269614.31556606292724609375 0.999943972 -0.000784731 -0.010554191 -0.065593116 0.000721751 0.999981940 -0.005969737 -0.049692955 0.010558684 0.005961786 0.999926507 3.243664503
1735269614.41556811332702636719 0.999948502 0.002019794 -0.009944748 -0.068788983 -0.002089678 0.999973178 -0.007021848 -0.050839804 0.009930299 0.007042268 0.999925911 3.314217091
1735269614.51556992530822753906 0.999943793 0.001675571 -0.010469602 -0.070274301 -0.001744961 0.999976575 -0.006622141 -0.051996652 0.010458261 0.006640038 0.999923289 3.384503126
1735269614.61557197570800781250 0.999938190 0.002132279 -0.010911603 -0.072796658 -0.002217513 0.999967098 -0.007805244 -0.053741179 0.010894600 0.007828958 0.999909997 3.452843428
1735269614.71557402610778808594 0.999937415 0.002258575 -0.010958359 -0.074580662 -0.002364507 0.999950528 -0.009663424 -0.054644190 0.010935991 0.009688730 0.999893248 3.520890474
1735269614.81557607650756835938 0.999931753 0.003699141 -0.011081783 -0.078861415 -0.003830551 0.999922335 -0.011860531 -0.056104559 0.011037049 0.011902170 0.999868274 3.590298653
1735269614.91557812690734863281 0.999931574 0.002227521 -0.011482447 -0.080320805 -0.002349405 0.999940932 -0.010612356 -0.058135848 0.011458131 0.010638607 0.999877751 3.657709599
1735269615.01557993888854980469 0.999932289 0.004383035 -0.010779668 -0.083798006 -0.004501159 0.999929845 -0.010958282 -0.060096681 0.010730880 0.011006062 0.999881864 3.727066040
1735269615.11558198928833007812 0.999918044 0.005024648 -0.011773631 -0.086081266 -0.005135682 0.999942422 -0.009419567 -0.060038351 0.011725624 0.009479260 0.999886334 3.798885345
1735269615.21558403968811035156 0.999914527 0.004789843 -0.012167387 -0.088454992 -0.004905206 0.999943137 -0.009469240 -0.061021242 0.012121338 0.009528114 0.999881148 3.872378349
1735269615.31558609008789062500 0.999909282 0.005473631 -0.012309640 -0.090803698 -0.005599369 0.999932289 -0.010203518 -0.062108424 0.012252956 0.010271518 0.999872148 3.940982342
1735269615.41558814048767089844 0.999901235 0.005102943 -0.013097186 -0.093094446 -0.005232530 0.999937534 -0.009879130 -0.063728064 0.013045955 0.009946685 0.999865413 4.010534286
1735269615.51558995246887207031 0.999896467 0.004881514 -0.013535397 -0.094916336 -0.005000593 0.999948978 -0.008777687 -0.065141834 0.013491858 0.008844464 0.999869883 4.080293655
1735269615.61559200286865234375 0.999894381 0.004189926 -0.013915497 -0.097545087 -0.004319839 0.999947250 -0.009318975 -0.066164747 0.013875717 0.009378104 0.999859750 4.150446415
1735269615.71559405326843261719 0.999897420 0.004906201 -0.013458576 -0.099398784 -0.005038879 0.999938846 -0.009842136 -0.068453133 0.013409466 0.009908943 0.999861002 4.217641830
1735269615.81559610366821289062 0.999885321 0.005166890 -0.014237326 -0.101771981 -0.005281899 0.999953628 -0.008052257 -0.069277048 0.014195060 0.008126534 0.999866247 4.292975903
1735269615.91559791564941406250 0.999869943 0.006891372 -0.014582874 -0.105547279 -0.006986036 0.999954820 -0.006450501 -0.070827425 0.014537762 0.006551539 0.999872863 4.364541054
1735269616.01559996604919433594 0.999877691 0.006222106 -0.014349059 -0.106623180 -0.006309952 0.999961555 -0.006084935 -0.070871644 0.014310647 0.006174733 0.999878526 4.437578201
1735269616.11560201644897460938 0.999870300 0.007078274 -0.014465482 -0.109683655 -0.007176206 0.999951601 -0.006729431 -0.072632164 0.014417149 0.006832366 0.999872744 4.506659508
1735269616.21560406684875488281 0.999916434 0.007823742 -0.010291656 -0.108628377 -0.007903652 0.999938786 -0.007746879 -0.072532088 0.010230416 0.007827573 0.999917030 4.578741550
1735269616.31560611724853515625 0.999947429 0.007688822 -0.006786642 -0.108252436 -0.007713766 0.999963582 -0.003657034 -0.073077165 0.006758277 0.003709193 0.999970257 4.650411606
1735269616.41560792922973632812 0.999958694 0.009090359 -0.000032426 -0.107813694 -0.009090416 0.999950051 -0.004160663 -0.074753456 -0.000005397 0.004160786 0.999991357 4.724906921
1735269616.51560997962951660156 0.999945581 0.009762311 0.003682768 -0.106003046 -0.009751075 0.999947786 -0.003056727 -0.074621983 -0.003712416 0.003020649 0.999988556 4.797164917
1735269616.61561203002929687500 0.999916077 0.008804489 0.009504527 -0.103127569 -0.008767999 0.999954045 -0.003874136 -0.076407336 -0.009538200 0.003790475 0.999947309 4.868452549
1735269616.71561408042907714844 0.999838889 0.008681823 0.015711701 -0.099158451 -0.008634341 0.999957979 -0.003087397 -0.077083975 -0.015737845 0.002951239 0.999871790 4.940866947
1735269616.81561613082885742188 0.999764204 0.008156301 0.020124350 -0.097606830 -0.008101933 0.999963284 -0.002781670 -0.077135876 -0.020146299 0.002617968 0.999793589 5.016757965
1735269616.91561794281005859375 0.999615848 0.008205428 0.026472578 -0.092564926 -0.008131227 0.999962687 -0.002909359 -0.078752443 -0.026495462 0.002692987 0.999645293 5.088608742
1735269617.01561999320983886719 0.999462247 0.007510595 0.031918451 -0.088258617 -0.007378067 0.999963701 -0.004267815 -0.079660393 -0.031949345 0.004030024 0.999481380 5.158933163
1735269617.11562204360961914062 0.999239922 0.008030443 0.038145863 -0.083326221 -0.007840523 0.999956131 -0.005125798 -0.081401274 -0.038185351 0.004822819 0.999259055 5.228704929
1735269617.21562409400939941406 0.999039292 0.007522827 0.043172698 -0.078415662 -0.007307841 0.999960124 -0.005135347 -0.081654765 -0.043209609 0.004814914 0.999054432 5.305108070
1735269617.31562614440917968750 0.998855889 0.008243148 0.047106158 -0.073809169 -0.008019432 0.999955654 -0.004936192 -0.083549760 -0.047144759 0.004552780 0.998877704 5.372535706
1735269617.41562795639038085938 0.998833954 0.008691085 0.047488742 -0.073176309 -0.008522477 0.999956667 -0.003751793 -0.083742157 -0.047519289 0.003342696 0.998864710 5.421630859
1735269617.51563000679016113281 0.998831034 0.009058089 0.047481209 -0.072114468 -0.008801091 0.999945462 -0.005618909 -0.085382015 -0.047529519 0.005194454 0.998856306 5.437022686
1735269617.61563205718994140625 0.998821437 0.009475715 0.047601629 -0.074706674 -0.009235005 0.999943435 -0.005274150 -0.086322680 -0.047648914 0.004828333 0.998852491 5.454984188
1735269617.71563410758972167969 0.998803139 0.009629849 0.047954116 -0.074695386 -0.009340811 0.999936879 -0.006247850 -0.086797826 -0.048011251 0.005792441 0.998830020 5.450675488
1735269617.81563591957092285156 0.998810828 0.009452752 0.047829095 -0.074793257 -0.009154561 0.999937296 -0.006449726 -0.086210243 -0.047887065 0.006004201 0.998834729 5.448413372
1735269617.91563796997070312500 0.998800695 0.009554991 0.048019368 -0.074882932 -0.009259719 0.999936879 -0.006367710 -0.086867101 -0.048077177 0.005915428 0.998826087 5.447264671
1735269618.01564002037048339844 0.998798072 0.009523550 0.048079759 -0.074552454 -0.009229661 0.999937356 -0.006330852 -0.086495943 -0.048137043 0.005879484 0.998823464 5.450386524
1735269618.11564207077026367188 0.998799443 0.009550848 0.048046578 -0.074471556 -0.009257442 0.999937117 -0.006325512 -0.086412854 -0.048103970 0.005873129 0.998825073 5.451087952
1735269618.21564412117004394531 0.998801827 0.009559323 0.047994632 -0.074532583 -0.009264678 0.999936879 -0.006357851 -0.086206928 -0.048052382 0.005905579 0.998827338 5.450700283
1735269618.31564593315124511719 0.998824179 0.009191568 0.047600076 -0.073926143 -0.008892038 0.999939322 -0.006500582 -0.085193589 -0.047656938 0.006069677 0.998845339 5.450784683
1735269618.41564798355102539062 0.998822272 0.009120963 0.047654297 -0.073960699 -0.008819968 0.999939859 -0.006522677 -0.085090749 -0.047710922 0.006094686 0.998842597 5.450394630
1735269618.51565003395080566406 0.998798966 0.009487980 0.048068199 -0.074287027 -0.009186017 0.999936700 -0.006498985 -0.085931957 -0.048126820 0.006049625 0.998822927 5.449861526
1735269618.61565208435058593750 0.998800457 0.009473418 0.048040770 -0.074289098 -0.009173166 0.999936998 -0.006466572 -0.085854910 -0.048099004 0.006018129 0.998824418 5.449827194
1735269618.71565413475036621094 0.998801589 0.009445862 0.048022389 -0.074371628 -0.009145204 0.999937236 -0.006476665 -0.085741714 -0.048080552 0.006029729 0.998825252 5.449649811
1735269618.81565594673156738281 0.998796523 0.009523381 0.048111904 -0.075019412 -0.009221698 0.999936402 -0.006488545 -0.085817009 -0.048170641 0.006037063 0.998820901 5.451529980
1735269618.91565799713134765625 0.998798251 0.009489721 0.048083745 -0.074979313 -0.009188432 0.999936759 -0.006483087 -0.085923836 -0.048142225 0.006033482 0.998822272 5.451389313
1735269619.01566004753112792969 0.998796999 0.009456077 0.048116371 -0.075119518 -0.009155734 0.999937236 -0.006458613 -0.085654818 -0.048174422 0.006010303 0.998820841 5.451163292
1735269619.11566209793090820312 0.998796821 0.009403824 0.048129287 -0.075191855 -0.009102141 0.999937534 -0.006483526 -0.085599117 -0.048187252 0.006037646 0.998820066 5.450937748
1735269619.21566414833068847656 0.998813391 0.008972250 0.047867175 -0.074307680 -0.008672195 0.999941468 -0.006472475 -0.084758803 -0.047922444 0.006049681 0.998832762 5.450069427
1735269619.31566596031188964844 0.998803496 0.009370938 0.047998067 -0.074712045 -0.009070498 0.999937892 -0.006473398 -0.085436068 -0.048055749 0.006030286 0.998826444 5.452222824
1735269619.41566801071166992188 0.998805106 0.009344857 0.047968883 -0.074583247 -0.009044375 0.999938130 -0.006477329 -0.085530341 -0.048026446 0.006035741 0.998827815 5.452355862
1735269619.51567006111145019531 0.998803914 0.009334500 0.047996257 -0.074738398 -0.009034505 0.999938309 -0.006463522 -0.085418724 -0.048053630 0.006022169 0.998826623 5.452036858
1735269619.61567211151123046875 0.998805046 0.009355832 0.047968272 -0.074653052 -0.009056249 0.999938130 -0.006458993 -0.085350759 -0.048025735 0.006016862 0.998827994 5.451861382
1735269619.71567392349243164062 0.998805940 0.009381565 0.047944527 -0.074582741 -0.009081268 0.999937773 -0.006477431 -0.085184351 -0.048002314 0.006034300 0.998829007 5.451757431
1735269619.81567597389221191406 0.998802066 0.009299365 0.048041690 -0.074743330 -0.008996863 0.999938369 -0.006509075 -0.085378617 -0.048099261 0.006069053 0.998824120 5.451805115
1735269619.91567802429199218750 0.998802125 0.009361058 0.048028100 -0.074716002 -0.009057779 0.999937654 -0.006528377 -0.085267298 -0.048086219 0.006085529 0.998824656 5.451963902
1735269620.01568007469177246094 0.998802304 0.009360565 0.048024576 -0.074634686 -0.009057866 0.999937713 -0.006516739 -0.085398853 -0.048082586 0.006073934 0.998824894 5.451591969
1735269620.11568212509155273438 0.998801768 0.009352578 0.048037667 -0.074404255 -0.009049037 0.999937713 -0.006532408 -0.085480794 -0.048095770 0.006089886 0.998824179 5.451616764
1735269620.21568393707275390625 0.998801291 0.009319176 0.048053563 -0.074427977 -0.009015542 0.999938011 -0.006531555 -0.085492827 -0.048111454 0.006090497 0.998823404 5.451673508
1735269620.31568598747253417969 0.998799086 0.009494967 0.048064981 -0.075368911 -0.009177342 0.999934614 -0.006824614 -0.084464192 -0.048126634 0.006375309 0.998820901 5.452586174
1735269620.41568803787231445312 0.998799384 0.009500219 0.048057068 -0.075369097 -0.009182298 0.999934494 -0.006831973 -0.084476210 -0.048118826 0.006382497 0.998821199 5.452786922
1735269620.51569008827209472656 0.998798192 0.009580787 0.048066974 -0.075258508 -0.009263750 0.999933898 -0.006814176 -0.084412999 -0.048129078 0.006360706 0.998820901 5.452279568
1735269620.61569213867187500000 0.998800278 0.009577979 0.048023582 -0.075237520 -0.009260344 0.999933779 -0.006832282 -0.084484376 -0.048085839 0.006379370 0.998822808 5.452299595
1735269620.71569395065307617188 0.998793900 0.009724200 0.048126157 -0.075263798 -0.009385053 0.999929547 -0.007267997 -0.084552005 -0.048193440 0.006807565 0.998814821 5.452515602
1735269620.81569600105285644531 0.998779476 0.009879370 0.048393715 -0.075487971 -0.009430813 0.999910533 -0.009488495 -0.087717853 -0.048483122 0.009020521 0.998783290 5.457598209
1735269620.91569805145263671875 0.998791039 0.009674156 0.048195604 -0.074689329 -0.009370244 0.999934793 -0.006527743 -0.088050112 -0.048255611 0.006068247 0.998816609 5.488640308
1735269621.01570010185241699219 0.998797297 0.009973575 0.048005465 -0.072254553 -0.009635842 0.999927223 -0.007261592 -0.085749783 -0.048074398 0.006790285 0.998820662 5.521035671
1735269621.11570191383361816406 0.998792410 0.010248492 0.048048843 -0.071874008 -0.009864752 0.999917567 -0.008216815 -0.086320132 -0.048129089 0.007732903 0.998811185 5.538476467
1735269621.21570396423339843750 0.998760521 0.010209239 0.048715755 -0.071311317 -0.009713097 0.999898612 -0.010410329 -0.087300219 -0.048817098 0.009924245 0.998758435 5.552624226
1735269621.31570601463317871094 0.998802602 0.009356734 0.048018310 -0.069663592 -0.008882562 0.999909759 -0.010078740 -0.087922201 -0.048108283 0.009640147 0.998795629 5.591865063
1735269621.41570806503295898438 0.998819351 0.008253768 0.047872726 -0.068309985 -0.007916859 0.999942601 -0.007222924 -0.090127870 -0.047929596 0.006835395 0.998827338 5.637342930
1735269621.51571011543273925781 0.998781264 0.008642476 0.048592795 -0.065908082 -0.008331239 0.999943495 -0.006603905 -0.090199448 -0.048647124 0.006191019 0.998796821 5.680459976
1735269621.61571192741394042969 0.998744786 0.009241211 0.049228013 -0.065706082 -0.008836557 0.999925435 -0.008431298 -0.093497500 -0.049302254 0.007985709 0.998751998 5.707246304
1735269621.71571397781372070312 0.998762310 0.009302516 0.048860423 -0.064403631 -0.008764564 0.999898732 -0.011212690 -0.091795817 -0.048959780 0.010770571 0.998742700 5.753692627
1735269621.81571602821350097656 0.998768926 0.009748666 0.048637629 -0.063282833 -0.009345503 0.999920130 -0.008509664 -0.092690334 -0.048716702 0.008044644 0.998780251 5.798316479
1735269621.91571807861328125000 0.998748899 0.009577088 0.049080312 -0.061088242 -0.009147209 0.999917865 -0.008975833 -0.092941046 -0.049162243 0.008515655 0.998754501 5.845970154
1735269622.01572012901306152344 0.998744428 0.010351966 0.049013995 -0.059633121 -0.009923334 0.999910414 -0.008980373 -0.094373994 -0.049102571 0.008482715 0.998757720 5.896097660
1735269622.11572194099426269531 0.998784482 0.009619688 0.048342742 -0.057725601 -0.009308326 0.999934494 -0.006661722 -0.093642548 -0.048403658 0.006203635 0.998808563 5.965200424
1735269622.21572399139404296875 0.998783231 0.009908097 0.048310421 -0.056311220 -0.009616486 0.999934137 -0.006264880 -0.095006727 -0.048369315 0.005792680 0.998812735 6.018319607
1735269622.31572604179382324219 0.998724818 0.010648664 0.049348872 -0.054148432 -0.010359812 0.999927700 -0.006105365 -0.095238708 -0.049410321 0.005586335 0.998762965 6.071296692
1735269622.41572809219360351562 0.998763382 0.010154156 0.048668321 -0.052391034 -0.009804009 0.999924362 -0.007427886 -0.096898623 -0.048740067 0.006941556 0.998787403 6.120885849
1735269622.51573014259338378906 0.998779953 0.010391710 0.048276313 -0.050883722 -0.010115612 0.999931097 -0.005959927 -0.096794076 -0.048334919 0.005464312 0.998816252 6.180757523
1735269622.61573195457458496094 0.998768270 0.010411873 0.048512880 -0.048652194 -0.010085845 0.999924898 -0.006960378 -0.098116092 -0.048581704 0.006462512 0.998798311 6.236690998
1735269622.71573400497436523438 0.998784542 0.010292131 0.048202727 -0.047008943 -0.009970672 0.999926448 -0.006904577 -0.099343121 -0.048270244 0.006415571 0.998813689 6.291531086
1735269622.81573605537414550781 0.998782098 0.010279017 0.048255902 -0.044921786 -0.009969323 0.999928176 -0.006654037 -0.100819722 -0.048320834 0.006164854 0.998812854 6.349226952
1735269622.91573810577392578125 0.998831034 0.009464160 0.047402140 -0.043412734 -0.009215753 0.999942660 -0.005456234 -0.100387558 -0.047451060 0.005013010 0.998860955 6.411075592
1735269623.01573991775512695312 0.998815894 0.008870892 0.047833644 -0.039762013 -0.008647949 0.999950767 -0.004865745 -0.101478323 -0.047874454 0.004446320 0.998843491 6.469089508
1735269623.11574196815490722656 0.998780191 0.011149093 0.048102118 -0.040022634 -0.010864552 0.999921918 -0.006172740 -0.101502478 -0.048167180 0.005642603 0.998823345 6.527126789
1735269623.21574401855468750000 0.998838723 0.009953828 0.047139172 -0.037402410 -0.009615082 0.999926329 -0.007407382 -0.102643684 -0.047209434 0.006945533 0.998860836 6.586917400
1735269623.31574606895446777344 0.998878598 0.009016915 0.046478193 -0.035282694 -0.008729219 0.999941468 -0.006389182 -0.103680484 -0.046533085 0.005976298 0.998898864 6.649667740
1735269623.41574811935424804688 0.998879790 0.009057360 0.046444718 -0.033236269 -0.008816886 0.999946654 -0.005379890 -0.105449647 -0.046490967 0.004964366 0.998906374 6.715282440
1735269623.51574993133544921875 0.998915493 0.007862864 0.045891069 -0.030884406 -0.007684501 0.999962211 -0.004061785 -0.105562434 -0.045921274 0.003704730 0.998938203 6.780714035
1735269623.61575198173522949219 0.998925567 0.009527870 0.045352977 -0.030613039 -0.009332260 0.999946237 -0.004522859 -0.106050201 -0.045393631 0.004094753 0.998960793 6.841550827
1735269623.71575403213500976562 0.998943627 0.009476873 0.044964161 -0.028643698 -0.009305856 0.999948680 -0.004011194 -0.106654502 -0.044999868 0.003588527 0.998980522 6.902251244
1735269623.81575608253479003906 0.998987019 0.009178691 0.044052720 -0.026818873 -0.009051009 0.999954224 -0.003096970 -0.107273303 -0.044079129 0.002695112 0.999024391 6.963028431
1735269623.91575813293457031250 0.999031723 0.007894989 0.043281846 -0.024450742 -0.007787139 0.999966145 -0.002659855 -0.108642116 -0.043301381 0.002320238 0.999059379 7.025995731
1735269624.01575994491577148438 0.999085367 0.006915509 0.042197458 -0.022650698 -0.006784316 0.999971688 -0.003251434 -0.110174090 -0.042218748 0.002962179 0.999104023 7.087263584
1735269624.11576199531555175781 0.999132454 0.004510977 0.041400369 -0.021863468 -0.004370816 0.999984384 -0.003475417 -0.112159438 -0.041415401 0.003291449 0.999136567 7.154170036
1735269624.21576404571533203125 0.999146879 0.005497654 0.040929619 -0.021143097 -0.005321786 0.999976158 -0.004404543 -0.112924591 -0.040952858 0.004182966 0.999152303 7.216785908
1735269624.31576609611511230469 0.999167621 0.005696085 0.040392715 -0.020251436 -0.005488667 0.999971211 -0.005244085 -0.115168445 -0.040421423 0.005018018 0.999170125 7.279846668
1735269624.41576814651489257812 0.999181390 0.005614924 0.040063381 -0.018124556 -0.005414593 0.999972284 -0.005107127 -0.116127193 -0.040090948 0.004886019 0.999184072 7.345092297
1735269624.51576995849609375000 0.999222457 0.004480468 0.039170917 -0.015887944 -0.004258496 0.999974430 -0.005748346 -0.116658844 -0.039195668 0.005577068 0.999216020 7.424688816
1735269624.61577200889587402344 0.999237239 0.005471459 0.038664944 -0.013838906 -0.005289385 0.999974430 -0.004809752 -0.116613775 -0.038690273 0.004601569 0.999240637 7.504580498
1735269624.71577405929565429688 0.999254882 0.005453405 0.038208440 -0.012548732 -0.005258453 0.999972641 -0.005200990 -0.117142342 -0.038235757 0.004996198 0.999256253 7.582923889
1735269624.81577610969543457031 0.999269187 0.005996381 0.037750639 -0.011616914 -0.005852436 0.999975204 -0.003922413 -0.117546044 -0.037773222 0.003698613 0.999279499 7.656136036
1735269624.91577792167663574219 0.999272108 0.006100184 0.037657395 -0.009647859 -0.005969266 0.999975741 -0.003588019 -0.119093478 -0.037678372 0.003360621 0.999284267 7.731646061
1735269625.01577997207641601562 0.999290645 0.006306653 0.037127856 -0.008967182 -0.006185062 0.999975145 -0.003388888 -0.120304622 -0.037148304 0.003156846 0.999304771 7.806398392
1735269625.11578202247619628906 0.999316931 0.007532283 0.036179267 -0.007825125 -0.007433551 0.999968290 -0.002862710 -0.120871566 -0.036199681 0.002591814 0.999341190 7.886541843
1735269625.21578407287597656250 0.999326646 0.007008428 0.036015220 -0.005773808 -0.006981136 0.999975264 -0.000883484 -0.121247478 -0.036020521 0.000631462 0.999350846 7.963696480
1735269625.31578612327575683594 0.999358892 0.006364914 0.035231840 -0.003767950 -0.006325277 0.999979258 -0.001236374 -0.123267427 -0.035238978 0.001012730 0.999378383 8.043167114
1735269625.41578793525695800781 0.999408543 0.004469878 0.034097161 -0.001306429 -0.004435823 0.999989569 -0.001074353 -0.123949215 -0.034101609 0.000922468 0.999417961 8.125219345
1735269625.51578998565673828125 0.999402523 0.006401509 0.033964105 -0.000670968 -0.006336294 0.999977887 -0.002027382 -0.125391841 -0.033976331 0.001810964 0.999421000 8.209371567
1735269625.61579203605651855469 0.999423683 0.006149969 0.033384312 0.001631174 -0.006089465 0.999979615 -0.001913722 -0.127250582 -0.033395402 0.001709326 0.999440730 8.288671494
1735269625.71579408645629882812 0.999426663 0.006347845 0.033257470 0.003210133 -0.006218747 0.999972701 -0.003983791 -0.128545076 -0.033281852 0.003774687 0.999438882 8.368740082
1735269625.81579613685607910156 0.999452114 0.006421223 0.032469824 0.005039643 -0.006354872 0.999977529 -0.002146278 -0.129374027 -0.032482877 0.001938760 0.999470413 8.455748558
1735269625.91579794883728027344 0.999421895 0.009261540 0.032712888 0.002850678 -0.009091013 0.999944329 -0.005357731 -0.130316600 -0.032760687 0.005057240 0.999450445 8.542074203
1735269626.01579999923706054688 0.999468088 0.008044966 0.031603679 0.005796254 -0.007925559 0.999960959 -0.003901717 -0.131081387 -0.031633835 0.003649165 0.999492884 8.620491028
1735269626.11580204963684082031 0.999458194 0.009734815 0.031440340 0.004987662 -0.009609312 0.999945283 -0.004140411 -0.132663548 -0.031478923 0.003836048 0.999497056 8.696239471
1735269626.21580410003662109375 0.999475181 0.007960840 0.031401288 0.007913488 -0.007832498 0.999960482 -0.004208045 -0.132818133 -0.031433545 0.003959886 0.999498010 8.772744179
1735269626.31580615043640136719 0.999526978 0.007854238 0.029734014 0.009824453 -0.007760319 0.999964535 -0.003272717 -0.134434596 -0.029758664 0.003040423 0.999552488 8.853750229
1735269626.41580796241760253906 0.999545157 0.007195305 0.029287025 0.009813771 -0.007154613 0.999973297 -0.001493965 -0.135523483 -0.029296992 0.001283748 0.999569952 8.938831329
1735269626.51581001281738281250 0.999566495 0.006944573 0.028610332 0.012063014 -0.006900794 0.999974847 -0.001628646 -0.136612579 -0.028620925 0.001430506 0.999589324 9.015558243
1735269626.61581206321716308594 0.999591649 0.006714872 0.027775679 0.011861354 -0.006657142 0.999975502 -0.002170378 -0.137150481 -0.027789572 0.001984585 0.999611855 9.094529152
1735269626.71581411361694335938 0.999613941 0.005195632 0.027294308 0.014121069 -0.005166319 0.999985993 -0.001144347 -0.139151797 -0.027299872 0.001002894 0.999626815 9.175060272
1735269626.81581592559814453125 0.999625921 0.005993921 0.026685961 0.013778616 -0.005983573 0.999981999 -0.000467599 -0.139361635 -0.026688281 0.000307747 0.999643743 9.256785393
1735269626.91581797599792480469 0.999640644 0.005996039 0.026126442 0.014706092 -0.005960491 0.999981225 -0.001438266 -0.140596956 -0.026134575 0.001282023 0.999657631 9.335623741
1735269627.01581907272338867188 0.999656141 0.005824579 0.025567027 0.015083413 -0.005794740 0.999982417 -0.001241032 -0.141198575 -0.025573807 0.001092451 0.999672353 9.416698456
1735269627.11582207679748535156 0.999669909 0.007136585 0.024681443 0.014916887 -0.007052135 0.999969006 -0.003506938 -0.142141014 -0.024705704 0.003331723 0.999689221 9.497313499
1735269627.21582412719726562500 0.999689758 0.005638689 0.024261959 0.016557852 -0.005584260 0.999981761 -0.002310560 -0.143658161 -0.024274545 0.002174358 0.999702990 9.577062607
1735269627.31582593917846679688 0.999688089 0.006513281 0.024111396 0.014717453 -0.006479356 0.999977887 -0.001484865 -0.143267646 -0.024120536 0.001328176 0.999708176 9.661290169
1735269627.41582798957824707031 0.999712110 0.005123083 0.023439350 0.017118700 -0.005088294 0.999985874 -0.001543621 -0.144985601 -0.023446927 0.001423910 0.999724090 9.750015259
1735269627.51583003997802734375 0.999731004 0.005674950 0.022488777 0.015628388 -0.005642568 0.999982953 -0.001503103 -0.146206170 -0.022496924 0.001375804 0.999745965 9.837995529
1735269627.61583209037780761719 0.999752164 0.004395829 0.021825280 0.016513189 -0.004358359 0.999988973 -0.001764070 -0.147897154 -0.021832794 0.001668510 0.999760270 9.924038887
1735269627.71583414077758789062 0.999757051 0.005385531 0.021373466 0.017013332 -0.005328136 0.999982059 -0.002741393 -0.149208397 -0.021387847 0.002626846 0.999767780 10.008927345
1735269627.81583595275878906250 0.999775350 0.005177847 0.020552566 0.017799053 -0.005124324 0.999983370 -0.002656046 -0.150205731 -0.020565977 0.002550131 0.999785244 10.096247673
1735269627.91583800315856933594 0.999773860 0.006312872 0.020305850 0.016729513 -0.006261264 0.999976993 -0.002604122 -0.151834443 -0.020321822 0.002476393 0.999790430 10.184888840
1735269628.01583909988403320312 0.999793708 0.005849315 0.019451912 0.017520219 -0.005785205 0.999977648 -0.003350427 -0.153812766 -0.019471075 0.003237202 0.999805152 10.270915985
1735269628.11584210395812988281 0.999698460 0.005197106 0.023999345 0.020659927 -0.005112006 0.999980450 -0.003605916 -0.155394003 -0.024017615 0.003482144 0.999705493 10.360859871
1735269628.21584391593933105469 0.999451280 0.004658590 0.032794502 0.027750256 -0.004497519 0.999977469 -0.004983575 -0.156985492 -0.032816980 0.004833346 0.999449670 10.448831558
1735269628.31584596633911132812 0.999140978 0.006468420 0.040932700 0.032429658 -0.006203788 0.999959052 -0.006588794 -0.158203438 -0.040973641 0.006329196 0.999140203 10.537208557
1735269628.41584801673889160156 0.998891056 0.005110641 0.046803080 0.038292754 -0.004853411 0.999972522 -0.005607994 -0.159983769 -0.046830453 0.005374620 0.998888373 10.625988960
1735269628.51585006713867187500 0.998600364 0.004903637 0.052661549 0.045900118 -0.004702502 0.999981165 -0.003942613 -0.161588237 -0.052679889 0.003689453 0.998604655 10.720108986
1735269628.61585211753845214844 0.998427927 0.005692557 0.055760320 0.050287768 -0.005518643 0.999979436 -0.003272441 -0.161797956 -0.055777799 0.002959576 0.998438835 10.811690331
1735269628.71585392951965332031 0.998201609 0.006044057 0.059641011 0.056862567 -0.005945038 0.999980628 -0.001837566 -0.162755713 -0.059650961 0.001479693 0.998218179 10.902081490
1735269628.81585597991943359375 0.998141587 0.005237284 0.060711894 0.061765332 -0.005090306 0.999983728 -0.002575313 -0.163959220 -0.060724396 0.002261485 0.998152018 10.989798546
1735269628.91585803031921386719 0.998108149 0.003746600 0.061368231 0.067505881 -0.003588691 0.999989986 -0.002683169 -0.165590346 -0.061377667 0.002457862 0.998111606 11.080308914
1735269629.01585912704467773438 0.998071969 0.002882734 0.062000114 0.072419710 -0.002748774 0.999993682 -0.002245829 -0.166611984 -0.062006198 0.002071075 0.998073637 11.169945717
1735269629.11586213111877441406 0.998012543 0.004258460 0.062871382 0.076125018 -0.004114301 0.999988616 -0.002422207 -0.168320343 -0.062880978 0.002158721 0.998018682 11.263114929
1735269629.21586394309997558594 0.998040557 0.003877650 0.062450327 0.081146434 -0.003692771 0.999988437 -0.003075557 -0.169010594 -0.062461533 0.002838916 0.998043358 11.354856491
1735269629.31586599349975585938 0.998019218 0.004607631 0.062740453 0.084864646 -0.004353215 0.999981761 -0.004191137 -0.170158699 -0.062758617 0.003909713 0.998021066 11.442633629
1735269629.41586804389953613281 0.998084128 0.004101270 0.061734904 0.089878164 -0.003824074 0.999982059 -0.004607594 -0.171581060 -0.061752696 0.004362687 0.998081923 11.536764145
1735269629.51587009429931640625 0.998007119 0.003774384 0.062988825 0.093577720 -0.003441964 0.999979556 -0.005385121 -0.173100069 -0.063007861 0.005157584 0.997999728 11.639120102
1735269629.61587214469909667969 0.997991502 0.004362663 0.063197255 0.099560916 -0.004081610 0.999981225 -0.004575660 -0.174069405 -0.063216023 0.004308524 0.997990549 11.735909462
1735269629.71587395668029785156 0.998033345 0.005242796 0.062466055 0.102476306 -0.004857984 0.999968290 -0.006310624 -0.176602915 -0.062497158 0.005994754 0.998027146 11.830539703
1735269629.81587600708007812500 0.998044908 0.003287549 0.062414676 0.108894669 -0.002924624 0.999978304 -0.005905209 -0.177947596 -0.062432736 0.005711124 0.998032808 11.921086311
1735269629.91587805747985839844 0.998026073 0.003813451 0.062684849 0.111329578 -0.003347241 0.999965966 -0.007540695 -0.179892078 -0.062711477 0.007315989 0.998004913 12.011124611
1735269630.01587891578674316406 0.998044431 0.003557953 0.062407207 0.117105618 -0.003104881 0.999968112 -0.007355399 -0.180634469 -0.062431388 0.007147248 0.998023689 12.103826523
1735269630.11588191986083984375 0.998057008 0.005325675 0.062078942 0.118336782 -0.004872342 0.999960363 -0.007451620 -0.182586819 -0.062116165 0.007134672 0.998043418 12.198225021
1735269630.21588397026062011719 0.998124838 0.003506273 0.061110556 0.124161527 -0.003000444 0.999960482 -0.008367077 -0.184026361 -0.061137479 0.008168029 0.998095930 12.288476944
1735269630.31588602066040039062 0.998156905 0.002078094 0.060650196 0.127938986 -0.001596233 0.999966800 -0.007992295 -0.186541691 -0.060664792 0.007880752 0.998127103 12.381793022
1735269630.41588807106018066406 0.998138726 0.004709908 0.060801949 0.131577626 -0.004151050 0.999948025 -0.009314477 -0.187449321 -0.060842656 0.009044749 0.998106360 12.472887039
