1736667357.69973397254943847656 1.000000000 0.000000000 0.000000000 0.000000000 0.000000000 1.000000000 0.000000000 0.000000000 0.000000000 0.000000000 1.000000000 0.000000000
1736667357.79973602294921875000 0.999994755 0.003178877 -0.000588244 -0.001825083 -0.003180306 0.999991953 -0.002444910 -0.002646972 0.000580467 0.002446768 0.999996841 0.122331217
1736667357.89973807334899902344 0.999980092 0.006035291 -0.001844959 -0.005998902 -0.006037787 0.999980867 -0.001350566 -0.005136629 0.001836772 0.001361678 0.999997377 0.270309478
1736667357.99973893165588378906 0.999973238 0.005723894 -0.004558123 -0.014621929 -0.005750043 0.999966979 -0.005744517 -0.007973326 0.004525091 0.005770573 0.999973118 0.423105061
1736667358.09974193572998046875 0.999957323 0.006678890 -0.006384024 -0.021754999 -0.006728902 0.999946594 -0.007844976 -0.009759733 0.006331288 0.007887598 0.999948859 0.576089680
1736667358.19974398612976074219 0.999945045 0.006609663 -0.008134747 -0.024338884 -0.006679724 0.999940574 -0.008615813 -0.010491973 0.008077316 0.008669677 0.999929786 0.731180072
1736667358.29974603652954101562 0.999924481 0.006086327 -0.010678887 -0.028131245 -0.006119255 0.999976635 -0.003053553 -0.011123320 0.010660053 0.003118669 0.999938309 0.889145374
1736667358.39974808692932128906 0.999915957 0.002495347 -0.012723357 -0.031437792 -0.002530143 0.999993086 -0.002719418 -0.015427462 0.012716483 0.002751381 0.999915361 1.046499729
1736667358.49974989891052246094 0.999865711 0.003114775 -0.016089004 -0.038565610 -0.003141603 0.999993742 -0.001642480 -0.016625898 0.016083786 0.001692805 0.999869227 1.200129151
1736667358.59975194931030273438 0.999802649 -0.000313049 -0.019864531 -0.040643014 0.000270944 0.999997735 -0.002122251 -0.020318938 0.019865150 0.002116450 0.999800444 1.349939942
1736667358.69975399971008300781 0.999756038 -0.001992048 -0.021997765 -0.046804845 0.001886550 0.999986649 -0.004815517 -0.023062501 0.022007063 0.004772842 0.999746442 1.505694151
1736667358.79975605010986328125 0.999710202 -0.000218761 -0.024072191 -0.056281041 0.000106253 0.999989092 -0.004674975 -0.022615789 0.024072951 0.004671062 0.999699295 1.660789967
1736667358.89975810050964355469 0.999660432 -0.003751649 -0.025786076 -0.061730865 0.003669284 0.999988019 -0.003240764 -0.025133539 0.025797924 0.003145047 0.999662220 1.815422177
1736667358.99975895881652832031 0.999622405 0.003625715 -0.027237313 -0.074361905 -0.003794015 0.999974012 -0.006129870 -0.027141264 0.027214380 0.006230894 0.999610186 1.968547940
1736667359.09976196289062500000 0.999564767 0.001867930 -0.029441321 -0.079823345 -0.002068877 0.999974787 -0.006796355 -0.029344372 0.029427882 0.006854308 0.999543428 2.122407198
1736667359.19976401329040527344 0.999469757 -0.001710748 -0.032515220 -0.088630773 0.001364964 0.999942303 -0.010653749 -0.034274347 0.032531571 0.010603718 0.999414444 2.276540756
1736667359.29976606369018554688 0.999376833 -0.001853042 -0.035249546 -0.096768901 0.001471004 0.999939919 -0.010860944 -0.036832128 0.035267554 0.010802323 0.999319494 2.428042650
1736667359.39976811408996582031 0.999343693 0.000318274 -0.036221877 -0.107042208 -0.000613292 0.999966741 -0.008133938 -0.036491282 0.036218081 0.008150814 0.999310672 2.582739353
1736667359.49976992607116699219 0.999272466 -0.003568595 -0.037970483 -0.113787487 0.003407332 0.999984920 -0.004310918 -0.039014906 0.037985291 0.004178403 0.999269545 2.747617006
1736667359.59977197647094726562 0.999284327 0.005450394 -0.037431646 -0.127782062 -0.005631313 0.999972939 -0.004729594 -0.040131643 0.037404854 0.004936999 0.999288023 2.898083210
1736667359.69977402687072753906 0.999250770 0.000847399 -0.038692974 -0.134895802 -0.001111442 0.999976218 -0.006803043 -0.044172525 0.038686290 0.006840951 0.999228001 3.053736687
1736667359.79977607727050781250 0.999148369 0.005939005 -0.040832579 -0.145551994 -0.006169203 0.999965787 -0.005513899 -0.045391578 0.040798433 0.005761108 0.999150813 3.209424496
1736667359.89977788925170898438 0.999082148 -0.002026100 -0.042786863 -0.152196273 0.002236162 0.999985695 0.004862213 -0.041796461 0.042776398 -0.004953429 0.999072373 3.368109226
1736667359.99977898597717285156 0.998937428 -0.005755673 -0.045726705 -0.165961161 0.005575065 0.999976158 -0.004076270 -0.050584409 0.045749076 0.003817010 0.998945653 3.523135900
1736667360.09978199005126953125 0.998725057 0.012356567 -0.048944667 -0.178026587 -0.011955505 0.999892592 0.008478506 -0.044647995 0.049044173 -0.007882537 0.998765528 3.679814339
1736667360.19978404045104980469 0.998749733 -0.009669253 -0.049045123 -0.185654789 0.010303737 0.999866247 0.012700443 -0.043261439 0.048915759 -0.013189913 0.998715818 3.838073015
1736667360.29978609085083007812 0.998489201 -0.006483738 -0.054564517 -0.199221119 0.006937311 0.999942899 0.008127306 -0.047984533 0.054508705 -0.008493559 0.998477161 3.988693476
1736667360.39978790283203125000 0.998207927 -0.022387674 -0.055494808 -0.210921422 0.022690333 0.999730885 0.004829653 -0.050075375 0.055371746 -0.006080193 0.998447299 4.138890266
1736667360.49978995323181152344 0.998646200 -0.005065573 -0.051769432 -0.224797234 0.004548600 0.999938667 -0.010099018 -0.050912552 0.051817413 0.009849867 0.998607993 4.278629303
1736667360.59979200363159179688 0.998305738 0.016417209 -0.055822708 -0.240398645 -0.017267885 0.999741495 -0.014790816 -0.054270934 0.055565454 0.015729696 0.998331130 4.412894249
1736667360.69979405403137207031 0.998347938 0.006836285 -0.057049312 -0.253122896 -0.008159296 0.999702394 -0.022990042 -0.058750317 0.056875166 0.023417544 0.998106599 4.556873798
1736667360.79979610443115234375 0.997950673 0.019498708 -0.060944710 -0.269692600 -0.021106523 0.999442995 -0.025850039 -0.058825176 0.060406718 0.027083393 0.997806370 4.684561729
1736667360.89979791641235351562 0.997412205 -0.009801678 -0.071223527 -0.261797845 0.007536646 0.999459386 -0.032001197 -0.072744757 0.071498685 0.031381600 0.996946931 4.791617393
1736667360.99979901313781738281 0.997801960 -0.005826366 -0.066009715 -0.281959563 0.003559206 0.999401391 -0.034411542 -0.073067591 0.066170700 0.034100965 0.997225404 4.887423992
1736667361.09980201721191406250 0.997593999 -0.003470933 -0.069239601 -0.292232752 0.001167720 0.999445498 -0.033277165 -0.078699157 0.069316715 0.033116251 0.997044861 4.995898247
1736667361.19980406761169433594 0.997104228 -0.007505001 -0.075675890 -0.303446889 0.003066178 0.998276711 -0.058602136 -0.095322780 0.075985290 0.058200404 0.995408952 5.113946438
1736667361.29980611801147460938 0.997035801 0.000781715 -0.076934889 -0.318259925 -0.005470853 0.998137534 -0.060757581 -0.105541825 0.076744109 0.060998384 0.995183170 5.243647575
1736667361.39980792999267578125 0.996689141 -0.012720173 -0.080305263 -0.319966376 0.007623859 0.997955739 -0.063452296 -0.109814256 0.080948219 0.062629975 0.994748652 5.368399143
1736667361.49980998039245605469 0.996834755 -0.015820753 -0.077911563 -0.332300067 0.010430157 0.997554123 -0.069115728 -0.117715955 0.078814462 0.068084329 0.994561613 5.475709915
1736667361.59981203079223632812 0.996941626 -0.013743833 -0.076931752 -0.341545045 0.008171090 0.997350276 -0.072288953 -0.121601127 0.077721424 0.071439251 0.994412303 5.602595806
1736667361.69981408119201660156 0.997094095 -0.000968534 -0.076173842 -0.363125712 -0.002019628 0.999231637 -0.039141390 -0.130658120 0.076153226 0.039181489 0.996325970 5.767242432
1736667361.79981589317321777344 0.996768594 -0.002425177 -0.080290399 -0.381654590 0.000186974 0.999611497 -0.027872141 -0.134296626 0.080326796 0.027767062 0.996381760 5.923182487
1736667361.89981794357299804688 0.996348202 -0.004513630 -0.085263766 -0.396670401 0.002960230 0.999827504 -0.018336408 -0.135274217 0.085331820 0.018017046 0.996189654 6.073445797
1736667361.99981904029846191406 0.995766878 -0.011757553 -0.091159530 -0.406486511 0.010928174 0.999894261 -0.009591928 -0.137093380 0.091262668 0.008555117 0.995790124 6.215986729
1736667362.09982204437255859375 0.995271146 -0.017320402 -0.095579095 -0.416222245 0.017327305 0.999849558 -0.000757817 -0.140085220 0.095577843 -0.000901894 0.995421529 6.347166538
1736667362.19982409477233886719 0.995402277 -0.012638059 -0.094945200 -0.434074759 0.012263132 0.999914527 -0.004531339 -0.142974854 0.094994351 0.003346180 0.995472193 6.470789909
1736667362.29982590675354003906 0.994823813 -0.021246230 -0.099368639 -0.447765589 0.020691026 0.999764025 -0.006614676 -0.144950941 0.099485733 0.004524398 0.995028675 6.606253624
1736667362.39982795715332031250 0.994949877 -0.016666368 -0.098979652 -0.467358500 0.015862303 0.999834538 -0.008904999 -0.144463167 0.099111691 0.007289983 0.995049596 6.746431351
1736667362.49983000755310058594 0.994768679 -0.016428443 -0.100823380 -0.483951151 0.015485573 0.999828815 -0.010127297 -0.146572664 0.100972496 0.008513010 0.994852781 6.883440495
1736667362.59983205795288085938 0.994506717 -0.018228147 -0.103073128 -0.499151289 0.017249919 0.999797404 -0.010374126 -0.148018688 0.103241347 0.008539135 0.994619668 7.034931660
1736667362.69983410835266113281 0.994625449 -0.014348643 -0.102539234 -0.516931951 0.014250504 0.999897003 -0.001689612 -0.152144745 0.102552921 0.000219295 0.994727552 7.181404114
1736667362.79983592033386230469 0.994441211 -0.015562924 -0.104136743 -0.539797604 0.015129191 0.999873281 -0.004953681 -0.152562231 0.104200639 0.003350640 0.994550645 7.331861019
1736667362.89983797073364257812 0.995266974 -0.006741402 -0.096944407 -0.554228187 0.006394758 0.999971986 -0.003885956 -0.156588539 0.096967891 0.003247628 0.995282233 7.489304066
1736667362.99983906745910644531 0.997653306 -0.010184589 -0.067706168 -0.553154349 0.010104978 0.999947786 -0.001518197 -0.158624753 0.067718096 0.000830465 0.997704148 7.655284405
1736667363.09984207153320312500 0.999637902 -0.006070085 -0.026214547 -0.542622864 0.006101324 0.999980748 0.001111832 -0.159748688 0.026207294 -0.001271373 0.999655724 7.813635349
1736667363.19984388351440429688 0.999922633 -0.007991077 0.009529673 -0.524782538 0.007976301 0.999966919 0.001587563 -0.157819152 -0.009542044 -0.001511429 0.999953330 7.975227356
1736667363.29984593391418457031 0.999657691 -0.007660226 0.025016487 -0.517546892 0.007555895 0.999962389 0.004262347 -0.158287495 -0.025048196 -0.004071866 0.999677956 8.131673813
1736667363.39984798431396484375 0.999711275 -0.006251530 0.023200471 -0.516241729 0.006213212 0.999979198 0.001723308 -0.158703536 -0.023210762 -0.001578661 0.999729335 8.280068398
1736667363.49985003471374511719 0.999733686 -0.007467951 0.021836631 -0.515465379 0.007442492 0.999971509 0.001246922 -0.158555791 -0.021845322 -0.001084071 0.999760747 8.435640335
1736667363.59985208511352539062 0.999735534 -0.014660431 0.017716995 -0.510961294 0.014643081 0.999892175 0.001108588 -0.162182078 -0.017731337 -0.000848864 0.999842405 8.592790604
1736667363.69985389709472656250 0.999732137 -0.016289296 0.016441956 -0.513692498 0.016261620 0.999866128 0.001815489 -0.162474230 -0.016469328 -0.001547630 0.999863148 8.749502182
1736667363.79985594749450683594 0.999820888 -0.011992368 0.014643068 -0.515499175 0.011986320 0.999928057 0.000500692 -0.167472422 -0.014648019 -0.000325086 0.999892652 8.903750420
1736667363.89985799789428710938 0.999747574 -0.018829402 0.012258784 -0.513435125 0.018852072 0.999820769 -0.001736319 -0.164108470 -0.012223893 0.001966984 0.999923348 9.064957619
1736667363.99985909461975097656 0.999782622 -0.018186850 0.010196334 -0.511039853 0.018190915 0.999834478 -0.000306082 -0.165347114 -0.010189079 0.000491496 0.999947965 9.217617035
1736667364.09986209869384765625 0.999759674 -0.019953642 0.009078714 -0.511949241 0.019976281 0.999797523 -0.002409787 -0.168010637 -0.009028792 0.002590567 0.999955893 9.377223015
1736667364.19986391067504882812 0.999747455 -0.021356782 0.006994172 -0.512132585 0.021340517 0.999769390 0.002392096 -0.166976452 -0.007043647 -0.002242233 0.999972701 9.535308838
1736667364.29986596107482910156 0.999816597 -0.017614730 0.007518677 -0.514734030 0.017619893 0.999844551 -0.000620995 -0.166834712 -0.007506569 0.000753359 0.999971569 9.688304901
1736667364.39986801147460937500 0.999855876 -0.016126720 0.005306904 -0.515171230 0.016125368 0.999869943 0.000297487 -0.170020357 -0.005311011 -0.000211868 0.999985874 9.845055580
1736667364.49987006187438964844 0.999852180 -0.016601423 0.004469500 -0.517161846 0.016599946 0.999862134 0.000367254 -0.172550902 -0.004474981 -0.000293006 0.999989927 9.998385429
1736667364.59987211227416992188 0.999875844 -0.015289772 0.003803700 -0.522270858 0.015288262 0.999883056 0.000426010 -0.170006156 -0.003809769 -0.000367805 0.999992669 10.162814140
1736667364.69987392425537109375 0.999768496 -0.021472061 0.001360000 -0.522022665 0.021473063 0.999769151 -0.000726994 -0.170984253 -0.001344076 0.000756029 0.999998808 10.318543434
1736667364.79987597465515136719 0.999921858 -0.012463545 0.000937492 -0.526608288 0.012464567 0.999921739 -0.001092313 -0.173529446 -0.000923805 0.001103913 0.999998987 10.475193977
1736667364.89987802505493164062 0.999842167 -0.017763644 -0.000237167 -0.525255501 0.017763143 0.999840260 -0.001972095 -0.177885771 0.000272160 0.001967571 0.999998033 10.628208160
1736667364.99987888336181640625 0.999809682 -0.019478345 -0.001105646 -0.531484127 0.019473987 0.999803066 -0.003825761 -0.177310601 0.001179948 0.003803502 0.999992073 10.799673080
1736667365.09988188743591308594 0.999796212 -0.019901931 -0.003378546 -0.535928309 0.019890219 0.999796152 -0.003465472 -0.181434005 0.003446826 0.003397565 0.999988317 10.952030182
1736667365.19988393783569335938 0.999914348 -0.012444498 -0.004050109 -0.539785981 0.012441761 0.999922335 -0.000700311 -0.182045162 0.004058509 0.000649861 0.999991536 11.109556198
1736667365.29988598823547363281 0.999801219 -0.018700177 -0.006912837 -0.541833043 0.018682001 0.999821901 -0.002684609 -0.184783444 0.006961808 0.002554929 0.999972522 11.258613586
1736667365.39988803863525390625 0.999751031 -0.020732285 -0.008246032 -0.549217105 0.020693103 0.999774337 -0.004808963 -0.180969626 0.008343872 0.004637130 0.999954462 11.427780151
1736667365.49989008903503417969 0.999716103 -0.022049768 -0.009026071 -0.550913811 0.022023773 0.999753058 -0.002969190 -0.187045485 0.009089312 0.002769559 0.999954879 11.577307701
1736667365.59989190101623535156 0.999829352 -0.015805790 -0.009565092 -0.555947602 0.015810972 0.999874890 0.000466343 -0.183551833 0.009556524 -0.000617497 0.999954164 11.738054276
1736667365.69989395141601562500 0.999818146 -0.015492887 -0.011120726 -0.557378888 0.015496319 0.999879897 0.000222516 -0.185896501 0.011115943 -0.000394806 0.999938130 11.894988060
1736667365.79989600181579589844 0.999850035 -0.012690932 -0.011781504 -0.565975904 0.012690085 0.999919474 -0.000146711 -0.186720699 0.011782418 -0.000002819 0.999930561 12.051366806
1736667365.89989805221557617188 0.999717116 -0.018756608 -0.014626316 -0.566624582 0.018733628 0.999823034 -0.001706550 -0.190604761 0.014655736 0.001432063 0.999891579 12.208160400
1736667365.99989891052246093750 0.999784589 -0.013780197 -0.015521769 -0.574691296 0.013761188 0.999904454 -0.001330853 -0.189637050 0.015538625 0.001116969 0.999878645 12.368168831
1736667366.09990191459655761719 0.999643683 -0.019961830 -0.017721808 -0.578238904 0.019920958 0.999798477 -0.002479821 -0.190475881 0.017767739 0.002125902 0.999839902 12.528158188
1736667366.19990396499633789062 0.999696910 -0.017703971 -0.017105868 -0.593641996 0.017635837 0.999835968 -0.004125751 -0.193291530 0.017176105 0.003822824 0.999845147 12.686035156
1736667366.29990601539611816406 0.999573946 -0.021671575 -0.019551873 -0.596193075 0.021600496 0.999759316 -0.003839325 -0.197476655 0.019630371 0.003415359 0.999801457 12.848399162
1736667366.39990806579589843750 0.999660015 -0.014526246 -0.021651767 -0.604590714 0.014423711 0.999884069 -0.004884314 -0.197859272 0.021720206 0.004570354 0.999753654 13.003769875
1736667366.49991011619567871094 0.999587297 -0.016463131 -0.023540808 -0.610494673 0.016372571 0.999857843 -0.004034520 -0.199068382 0.023603881 0.003647431 0.999714732 13.158143044
1736667366.59991192817687988281 0.999581218 -0.014864883 -0.024828669 -0.619123101 0.014825805 0.999888539 -0.001757258 -0.197667360 0.024852023 0.001388417 0.999690175 13.316131592
1736667366.69991397857666015625 0.999577940 -0.013643067 -0.025647983 -0.628386855 0.013614661 0.999906480 -0.001281838 -0.201152176 0.025663074 0.000932108 0.999670208 13.488330841
1736667366.79991602897644042969 0.999596834 -0.012207107 -0.025634965 -0.634459674 0.012213462 0.999925435 0.000091360 -0.199624017 0.025631938 -0.000404414 0.999671340 13.648550987
1736667366.89991807937622070312 0.999894023 -0.010087617 -0.010497327 -0.637246668 0.010103166 0.999947965 0.001429290 -0.198982790 0.010482362 -0.001535194 0.999943852 13.804348946
1736667366.99991893768310546875 0.999823451 -0.009184268 0.016392957 -0.622564554 0.009206575 0.999956787 -0.001285842 -0.201550916 -0.016380439 0.001436538 0.999864817 13.962001801
1736667367.09992194175720214844 0.999142349 -0.015296716 0.038478248 -0.605966270 0.015414144 0.999877393 -0.002756974 -0.204466224 -0.038431358 0.003347719 0.999255657 14.126583099
1736667367.19992399215698242188 0.998971760 -0.010875941 0.044012409 -0.604569376 0.010908197 0.999940395 -0.000492770 -0.202238351 -0.044004425 0.000972359 0.999030888 14.282209396
1736667367.29992604255676269531 0.998907208 -0.009786276 0.045701720 -0.599500537 0.010023113 0.999937475 -0.004955960 -0.204685599 -0.045650363 0.005408617 0.998942852 14.413056374
1736667367.39992809295654296875 0.998914897 -0.010731233 0.045320138 -0.593779087 0.010939355 0.999930739 -0.004346748 -0.206347510 -0.045270354 0.004837804 0.998963058 14.543459892
1736667367.49992990493774414062 0.998756588 -0.012040395 0.048376769 -0.589582443 0.011416090 0.999848247 0.013160720 -0.196241736 -0.048527889 -0.012592082 0.998742461 14.717810631
1736667367.59993195533752441406 0.998854518 -0.010882283 0.046596460 -0.583908379 0.010270026 0.999858022 0.013358880 -0.203186527 -0.046735220 -0.012865030 0.998824477 14.879770279
1736667367.69993400573730468750 0.998884380 -0.013626900 0.045213956 -0.582583547 0.013679288 0.999906063 -0.000849474 -0.207207128 -0.045198135 0.001467021 0.998976946 15.027162552
1736667367.79993605613708496094 0.999019980 -0.007412604 0.043637030 -0.578113735 0.007628376 0.999959469 -0.004780269 -0.209141761 -0.043599825 0.005108463 0.999036014 15.169491768
1736667367.89993810653686523438 0.999068081 -0.010456123 0.041875884 -0.572454691 0.011140354 0.999807656 -0.016139591 -0.212041453 -0.041699074 0.016591063 0.998992443 15.306295395
1736667367.99993896484375000000 0.999037385 -0.017497292 0.040225815 -0.562559426 0.017942952 0.999781251 -0.010744739 -0.216935620 -0.040029012 0.011456165 0.999132812 15.462831497
1736667368.09994196891784667969 0.999050975 -0.011366161 0.042046655 -0.565223753 0.011514490 0.999928296 -0.003287206 -0.215187579 -0.042006280 0.003768232 0.999110222 15.626813889
1736667368.19994401931762695312 0.998980522 -0.005228861 0.044839289 -0.564095259 0.005108949 0.999983072 0.002788441 -0.214746550 -0.044853110 -0.002556517 0.998990297 15.787885666
1736667368.29994606971740722656 0.998948514 -0.007432162 0.045239225 -0.554454207 0.007548877 0.999968588 -0.002409664 -0.216735393 -0.045219894 0.002748636 0.998973250 15.942702293
1736667368.39994788169860839844 0.998549879 -0.006733506 0.053411562 -0.547931433 0.006770188 0.999976933 -0.000505873 -0.217271104 -0.053406928 0.000866745 0.998572469 16.098886490
1736667368.49994993209838867188 0.997008502 -0.003772972 0.077199489 -0.528936207 0.003384729 0.999980986 0.005159316 -0.216010243 -0.077217489 -0.004882582 0.997002304 16.249820709
1736667368.59995198249816894531 0.994622529 -0.004997524 0.103446089 -0.502932370 0.005010787 0.999987423 0.000131666 -0.218059212 -0.103445441 0.000387388 0.994635046 16.374116898
1736667368.69995403289794921875 0.992873371 -0.001843658 0.119160086 -0.483713716 0.002434501 0.999985456 -0.004813024 -0.218142211 -0.119149476 0.005068819 0.992863417 16.503599167
1736667368.79995608329772949219 0.992859304 -0.002317386 0.119268760 -0.464217752 0.002148646 0.999996483 0.001543365 -0.217638433 -0.119271919 -0.001276078 0.992860794 16.664253235
1736667368.89995789527893066406 0.992970586 -0.006695778 0.118171670 -0.445592552 0.006398465 0.999975324 0.002895151 -0.222424790 -0.118188143 -0.002118683 0.992988944 16.816688538
1736667368.99995899200439453125 0.993103981 -0.010392886 0.116775125 -0.430233419 0.010482597 0.999945045 -0.000154101 -0.224422276 -0.116767108 0.001377145 0.993158340 16.969322205
1736667369.09996199607849121094 0.992022097 -0.009751074 0.125686646 -0.408339411 0.010206817 0.999943435 -0.002982531 -0.226620749 -0.125650451 0.004241597 0.992065489 17.115495682
1736667369.19996404647827148438 0.987207115 -0.007208664 0.159280077 -0.373450994 0.007455606 0.999971747 -0.000952826 -0.228207335 -0.159268707 0.002128166 0.987232983 17.261157990
1736667369.29996609687805175781 0.978614569 -0.010617862 0.205428302 -0.323094368 0.009998322 0.999941826 0.004053685 -0.227662846 -0.205459386 -0.001913057 0.978663802 17.402263641
1736667369.39996790885925292969 0.969651997 -0.013612808 0.244109914 -0.275062531 0.013792784 0.999904394 0.000972127 -0.227226958 -0.244099811 0.002424330 0.969747066 17.515428543
1736667369.49996995925903320312 0.963875532 -0.008591866 0.266214520 -0.236371174 0.009548722 0.999951780 -0.002300127 -0.228830159 -0.266181916 0.004759045 0.963911057 17.621932983
1736667369.59997200965881347656 0.962242901 -0.013816348 0.271841437 -0.192670003 0.013055482 0.999904156 0.004607391 -0.228033558 -0.271879017 -0.000884408 0.962331057 17.769096375
1736667369.69997406005859375000 0.962622285 -0.015229121 0.270418882 -0.152562171 0.013619760 0.999876618 0.007826960 -0.226672977 -0.270504713 -0.003851366 0.962710977 17.931472778
1736667369.79997611045837402344 0.962922871 -0.017392240 0.269215524 -0.108938366 0.016312642 0.999847412 0.006246927 -0.228415847 -0.269283086 -0.001623692 0.963059664 18.086103439
1736667369.89997792243957519531 0.962908268 -0.016309211 0.269335657 -0.072116673 0.016667433 0.999860644 0.000956904 -0.234237134 -0.269313723 0.003567723 0.963045895 18.222799301
1736667369.99997901916503906250 0.962896764 -0.012331114 0.269588083 -0.035541490 0.012910930 0.999916553 -0.000377642 -0.233395413 -0.269560933 0.003844262 0.962975681 18.368030548
1736667370.09998202323913574219 0.962865353 -0.011798395 0.269724160 0.002503812 0.012102960 0.999926627 0.000533912 -0.230409622 -0.269710660 0.002750376 0.962937474 18.527177811
1736667370.19998407363891601562 0.963322222 -0.012137682 0.268072605 0.044763312 0.011343877 0.999925494 0.004509857 -0.229086936 -0.268107384 -0.001303463 0.963388145 18.677446365
1736667370.29998588562011718750 0.963557661 -0.013721608 0.267148644 0.077870578 0.012210737 0.999898672 0.007316037 -0.239387259 -0.267221957 -0.003787341 0.963627577 18.840162277
1736667370.39998793601989746094 0.964486957 -0.015490964 0.263675869 0.113655224 0.014353965 0.999877512 0.006238170 -0.240586400 -0.263740212 -0.002231839 0.964591146 18.993309021
1736667370.49998998641967773438 0.965061963 -0.013591139 0.261669040 0.149298415 0.012823726 0.999907017 0.004640153 -0.239698231 -0.261707783 -0.001122463 0.965146482 19.142667770
1736667370.59999203681945800781 0.965626776 -0.018402215 0.259280324 0.189786747 0.018203961 0.999829292 0.003165848 -0.238787174 -0.259294331 0.001662901 0.965796947 19.293493271
1736667370.69999408721923828125 0.966398954 -0.023624629 0.255958885 0.230994225 0.023610266 0.999716341 0.003129381 -0.238994449 -0.255960226 0.003019027 0.966682613 19.444269180
1736667370.79999589920043945312 0.966926575 -0.020513583 0.254228592 0.264602393 0.019548886 0.999788940 0.006320751 -0.238904208 -0.254304588 -0.001141817 0.967123508 19.595573425
1736667370.89999794960021972656 0.967284381 -0.023010734 0.252648920 0.303604960 0.021593302 0.999731719 0.008381978 -0.239168361 -0.252774000 -0.002652233 0.967521727 19.748266220
1736667371.00000000000000000000 0.967852533 -0.021282718 0.250616282 0.336969793 0.020047877 0.999771059 0.007479389 -0.241939723 -0.250718087 -0.002214621 0.968057632 19.894586563
1736667371.10000205039978027344 0.968419433 -0.022057300 0.248349056 0.373938203 0.020878112 0.999754786 0.007381234 -0.240383089 -0.248450965 -0.001963072 0.968642473 20.046422958
1736667371.20000410079956054688 0.968744397 -0.020315057 0.247227892 0.408264995 0.019683978 0.999793649 0.005024192 -0.240956560 -0.247278944 -0.000000730 0.968944311 20.195858002
1736667371.30000591278076171875 0.969271541 -0.023628403 0.244855836 0.447160721 0.023771463 0.999714613 0.002371422 -0.238795042 -0.244841978 0.003522030 0.969556570 20.351980209
1736667371.40000796318054199219 0.969488502 -0.021417079 0.244199514 0.478270501 0.021959059 0.999758720 0.000503101 -0.238326162 -0.244151384 0.004874642 0.969724894 20.505367279
1736667371.50001001358032226562 0.970306873 -0.019035438 0.241127104 0.513214886 0.018534396 0.999818802 0.004345998 -0.237305760 -0.241166145 0.000252193 0.970483840 20.656509399
1736667371.60001206398010253906 0.970574439 -0.023241045 0.239677027 0.548840463 0.023381423 0.999724090 0.002258120 -0.238238156 -0.239663377 0.003412317 0.970850050 20.806945801
1736667371.70001411437988281250 0.971095204 -0.026461534 0.237221226 0.584490180 0.026758973 0.999639988 0.001966516 -0.238466740 -0.237187862 0.004438122 0.971453667 20.961059570
1736667371.80001592636108398438 0.971794128 -0.021305272 0.234866410 0.615166485 0.021108136 0.999771595 0.003353578 -0.238431588 -0.234884202 0.001698604 0.972021878 21.112134933
1736667371.90001797676086425781 0.972201467 -0.020385092 0.233256876 0.649419844 0.019821374 0.999792218 0.004760792 -0.236559182 -0.233305469 -0.000004978 0.972403526 21.267721176
1736667372.00002002716064453125 0.972686589 -0.017717326 0.231445298 0.679891884 0.016759766 0.999840915 0.006102990 -0.238070756 -0.231516615 -0.002057328 0.972828746 21.419618607
1736667372.10002207756042480469 0.973049819 -0.026308840 0.229089379 0.720455766 0.026104892 0.999651492 0.003921234 -0.237623543 -0.229112715 0.002164797 0.973397493 21.576875687
1736667372.20002388954162597656 0.973358274 -0.026671970 0.227733031 0.752286851 0.026658690 0.999639690 0.003134834 -0.237440899 -0.227734596 0.003019748 0.973718584 21.732385635
1736667372.30002593994140625000 0.973973513 -0.023180053 0.225473508 0.783054292 0.022587789 0.999731302 0.005206448 -0.237751544 -0.225533605 0.000022006 0.974235415 21.886417389
1736667372.40002799034118652344 0.974502444 -0.022627104 0.223233089 0.818627834 0.022585955 0.999741137 0.002737859 -0.240411997 -0.223237246 0.002373881 0.974761248 22.038543701
1736667372.50003004074096679688 0.974964321 -0.020860568 0.221380770 0.847742915 0.020883454 0.999779403 0.002237523 -0.242356017 -0.221378610 0.002441690 0.975184858 22.192171097
1736667372.60003209114074707031 0.975167394 -0.019749189 0.220586702 0.879021823 0.019932579 0.999800324 0.001394669 -0.245321214 -0.220570207 0.003036825 0.975366354 22.340950012
1736667372.70003390312194824219 0.975628436 -0.019957623 0.218519554 0.906401277 0.020615049 0.999787211 -0.000728779 -0.245393962 -0.218458518 0.005215809 0.975832283 22.497396469
1736667372.80003595352172851562 0.975826263 -0.022162529 0.217420965 0.939239204 0.022523899 0.999745965 0.000816320 -0.244914562 -0.217383832 0.004100582 0.976077557 22.654659271
1736667372.90003800392150878906 0.976325572 -0.023559088 0.215019375 0.970541775 0.023357430 0.999721110 0.003479036 -0.244934499 -0.215041384 0.001625629 0.976603568 22.808483124
1736667373.00004005432128906250 0.972544730 -0.024356404 0.231437936 1.011203766 0.024323637 0.999699652 0.002995467 -0.246090084 -0.231441393 0.002716186 0.972845078 22.960165024
1736667373.10004210472106933594 0.965126455 -0.018295616 0.261143982 1.059511185 0.017726712 0.999832571 0.004534027 -0.245932430 -0.261183202 0.000253314 0.965289235 23.113904953
1736667373.20004391670227050781 0.957455873 -0.022362124 0.287712038 1.116062880 0.023307374 0.999728322 0.000139961 -0.246698871 -0.287637025 0.006571805 0.957716942 23.264717102
1736667373.30004596710205078125 0.954001904 -0.015625393 0.299393058 1.160847425 0.015900714 0.999872446 0.001516693 -0.245723158 -0.299378574 0.003313636 0.954128623 23.414176941
1736667373.40004801750183105469 0.954742849 -0.017755643 0.296902061 1.204473019 0.017395115 0.999841273 0.003856366 -0.247021317 -0.296923399 0.001482807 0.954900146 23.561536789
1736667373.50005006790161132812 0.953633726 -0.023044750 0.300086051 1.254466295 0.023613155 0.999719679 0.001732797 -0.246947438 -0.300041854 0.005433524 0.953910589 23.710311890
1736667373.60005211830139160156 0.945575774 -0.017925797 0.324907839 1.311103106 0.016971732 0.999839306 0.005770435 -0.246246934 -0.324959069 0.000057865 0.945728064 23.860963821
1736667373.70005393028259277344 0.924901485 -0.015239066 0.379901260 1.395935655 0.012201633 0.999871433 0.010402170 -0.242812023 -0.380010962 -0.004985568 0.924968541 24.006486893
1736667373.80005598068237304688 0.892057538 -0.017686093 0.451575607 1.496897459 0.013648473 0.999832451 0.012197088 -0.245030105 -0.451715648 -0.004717187 0.892149508 24.135461807
1736667373.90005803108215332031 0.851495326 -0.025878390 0.523723185 1.617009163 0.022751110 0.999664187 0.012405859 -0.247293621 -0.523868382 0.001351752 0.851798177 24.253467560
1736667374.00006008148193359375 0.813601732 -0.028497649 0.580723763 1.741247058 0.026739620 0.999575257 0.011589236 -0.246941060 -0.580807388 0.006099311 0.814018190 24.365474701
1736667374.10006189346313476562 0.791718125 -0.026827130 0.610297263 1.851342201 0.020811208 0.999639809 0.016943971 -0.243650883 -0.610532045 -0.000713825 0.791991234 24.487997055
1736667374.20006394386291503906 0.787045956 -0.024186667 0.616420090 1.947672844 0.017978895 0.999705970 0.016270299 -0.238109007 -0.616632342 -0.001722923 0.787249386 24.612516403
1736667374.30006599426269531250 0.788216293 -0.028657833 0.614730716 2.042138100 0.023587264 0.999588013 0.016355390 -0.243058607 -0.614946187 0.001608231 0.788567483 24.738491058
1736667374.40006804466247558594 0.785222948 -0.027429087 0.618605316 2.140897989 0.022621790 0.999622226 0.015608622 -0.239702240 -0.618799806 0.001737713 0.785546780 24.863079071
1736667374.50007009506225585938 0.766726315 -0.026701150 0.641418576 2.246841192 0.022430338 0.999638855 0.014800907 -0.238153204 -0.641582131 0.003038991 0.767048359 24.971689224
1736667374.60007190704345703125 0.727151752 -0.023798777 0.686064124 2.383448601 0.020323824 0.999707103 0.013137697 -0.230223954 -0.686175883 0.004390347 0.727422476 25.087688446
1736667374.70007395744323730469 0.674220800 -0.023496451 0.738155961 2.525163889 0.017776020 0.999720514 0.015586031 -0.228254855 -0.738315880 0.002613048 0.674450040 25.178009033
1736667374.80007600784301757812 0.617762089 -0.027586533 0.785881042 2.678776264 0.021314468 0.999604702 0.018334018 -0.224760950 -0.786076188 0.005424574 0.618105888 25.254878998
1736667374.90007805824279785156 0.575098872 -0.031127041 0.817491531 2.827923775 0.024518620 0.999482810 0.020807935 -0.221311569 -0.817716420 0.008077145 0.575564623 25.329490662
1736667375.00008010864257812500 0.557615161 -0.025682872 0.829702199 2.964666843 0.015982026 0.999668121 0.020203067 -0.216221869 -0.829945743 0.001994786 0.557840586 25.415451050
1736667375.10008192062377929688 0.555876493 -0.025320370 0.830879211 3.100667000 0.014523963 0.999679267 0.020747565 -0.211327285 -0.831138015 0.000534574 0.556065917 25.509084702
1736667375.20008397102355957031 0.560419083 -0.027427850 0.827754974 3.225253105 0.017393760 0.999620795 0.021346482 -0.211198002 -0.828026593 0.002434793 0.560683608 25.601371765
1736667375.30008602142333984375 0.561416030 -0.025622439 0.827136993 3.354379654 0.014232603 0.999671698 0.021306768 -0.207454026 -0.827411354 -0.000189648 0.561596334 25.691387177
1736667375.40008807182312011719 0.563648999 -0.025619267 0.825617015 3.477758884 0.014882430 0.999671638 0.020860020 -0.206777453 -0.825880349 0.000529459 0.563845158 25.780550003
1736667375.50008988380432128906 0.555311680 -0.022855304 0.831328273 3.607691288 0.011297592 0.999737382 0.019938717 -0.206713110 -0.831565678 -0.001680198 0.555424094 25.865081787
1736667375.60009193420410156250 0.523773313 -0.019250920 0.851640105 3.761138916 0.011867472 0.999812484 0.015301586 -0.204683721 -0.851774991 0.002092252 0.523903608 25.943183899
1736667375.70009398460388183594 0.464500725 -0.008441940 0.885532558 3.928795815 0.007061971 0.999958098 0.005828465 -0.201188415 -0.885544598 0.003546278 0.464540839 25.996744156
1736667375.80009603500366210938 0.381770015 0.004477022 0.924246490 4.091469765 0.009756219 0.999913037 -0.008873460 -0.207415581 -0.924205840 0.012404772 0.381693184 26.012580872
1736667375.90009808540344238281 0.295704007 0.013140651 0.955189228 4.263494492 0.017178869 0.999670565 -0.019070759 -0.211913303 -0.955125153 0.022048373 0.295380831 26.018497467
1736667376.00009989738464355469 0.219741225 0.026757613 0.975191236 4.437162399 0.010504536 0.999500930 -0.029791635 -0.211496711 -0.975501716 0.016790383 0.219350517 26.030826569
1736667376.10010194778442382812 0.183699369 0.031613797 0.982474029 4.588100433 0.011778604 0.999340177 -0.034358833 -0.218223780 -0.982911944 0.017883871 0.183205783 26.041160583
1736667376.20010399818420410156 0.172050834 0.035970282 0.984431148 4.782691956 0.010771642 0.999204695 -0.038392678 -0.231987119 -0.985029221 0.017209433 0.171526551 26.064443588
1736667376.30010604858398437500 0.175540268 0.038430706 0.983721852 4.927628517 0.014621056 0.999025762 -0.041637637 -0.241078317 -0.984363675 0.021692134 0.174807370 26.083919525
1736667376.40010809898376464844 0.175582409 0.044722434 0.983448446 5.075589180 0.013680053 0.998760343 -0.047861148 -0.248145342 -0.984369755 0.021857204 0.174752951 26.114269257
1736667376.50010991096496582031 0.176126301 0.048977457 0.983148456 5.224226952 0.012116860 0.998577893 -0.051916789 -0.257680416 -0.984293103 0.021056587 0.175282359 26.141506195
1736667376.60011196136474609375 0.176093519 0.050036024 0.983101010 5.368474007 0.011153840 0.998541772 -0.052819785 -0.267393231 -0.984310329 0.020266578 0.175278664 26.170726776
1736667376.70011401176452636719 0.180640399 0.050263174 0.982264102 5.536600113 0.016227745 0.998405099 -0.054073438 -0.273614883 -0.983415365 0.025707776 0.179536641 26.213367462
1736667376.80011606216430664062 0.189805388 0.049042683 0.980596185 5.687819481 0.012824226 0.998542666 -0.052422520 -0.281407893 -0.981738091 0.022525469 0.188899875 26.250391006
1736667376.90011811256408691406 0.198392868 0.050892465 0.978800476 5.848340988 0.014757819 0.998382688 -0.054901902 -0.294121027 -0.980011582 0.025337111 0.197320938 26.287994385
1736667377.00011992454528808594 0.200383961 0.054278590 0.978212714 6.007846832 0.013721452 0.998210669 -0.058199029 -0.308972776 -0.979621351 0.025084652 0.199280620 26.322898865
1736667377.10011196136474609375 0.203826964 0.055497650 0.977432668 6.168943405 0.010901558 0.998201370 -0.058950216 -0.330759823 -0.978946209 0.022671180 0.202855349 26.365657806
1736667377.20011401176452636719 0.207727849 0.057113986 0.976517797 6.315839767 0.013621455 0.998028278 -0.061269671 -0.329399347 -0.978091776 0.026029008 0.206540287 26.395946503
1736667377.30011606216430664062 0.210383236 0.057337362 0.975936115 6.469412804 0.013197260 0.998021066 -0.061479826 -0.340131879 -0.977529943 0.025814006 0.209210157 26.432750702
1736667377.40011811256408691406 0.213641822 0.055039648 0.975360394 6.630821228 0.012333373 0.998180091 -0.059028860 -0.349012494 -0.976834238 0.024640523 0.212574184 26.469896317
1736667377.50011992454528808594 0.216479182 0.057613149 0.974585831 6.778429985 0.010676584 0.998057842 -0.061372243 -0.363815784 -0.976228893 0.023691062 0.215443611 26.512260437
1736667377.60012197494506835938 0.222331762 0.057297926 0.973286033 6.945782661 0.018880395 0.997831404 -0.063055858 -0.377129376 -0.974788308 0.032395348 0.220767796 26.550178528
1736667377.70012402534484863281 0.225955188 0.056573525 0.972493529 7.093866348 0.022427179 0.997745454 -0.063253395 -0.393102586 -0.973879516 0.036102716 0.224177003 26.587303162
1736667377.80012607574462890625 0.229771316 0.052449446 0.971830308 7.244367599 0.025581880 0.997876287 -0.059903502 -0.402705729 -0.972908378 0.038625352 0.227941573 26.627384186
1736667377.90012788772583007812 0.232574940 0.051098768 0.971235275 7.396682739 0.019825133 0.998162270 -0.057262849 -0.410066009 -0.972376466 0.032572776 0.231134534 26.666633606
1736667378.00012993812561035156 0.235395193 0.049910855 0.970617414 7.558556557 0.021939369 0.998153150 -0.056647561 -0.423935473 -0.971652210 0.034629304 0.233865440 26.700494766
1736667378.10013198852539062500 0.237781107 0.052906211 0.969876826 7.716085434 0.023680102 0.997902989 -0.060240585 -0.438525379 -0.971030056 0.037290856 0.236029625 26.749473572
1736667378.20013403892517089844 0.239828229 0.055967700 0.969200730 7.874045372 0.023262110 0.997718930 -0.063370720 -0.448895574 -0.970536590 0.037743744 0.237979233 26.789348602
1736667378.30013608932495117188 0.241325974 0.056138769 0.968819022 8.022456169 0.021918558 0.997755408 -0.063275263 -0.456898332 -0.970196605 0.036505081 0.239553809 26.830312729
1736667378.40013790130615234375 0.243937314 0.052673392 0.968359530 8.188185692 0.021476842 0.997985601 -0.059695072 -0.463193119 -0.969553232 0.035359159 0.242314637 26.876033783
1736667378.50013995170593261719 0.245514452 0.049042817 0.968151569 8.345676422 0.018536571 0.998299301 -0.055270694 -0.477075040 -0.969215691 0.031515971 0.244187832 26.921699524
1736667378.60014200210571289062 0.247928023 0.046220466 0.967675328 8.495703697 0.020014293 0.998403668 -0.052816056 -0.484859973 -0.968571782 0.032461923 0.246607184 26.963817596
1736667378.70014405250549316406 0.249479651 0.045435816 0.967313588 8.648436546 0.018586695 0.998489976 -0.051693901 -0.496839255 -0.968201697 0.030875742 0.248258471 27.008720398
1736667378.80014610290527343750 0.252039194 0.045712039 0.966636777 8.800902367 0.017959045 0.998490751 -0.051901013 -0.504512787 -0.967550397 0.030440964 0.250837862 27.052593231
1736667378.90014791488647460938 0.252988219 0.045483712 0.966399670 8.972873688 0.015919594 0.998563349 -0.051165003 -0.508738041 -0.967338443 0.028328834 0.251900673 27.099979401
1736667379.00014996528625488281 0.240327001 0.044430021 0.969674647 9.140389442 0.017212506 0.998599827 -0.050021358 -0.517732024 -0.970539391 0.028712014 0.239225745 27.136054993
1736667379.10015201568603515625 0.204618633 0.041817069 0.977948129 9.300230026 0.018162213 0.998752832 -0.046506807 -0.529395044 -0.978673220 0.027277861 0.203603923 27.155323029
1736667379.20015406608581542969 0.165152371 0.039977342 0.985457540 9.477944374 0.019277977 0.998856425 -0.043751687 -0.535786986 -0.986079633 0.026223322 0.164192855 27.168186188
1736667379.30015611648559570312 0.134288251 0.038678553 0.990187109 9.651317596 0.018487500 0.998966277 -0.041528735 -0.542450905 -0.990769804 0.023882907 0.133434355 27.175380707
1736667379.40015792846679687500 0.129589200 0.035797365 0.990921438 9.808921814 0.019054865 0.999073684 -0.038583796 -0.552049875 -0.991384685 0.023881920 0.128787041 27.200983047
1736667379.50015997886657714844 0.130191267 0.033839785 0.990911245 9.974390030 0.016971624 0.999194920 -0.036352497 -0.556598723 -0.991343617 0.021550151 0.129512131 27.224847794
1736667379.60016202926635742188 0.129803419 0.028630998 0.991126359 10.138659477 0.015574777 0.999400854 -0.030909786 -0.559547186 -0.991417468 0.019448766 0.129279733 27.249656677
1736667379.70016407966613769531 0.130707383 0.022060052 0.991175592 10.292409897 0.017335705 0.999548733 -0.024532488 -0.567014873 -0.991269469 0.020389305 0.130265951 27.274158478
