1.000000000 0.000000000 0.000000000 0.000000000 0.000000000 1.000000000 0.000000000 0.000000000 0.000000000 0.000000000 1.000000000 0.000000000
0.999999702 0.000224472 0.000725800 -0.027083112 -0.000224740 0.999999881 0.000368291 -0.005630869 -0.000725717 -0.000368454 0.999999642 0.295384943
0.999999642 0.000724703 0.000401577 -0.013025930 -0.000724877 0.999999642 0.000434194 -0.002407611 -0.000401262 -0.000434485 0.999999821 0.677370310
0.999999464 0.000548399 0.000886645 -0.022745000 -0.000548551 0.999999821 0.000171052 -0.009798026 -0.000886551 -0.000171538 0.999999583 1.039774537
0.999999106 0.000396646 0.001294334 -0.041073740 -0.000397133 0.999999821 0.000376790 -0.016375409 -0.001294184 -0.000377304 0.999999106 1.371361017
0.999997914 0.001162564 0.001677858 -0.039659765 -0.001163129 0.999999285 0.000335645 -0.020308135 -0.001677466 -0.000337596 0.999998510 1.741160989
0.999998808 -0.000142075 0.001524160 -0.035805263 0.000141562 0.999999940 0.000336918 -0.025673645 -0.001524207 -0.000336702 0.999998808 2.087344170
0.999998808 -0.000058355 0.001545449 -0.042147908 0.000057946 0.999999940 0.000264869 -0.033713687 -0.001545464 -0.000264779 0.999998748 2.429438114
0.999998987 0.000860722 0.001133991 -0.049924124 -0.000861076 0.999999583 0.000311533 -0.032461368 -0.001133722 -0.000312509 0.999999285 2.773451328
0.999998987 0.001180862 0.000795536 -0.053424947 -0.001181068 0.999999285 0.000258987 -0.032513224 -0.000795229 -0.000259926 0.999999642 3.116015434
0.999999046 0.001131161 0.000792639 -0.056510936 -0.001131433 0.999999285 0.000341878 -0.038679440 -0.000792252 -0.000342775 0.999999642 3.451930285
0.999999285 0.001079433 0.000462391 -0.060458120 -0.001079618 0.999999344 0.000399447 -0.048963275 -0.000461959 -0.000399946 0.999999821 3.812940121
0.999999940 0.000323417 0.000191411 -0.058808681 -0.000323541 0.999999762 0.000644783 -0.046028342 -0.000191203 -0.000644844 0.999999762 4.122817039
0.999999821 0.000523624 -0.000187483 -0.062851578 -0.000523587 0.999999821 0.000194323 -0.045637362 0.000187584 -0.000194225 0.999999940 4.462672710
0.999999344 0.000789618 -0.000847337 -0.060825672 -0.000789703 0.999999702 -0.000100044 -0.059198510 0.000847258 0.000100713 0.999999642 4.773632526
0.999997914 0.001681173 -0.001173530 -0.062002111 -0.001681484 0.999998569 -0.000263641 -0.059521776 0.001173086 0.000265613 0.999999285 5.093932629
0.999998927 0.000935270 -0.001101731 -0.076270178 -0.000934868 0.999999523 0.000364769 -0.061657894 0.001102071 -0.000363739 0.999999344 5.410268307
0.999997675 0.001678609 -0.001358509 -0.087677926 -0.001678456 0.999998569 0.000113705 -0.063293718 0.001358698 -0.000111425 0.999999046 5.739785194
0.999996781 0.001949206 -0.001633601 -0.074840851 -0.001948969 0.999998093 0.000146764 -0.073349327 0.001633884 -0.000143580 0.999998629 6.060160160
0.999997139 0.001619582 -0.001760649 -0.081695147 -0.001619369 0.999998689 0.000122090 -0.072026588 0.001760845 -0.000119238 0.999998450 6.373934746
0.999996960 0.001769362 -0.001706019 -0.085099161 -0.001769843 0.999998391 -0.000280227 -0.080775045 0.001705520 0.000283246 0.999998510 6.677638054
0.999996722 0.001967060 -0.001636920 -0.093714260 -0.001967480 0.999998033 -0.000254789 -0.082349688 0.001636415 0.000258009 0.999998629 6.982868195
0.999997079 0.001781210 -0.001627999 -0.092837892 -0.001781827 0.999998331 -0.000377933 -0.088664629 0.001627324 0.000380833 0.999998629 7.276374817
0.999996662 0.001360994 -0.002183362 -0.089345813 -0.001361887 0.999998987 -0.000407692 -0.092641100 0.002182805 0.000410664 0.999997556 7.594942093
0.999997258 0.001512087 -0.001803719 -0.096007273 -0.001512677 0.999998808 -0.000325533 -0.094854735 0.001803225 0.000328260 0.999998331 7.865255356
0.999996305 0.002028468 -0.001820305 -0.095388666 -0.002027641 0.999997854 0.000456167 -0.096290797 0.001821227 -0.000452474 0.999998212 8.180620193
0.999994636 0.002598547 -0.001985399 -0.096454822 -0.002597707 0.999996543 0.000425947 -0.108949952 0.001986499 -0.000420787 0.999997914 8.457622528
0.999993205 0.003001630 -0.002149976 -0.096813783 -0.003001786 0.999995470 -0.000069140 -0.104117781 0.002149758 0.000075594 0.999997675 8.754004478
0.999994457 0.002705630 -0.001945427 -0.105055325 -0.002704332 0.999996126 0.000669692 -0.109436549 0.001947231 -0.000664427 0.999997854 9.030983925
0.999994457 0.002976011 -0.001509062 -0.115054615 -0.002974626 0.999995172 0.000919485 -0.115271345 0.001511791 -0.000914991 0.999998450 9.295601845
0.999995887 0.002483634 -0.001430579 -0.111678891 -0.002483098 0.999996841 0.000376152 -0.113050453 0.001431508 -0.000372598 0.999998927 9.574279785
0.999995768 0.002749647 -0.000941598 -0.113819778 -0.002749007 0.999996006 0.000680127 -0.124313541 0.000943465 -0.000677536 0.999999344 9.824592590
0.999995947 0.002700855 -0.000879879 -0.117913164 -0.002700140 0.999996006 0.000813581 -0.125522092 0.000882073 -0.000811202 0.999999285 10.081661224
0.999995112 0.002985222 -0.000915303 -0.118672885 -0.002984697 0.999995410 0.000574681 -0.128039509 0.000917014 -0.000571947 0.999999404 10.351136208
0.999992967 0.003715738 -0.000557402 -0.127799481 -0.003715902 0.999993026 -0.000294531 -0.130484328 0.000556303 0.000296600 0.999999821 10.611213684
0.999994457 0.003276657 -0.000577640 -0.129824147 -0.003277495 0.999993563 -0.001456841 -0.127909556 0.000572863 0.001458726 0.999998748 10.867625237
0.999994099 0.003382925 -0.000625040 -0.132280558 -0.003384031 0.999992669 -0.001777567 -0.135010213 0.000619022 0.001779672 0.999998212 11.137700081
0.999994814 0.003165762 -0.000564173 -0.143191516 -0.003166775 0.999993384 -0.001804157 -0.142348528 0.000558458 0.001805934 0.999998212 11.399481773
0.999994099 0.003361413 -0.000741402 -0.149047032 -0.003362914 0.999992251 -0.002032553 -0.148476943 0.000734564 0.002035034 0.999997675 11.673324585
0.999995410 0.002881831 -0.000914402 -0.162661240 -0.002883633 0.999993920 -0.001975133 -0.156847104 0.000908704 0.001977761 0.999997616 11.946302414
0.999993980 0.003152443 -0.001458448 -0.177127138 -0.003155997 0.999992013 -0.002441356 -0.160771474 0.001450740 0.002445945 0.999995947 12.231044769
0.999991775 0.003502058 -0.002031752 -0.192400232 -0.003507723 0.999989927 -0.002791086 -0.164042160 0.002021957 0.002798190 0.999994040 12.527815819
0.999989986 0.003889274 -0.002215086 -0.241531521 -0.003895734 0.999988139 -0.002919713 -0.168250740 0.002203704 0.002928313 0.999993265 12.807423592
0.999990523 0.003967538 -0.001789296 -0.310396433 -0.003973934 0.999985695 -0.003585486 -0.148304015 0.001775045 0.003592563 0.999991953 13.060030937
0.999987543 0.004592621 -0.001941911 -0.344716132 -0.004600054 0.999982059 -0.003840477 -0.153735369 0.001924238 0.003849362 0.999990761 13.251736641
0.999989450 0.004500887 -0.000905253 -0.369044691 -0.004505076 0.999978900 -0.004680221 -0.153941467 0.000884169 0.004684249 0.999988616 13.416133881
0.999991238 0.004126411 -0.000707443 -0.355815977 -0.004129419 0.999982238 -0.004304354 -0.161955535 0.000689669 0.004307238 0.999990463 13.516132355
0.999985337 0.005409448 -0.000235174 -0.388130397 -0.005410532 0.999973476 -0.004877991 -0.162181780 0.000208780 0.004879192 0.999988079 13.729897499
0.999980152 0.006199694 0.001124967 -0.436527044 -0.006193599 0.999966562 -0.005343254 -0.159273028 -0.001158056 0.005336180 0.999985099 13.993803024
0.999979675 0.005961555 0.002264000 -0.448950022 -0.005949566 0.999968410 -0.005265970 -0.167763218 -0.002295322 0.005252393 0.999983549 14.206820488
0.999976039 0.005998140 0.003448428 -0.438814282 -0.005980628 0.999969304 -0.005066228 -0.175207376 -0.003478710 0.005045483 0.999981225 14.377774239
0.999974370 0.005377144 0.004724739 -0.419938505 -0.005357693 0.999977171 -0.004119880 -0.192702800 -0.004746784 0.004094460 0.999980330 14.554424286
0.999975145 0.004922619 0.005053293 -0.395497978 -0.004900284 0.999978185 -0.004422859 -0.194457293 -0.005074955 0.004397986 0.999977469 14.748789787
0.999964952 0.006146867 0.005688900 -0.422387928 -0.006118299 0.999968648 -0.005025663 -0.197724178 -0.005719613 0.004990680 0.999971211 15.078899384
0.999969840 0.004698996 0.006182479 -0.417723209 -0.004669264 0.999977529 -0.004814864 -0.203510329 -0.006204965 0.004785851 0.999969304 15.383782387
0.999949992 0.007351145 0.006781201 -0.437758476 -0.007315914 0.999959707 -0.005205583 -0.211412922 -0.006819195 0.005155712 0.999963462 15.716273308
0.999953747 0.006337174 0.007234097 -0.453157455 -0.006299345 0.999966443 -0.005240167 -0.205088779 -0.007267063 0.005194354 0.999960124 16.063899994
0.999943554 0.007595675 0.007428248 -0.475198567 -0.007552284 0.999954343 -0.005852028 -0.209955484 -0.007472359 0.005795598 0.999955297 16.451457977
0.999955118 0.006368999 0.007010683 -0.464101613 -0.006327912 0.999962747 -0.005867405 -0.211802617 -0.007047791 0.005822779 0.999958217 16.803592682
0.999954462 0.006797461 0.006697689 -0.453095496 -0.006762263 0.999963284 -0.005263952 -0.222138792 -0.006733224 0.005218421 0.999963701 17.170858383
0.999951899 0.007036156 0.006831037 -0.462750524 -0.007003496 0.999963999 -0.004793357 -0.224832818 -0.006864517 0.004745285 0.999965191 17.581260681
0.999961972 0.006222491 0.006105383 -0.418115526 -0.006195992 0.999971330 -0.004349502 -0.240087003 -0.006132273 0.004311508 0.999971926 17.939220428
0.999967039 0.006219089 0.005217817 -0.380955309 -0.006197461 0.999972165 -0.004151137 -0.251309723 -0.005243488 0.004118662 0.999977767 18.315969467
0.999962986 0.007302844 0.004549770 -0.352022648 -0.007291612 0.999970317 -0.002480483 -0.269469202 -0.004567750 0.002447216 0.999986589 18.716386795
0.999965787 0.007113457 0.004220874 -0.377428859 -0.007110380 0.999974430 -0.000743634 -0.266503513 -0.004226056 0.000713597 0.999990821 19.217777252
0.999971271 0.006222026 0.004326386 -0.405548155 -0.006230442 0.999978721 0.001934413 -0.281910330 -0.004314258 -0.001961313 0.999988794 19.667924881
0.999974489 0.006486923 0.002987458 -0.347888947 -0.006498087 0.999971867 0.003742826 -0.281977803 -0.002963095 -0.003762143 0.999988556 20.039739609
0.999987662 0.004839679 0.001103579 -0.279482216 -0.004845603 0.999973536 0.005430532 -0.292506576 -0.001077268 -0.005435812 0.999984622 20.342735291
0.999989092 0.004664337 0.000166995 -0.228423461 -0.004665193 0.999973714 0.005553672 -0.286072671 -0.000141087 -0.005554391 0.999984562 20.645669937
0.999989152 0.004654745 -0.000063253 -0.227826029 -0.004654333 0.999974370 0.005436170 -0.287247628 0.000088555 -0.005435816 0.999985218 21.032213211
0.999979079 0.006453072 -0.000456730 -0.228681371 -0.006450525 0.999964774 0.005373431 -0.302068114 0.000491389 -0.005370373 0.999985456 21.399639130
0.999979556 0.006204824 -0.001543138 -0.229126513 -0.006195146 0.999961615 0.006199578 -0.314658523 0.001581546 -0.006189892 0.999979615 21.823661804
0.999980330 0.006221233 -0.000789970 -0.233088657 -0.006216042 0.999960124 0.006411403 -0.312755972 0.000829825 -0.006406367 0.999979138 22.192628860
0.999957800 0.009110810 -0.001162181 -0.258517146 -0.009103818 0.999941230 0.005886768 -0.320930749 0.001215746 -0.005875939 0.999981999 22.578577042
0.999953508 0.009470018 -0.001827111 -0.227021143 -0.009458726 0.999936700 0.006092487 -0.337475002 0.001884691 -0.006074922 0.999979794 22.909120560
0.999962747 0.008315459 -0.002307237 -0.181479946 -0.008300303 0.999944389 0.006502830 -0.348027080 0.002361182 -0.006483437 0.999976218 23.216497421
0.999934793 0.010968298 -0.003175135 -0.184782714 -0.010946964 0.999917924 0.006660066 -0.360424638 0.003247924 -0.006624873 0.999972761 23.625268936
0.999940276 0.010471746 -0.003119006 -0.216162190 -0.010450590 0.999922812 0.006723868 -0.360171169 0.003189176 -0.006690871 0.999972522 24.086910248
0.999942243 0.010190188 -0.003423397 -0.221173719 -0.010168071 0.999927700 0.006417092 -0.348903388 0.003488541 -0.006381912 0.999973536 24.544883728
0.999943793 0.009953922 -0.003652311 -0.254221022 -0.009929577 0.999928772 0.006624063 -0.345543474 0.003717986 -0.006587425 0.999971390 25.018262863
0.999944866 0.009829188 -0.003688197 -0.277078182 -0.009804867 0.999930441 0.006555252 -0.346106887 0.003752374 -0.006518728 0.999971688 25.455636978
0.999951780 0.008934259 -0.004079808 -0.292845666 -0.008909733 0.999942362 0.005990751 -0.348909348 0.004133096 -0.005954111 0.999973714 25.895084381
0.999939561 0.009939772 -0.004694590 -0.278660566 -0.009914170 0.999936044 0.005445777 -0.359536022 0.004748419 -0.005398905 0.999974132 26.270956039
0.999938905 0.009852385 -0.005006106 -0.281417489 -0.009827062 0.999938905 0.005058337 -0.360305220 0.005055637 -0.005008833 0.999974668 26.674034119
0.999951422 0.008496705 -0.004990994 -0.276746154 -0.008473272 0.999953091 0.004697377 -0.365033656 0.005030672 -0.004654859 0.999976516 27.069192886
0.999942124 0.009432236 -0.005171703 -0.313847750 -0.009411708 0.999947786 0.003979318 -0.361451209 0.005208966 -0.003930414 0.999978721 27.536775589
0.999940157 0.009782611 -0.004894075 -0.315534770 -0.009763320 0.999944508 0.003950190 -0.367951602 0.004932446 -0.003902171 0.999980211 27.937755585
0.999934375 0.010244654 -0.005131227 -0.321684569 -0.010222155 0.999938130 0.004391966 -0.374471188 0.005175904 -0.004339226 0.999977171 28.350307465
0.999938667 0.009842098 -0.005081531 -0.315857619 -0.009820797 0.999942958 0.004199970 -0.381845862 0.005122577 -0.004149808 0.999978244 28.754608154
0.999939442 0.009710384 -0.005180149 -0.329496026 -0.009690467 0.999945641 0.003856029 -0.385511607 0.005217311 -0.003805597 0.999979138 29.186645508
0.999930441 0.010703145 -0.004952816 -0.351573259 -0.010685716 0.999936640 0.003532030 -0.387280881 0.004990306 -0.003478860 0.999981523 29.626420975
0.999936163 0.010319297 -0.004605741 -0.347912073 -0.010302561 0.999940276 0.003642792 -0.383533269 0.004643057 -0.003595108 0.999982774 30.034917831
0.999933422 0.010479769 -0.004825572 -0.350726157 -0.010460774 0.999937475 0.003944769 -0.396731377 0.004866611 -0.003894027 0.999980569 30.464101791
0.999930143 0.010865783 -0.004654087 -0.379043460 -0.010845918 0.999932051 0.004272599 -0.400465578 0.004700196 -0.004221822 0.999980032 30.921112061
0.999933064 0.010499744 -0.004861202 -0.375483364 -0.010475824 0.999933004 0.004920217 -0.407281816 0.004912538 -0.004868962 0.999976099 31.327558517
0.999946535 0.009577701 -0.003899811 -0.416731298 -0.009558559 0.999942303 0.004897615 -0.403772563 0.003946494 -0.004860077 0.999980390 31.781673431
0.999948323 0.009396601 -0.003879183 -0.408969134 -0.009378375 0.999945045 0.004690595 -0.407091409 0.003923045 -0.004653972 0.999981463 32.174964905
0.999951363 0.009085948 -0.003834257 -0.418916464 -0.009068575 0.999948621 0.004524325 -0.406526178 0.003875168 -0.004489334 0.999982417 32.578289032
0.999947488 0.009637942 -0.003485470 -0.432047039 -0.009624642 0.999946415 0.003812670 -0.410333723 0.003522030 -0.003778923 0.999986649 32.996017456
0.999944448 0.010013498 -0.003298199 -0.440775990 -0.009999878 0.999941528 0.004120746 -0.409390211 0.003339269 -0.004087535 0.999986053 33.391086578
0.999940574 0.010482742 -0.003003071 -0.478487700 -0.010469597 0.999935687 0.004360069 -0.411272466 0.003048583 -0.004328369 0.999985993 33.844081879
0.999950647 0.009479344 -0.002970144 -0.499530286 -0.009465328 0.999944150 0.004697821 -0.401909411 0.003014511 -0.004669475 0.999984562 34.254943848
0.999956429 0.008769253 -0.003204483 -0.502693176 -0.008753665 0.999949932 0.004846522 -0.412683725 0.003246823 -0.004818260 0.999983132 34.643665314
0.999953985 0.008907184 -0.003565060 -0.515905201 -0.008887754 0.999945760 0.005429456 -0.412807226 0.003613228 -0.005397521 0.999978900 35.039775848
0.999956071 0.008583575 -0.003770735 -0.542252958 -0.008562701 0.999948144 0.005517612 -0.409965634 0.003817900 -0.005485082 0.999977648 35.449741364
0.999955058 0.008598437 -0.003991903 -0.580242276 -0.008575318 0.999946594 0.005772801 -0.410108745 0.004041327 -0.005738310 0.999975383 35.866973877
0.999960661 0.007878034 -0.004080025 -0.613761365 -0.007854866 0.999953091 0.005663817 -0.408501357 0.004124454 -0.005631546 0.999975622 36.290069580
0.999957323 0.008424364 -0.003790907 -0.650348544 -0.008401029 0.999945939 0.006130006 -0.408716798 0.003842343 -0.006097897 0.999974012 36.662967682
0.999954760 0.007601820 -0.005713097 -0.633539915 -0.007563340 0.999948740 0.006727137 -0.414009422 0.005763943 -0.006683623 0.999961078 37.048072815
0.999949098 0.008158066 -0.005933310 -0.691346705 -0.008119827 0.999946296 0.006440585 -0.411055297 0.005985534 -0.006392079 0.999961674 37.449169159
0.999951422 0.007453743 -0.006452009 -0.705950379 -0.007413988 0.999953508 0.006163807 -0.408268720 0.006497652 -0.006115672 0.999960184 37.809616089
0.999948561 0.007256262 -0.007082758 -0.737070262 -0.007214553 0.999956608 0.005896728 -0.405199140 0.007125238 -0.005845326 0.999957502 38.199031830
0.999939740 0.007309698 -0.008193238 -0.761439085 -0.007251767 0.999948680 0.007078123 -0.410042256 0.008244555 -0.007018281 0.999941409 38.565986633
0.999940157 0.006681480 -0.008664476 -0.792828858 -0.006621258 0.999953866 0.006960594 -0.409243315 0.008710583 -0.006902807 0.999938250 38.940368652
0.999927878 0.007787249 -0.009141088 -0.850704968 -0.007725494 0.999947250 0.006771740 -0.416358292 0.009193338 -0.006700632 0.999935269 39.375743866
0.999925435 0.007910592 -0.009303576 -0.885013580 -0.007855167 0.999951243 0.005978990 -0.397162259 0.009350420 -0.005905463 0.999938846 39.696216583
0.999919295 0.007492256 -0.010257471 -0.922771215 -0.007416700 0.999945223 0.007384341 -0.422399610 0.010312235 -0.007307669 0.999920130 40.115547180
0.999907672 0.007512699 -0.011325295 -0.947364688 -0.007431826 0.999946713 0.007166167 -0.420841813 0.011378529 -0.007081338 0.999910176 40.461444855
0.999894917 0.008181320 -0.011969004 -0.984535456 -0.008099300 0.999943495 0.006885156 -0.424183190 0.012024658 -0.006787491 0.999904692 40.808082581
0.999896109 0.007296371 -0.012431422 -1.016964197 -0.007208689 0.999948919 0.007083572 -0.413391918 0.012482472 -0.006993222 0.999897659 41.140502930
0.999889135 0.007355144 -0.012945808 -1.069680333 -0.007262697 0.999947906 0.007173636 -0.410593182 0.012997897 -0.007078819 0.999890447 41.518924713
0.999880433 0.008269589 -0.013066137 -1.145789266 -0.008175447 0.999940336 0.007242161 -0.410763115 0.013125247 -0.007134474 0.999888420 41.913333893
0.999869883 0.008247015 -0.013865316 -1.180675507 -0.008149546 0.999941766 0.007071574 -0.403006911 0.013922829 -0.006957658 0.999878883 42.293880463
0.999864042 0.007876265 -0.014488209 -1.205386519 -0.007766151 0.999940634 0.007640821 -0.409443796 0.014547531 -0.007527264 0.999865830 42.614540100
0.999861836 0.008374666 -0.014359754 -1.256978750 -0.008250298 0.999928117 0.008698345 -0.422201961 0.014431568 -0.008578670 0.999859035 42.973022461
0.999854803 0.009115604 -0.014399004 -1.269220948 -0.008996679 0.999925077 0.008302601 -0.421623856 0.014473609 -0.008171853 0.999861836 43.443065643
0.999848902 0.009782781 -0.014370472 -1.286816478 -0.009674017 0.999924183 0.007618663 -0.422739714 0.014443914 -0.007478491 0.999867737 43.894149780
0.999853551 0.008491475 -0.014857691 -1.279485464 -0.008371836 0.999932170 0.008096082 -0.432839364 0.014925431 -0.007970510 0.999856830 44.373306274
0.999856770 0.008749750 -0.014486698 -1.290241718 -0.008628564 0.999927461 0.008406783 -0.434148967 0.014559205 -0.008280579 0.999859750 44.825580597
0.999842107 0.009963307 -0.014714200 -1.295498729 -0.009838617 0.999915302 0.008522295 -0.438260704 0.014797864 -0.008376182 0.999855399 45.253211975
0.999837279 0.010542208 -0.014639311 -1.315417290 -0.010426574 0.999913990 0.007952850 -0.445638686 0.014721894 -0.007798919 0.999861240 45.650978088
0.999844015 0.010649164 -0.014089182 -1.368992448 -0.010543669 0.999915957 0.007540920 -0.444214642 0.014168303 -0.007391192 0.999872327 45.976264954
0.999869227 0.009643016 -0.012980849 -1.444448352 -0.009546328 0.999926388 0.007490017 -0.423776418 0.013052120 -0.007365118 0.999887705 46.281486511
0.999858975 0.009745228 -0.013678456 -1.480113506 -0.009633186 0.999919713 0.008233251 -0.431547076 0.013757592 -0.008100323 0.999872565 46.580223083
0.999873877 0.009540433 -0.012699077 -1.548274994 -0.009440659 0.999924302 0.007893716 -0.424513429 0.012773425 -0.007772833 0.999888182 46.834819794
0.999867082 0.010434608 -0.012528841 -1.583675861 -0.010330756 0.999911964 0.008325332 -0.425322324 0.012614611 -0.008194792 0.999886870 47.122833252
0.999872327 0.010110322 -0.012375928 -1.632637501 -0.010007078 0.999914825 0.008376052 -0.424700201 0.012459558 -0.008251135 0.999888361 47.389209747
0.999876082 0.010213419 -0.011981168 -1.692633986 -0.010114963 0.999914825 0.008249557 -0.423115671 0.012064404 -0.008127345 0.999894202 47.657524109
0.999879599 0.009807432 -0.012023448 -1.754196882 -0.009712681 0.999921501 0.007913794 -0.411112994 0.012100119 -0.007796062 0.999896407 47.937736511
0.999861062 0.009625580 -0.013608665 -1.758652210 -0.009518861 0.999923587 0.007885165 -0.401906252 0.013683525 -0.007754530 0.999876320 48.159523010
0.999868751 0.009441166 -0.013164151 -1.825379848 -0.009334046 0.999922991 0.008175079 -0.404222965 0.013240320 -0.008051131 0.999879956 48.436046600
0.999869525 0.009536863 -0.013036779 -1.891118526 -0.009436986 0.999925792 0.007701293 -0.396310836 0.013109258 -0.007577260 0.999885380 48.705104828
0.999863684 0.010115317 -0.013048587 -1.935011983 -0.010013198 0.999918938 0.007867795 -0.402712762 0.013127114 -0.007736065 0.999883890 48.936248779
0.999877930 0.009523055 -0.012385701 -2.011711359 -0.009429526 0.999926746 0.007587915 -0.389694661 0.012457053 -0.007470198 0.999894500 49.190639496
0.999871194 0.010842784 -0.011833971 -2.097944021 -0.010764770 0.999920011 0.006636267 -0.382206887 0.011904980 -0.006508022 0.999907970 49.449089050
0.999888241 0.010313871 -0.010820664 -2.173941851 -0.010240567 0.999924362 0.006808096 -0.388151914 0.010890064 -0.006696525 0.999918282 49.732231140
0.999902427 0.010137268 -0.009608700 -2.233880758 -0.010077135 0.999929488 0.006286147 -0.381103218 0.009671747 -0.006188705 0.999934077 49.994457245
0.999911785 0.010504869 -0.008125554 -2.308317423 -0.010458144 0.999928653 0.005771646 -0.367512494 0.008185605 -0.005686159 0.999950349 50.264812469
0.999911785 0.011096825 -0.007297429 -2.360090733 -0.011054983 0.999922335 0.005749184 -0.364830017 0.007360660 -0.005668004 0.999956846 50.478431702
0.999920666 0.010561116 -0.006864737 -2.383089066 -0.010524973 0.999930680 0.005279902 -0.360228747 0.006920023 -0.005207232 0.999962509 50.688480377
0.999912143 0.011026074 -0.007359453 -2.397558451 -0.010992760 0.999929190 0.004551906 -0.356066644 0.007409122 -0.004470605 0.999962568 50.883735657
0.999917567 0.011293168 -0.006108027 -2.526791573 -0.011263211 0.999924481 0.004916861 -0.354817063 0.006163092 -0.004847660 0.999969244 51.182933807
0.999919474 0.011337781 -0.005703784 -2.561808586 -0.011310299 0.999924362 0.004827656 -0.356731117 0.005758088 -0.004762756 0.999972105 51.426979065
0.999924600 0.011362907 -0.004658190 -2.623668432 -0.011342675 0.999926209 0.004346980 -0.346975237 0.004707240 -0.004293816 0.999979675 51.676769257
0.999923408 0.011765231 -0.003838581 -2.684903622 -0.011749916 0.999922991 0.003988541 -0.339670509 0.003885212 -0.003943132 0.999984682 51.935668945
0.999922156 0.012247301 -0.002391424 -2.743677378 -0.012239882 0.999920309 0.003092492 -0.345073760 0.002429108 -0.003062980 0.999992371 52.207157135
0.999932826 0.011556813 -0.000863146 -2.785774946 -0.011555512 0.999932110 0.001498078 -0.351260036 0.000880401 -0.001488004 0.999998510 52.476650238
0.999933839 0.011340618 0.001925699 -2.864795685 -0.011339650 0.999935567 -0.000512470 -0.338258713 -0.001931387 0.000490599 0.999998033 52.783485413
0.999919891 0.011761147 0.004684537 -2.919773579 -0.011756957 0.999930441 -0.000920880 -0.337336361 -0.004695042 0.000865731 0.999988616 53.065029144
0.999876559 0.013349618 0.008286012 -2.987942934 -0.013349900 0.999910891 -0.000021242 -0.335605264 -0.008285558 -0.000089378 0.999965668 53.401008606
0.999810696 0.014724669 0.012716176 -3.074703217 -0.014733898 0.999891222 0.000632345 -0.322566867 -0.012705482 -0.000819584 0.999918938 53.743736267
0.999730408 0.015343873 0.017427184 -3.124186516 -0.015353648 0.999882042 0.000427284 -0.312322140 -0.017418573 -0.000694740 0.999848068 54.081428528
0.999616444 0.014952363 0.023309622 -3.184401751 -0.014954463 0.999888182 -0.000084279 -0.304254740 -0.023308275 -0.000264336 0.999728262 54.450435638
0.999484420 0.013522778 0.029121842 -3.233608007 -0.013541698 0.999908209 0.000452536 -0.298055381 -0.029113049 -0.000846662 0.999575794 54.804138184
0.999333560 0.012458436 0.034309946 -3.257672310 -0.012500690 0.999921322 0.001017308 -0.296261847 -0.034294575 -0.001445528 0.999410748 55.134033203
0.999093056 0.012317635 0.040758934 -3.307498455 -0.012323027 0.999924064 -0.000118943 -0.267444700 -0.040757302 -0.000383438 0.999168992 55.520076752
0.998850524 0.013648204 0.045949742 -3.303635597 -0.013607129 0.999906719 -0.001206570 -0.269339889 -0.045961920 0.000579939 0.998943031 55.823768616
0.998562634 0.013845371 0.051778078 -3.302204609 -0.013712987 0.999901712 -0.002911167 -0.266992539 -0.051813297 0.002196950 0.998654366 56.159313202
0.998243034 0.013950220 0.057586931 -3.317100048 -0.013787651 0.999899745 -0.003219389 -0.256240785 -0.057626069 0.002419744 0.998335302 56.542949677
0.997871876 0.012919200 0.063912250 -3.332523346 -0.012834701 0.999916136 -0.001732508 -0.256613016 -0.063929267 0.000908526 0.997954011 56.959873199
0.997438788 0.012767148 0.070376910 -3.349920273 -0.012700122 0.999918342 -0.001399783 -0.246901721 -0.070389032 0.000502402 0.997519493 57.407207489
0.997002840 0.012354151 0.076371945 -3.350587845 -0.012249448 0.999923289 -0.001839272 -0.237982184 -0.076388814 0.000898245 0.997077703 57.845798492
0.996487081 0.012829022 0.082758389 -3.358983278 -0.012697688 0.999917150 -0.002113100 -0.230849698 -0.082778640 0.001054837 0.996567428 58.324169159
0.995903552 0.012386682 0.089569673 -3.359551668 -0.012184510 0.999921858 -0.002803601 -0.224976867 -0.089597404 0.001700753 0.995976627 58.838039398
0.995317101 0.011708592 0.095951669 -3.344045401 -0.011592433 0.999931216 -0.001767971 -0.246398270 -0.095965765 0.000647379 0.995384395 59.374881744
0.994734764 0.012501517 0.101717755 -3.307948828 -0.012471288 0.999921799 -0.000933131 -0.260876775 -0.101721466 -0.000340333 0.994812846 59.932914734
0.994091868 0.011770898 0.107901715 -3.232061148 -0.011695424 0.999930739 -0.001332291 -0.267932773 -0.107909925 0.000062463 0.994160652 60.588314056
0.993419707 0.011097337 0.113991998 -3.161829710 -0.011015291 0.999938428 -0.001349624 -0.273385108 -0.113999955 0.000085088 0.993480742 61.231773376
0.992770791 0.011189987 0.119502664 -3.082567692 -0.011145611 0.999937356 -0.001039705 -0.275824130 -0.119506814 -0.000299741 0.992833316 61.896247864
0.992149234 0.010924517 0.124581516 -2.989737511 -0.010907547 0.999940157 -0.000818340 -0.282726824 -0.124582998 -0.000546964 0.992209017 62.556179047
0.991369963 0.011347448 0.130601600 -2.906636477 -0.011346038 0.999935329 -0.000754912 -0.285646141 -0.130601719 -0.000733414 0.991434634 63.240707397
0.990719318 0.010967370 0.135480642 -2.803089857 -0.011041560 0.999939024 -0.000203823 -0.294295639 -0.135474607 -0.001293987 0.990779996 63.917850494
0.990000844 0.010237359 0.140689597 -2.703459263 -0.010321895 0.999946713 -0.000128864 -0.296634734 -0.140683413 -0.001324607 0.990053773 64.612800598
0.989418149 0.009526776 0.144779071 -2.604159355 -0.009603554 0.999953866 -0.000168570 -0.303320527 -0.144773990 -0.001223607 0.989463985 65.322624207
0.989108920 0.008693310 0.146928534 -2.496339083 -0.008856419 0.999960661 0.000455973 -0.306869566 -0.146918789 -0.001752267 0.989147007 66.042816162
0.988903522 0.007759376 0.148356318 -2.388805866 -0.007913345 0.999968588 0.000447583 -0.313017547 -0.148348182 -0.001616611 0.988933861 66.761756897
0.988877594 0.007724726 0.148530945 -2.274921179 -0.007822528 0.999969423 0.000074284 -0.318820119 -0.148525834 -0.001235345 0.988907754 67.497291565
0.988863647 0.008147439 0.148601249 -2.170664549 -0.008178866 0.999966502 -0.000399609 -0.322342962 -0.148599520 -0.000820231 0.988897145 68.249046326
0.989016891 0.007901850 0.147590980 -2.054837704 -0.007858807 0.999968708 -0.000874786 -0.328222930 -0.147593275 -0.000294711 0.989048123 69.013656616
0.989154577 0.008095765 0.146655157 -1.945507526 -0.008066791 0.999967158 -0.000792305 -0.336952955 -0.146656767 -0.000399324 0.989187360 69.786468506
0.989386916 0.008110628 0.145078599 -1.836864114 -0.007921617 0.999966860 -0.001880469 -0.337795734 -0.145089045 0.000711254 0.989418328 70.569709778
0.989651740 0.007500683 0.143294096 -1.723572850 -0.007351595 0.999971747 -0.001569863 -0.344248950 -0.143301815 0.000500178 0.989678919 71.363151550
0.990083575 0.007455329 0.140281647 -1.611974001 -0.007424693 0.999972165 -0.000741759 -0.358867884 -0.140283272 -0.000307145 0.990111351 72.162544250
0.990517318 0.007482474 0.137183979 -1.513259649 -0.007389171 0.999971986 -0.001189374 -0.364115804 -0.137189031 0.000164420 0.990544856 72.969245911
0.991056740 0.007607260 0.133223951 -1.415519238 -0.007673276 0.999970555 -0.000017896 -0.377500117 -0.133220166 -0.001004528 0.991085947 73.787055969
0.991674185 0.007071024 0.128577873 -1.308429599 -0.007267950 0.999972999 0.001062431 -0.380763799 -0.128566891 -0.001988083 0.991698861 74.621986389
0.992343485 0.006651735 0.123329654 -1.208757162 -0.007025421 0.999971926 0.002595333 -0.391841382 -0.123308934 -0.003441904 0.992362380 75.444381714
0.992966354 0.007255915 0.118174165 -1.113436580 -0.007673052 0.999965847 0.003075255 -0.394678622 -0.118147813 -0.003960381 0.992988110 76.272300720
0.993531823 0.006303207 0.113378726 -1.023228645 -0.006739083 0.999971330 0.003461563 -0.394169867 -0.113353655 -0.004203241 0.993545830 77.092689514
0.994129658 0.006455761 0.108002327 -0.940899253 -0.006922140 0.999968290 0.003943881 -0.401881933 -0.107973441 -0.004668336 0.994142830 77.913909912
0.994768858 0.006537556 0.101942100 -0.856364608 -0.006955201 0.999968827 0.003741982 -0.402626872 -0.101914451 -0.004431435 0.994783282 78.721664429
0.995302737 0.006585325 0.096587330 -0.784575224 -0.006932600 0.999970675 0.003260306 -0.406752557 -0.096563026 -0.003914592 0.995319188 79.536163330
0.995832264 0.007725160 0.090875998 -0.725016475 -0.008066216 0.999961734 0.003386308 -0.412207782 -0.090846360 -0.004105221 0.995856464 80.340278625
0.996347547 0.007330208 0.085075267 -0.659447432 -0.007648737 0.999964893 0.003418726 -0.421364546 -0.085047215 -0.004056958 0.996368647 81.153060913
0.996797383 0.007732026 0.079593822 -0.602896214 -0.008044121 0.999961138 0.003601188 -0.434002161 -0.079562888 -0.004229917 0.996820867 81.962097168
0.997267187 0.007908456 0.073454663 -0.539705813 -0.008207232 0.999959230 0.003766540 -0.436558485 -0.073421881 -0.004359107 0.997291446 82.764869690
0.997661114 0.008507187 0.067823157 -0.490590781 -0.008810606 0.999952495 0.004175792 -0.444415361 -0.067784406 -0.004763588 0.997688591 83.555564880
0.997993112 0.008870780 0.062697716 -0.451555520 -0.009147479 0.999949634 0.004127559 -0.450246215 -0.062657945 -0.004692802 0.998024046 84.357177734
0.998283863 0.008787534 0.057897676 -0.420386463 -0.009040344 0.999950707 0.004105990 -0.455220431 -0.057858743 -0.004622358 0.998314083 85.143318176
0.998565555 0.008636885 0.052841220 -0.383098602 -0.008887142 0.999950349 0.004502869 -0.463655591 -0.052799705 -0.004966017 0.998592794 85.957031250
0.998819828 0.008494194 0.047821037 -0.352415115 -0.008728878 0.999950826 0.004700842 -0.474634707 -0.047778755 -0.005112718 0.998844862 86.745704651
0.998995662 0.009377113 0.043815017 -0.335152179 -0.009572523 0.999945164 0.004252211 -0.477178544 -0.043772738 -0.004667360 0.999030590 87.529495239
0.999146283 0.010147589 0.040046677 -0.318951696 -0.010346793 0.999935091 0.004770157 -0.481522024 -0.039995670 -0.005180439 0.999186397 88.316680908
0.999277472 0.010110230 0.036638025 -0.299092412 -0.010296681 0.999934971 0.004903888 -0.487664580 -0.036586061 -0.005277595 0.999316573 89.097023010
0.999384522 0.010020738 0.033618160 -0.280176491 -0.010222534 0.999930739 0.005836090 -0.495174080 -0.033557348 -0.006176160 0.999417722 89.884094238
0.999476612 0.009677735 0.030868078 -0.261892647 -0.009861715 0.999934494 0.005813518 -0.498647332 -0.030809794 -0.006114888 0.999506533 90.666503906
0.999538660 0.009514839 0.028843941 -0.251140982 -0.009662092 0.999940991 0.004970061 -0.505346715 -0.028794948 -0.005246461 0.999571562 91.449096680
0.999576747 0.010758248 0.027029254 -0.244120315 -0.010861081 0.999934316 0.003660557 -0.508122921 -0.026988097 -0.003952574 0.999627948 92.220237732
0.999614954 0.010542212 0.025666567 -0.223328367 -0.010634135 0.999937534 0.003447562 -0.513775110 -0.025628617 -0.003719176 0.999664605 93.006767273
0.999649107 0.010321825 0.024394862 -0.211092457 -0.010417958 0.999938428 0.003816909 -0.519054651 -0.024353962 -0.004069714 0.999695122 93.791091919
0.999686301 0.010247837 0.022852572 -0.188780367 -0.010328592 0.999940813 0.003418498 -0.522096038 -0.022816187 -0.003653460 0.999733031 94.595291138
0.999706209 0.010502283 0.021844232 -0.181581408 -0.010576401 0.999938667 0.003280258 -0.527533531 -0.021808444 -0.003510328 0.999755979 95.381813049
0.999724090 0.011334679 0.020574417 -0.167732432 -0.011402431 0.999929965 0.003178694 -0.531284332 -0.020536946 -0.003412416 0.999783278 96.190254211
0.999748945 0.010755952 0.019654615 -0.162273973 -0.010823671 0.999935865 0.003342346 -0.539593101 -0.019617403 -0.003554242 0.999801219 96.989250183
0.999764264 0.011351110 0.018509885 -0.145104557 -0.011407719 0.999930561 0.002955567 -0.541830480 -0.018475052 -0.003166026 0.999824286 97.809776306
0.999767780 0.012030111 0.017877979 -0.158903778 -0.012082888 0.999922931 0.002846948 -0.550070345 -0.017842354 -0.003062305 0.999836147 98.582427979
0.999754012 0.012520366 0.018306395 -0.212299630 -0.012563236 0.999918580 0.002228670 -0.544058263 -0.018277001 -0.002458109 0.999829948 99.319786072
0.999733746 0.014097014 0.018269239 -0.262745082 -0.014129677 0.999898791 0.001660000 -0.537092745 -0.018243989 -0.001917696 0.999831736 100.058631897
0.999714136 0.015019166 0.018602867 -0.320294678 -0.015034454 0.999886751 0.000682196 -0.528428674 -0.018590514 -0.000961685 0.999826729 100.790061951
0.999713898 0.014709562 0.018859932 -0.388040960 -0.014721517 0.999891520 0.000495201 -0.513130307 -0.018850602 -0.000772706 0.999822021 101.525703430
0.999730289 0.014504643 0.018137150 -0.426974326 -0.014515297 0.999894559 0.000455931 -0.519655347 -0.018128622 -0.000719074 0.999835432 102.331077576
0.999766052 0.014212176 0.016305188 -0.415501833 -0.014219888 0.999898851 0.000357204 -0.519333422 -0.016298462 -0.000588979 0.999867022 103.205207825
0.999799311 0.014281851 0.014050372 -0.409004927 -0.014297129 0.999897301 0.000987438 -0.531851351 -0.014034827 -0.001188120 0.999900818 104.092880249
0.999838829 0.013600385 0.011717771 -0.396027863 -0.013609602 0.999907136 0.000707254 -0.537236214 -0.011707064 -0.000866614 0.999931097 104.988212585
0.999852538 0.014179186 0.009686397 -0.396991223 -0.014188212 0.999898970 0.000863752 -0.543188691 -0.009673171 -0.001001058 0.999952734 105.878547668
0.999875069 0.013755623 0.007786745 -0.409920782 -0.013754870 0.999905407 -0.000150340 -0.545587778 -0.007788076 0.000043215 0.999969661 106.778099060
0.999886215 0.013923069 0.005810108 -0.419430465 -0.013922296 0.999903083 -0.000173540 -0.556592405 -0.005811961 0.000092630 0.999983132 107.675628662
0.999897242 0.013825791 0.003786614 -0.424759209 -0.013823831 0.999904275 -0.000543382 -0.562835634 -0.003793764 0.000490981 0.999992669 108.591453552
0.999896526 0.014265492 0.001848156 -0.426946700 -0.014264475 0.999898076 -0.000562487 -0.570105851 -0.001855992 0.000536065 0.999998152 109.514411926
0.999891698 0.014712247 0.000350705 -0.440727055 -0.014712125 0.999891698 -0.000349402 -0.574868739 -0.000355808 0.000344205 0.999999881 110.431503296
0.999890983 0.014746903 -0.000764212 -0.454369217 -0.014746668 0.999891222 0.000311539 -0.588078797 0.000768723 -0.000300235 0.999999642 111.375183105
0.999874115 0.015615263 -0.002812725 -0.456475526 -0.015614269 0.999878049 0.000374705 -0.587993979 0.002818234 -0.000330739 0.999995947 112.311676025
0.999866307 0.015551235 -0.005054345 -0.459010303 -0.015549293 0.999879003 0.000423155 -0.593628526 0.005060314 -0.000344507 0.999987125 113.270248413
0.999856353 0.015663583 -0.006476585 -0.475972772 -0.015657365 0.999876916 0.001009589 -0.609295785 0.006491601 -0.000908038 0.999978542 114.233245850
0.999840438 0.015608461 -0.008687197 -0.486373007 -0.015607999 0.999878168 0.000120973 -0.608442605 0.008688027 0.000014636 0.999962270 115.199409485
0.999840200 0.014822289 -0.009995167 -0.506111920 -0.014822043 0.999890149 0.000098809 -0.622418284 0.009995533 0.000049355 0.999950051 116.170707703
0.999823093 0.014410663 -0.012085463 -0.518955052 -0.014410880 0.999896169 0.000069167 -0.628179967 0.012085205 0.000105008 0.999926984 117.142738342
0.999794543 0.015133805 -0.013485957 -0.539920688 -0.015124907 0.999885321 0.000761553 -0.634412467 0.013495936 -0.000557423 0.999908745 118.136901855
0.999761760 0.014584724 -0.016239986 -0.548955023 -0.014579584 0.999893606 0.000434895 -0.641771495 0.016244601 -0.000198019 0.999868035 119.121673584
0.999754965 0.014873843 -0.016394973 -0.582356215 -0.014852699 0.999888718 0.001410646 -0.654234350 0.016414130 -0.001166791 0.999864578 120.109565735
0.999733567 0.014830434 -0.017687896 -0.606492400 -0.014806030 0.999889255 0.001509835 -0.659272969 0.017708329 -0.001247545 0.999842405 121.082359314
0.999705553 0.015532187 -0.018643502 -0.629439175 -0.015481979 0.999876142 0.002834400 -0.668921590 0.018685216 -0.002544927 0.999822199 122.081741333
0.999684632 0.016371923 -0.019041210 -0.692047954 -0.016321233 0.999862850 0.002814506 -0.671103716 0.019084677 -0.002502842 0.999814749 123.006065369
0.999702513 0.017137870 -0.017354231 -0.794636965 -0.017083174 0.999848664 0.003295105 -0.675753832 0.017408075 -0.002997659 0.999843955 123.866844177
0.999729693 0.016695980 -0.016181014 -0.870964825 -0.016639981 0.999855101 0.003589212 -0.682893217 0.016238594 -0.003318991 0.999862611 124.780357361
0.999732435 0.018226227 -0.014243693 -0.958395779 -0.018189115 0.999830842 0.002730754 -0.700393438 0.014291056 -0.002470943 0.999894798 125.588851929
0.999747038 0.018724289 -0.012458418 -1.058151722 -0.018697213 0.999822557 0.002286218 -0.702598691 0.012499016 -0.002052702 0.999919772 126.440574646
0.999737859 0.020013066 -0.011122374 -1.103588820 -0.019997688 0.999798894 0.001492042 -0.707791448 0.011149998 -0.001269229 0.999937057 127.204277039
0.999712706 0.021085186 -0.011400119 -1.122534156 -0.021070858 0.999777019 0.001375539 -0.717191517 0.011426581 -0.001134933 0.999934077 127.936851501
0.999667108 0.023191685 -0.011303570 -1.130302310 -0.023176948 0.999730349 0.001433180 -0.728330910 0.011333761 -0.001170720 0.999935091 128.627670288
0.999701798 0.021644823 -0.011305748 -1.125483036 -0.021623518 0.999764204 0.002003332 -0.734919608 0.011346444 -0.001758264 0.999934077 129.305831909
0.999656796 0.023743657 -0.011071023 -1.150867939 -0.023720888 0.999716222 0.002183416 -0.743979633 0.011119723 -0.001920052 0.999936342 130.024276733
0.999615431 0.025775645 -0.010227841 -1.188258529 -0.025755044 0.999665976 0.002140822 -0.751919389 0.010279606 -0.001876580 0.999945402 130.759979248
0.999599397 0.026451617 -0.010068514 -1.204769850 -0.026425024 0.999646962 0.002765179 -0.760254443 0.010138104 -0.002498010 0.999945462 131.461730957
0.999564171 0.027967094 -0.009451220 -1.232578397 -0.027937980 0.999604523 0.003198472 -0.772355378 0.009536934 -0.002933030 0.999950230 132.177215576
0.999533415 0.029251484 -0.008789297 -1.256788850 -0.029227348 0.999568701 0.002862182 -0.779640317 0.008869230 -0.002603959 0.999957263 132.884429932
