1.000000000 0.000000000 0.000000000 0.000000000 0.000000000 1.000000000 0.000000000 0.000000000 0.000000000 0.000000000 1.000000000 0.000000000
0.999997497 0.000907800 0.002046801 -0.007146187 -0.000905641 0.999999046 -0.001055262 -0.018116120 -0.002047757 0.001053406 0.999997377 1.234645247
0.999993503 0.001318511 0.003356637 -0.006365446 -0.001316852 0.999998987 -0.000496450 -0.039916225 -0.003357288 0.000492027 0.999994218 2.455185413
0.999990165 0.000865550 0.004353828 -0.003714606 -0.000864797 0.999999583 -0.000174950 -0.061129995 -0.004353978 0.000171183 0.999990523 3.672010422
0.999985278 0.000483516 0.005399755 -0.002354290 -0.000483493 0.999999881 -0.000005556 -0.084986947 -0.005399757 0.000002945 0.999985397 4.871446609
0.999980032 0.000162494 0.006314656 0.001383427 -0.000163751 0.999999940 0.000198526 -0.106625199 -0.006314624 -0.000199556 0.999980032 6.084774017
0.999975264 0.000330971 0.007028159 0.006350441 -0.000325029 0.999999583 -0.000846558 -0.130570814 -0.007028436 0.000844253 0.999974966 7.293017387
0.999969244 0.000279417 0.007840226 0.009252874 -0.000271990 0.999999523 -0.000948395 -0.152374506 -0.007840487 0.000946234 0.999968827 8.499671936
0.999970436 -0.000698270 0.007660646 0.018032113 0.000693207 0.999999523 0.000663505 -0.174553916 -0.007661106 -0.000658175 0.999970436 9.704494476
0.999979019 -0.001017105 0.006395751 0.027114710 0.001008649 0.999998629 0.001325338 -0.193102941 -0.006397090 -0.001318859 0.999978662 10.929453850
0.999988914 -0.002354928 0.004081057 0.025575636 0.002350868 0.999996722 0.000999391 -0.214079276 -0.004083397 -0.000989786 0.999991179 12.134639740
0.999995649 -0.002230962 0.001927762 0.022299351 0.002230263 0.999997437 0.000364310 -0.228749439 -0.001928570 -0.000360009 0.999998093 13.351611137
0.999997854 -0.001884928 0.000836190 0.017509496 0.001884637 0.999998152 0.000347961 -0.254650414 -0.000836844 -0.000346385 0.999999583 14.571331978
0.999999940 -0.000382496 -0.000068914 0.013554331 0.000382498 0.999999940 0.000028668 -0.272862881 0.000068903 -0.000028694 1.000000000 15.791513443
0.999999762 -0.000319728 -0.000621503 0.009802256 0.000319817 0.999999940 0.000142753 -0.292742848 0.000621457 -0.000142951 0.999999821 17.002887726
0.999999046 -0.001026730 -0.000892858 -0.001425622 0.001027177 0.999999344 0.000500685 -0.314281046 0.000892343 -0.000501601 0.999999464 18.217544556
0.999997497 -0.001480204 -0.001686356 -0.003588494 0.001482087 0.999998271 0.001115864 -0.338459849 0.001684701 -0.001118361 0.999997973 19.436077118
0.999996424 -0.001110105 -0.002428674 -0.015793843 0.001109828 0.999999404 -0.000115432 -0.354501277 0.002428801 0.000112736 0.999997020 20.649520874
0.999995649 -0.000729400 -0.002868042 -0.018628359 0.000727369 0.999999464 -0.000709114 -0.375845879 0.002868558 0.000707024 0.999995649 21.862020493
0.999993384 0.000098205 -0.003638713 -0.029382350 -0.000099360 0.999999940 -0.000317321 -0.396008611 0.003638681 0.000317680 0.999993324 23.074048996
0.999989390 -0.000555455 -0.004568691 -0.036021437 0.000554032 0.999999821 -0.000312758 -0.417848498 0.004568864 0.000310224 0.999989510 24.286617279
0.999985635 -0.000300367 -0.005356350 -0.049607210 0.000295879 0.999999583 -0.000838533 -0.439886719 0.005356600 0.000836936 0.999985278 25.500827789
0.999981403 -0.000378406 -0.006082620 -0.063364282 0.000377203 0.999999881 -0.000198920 -0.462498575 0.006082695 0.000196622 0.999981463 26.711488724
0.999975860 -0.001471872 -0.006792733 -0.076173320 0.001482316 0.999997735 0.001532666 -0.480737627 0.006790462 -0.001542698 0.999975741 27.932003021
0.999969184 -0.001638957 -0.007675321 -0.089699261 0.001649712 0.999997675 0.001395071 -0.498890698 0.007673017 -0.001407690 0.999969542 29.142580032
0.999961674 -0.002456763 -0.008402959 -0.104363285 0.002463657 0.999996662 0.000810241 -0.520335138 0.008400939 -0.000830912 0.999964356 30.351621628
0.999951720 -0.002509288 -0.009498699 -0.113819763 0.002508932 0.999996841 -0.000049294 -0.541419566 0.009498793 0.000025460 0.999954879 31.560157776
0.999945283 -0.001729196 -0.010318766 -0.131971806 0.001730878 0.999998510 0.000154099 -0.565285981 0.010318484 -0.000171951 0.999946773 32.769191742
0.999938846 -0.002470206 -0.010779684 -0.149677068 0.002476609 0.999996781 0.000580623 -0.584868312 0.010778216 -0.000607285 0.999941707 33.992156982
0.999930084 -0.002845122 -0.011478258 -0.166592315 0.002856382 0.999995470 0.000964738 -0.608262241 0.011475462 -0.000997457 0.999933660 35.195556641
0.999924719 -0.003160537 -0.011854803 -0.186844528 0.003172760 0.999994457 0.001012420 -0.632758796 0.011851538 -0.001049956 0.999929190 36.402694702
0.999914408 -0.003422649 -0.012629728 -0.202100456 0.003433863 0.999993742 0.000866360 -0.651514113 0.012626683 -0.000909654 0.999919891 37.606510162
0.999911666 -0.004208080 -0.012607933 -0.222997755 0.004225839 0.999990106 0.001382257 -0.669198632 0.012601992 -0.001435414 0.999919534 38.826763153
0.999910235 -0.003740991 -0.012863688 -0.233763888 0.003772584 0.999989927 0.002432660 -0.686053395 0.012854458 -0.002480971 0.999914289 40.049888611
0.999912202 -0.003520699 -0.012772460 -0.254839391 0.003563214 0.999988198 0.003307429 -0.709004819 0.012760664 -0.003352650 0.999912977 41.273967743
0.999920189 -0.002876878 -0.012303051 -0.281808883 0.002914054 0.999991238 0.003004825 -0.726928473 0.012294298 -0.003040437 0.999919772 42.489158630
0.999923170 -0.001719694 -0.012278021 -0.301360309 0.001756320 0.999994040 0.002972908 -0.742499828 0.012272836 -0.002994243 0.999920189 43.704486847
0.999934793 0.000755501 -0.011395658 -0.329813749 -0.000699072 0.999987483 0.004954922 -0.761606872 0.011399259 -0.004946633 0.999922812 44.929153442
0.999948859 0.000676499 -0.010091227 -0.340229124 -0.000597947 0.999969542 0.007785160 -0.775028646 0.010096187 -0.007778727 0.999918759 46.152805328
0.999963403 0.001405405 -0.008442565 -0.353668153 -0.001316411 0.999943614 0.010537417 -0.784116089 0.008456898 -0.010525917 0.999908864 47.375026703
0.999974728 0.002190261 -0.006763406 -0.371914327 -0.002096001 0.999900997 0.013912546 -0.792208552 0.006793208 -0.013898019 0.999880314 48.593738556
0.999982417 0.001648132 -0.005694296 -0.380657375 -0.001560178 0.999879956 0.015415912 -0.799150348 0.005719020 -0.015406757 0.999864936 49.809032440
0.999991715 -0.000538133 -0.004032898 -0.387613922 0.000593170 0.999906540 0.013658144 -0.801214576 0.004025172 -0.013660423 0.999898612 51.044055939
0.999994397 0.000331779 -0.003327882 -0.389076054 -0.000291723 0.999927580 0.012029947 -0.801384389 0.003331632 -0.012028908 0.999922097 52.272010803
0.999997437 0.000482047 -0.002214285 -0.402517796 -0.000456584 0.999933958 0.011485380 -0.810549557 0.002219675 -0.011484339 0.999931574 53.494155884
0.999997675 -0.000035792 -0.002158575 -0.409881383 0.000059485 0.999939740 0.010977027 -0.816004992 0.002158052 -0.010977129 0.999937415 54.717624664
0.999994993 -0.000782031 -0.003057831 -0.417576432 0.000811867 0.999951959 0.009768074 -0.819432020 0.003050045 -0.009770509 0.999947608 55.939159393
0.999988496 -0.000520635 -0.004763540 -0.426820576 0.000569310 0.999947608 0.010222513 -0.828786075 0.004757969 -0.010225108 0.999936402 57.166542053
0.999981463 -0.000548091 -0.006065371 -0.439307570 0.000617560 0.999934196 0.011457448 -0.835772872 0.006058692 -0.011460981 0.999915957 58.388240814
0.999973059 -0.000633253 -0.007315815 -0.448801190 0.000721751 0.999926507 0.012100466 -0.849034071 0.007307615 -0.012105419 0.999900043 59.603870392
0.999968886 0.000680210 -0.007859978 -0.467563868 -0.000587899 0.999930918 0.011740821 -0.856178284 0.007867421 -0.011735835 0.999900162 60.820983887
0.999962807 0.000876276 -0.008579507 -0.481246293 -0.000776708 0.999932408 0.011601800 -0.862293839 0.008589093 -0.011594705 0.999895871 62.038932800
0.999960840 0.000080852 -0.008849367 -0.498896539 0.000017342 0.999938428 0.011095625 -0.872741818 0.008849720 -0.011095344 0.999899268 63.261878967
0.999959886 -0.001138522 -0.008881588 -0.516022861 0.001229497 0.999946773 0.010244310 -0.884504735 0.008869451 -0.010254820 0.999908090 64.482360840
0.999955535 -0.001504476 -0.009307968 -0.531112790 0.001612938 0.999930739 0.011656086 -0.894634068 0.009289787 -0.011670581 0.999888718 65.700469971
0.999952018 -0.001581401 -0.009669205 -0.547667444 0.001709244 0.999911070 0.013227762 -0.903034925 0.009647427 -0.013243654 0.999865770 66.924324036
0.999949813 -0.000946491 -0.009976627 -0.561023772 0.001061621 0.999932826 0.011541056 -0.911361098 0.009965033 -0.011551067 0.999883652 68.151901245
0.999948680 0.000337341 -0.010122984 -0.582224488 -0.000232569 0.999946415 0.010349282 -0.915559292 0.010125933 -0.010346397 0.999895215 69.365882874
0.999944985 0.002708882 -0.010134936 -0.604716063 -0.002602562 0.999941587 0.010488983 -0.922814429 0.010162758 -0.010462029 0.999893606 70.571075439
0.999939024 0.004412055 -0.010126038 -0.623166859 -0.004304504 0.999934375 0.010618564 -0.932966352 0.010172222 -0.010574328 0.999892354 71.783119202
0.999931991 0.006330585 -0.009793536 -0.642863154 -0.006221737 0.999918997 0.011105029 -0.943009734 0.009863044 -0.011043341 0.999890387 72.992881775
0.999940217 0.006640821 -0.008686901 -0.664766848 -0.006536635 0.999907017 0.011967373 -0.952538133 0.008765567 -0.011909874 0.999890625 74.193809509
0.999941170 0.008490891 -0.006747267 -0.678800762 -0.008402689 0.999880254 0.012994737 -0.961370945 0.006856795 -0.012937278 0.999892771 75.400978088
0.999964595 0.007124138 -0.004472789 -0.682740867 -0.007076309 0.999918580 0.010619578 -0.968383133 0.004548080 -0.010587551 0.999933600 76.603202820
0.999986887 0.004851557 -0.001633580 -0.688898861 -0.004842410 0.999972820 0.005557457 -0.979670286 0.001660498 -0.005549474 0.999983251 77.786437988
0.999980807 0.006156327 0.000677445 -0.691899180 -0.006159626 0.999968648 0.004981813 -0.988702178 -0.000646754 -0.004985890 0.999987364 78.972984314
0.999980092 0.005243241 0.003506477 -0.690169632 -0.005273282 0.999948978 0.008613580 -1.003274083 -0.003461135 -0.008631899 0.999956727 80.161003113
0.999962270 0.005253918 0.006916795 -0.686964512 -0.005322319 0.999936759 0.009907966 -1.015238643 -0.006864302 -0.009944405 0.999926984 81.342201233
0.999920428 0.005996568 0.011099293 -0.679593801 -0.006084199 0.999950469 0.007878387 -1.022484303 -0.011051500 -0.007945291 0.999907374 82.519981384
0.999884725 0.004800835 0.014403040 -0.665212393 -0.004870378 0.999976635 0.004797197 -1.036278009 -0.014379673 -0.004866792 0.999884784 83.689018250
0.999834597 0.003821148 0.017781572 -0.645930052 -0.003845558 0.999991715 0.001338784 -1.051555872 -0.017776309 -0.001406942 0.999840975 84.855026245
0.999771178 0.003274227 0.021139843 -0.625378489 -0.003282197 0.999994576 0.000342314 -1.071637630 -0.021138608 -0.000411621 0.999776483 86.027465820
0.999688268 0.003162359 0.024767309 -0.597920775 -0.003215506 0.999992609 0.002106323 -1.093498349 -0.024760466 -0.002185305 0.999691010 87.196067810
0.999585330 0.004360929 0.028463762 -0.577850282 -0.004435783 0.999986887 0.002567189 -1.113830924 -0.028452193 -0.002692384 0.999591529 88.377700806
0.999474764 0.003907474 0.032169729 -0.543961048 -0.003923607 0.999992192 0.000438372 -1.134502530 -0.032167763 -0.000564363 0.999482334 89.547042847
0.999354541 0.004283722 0.035667382 -0.511205256 -0.004227518 0.999989688 -0.001651056 -1.158228278 -0.035674088 0.001499206 0.999362350 90.707603455
0.999238253 0.004193445 0.038798783 -0.467991799 -0.004110013 0.999989092 -0.002229894 -1.174712539 -0.038807709 0.002068731 0.999244571 91.873687744
0.999124229 0.002892238 0.041742846 -0.424434960 -0.002860176 0.999995589 -0.000827787 -1.199319720 -0.041745055 0.000707670 0.999128044 93.045646667
0.999009192 0.002313573 0.044443745 -0.377174973 -0.002340715 0.999997079 0.000558679 -1.219538927 -0.044442326 -0.000662156 0.999011755 94.215538025
0.998897672 0.001666115 0.046910748 -0.321683466 -0.001781332 0.999995470 0.002414387 -1.237786293 -0.046906512 -0.002495290 0.998896182 95.393013000
0.998781383 0.000004232 0.049353074 -0.266672283 -0.000164067 0.999994755 0.003234551 -1.253741264 -0.049352802 -0.003238706 0.998776138 96.565521240
0.998677790 -0.001095078 0.051394835 -0.204329446 0.001040598 0.999998868 0.001086780 -1.273809552 -0.051395968 -0.001031861 0.998677850 97.733070374
0.998553813 -0.002433017 0.053706706 -0.142485783 0.002566906 0.999993742 -0.002424133 -1.294628143 -0.053700473 0.002558487 0.998553813 98.926353455
0.998441756 -0.001482519 0.055783730 -0.082715616 0.001779302 0.999984503 -0.005270961 -1.313488007 -0.055775050 0.005362004 0.998428941 100.115486145
0.998337686 -0.001309385 0.057620686 -0.022335157 0.001666591 0.999979675 -0.006151639 -1.335479140 -0.057611458 0.006237443 0.998319566 101.303085327
0.998315573 -0.001192972 0.058005068 0.042660501 0.001518944 0.999983311 -0.005575954 -1.360917807 -0.057997450 0.005654668 0.998300731 102.506538391
0.998364091 -0.001139224 0.057164580 0.105706185 0.001344124 0.999992788 -0.003546082 -1.386278868 -0.057160128 0.003617117 0.998358488 103.693893433
0.998428524 -0.001822211 0.056010351 0.167739421 0.001954297 0.999995410 -0.002303557 -1.407401919 -0.056005899 0.002409398 0.998427510 104.918312073
0.998560786 -0.001562375 0.053608552 0.231085405 0.001649618 0.999997377 -0.001583186 -1.425375462 -0.053605936 0.001669341 0.998560786 106.123428345
0.998672783 -0.001031698 0.051493596 0.287089556 0.001091950 0.999998748 -0.001141968 -1.446122766 -0.051492356 0.001196681 0.998672664 107.354736328
0.998828113 -0.000782513 0.048391674 0.343238473 0.000833266 0.999999106 -0.001028620 -1.469236851 -0.048390824 0.001067737 0.998827934 108.569122314
0.999009788 0.001007136 0.044479568 0.392370343 -0.000935570 0.999998212 -0.001629747 -1.485211849 -0.044481128 0.001586520 0.999008954 109.798042297
0.999176204 0.000985519 0.040570240 0.436844021 -0.000932139 0.999998689 -0.001334656 -1.504204273 -0.040571503 0.001295740 0.999175787 111.022331238
0.999331713 0.001599787 0.036518231 0.478232265 -0.001594534 0.999998689 -0.000172954 -1.527543664 -0.036518462 0.000114609 0.999332964 112.253105164
0.999480307 0.001791480 0.032185029 0.516698241 -0.001815837 0.999998093 0.000727579 -1.546090484 -0.032183666 -0.000785644 0.999481678 113.491592407
0.999612451 0.001710754 0.027784254 0.546480536 -0.001751689 0.999997437 0.001449064 -1.568409681 -0.027781704 -0.001497172 0.999612868 114.720550537
0.999733329 0.001996210 0.023007391 0.567096770 -0.002027127 0.999997079 0.001320548 -1.583029270 -0.023004686 -0.001366835 0.999734402 115.960365295
0.999831438 0.003270189 0.018065421 0.584353507 -0.003291844 0.999993920 0.001169109 -1.599002004 -0.018061489 -0.001228381 0.999836147 117.206069946
0.999911129 0.003572520 0.012843393 0.601592362 -0.003584136 0.999993205 0.000881468 -1.617839456 -0.012840156 -0.000927422 0.999917150 118.449790955
0.999956071 0.004473569 0.008237216 0.608008564 -0.004476496 0.999989927 0.000336914 -1.637598038 -0.008235626 -0.000373774 0.999966025 119.695716858
0.999968171 0.006446654 0.004696000 0.606472552 -0.006448593 0.999979138 0.000397746 -1.658750057 -0.004693338 -0.000428016 0.999988914 120.952072144
0.999962091 0.008259684 0.002746350 0.601986229 -0.008261223 0.999965727 0.000549853 -1.677718163 -0.002741714 -0.000572521 0.999996066 122.206855774
0.999955177 0.009338742 0.001565923 0.600829542 -0.009338919 0.999956369 0.000105786 -1.695651174 -0.001564867 -0.000120406 0.999998748 123.472488403
0.999933422 0.011534050 0.000250245 0.596691966 -0.011534198 0.999933302 0.000597492 -1.718212366 -0.000243337 -0.000600338 0.999999762 124.730125427
0.999920785 0.012564190 -0.000730030 0.592062712 -0.012563427 0.999920547 0.001039874 -1.730329156 0.000743037 -0.001030620 0.999999166 125.997085571
0.999920368 0.012540755 -0.001410783 0.586245775 -0.012538492 0.999920130 0.001601176 -1.750596642 0.001430751 -0.001583359 0.999997735 127.264617920
0.999869823 0.015957631 -0.002391754 0.574091136 -0.015948996 0.999866366 0.003586665 -1.767120600 0.002448670 -0.003548052 0.999990702 128.531387329
0.999850154 0.017055487 -0.002957499 0.561786294 -0.017035559 0.999832869 0.006637648 -1.776353240 0.003070213 -0.006586271 0.999973595 129.796554565
0.999868810 0.015855851 -0.003311612 0.550673783 -0.015835280 0.999855697 0.006148349 -1.787934303 0.003408621 -0.006095103 0.999975622 131.077621460
0.999863148 0.016022908 -0.004114672 0.538471460 -0.016004523 0.999861956 0.004462779 -1.796693206 0.004185611 -0.004396315 0.999981582 132.351013184
0.999905229 0.012932431 -0.004720710 0.533422112 -0.012905017 0.999899924 0.005792032 -1.811309099 0.004795143 -0.005730563 0.999972105 133.634735107
0.999922454 0.010883484 -0.006049849 0.531667054 -0.010837734 0.999912798 0.007544143 -1.823155403 0.006131427 -0.007477991 0.999953270 134.912765503
0.999953628 0.007425642 -0.006129236 0.523020208 -0.007366753 0.999927044 0.009575116 -1.838085413 0.006199890 -0.009529519 0.999935389 136.193710327
0.999964476 0.005462996 -0.006419878 0.509842277 -0.005395461 0.999930441 0.010490354 -1.846502662 0.006476740 -0.010455344 0.999924362 137.476715088
0.999981880 0.001532621 -0.005821236 0.498012245 -0.001483866 0.999963880 0.008370372 -1.853426218 0.005833854 -0.008361582 0.999948025 138.767410278
0.999978900 -0.001261933 -0.006374411 0.493992120 0.001312053 0.999968231 0.007864614 -1.868861675 0.006364284 -0.007872812 0.999948740 140.052322388
0.999977112 -0.002493683 -0.006294049 0.484366924 0.002541500 0.999967873 0.007600714 -1.879862309 0.006274893 -0.007616536 0.999951303 141.343170166
0.999981165 -0.002532335 -0.005586171 0.469041139 0.002573663 0.999969304 0.007403530 -1.884469032 0.005567251 -0.007417768 0.999956965 142.640731812
0.999985337 -0.001756637 -0.005124289 0.460085183 0.001805370 0.999953032 0.009521113 -1.895832062 0.005107323 -0.009530224 0.999941528 143.939086914
0.999989748 0.000792541 -0.004462608 0.444500774 -0.000743079 0.999938428 0.011074524 -1.906262517 0.004471110 -0.011071094 0.999928713 145.231201172
0.999993980 0.000655696 -0.003410862 0.431858301 -0.000623819 0.999956191 0.009338442 -1.911150694 0.003416836 -0.009336258 0.999950588 146.539611816
0.999994099 0.000941961 -0.003306508 0.420833707 -0.000916481 0.999969959 0.007698932 -1.929252982 0.003313661 -0.007695857 0.999964893 147.828582764
0.999995530 0.000764835 -0.002887254 0.413638651 -0.000749616 0.999985814 0.005268487 -1.943380475 0.002891243 -0.005266299 0.999981940 149.129608154
0.999996722 0.000278049 -0.002536275 0.404775470 -0.000275718 0.999999523 0.000919561 -1.958054662 0.002536529 -0.000918859 0.999996364 150.421340942
0.999997795 0.000367548 -0.002065332 0.395358086 -0.000373164 0.999996245 -0.002719230 -1.978770256 0.002064325 0.002719995 0.999994159 151.709915161
0.999998569 0.000040782 -0.001708442 0.386428803 -0.000047057 0.999993265 -0.003672913 -2.002861500 0.001708280 0.003672988 0.999991775 152.999496460
0.999998510 -0.000037959 -0.001731858 0.376389146 0.000031806 0.999993682 -0.003552752 -2.026464701 0.001731982 0.003552692 0.999992192 154.288238525
0.999997914 0.000529117 -0.001967165 0.375331521 -0.000534585 0.999996006 -0.002780261 -2.056288719 0.001965686 0.002781307 0.999994218 155.559661865
0.999997497 0.000898123 -0.002052038 0.363858640 -0.000901917 0.999997914 -0.001848763 -2.079456091 0.002050373 0.001850609 0.999996185 156.848068237
0.999996185 0.001439656 -0.002350785 0.355457872 -0.001442938 0.999997973 -0.001395014 -2.104934454 0.002348772 0.001398401 0.999996245 158.124771118
0.999993801 0.001608412 -0.003138759 0.351509631 -0.001613861 0.999997199 -0.001734463 -2.128082275 0.003135960 0.001739518 0.999993563 159.402313232
0.999990225 0.002154484 -0.003857860 0.343128264 -0.002160139 0.999996603 -0.001462285 -2.153744698 0.003854696 0.001470604 0.999991477 160.686721802
0.999988675 0.001753907 -0.004430872 0.328907371 -0.001755381 0.999998391 -0.000328756 -2.172392130 0.004430289 0.000336530 0.999990106 161.966766357
0.999982238 0.003290604 -0.004963864 0.314438522 -0.003291188 0.999994576 -0.000109514 -2.194892883 0.004963476 0.000125849 0.999987662 163.249282837
0.999978006 0.003712891 -0.005492550 0.303120136 -0.003718077 0.999992669 -0.000934340 -2.220064640 0.005489041 0.000954741 0.999984503 164.548934937
0.999971330 0.004197483 -0.006306805 0.287973136 -0.004211923 0.999988556 -0.002278015 -2.243919134 0.006297171 0.002304513 0.999977529 165.828186035
0.999965191 0.004727430 -0.006879400 0.272698164 -0.004741416 0.999986708 -0.002018193 -2.271456957 0.006869767 0.002050741 0.999974310 167.106323242
0.999961257 0.004028359 -0.007830208 0.262679458 -0.004053584 0.999986649 -0.003208359 -2.294642210 0.007817179 0.003239975 0.999964178 168.392410278
0.999952257 0.004643089 -0.008597820 0.246307656 -0.004679344 0.999980211 -0.004201408 -2.320376873 0.008578142 0.004241440 0.999954224 169.670471191
0.999943614 0.005213080 -0.009251712 0.231548786 -0.005250311 0.999978185 -0.004004564 -2.344070435 0.009230634 0.004052913 0.999949157 170.953918457
0.999935329 0.005507626 -0.009950888 0.211968824 -0.005533968 0.999981225 -0.002621536 -2.371324778 0.009936263 0.002676434 0.999947071 172.241485596
0.999928474 0.004992924 -0.010867323 0.194614753 -0.005014420 0.999985516 -0.001951761 -2.403997183 0.010857421 0.002006114 0.999939024 173.510742188
0.999921262 0.005358948 -0.011349192 0.170897543 -0.005378843 0.999984026 -0.001723177 -2.425583601 0.011339776 0.001784087 0.999934137 174.797500610
0.999909937 0.005878512 -0.012066758 0.148611709 -0.005892192 0.999982059 -0.001098466 -2.452065945 0.012060083 0.001169467 0.999926567 176.074417114
0.999899387 0.006492547 -0.012612643 0.126692608 -0.006523979 0.999975681 -0.002452549 -2.473561287 0.012596413 0.002534587 0.999917448 177.365402222
0.999878585 0.007526534 -0.013643627 0.114166349 -0.007568643 0.999966741 -0.003037316 -2.493811131 0.013620313 0.003140211 0.999902308 178.660690308
0.999878883 0.007585078 -0.013588393 0.079088770 -0.007620248 0.999967754 -0.002538353 -2.525332689 0.013568701 0.002641593 0.999904454 179.943359375
0.999878228 0.007178455 -0.013855407 0.057706710 -0.007230928 0.999966860 -0.003740794 -2.550729752 0.013828095 0.003840526 0.999897003 181.229934692
0.999880850 0.006376414 -0.014059357 0.037056707 -0.006450361 0.999965549 -0.005220576 -2.578017712 0.014025585 0.005310642 0.999887526 182.510040283
0.999887466 0.003571855 -0.014570821 0.017657913 -0.003647526 0.999979973 -0.005170124 -2.603422880 0.014552062 0.005222690 0.999880493 183.791076660
0.999884784 0.003995768 -0.014644464 -0.000632864 -0.004020536 0.999990523 -0.001662248 -2.625061989 0.014637684 0.001720935 0.999891400 185.079589844
0.999885499 0.002643771 -0.014899462 -0.017517965 -0.002600070 0.999992251 0.002951724 -2.651916504 0.014907151 -0.002912646 0.999884665 186.363723755
0.999884665 0.003236086 -0.014840242 -0.042588841 -0.003200002 0.999991894 0.002454643 -2.672358513 0.014848066 -0.002406871 0.999886870 187.637573242
0.999881685 0.004797997 -0.014614545 -0.071580783 -0.004810885 0.999988079 -0.000846782 -2.691562414 0.014610307 0.000916991 0.999892831 188.892669678
0.999869049 0.005194005 -0.015325180 -0.092322849 -0.005235241 0.999982774 -0.002651862 -2.717037678 0.015311143 0.002731746 0.999879062 190.153244019
0.999873042 0.005031552 -0.015120658 -0.121240102 -0.005068333 0.999984264 -0.002395164 -2.741503477 0.015108369 0.002471496 0.999882817 191.406600952
0.999875247 0.004790492 -0.015052886 -0.141819119 -0.004808940 0.999987721 -0.001189605 -2.765629768 0.015047003 0.001261845 0.999885976 192.666107178
0.999878109 0.004754553 -0.014870085 -0.165667340 -0.004741542 0.999988317 0.000910122 -2.788358688 0.014874239 -0.000839504 0.999889016 193.931167603
0.999890327 0.004024525 -0.014251836 -0.186746597 -0.003999877 0.999990463 0.001757570 -2.813216209 0.014258773 -0.001700372 0.999896884 195.189697266
0.999908090 0.004087093 -0.012928907 -0.207122803 -0.004074757 0.999991238 0.000980417 -2.831269503 0.012932801 -0.000927645 0.999915957 196.445693970
0.999928772 0.003138875 -0.011516146 -0.223883271 -0.003146558 0.999994814 -0.000649083 -2.855895042 0.011514050 0.000685273 0.999933481 197.687088013
0.999941647 0.002848061 -0.010418050 -0.239457697 -0.002870330 0.999993622 -0.002123298 -2.876625061 0.010411936 0.002153077 0.999943495 198.934783936
0.999957263 0.001798049 -0.009068212 -0.256843746 -0.001821972 0.999994874 -0.002630527 -2.904275656 0.009063435 0.002646936 0.999955416 200.173706055
0.999968350 0.002149823 -0.007661785 -0.273317218 -0.002164406 0.999995887 -0.001895619 -2.932002306 0.007657678 0.001912142 0.999968827 201.401870728
0.999978900 0.001838077 -0.006231308 -0.289133072 -0.001836843 0.999998271 0.000203648 -2.958989859 0.006231672 -0.000192198 0.999980569 202.627319336
0.999983013 0.002691308 -0.005170819 -0.302361220 -0.002689095 0.999996305 0.000434835 -2.981115103 0.005171970 -0.000420923 0.999986529 203.849395752
0.999988258 0.002947671 -0.003851224 -0.313795000 -0.002944921 0.999995410 0.000719375 -3.006112099 0.003853327 -0.000708025 0.999992311 205.059997559
0.999988556 0.003668411 -0.003078428 -0.318385303 -0.003666511 0.999993086 0.000622565 -3.022491217 0.003080690 -0.000611271 0.999995053 206.277542114
0.999992430 0.003658652 -0.001334086 -0.337941736 -0.003657600 0.999993026 0.000790167 -3.042772770 0.001336968 -0.000785282 0.999998808 207.488540649
0.999992847 0.003653222 -0.000959460 -0.337786376 -0.003652655 0.999993145 0.000591639 -3.068919420 0.000961614 -0.000588131 0.999999344 208.692733765
0.999993682 0.003551003 -0.000184508 -0.345561057 -0.003550878 0.999993443 0.000673171 -3.091765642 0.000186898 -0.000672512 0.999999762 209.881942749
0.999996066 0.002691626 0.000796452 -0.355650932 -0.002692167 0.999996126 0.000678075 -3.113108397 -0.000794624 -0.000680216 0.999999464 211.057723999
0.999996722 0.002468304 0.000643216 -0.352713823 -0.002469182 0.999996006 0.001368661 -3.134320736 -0.000639835 -0.001370245 0.999998868 212.223114014
0.999998510 0.001722151 0.000149626 -0.354302317 -0.001722506 0.999995649 0.002402123 -3.158796549 -0.000145488 -0.002402377 0.999997079 213.370147705
0.999998271 0.001808719 -0.000442713 -0.361285478 -0.001807656 0.999995530 0.002388556 -3.180093288 0.000447031 -0.002387752 0.999997020 214.501815796
0.999997139 0.002269937 -0.000716640 -0.369502842 -0.002269006 0.999996603 0.001297051 -3.202899694 0.000719582 -0.001295421 0.999998927 215.608581543
0.999996066 0.002530938 -0.001227240 -0.376999706 -0.002530183 0.999996603 0.000616292 -3.224553823 0.001228796 -0.000613184 0.999999046 216.706695557
0.999995351 0.002439106 -0.001832149 -0.385356784 -0.002438188 0.999996901 0.000503100 -3.248032331 0.001833370 -0.000498631 0.999998212 217.784729004
0.999993622 0.002158542 -0.002846756 -0.394559354 -0.002156937 0.999997497 0.000566631 -3.270499468 0.002847972 -0.000560487 0.999995768 218.859649658
0.999988258 0.001641972 -0.004555524 -0.404004484 -0.001635069 0.999997497 0.001518574 -3.293816566 0.004558007 -0.001511108 0.999988496 219.919250488
0.999979854 0.000671144 -0.006313428 -0.419956952 -0.000650997 0.999994695 0.003192581 -3.315417290 0.006315537 -0.003188407 0.999974966 220.971725464
0.999961555 0.000731706 -0.008736824 -0.427950144 -0.000690140 0.999988437 0.004759721 -3.333041668 0.008740205 -0.004753508 0.999950528 222.012054443
0.999934912 0.001257948 -0.011340922 -0.440274566 -0.001204181 0.999988019 0.004746570 -3.351332426 0.011346756 -0.004732604 0.999924421 223.026443481
0.999899089 0.001709089 -0.014101766 -0.457307130 -0.001651666 0.999990284 0.004082648 -3.365459204 0.014108607 -0.004058945 0.999892235 224.024505615
0.999866366 0.002025632 -0.016220307 -0.488092035 -0.001955755 0.999988735 0.004322681 -3.384498835 0.016228879 -0.004290380 0.999859095 224.996856689
0.999810874 0.002282528 -0.019312715 -0.512387276 -0.002190422 0.999986112 0.004788986 -3.401395321 0.019323379 -0.004745778 0.999801993 225.957870483
0.999751449 0.002342259 -0.022169732 -0.540561795 -0.002239470 0.999986649 0.004660172 -3.421239614 0.022180350 -0.004609365 0.999743342 226.895065308
0.999678373 0.002469747 -0.025240874 -0.563653827 -0.002372900 0.999989688 0.003866123 -3.433233023 0.025250161 -0.003804985 0.999673903 227.816177368
0.999597192 0.002521690 -0.028267538 -0.597677350 -0.002434662 0.999992192 0.003112731 -3.450096607 0.028275166 -0.003042656 0.999595523 228.703201294
0.999488771 0.003541877 -0.031774789 -0.627515256 -0.003446952 0.999989450 0.003041697 -3.470388651 0.031785227 -0.002930616 0.999490440 229.571365356
0.999384046 0.003534974 -0.034915235 -0.659323156 -0.003452597 0.999991119 0.002419339 -3.487825632 0.034923475 -0.002297301 0.999387324 230.418624878
0.999306858 0.005520455 -0.036814120 -0.703162134 -0.005437012 0.999982417 0.002366323 -3.506570101 0.036826536 -0.002164525 0.999319315 231.248825073
0.999269128 0.006149553 -0.037728116 -0.736863554 -0.006041760 0.999977350 0.002970459 -3.520956278 0.037745528 -0.002740343 0.999283612 232.056747437
0.999287367 0.006249801 -0.037225485 -0.772497475 -0.006102799 0.999973118 0.004061270 -3.538199902 0.037249867 -0.003831196 0.999298632 232.846969604
0.999300182 0.006516311 -0.036833923 -0.805556118 -0.006356956 0.999969900 0.004441781 -3.550322294 0.036861759 -0.004204521 0.999311507 233.612030029
0.999314427 0.006436399 -0.036458645 -0.837026894 -0.006283415 0.999970973 0.004309119 -3.567817450 0.036485322 -0.004077080 0.999325871 234.366012573
0.999330938 0.007221707 -0.035854485 -0.870871544 -0.007141461 0.999971688 0.002365643 -3.580305099 0.035870556 -0.002108007 0.999354243 235.102478027
0.999367952 0.007096008 -0.034833841 -0.899813294 -0.007093160 0.999974847 0.000205352 -3.595255852 0.034834422 0.000041859 0.999393106 235.845657349
0.999400735 0.007573780 -0.033776719 -0.926946759 -0.007626683 0.999969900 -0.001437692 -3.604654312 0.033764813 0.001694435 0.999428391 236.581298828
0.999436259 0.008048701 -0.032593988 -0.952927828 -0.008105631 0.999965847 -0.001614890 -3.626265049 0.032579876 0.001878175 0.999467373 237.322723389
0.999501586 0.007307040 -0.030712131 -0.973941803 -0.007370007 0.999970973 -0.001937511 -3.639485836 0.030697083 0.002162894 0.999526381 238.049087524
0.999552786 0.007245732 -0.029012104 -0.998489380 -0.007295078 0.999972105 -0.001595397 -3.660634995 0.028999737 0.001806329 0.999577761 238.776901245
0.999603093 0.007080240 -0.027268734 -1.012370825 -0.007132760 0.999972880 -0.001829239 -3.674941063 0.027255043 0.002023014 0.999626458 239.506027222
0.999665856 0.006632388 -0.024983233 -1.037711859 -0.006687711 0.999975383 -0.002131511 -3.692752361 0.024968481 0.002297879 0.999685585 240.220062256
0.999732256 0.006211499 -0.022290846 -1.055496216 -0.006249185 0.999979138 -0.001621377 -3.707908154 0.022280311 0.001760242 0.999750197 240.938934326
0.999804974 0.005375660 -0.019001862 -1.067782283 -0.005395249 0.999984980 -0.000979834 -3.722994566 0.018996309 0.001082163 0.999818981 241.660217285
0.999858439 0.004764556 -0.016138323 -1.074858904 -0.004774308 0.999988437 -0.000565771 -3.737534761 0.016135441 0.000642740 0.999869585 242.368194580
0.999905467 0.004521352 -0.012984298 -1.090360045 -0.004533574 0.999989331 -0.000912035 -3.749925375 0.012980036 0.000970814 0.999915302 243.068542480
0.999939442 0.003895123 -0.010291882 -1.094950318 -0.003908221 0.999991596 -0.001252788 -3.765338182 0.010286915 0.001292935 0.999946237 243.763061523
0.999965191 0.004191529 -0.007211585 -1.103106618 -0.004202358 0.999990046 -0.001487105 -3.776905298 0.007205280 0.001517359 0.999972880 244.479400635
0.999979079 0.005080778 -0.004003854 -1.111946225 -0.005090336 0.999984205 -0.002380877 -3.789750338 0.003991695 0.002401208 0.999989152 245.175765991
0.999985754 0.005077043 -0.001630355 -1.106840491 -0.005081909 0.999982595 -0.002994714 -3.803338289 0.001615122 0.003002957 0.999994159 245.881042480
0.999985754 0.005190324 0.001241157 -1.108410954 -0.005188204 0.999985099 -0.001705190 -3.820860386 -0.001249989 0.001698726 0.999997795 246.589279175
0.999975324 0.005871657 0.003864401 -1.109419346 -0.005865531 0.999981523 -0.001594665 -3.830038786 -0.003873693 0.001571959 0.999991238 247.296508789
0.999966204 0.005489612 0.006122543 -1.104218602 -0.005479605 0.999983609 -0.001650134 -3.844006777 -0.006131501 0.001616529 0.999979913 248.009506226
0.999950111 0.005673126 0.008223829 -1.097509146 -0.005644416 0.999977887 -0.003509985 -3.857436180 -0.008243560 0.003463391 0.999960005 248.727020264
0.999930620 0.005639069 0.010342797 -1.095766664 -0.005581139 0.999968648 -0.005621354 -3.872716904 -0.010374172 0.005563239 0.999930739 249.440689087
0.999925613 0.005311344 0.010982015 -1.087199450 -0.005229671 0.999958575 -0.007452392 -3.883469105 -0.011021143 0.007394405 0.999911904 250.159622192
0.999921978 0.005359568 0.011281112 -1.082879186 -0.005270449 0.999954760 -0.007914825 -3.899165869 -0.011323023 0.007854751 0.999905050 250.882385254
0.999927402 0.004351193 0.011237330 -1.073349833 -0.004256751 0.999955535 -0.008414606 -3.917274952 -0.011273444 0.008366160 0.999901474 251.616149902
0.999921262 0.005360127 0.011348194 -1.067581177 -0.005263085 0.999949455 -0.008563948 -3.935203314 -0.011393525 0.008503547 0.999898911 252.354095459
0.999910474 0.006209791 0.011854279 -1.061714292 -0.006101214 0.999939322 -0.009173589 -3.952402115 -0.011910525 0.009100442 0.999887645 253.098922729
0.999919057 0.004924881 0.011731130 -1.049790859 -0.004795276 0.999927461 -0.011050561 -3.971373081 -0.011784702 0.010993414 0.999870121 253.854629517
0.999924898 0.001143631 0.012203414 -1.038339734 -0.000982568 0.999912441 -0.013195997 -3.990432978 -0.012217437 0.013183015 0.999838471 254.611389160
0.999918938 -0.002142139 0.012553333 -1.021695733 0.002317292 0.999899924 -0.013954819 -4.010273457 -0.012522184 0.013982777 0.999823809 255.378875732
0.999911427 0.000625476 0.013292496 -1.019617677 -0.000490078 0.999947965 -0.010186872 -4.024435520 -0.013298176 0.010179455 0.999859750 256.159393311
0.999893904 0.004692370 0.013791884 -1.015896201 -0.004639626 0.999981821 -0.003853828 -4.044933796 -0.013809716 0.003789430 0.999897480 256.962768555
0.999884784 0.003499182 0.014769947 -1.004460216 -0.003494775 0.999993861 -0.000324130 -4.062825203 -0.014770990 0.000272475 0.999890864 257.756744385
0.999853611 0.002815507 0.016876420 -0.991496384 -0.002771114 0.999992669 -0.002653293 -4.074562073 -0.016883766 0.002606138 0.999854088 258.557312012
0.999780416 0.003293549 0.020693831 -0.975225866 -0.003111020 0.999956012 -0.008846438 -4.087122917 -0.020722058 0.008780116 0.999746740 259.356628418
0.999680519 0.005792561 0.024603363 -0.960935295 -0.005487233 0.999907315 -0.012459474 -4.103113174 -0.024673255 0.012320489 0.999619663 260.178619385
0.999581754 0.007700734 0.027874989 -0.945818841 -0.007351044 0.999893248 -0.012625763 -4.118564606 -0.027969241 0.012415572 0.999531686 261.005493164
0.999508440 0.005836524 0.030802749 -0.915535212 -0.005527471 0.999933600 -0.010108920 -4.141943932 -0.030859705 0.009933690 0.999474347 261.842895508
0.999422371 0.003029126 0.033848528 -0.882236481 -0.002796431 0.999972165 -0.006919835 -4.158497334 -0.033868544 0.006821183 0.999403000 262.698364258
0.999325812 0.000862593 0.036703162 -0.851636350 -0.000669305 0.999985874 -0.005278207 -4.177533627 -0.036707196 0.005250083 0.999312282 263.538543701
0.999203622 0.001260017 0.039881468 -0.819398880 -0.001075469 0.999988616 -0.004648542 -4.197028637 -0.039886873 0.004601948 0.999193609 264.404937744
0.999103963 0.003552914 0.042173330 -0.785779655 -0.003264305 0.999970794 -0.006910294 -4.214064598 -0.042196650 0.006766435 0.999086440 265.254913330
0.998994827 0.004521515 0.044597026 -0.753806353 -0.004111169 0.999948382 -0.009288630 -4.232202530 -0.044636726 0.009095948 0.998961866 266.114593506
0.998877943 0.004802726 0.047114171 -0.715402484 -0.004370315 0.999947429 -0.009276664 -4.251145363 -0.047156248 0.009060351 0.998846412 266.962127686
0.998718798 0.005658517 0.050286911 -0.682090282 -0.005296523 0.999959111 -0.007328919 -4.271952152 -0.050326325 0.007053184 0.998707950 267.831512451
0.998525381 0.007434979 0.053774897 -0.648849010 -0.007124039 0.999956787 -0.005971640 -4.290069580 -0.053816970 0.005579740 0.998535216 268.687652588
0.998359680 0.008258054 0.056654237 -0.605098724 -0.007926153 0.999950111 -0.006080570 -4.308898449 -0.056701623 0.005621545 0.998375356 269.537902832
0.998213589 0.008392360 0.059153982 -0.559538662 -0.008016263 0.999946117 -0.006592377 -4.326767445 -0.059206121 0.006106406 0.998227119 270.398437500
0.998084664 0.006550388 0.061515041 -0.505262434 -0.006151269 0.999958813 -0.006675305 -4.347947121 -0.061556231 0.006284124 0.998083830 271.257080078
0.997973800 0.003671086 0.063520029 -0.448676318 -0.003273437 0.999974370 -0.006363143 -4.363659382 -0.063541763 0.006142321 0.997960269 272.128265381
0.997908413 0.002930789 0.064576760 -0.397014201 -0.002500301 0.999974132 -0.006746099 -4.379217625 -0.064594857 0.006570528 0.997889936 272.987701416
0.997879982 0.002021731 0.065049909 -0.342820108 -0.001603488 0.999977708 -0.006481148 -4.404086113 -0.065061562 0.006363101 0.997860968 273.844085693
0.997874439 0.001427575 0.065150648 -0.281578302 -0.001020196 0.999979734 -0.006285727 -4.424963951 -0.065158300 0.006205899 0.997855663 274.730987549
0.997892559 0.001731571 0.064865142 -0.226416960 -0.001340743 0.999980688 -0.006068296 -4.438727856 -0.064874396 0.005968540 0.997875571 275.589233398
0.997917235 0.002368775 0.064464249 -0.179087490 -0.002046896 0.999985099 -0.005058739 -4.465552330 -0.064475276 0.004916251 0.997907221 276.476196289
0.998006821 0.001958309 0.063075446 -0.128968224 -0.001606726 0.999982893 -0.005624257 -4.487596512 -0.063085377 0.005511703 0.997992933 277.340393066
0.998076141 0.002049331 0.061966244 -0.085314907 -0.001637461 0.999976218 -0.006696733 -4.504375458 -0.061978493 0.006582382 0.998055756 278.210357666
0.998175919 0.003215165 0.060287029 -0.035303846 -0.002770272 0.999968350 -0.007461709 -4.523024082 -0.060309108 0.007281087 0.998153210 279.082458496
0.998270273 0.003957885 0.058658514 0.011177072 -0.003511893 0.999964178 -0.007704348 -4.542638779 -0.058686905 0.007485019 0.998248398 279.942504883
0.998357534 0.005976603 0.056977715 0.051938660 -0.005518890 0.999951243 -0.008187159 -4.561746120 -0.057023868 0.007859258 0.998341858 280.818695068
0.998469234 0.006373803 0.054940984 0.092767969 -0.005951607 0.999951541 -0.007844727 -4.580743313 -0.054988321 0.007505732 0.998458803 281.673431396
0.998625934 0.006452907 0.052005351 0.133873016 -0.006123171 0.999960124 -0.006497257 -4.600206852 -0.052045204 0.006169892 0.998625696 282.535156250
0.998862922 0.004744812 0.047438260 0.182207614 -0.004562416 0.999981761 -0.003952476 -4.621468544 -0.047456149 0.003731549 0.998866379 283.396789551
0.999067843 0.003875121 0.042993866 0.208142042 -0.003787949 0.999990582 -0.002108846 -4.642972469 -0.043001633 0.001944022 0.999073088 284.249359131
0.999260008 0.003784142 0.038276520 0.234257802 -0.003745859 0.999992430 -0.001071814 -4.656909943 -0.038280286 0.000927643 0.999266624 285.094360352
0.999433041 0.002802933 0.033552039 0.260967076 -0.002805978 0.999996066 0.000043654 -4.680150509 -0.033551786 -0.000137775 0.999436975 285.931549072
0.999573708 0.002242567 0.029109063 0.278350651 -0.002252788 0.999997437 0.000318316 -4.692890167 -0.029108273 -0.000383756 0.999576211 286.749694824
0.999702215 0.001425071 0.024361696 0.295125991 -0.001438034 0.999998808 0.000514607 -4.709432602 -0.024360934 -0.000549486 0.999703050 287.558410645
0.999794304 0.000766542 0.020267216 0.307741880 -0.000771976 0.999999642 0.000260306 -4.724440575 -0.020267010 -0.000275899 0.999794543 288.354919434
0.999865890 0.001256422 0.016328879 0.316232264 -0.001257341 0.999999225 0.000046030 -4.739867687 -0.016328808 -0.000066555 0.999866664 289.130096436
0.999919832 0.001306470 0.012596248 0.319684774 -0.001308803 0.999999106 0.000176929 -4.757855415 -0.012596006 -0.000193401 0.999920666 289.884063721
