1.000000000 0.000000000 0.000000000 0.000000000 0.000000000 1.000000000 0.000000000 0.000000000 0.000000000 0.000000000 1.000000000 0.000000000
0.999990523 -0.002734564 -0.003385464 -0.000735112 0.002727393 0.999994040 -0.002120966 -0.004054920 0.003391244 0.002111713 0.999992013 0.693941236
0.999971867 -0.001327511 -0.007384584 -0.009358536 0.001299365 0.999991894 -0.003814887 -0.004394585 0.007389588 0.003805184 0.999965429 1.403788924
0.999936938 -0.001413240 -0.011141332 -0.024199203 0.001355799 0.999985754 -0.005161546 -0.010214156 0.011148468 0.005146115 0.999924600 2.126667500
0.999871433 -0.000227063 -0.016033623 -0.039054457 0.000135242 0.999983609 -0.005727629 -0.015636956 0.016034661 0.005724724 0.999855042 2.871558428
0.999798894 -0.001083908 -0.020026101 -0.069506526 0.000963731 0.999981463 -0.006009672 -0.023249550 0.020032244 0.005989164 0.999781370 3.643894196
0.999700725 0.000271186 -0.024462631 -0.095666304 -0.000451233 0.999972880 -0.007354858 -0.029136546 0.024459973 0.007363695 0.999673665 4.413020134
0.999563038 0.003338696 -0.029370544 -0.124885164 -0.003586920 0.999958277 -0.008402834 -0.030394586 0.029341264 0.008504511 0.999533296 5.206266403
0.999416888 0.003455710 -0.033969454 -0.149798989 -0.003687385 0.999970376 -0.006759840 -0.039209954 0.033945087 0.006881156 0.999400020 6.010128975
0.999273479 0.002718311 -0.038014587 -0.190929934 -0.002882199 0.999986768 -0.004257045 -0.046508331 0.038002510 0.004363518 0.999268115 6.831723690
0.999121547 0.002116694 -0.041852199 -0.222432494 -0.002178072 0.999996603 -0.001420987 -0.055715460 0.041849051 0.001510896 0.999122798 7.673900127
0.999015272 0.003859147 -0.044199739 -0.268531114 -0.003952735 0.999990106 -0.002030169 -0.068426371 0.044191469 0.002202880 0.999020636 8.505095482
0.998909295 0.003332781 -0.046573222 -0.305309027 -0.003426093 0.999992251 -0.001923873 -0.079635844 0.046566449 0.002081339 0.998913050 9.352160454
0.998853922 0.000131009 -0.047863193 -0.348087400 -0.000245518 0.999997139 -0.002386554 -0.088931032 0.047862742 0.002395570 0.998851061 10.193634987
0.998730540 0.000159908 -0.050371505 -0.391524285 -0.000254480 0.999998212 -0.001871078 -0.087216236 0.050371114 0.001881522 0.998728812 11.074728966
0.998663664 -0.001460254 -0.051659711 -0.438669026 0.001351866 0.999996841 -0.002132992 -0.096085407 0.051662661 0.002060304 0.998662472 11.951061249
0.998583496 0.000514598 -0.053204417 -0.494474173 -0.000732686 0.999991417 -0.004079637 -0.109525129 0.053201862 0.004112841 0.998575330 12.816567421
0.998498619 0.001407775 -0.054758288 -0.546895623 -0.001797284 0.999973416 -0.007064655 -0.119076319 0.054746889 0.007152465 0.998474658 13.710514069
0.998410523 0.005203454 -0.056118939 -0.607512951 -0.005704127 0.999945343 -0.008765148 -0.129057676 0.056070264 0.009071326 0.998385608 14.602749825
0.998324811 0.005782519 -0.057568271 -0.660099745 -0.006240773 0.999950230 -0.007783580 -0.146865010 0.057520397 0.008129812 0.998311222 15.513626099
0.998233259 0.005295170 -0.059179991 -0.714056432 -0.005685383 0.999963164 -0.006427213 -0.163384393 0.059143778 0.006752318 0.998226643 16.429845810
0.998183012 0.005965963 -0.059958998 -0.775340497 -0.006262875 0.999969006 -0.004765217 -0.176673874 0.059928715 0.005132074 0.998189449 17.350790024
0.998094261 0.005416234 -0.061469525 -0.832060158 -0.005745324 0.999970078 -0.005178229 -0.184363410 0.061439641 0.005521523 0.998095512 18.276102066
0.997990966 0.005272786 -0.063136570 -0.886902571 -0.005685003 0.999963701 -0.006351111 -0.195284873 0.063100792 0.006697282 0.997984707 19.200218201
0.997911870 0.003679570 -0.064485349 -0.948828101 -0.004136998 0.999967217 -0.006961432 -0.207562685 0.064457618 0.007213672 0.997894347 20.141344070
0.997880757 0.003725762 -0.064962529 -1.011749744 -0.004049509 0.999980032 -0.004852644 -0.223272070 0.064943157 0.005105426 0.997875929 21.083198547
0.997877479 0.005145912 -0.064915732 -1.082445860 -0.005266051 0.999984741 -0.001679729 -0.235937968 0.064906098 0.002018013 0.997889340 22.043664932
0.997934759 0.006402689 -0.063915536 -1.149409533 -0.006311744 0.999978781 0.001624719 -0.242734522 0.063924581 -0.001217945 0.997954011 22.999826431
0.998036921 0.005117645 -0.062419016 -1.212102771 -0.004825987 0.999976754 0.004822448 -0.252333343 0.062442243 -0.004511748 0.998038411 23.970809937
0.998153687 0.005469387 -0.060492266 -1.277698040 -0.005159930 0.999972820 0.005270674 -0.254453868 0.060519449 -0.004948807 0.998154759 24.940984726
0.998228610 0.005616983 -0.059229352 -1.338295460 -0.005464826 0.999981344 0.002730620 -0.266408354 0.059243586 -0.002402105 0.998240650 25.911531448
0.998303533 0.006676150 -0.057840299 -1.402502656 -0.006813996 0.999974370 -0.002186317 -0.271430016 0.057824224 0.002576731 0.998323441 26.883081436
0.998347163 0.005747407 -0.057182752 -1.457692742 -0.006041935 0.999969363 -0.004979084 -0.283168644 0.057152383 0.005316348 0.998351336 27.876247406
0.998418331 0.003498062 -0.056112617 -1.515007615 -0.003732172 0.999984741 -0.004067886 -0.293263525 0.056097534 0.004270874 0.998416185 28.863292694
0.998387039 0.001624627 -0.056750845 -1.562573791 -0.001568630 0.999998212 0.001031258 -0.310052276 0.056752421 -0.000940574 0.998387814 29.866649628
0.998346150 -0.001706055 -0.057463635 -1.616719604 0.001953684 0.999989033 0.004253411 -0.320143491 0.057455752 -0.004358642 0.998338521 30.864025116
0.998240292 -0.008961809 -0.058617096 -1.661021829 0.009205218 0.999950111 0.003883829 -0.333104134 0.058579367 -0.004416578 0.998272955 31.867790222
0.998132229 -0.011389315 -0.060019162 -1.720136285 0.011413931 0.999934852 0.000067297 -0.339906335 0.060014486 -0.000752225 0.998197198 32.875896454
0.998059213 -0.010979311 -0.061296389 -1.782593727 0.010758909 0.999934435 -0.003924573 -0.346829534 0.061335459 0.003257474 0.998111904 33.878623962
0.997925401 -0.009805071 -0.063629761 -1.845326662 0.009511799 0.999942720 -0.004910336 -0.355426580 0.063674256 0.004294916 0.997961521 34.906330109
0.997870088 -0.009652336 -0.064514384 -1.909684658 0.009443371 0.999949157 -0.003543209 -0.369696945 0.064545304 0.002926429 0.997910500 35.931709290
0.997813165 -0.006696770 -0.065757327 -1.979803562 0.006652287 0.999977469 -0.000895415 -0.380834818 0.065761842 0.000456020 0.997835219 36.962394714
0.997749031 -0.006030281 -0.066786624 -2.056031466 0.006085550 0.999981284 0.000624135 -0.400775999 0.066781618 -0.001029163 0.997767091 37.991729736
0.997683644 -0.004350829 -0.067885362 -2.124937057 0.004583213 0.999984145 0.003267808 -0.414369255 0.067870066 -0.003571372 0.997687757 39.034961700
0.997680724 -0.005467992 -0.067847751 -2.196931362 0.005924714 0.999961138 0.006532165 -0.421661735 0.067809395 -0.006918993 0.997674286 40.071182251
0.997687459 0.000736583 -0.067964822 -2.281768322 -0.000156686 0.999963522 0.008537254 -0.425485134 0.067968629 -0.008506862 0.997651219 41.101764679
0.997653008 0.000338174 -0.068471447 -2.353550673 0.000216008 0.999967277 0.008086061 -0.433042109 0.068471938 -0.008081873 0.997620285 42.148944855
0.997652233 0.000294484 -0.068483032 -2.421911001 0.000151459 0.999978840 0.006506442 -0.440820605 0.068483502 -0.006501538 0.997631073 43.179649353
0.997658134 0.002568780 -0.068349376 -2.501061201 -0.002305357 0.999989629 0.003932668 -0.438928664 0.068358772 -0.003765889 0.997653723 44.205467224
0.997575998 0.002319832 -0.069546312 -2.570417404 -0.002046097 0.999989867 0.004006995 -0.448317677 0.069554903 -0.003854983 0.997570693 45.238517761
0.997487426 -0.000526911 -0.070841663 -2.639769077 0.000916114 0.999984682 0.005461616 -0.458161354 0.070837699 -0.005512792 0.997472644 46.254180908
0.997427404 0.000119255 -0.071684144 -2.712473392 0.000348043 0.999978781 0.006506322 -0.470504582 0.071683399 -0.006514533 0.997406185 47.266498566
0.997402966 0.002029869 -0.071994647 -2.793570280 -0.001806891 0.999993384 0.003162136 -0.477846235 0.072000585 -0.003023837 0.997399986 48.282592773
0.997351944 0.002650926 -0.072677493 -2.869272947 -0.002750996 0.999995410 -0.001276835 -0.482992977 0.072673768 0.001473390 0.997354686 49.272827148
0.997273684 0.003132815 -0.073725015 -2.944522858 -0.003310722 0.999991894 -0.002291037 -0.496177673 0.073717237 0.002528874 0.997275949 50.292976379
0.997293413 0.001749661 -0.073503949 -3.020531416 -0.001653703 0.999997675 0.001366318 -0.510511756 0.073506169 -0.001241066 0.997294009 51.291049957
0.997263432 -0.000621432 -0.073927194 -3.093422174 0.000937615 0.999990582 0.004242330 -0.516486466 0.073923863 -0.004300036 0.997254610 52.291667938
0.997245491 -0.002391473 -0.074132696 -3.164566278 0.002764500 0.999984026 0.004929665 -0.528419256 0.074119724 -0.005121027 0.997236192 53.279670715
0.997215927 -0.005877592 -0.074335709 -3.233723640 0.006191133 0.999972880 0.003988174 -0.540411174 0.074310251 -0.004437293 0.997225285 54.262317657
0.997159421 -0.008863334 -0.074796364 -3.302512884 0.009097615 0.999954700 0.002792129 -0.549627006 0.074768230 -0.003464666 0.997194946 55.231090546
0.997071564 -0.010365736 -0.075768344 -3.377156973 0.010693756 0.999935091 0.003924817 -0.558980823 0.075722739 -0.004723572 0.997117698 56.210796356
0.996957839 -0.013692478 -0.076730862 -3.446170807 0.014353880 0.999864399 0.008074880 -0.565491855 0.076609887 -0.009151700 0.997019172 57.182697296
0.996918023 -0.014120927 -0.077169314 -3.523024082 0.015168595 0.999800324 0.013006949 -0.570961893 0.076970242 -0.014137411 0.996933162 58.168106079
0.996848106 -0.013115303 -0.078242399 -3.599527359 0.014365274 0.999777675 0.015434192 -0.574209929 0.078022584 -0.016509518 0.996814907 59.141933441
0.996764541 -0.011525748 -0.079546452 -3.679053068 0.012456213 0.999859571 0.011210838 -0.572701156 0.079406068 -0.012165413 0.996768117 60.098098755
0.996688724 -0.010260230 -0.080661930 -3.763528347 0.010585123 0.999937475 0.003601247 -0.578972459 0.080619939 -0.004443138 0.996735036 61.049362183
0.996609092 -0.008633059 -0.081827737 -3.841146469 0.008541480 0.999962449 -0.001469168 -0.585102320 0.081837349 0.000765256 0.996645391 61.986042023
0.996591926 -0.003703456 -0.082406752 -3.933773041 0.003680683 0.999993145 -0.000428258 -0.599344790 0.082407773 0.000123486 0.996598661 62.923492432
0.996522725 -0.000881962 -0.083316401 -4.015698910 0.001046889 0.999997556 0.001935855 -0.613637328 0.083314493 -0.002016346 0.996521235 63.842796326
0.996421695 0.001184629 -0.084512599 -4.098061085 -0.000878883 0.999992907 0.003654869 -0.631847382 0.084516332 -0.003567514 0.996415734 64.747406006
0.996333301 0.002181991 -0.085528947 -4.178425789 -0.001911571 0.999992907 0.003243499 -0.638506413 0.085535415 -0.003068111 0.996330380 65.637931824
0.996196985 0.003886971 -0.087042950 -4.264133930 -0.003536561 0.999985039 0.004179564 -0.650340199 0.087057889 -0.003855836 0.996195793 66.513442993
0.996085227 0.004656247 -0.088275500 -4.346012115 -0.004251112 0.999979556 0.004776885 -0.660727322 0.088295937 -0.004382916 0.996084630 67.376289368
0.995937765 0.004454652 -0.089934058 -4.420925140 -0.003979472 0.999977171 0.005462269 -0.674707651 0.089956336 -0.005082190 0.995932758 68.221420288
0.995831490 0.004114524 -0.091118969 -4.502512455 -0.003540928 0.999972880 0.006455790 -0.679414809 0.091143057 -0.006106233 0.995819092 69.063865662
0.995673239 0.007009686 -0.092658609 -4.578642368 -0.006192034 0.999939322 0.009108903 -0.687152088 0.092716843 -0.008495746 0.995656252 69.887695312
0.995578229 0.008476255 -0.093552724 -4.665518284 -0.007272696 0.999886453 0.013198492 -0.691643596 0.093653977 -0.012459750 0.995526850 70.700897217
0.995377243 0.011558264 -0.095344663 -4.745381355 -0.010175684 0.999836087 0.014974352 -0.696288049 0.095502116 -0.013934932 0.995331705 71.490989685
0.995215356 0.014248561 -0.096661009 -4.828906059 -0.013262605 0.999853313 0.010835012 -0.702392995 0.096801221 -0.009501195 0.995258391 72.267402649
0.995094776 0.014058572 -0.097921893 -4.907590389 -0.013766184 0.999898553 0.003660958 -0.713234961 0.097963423 -0.002294989 0.995187342 73.015800476
0.994959116 0.013408244 -0.099380933 -4.984160900 -0.013695631 0.999903738 -0.002210080 -0.719534039 0.099341735 0.003560024 0.995047033 73.744544983
0.994917214 0.014494416 -0.099647492 -5.061187267 -0.014895589 0.999883652 -0.003283047 -0.729124427 0.099588312 0.004750668 0.995017409 74.453361511
0.994791746 0.017177653 -0.100470394 -5.139826775 -0.017223446 0.999851584 0.000411679 -0.744684935 0.100462556 0.001320912 0.994939983 75.152084351
0.994655728 0.017238336 -0.101798192 -5.211097717 -0.017046427 0.999850929 0.002754839 -0.761811495 0.101830505 -0.001004821 0.994801283 75.827590942
0.994618952 0.014118403 -0.102634512 -5.280794621 -0.014273981 0.999897838 -0.000781514 -0.770175278 0.102612987 0.002242311 0.994718850 76.480903625
0.994663417 0.006329400 -0.102978632 -5.326253891 -0.006992877 0.999957025 -0.006083115 -0.782175064 0.102935709 0.006770769 0.994664967 77.124107361
0.994809985 0.002330658 -0.101723634 -5.389143467 -0.003403785 0.999940336 -0.010377144 -0.804641604 0.101693384 0.010669532 0.994758546 77.732261658
0.995147586 0.004381244 -0.098296136 -5.456717968 -0.005449311 0.999928951 -0.010599975 -0.817338407 0.098242715 0.011084186 0.995100737 78.329788208
0.995520771 0.009475937 -0.094066948 -5.523322105 -0.010257873 0.999916732 -0.007832491 -0.824984372 0.093984894 0.008762334 0.995535076 78.918167114
0.995936632 0.008107520 -0.089691386 -5.564879417 -0.008564116 0.999952257 -0.004707085 -0.836524010 0.089648940 0.005456085 0.995958507 79.495849609
0.996440053 0.004403390 -0.084189057 -5.596223831 -0.004452649 0.999989986 -0.000397341 -0.851245940 0.084186465 0.000770790 0.996449709 80.053527832
0.997112215 -0.000040159 -0.075942494 -5.629929543 0.000253496 0.999996066 0.002799549 -0.857293725 0.075942084 -0.002810716 0.997108281 80.601394653
0.997869730 0.003743035 -0.065130763 -5.661118031 -0.003561924 0.999989450 0.002896634 -0.871347308 0.065140918 -0.002658473 0.997872531 81.127197266
0.998704493 0.008812399 -0.050116524 -5.688354969 -0.008702168 0.999959230 0.002417254 -0.877441943 0.050135780 -0.001978000 0.998740435 81.649169922
0.999390483 0.013912550 -0.032016933 -5.700019360 -0.013820989 0.999899745 0.003079311 -0.883521378 0.032056563 -0.002634929 0.999482572 82.152748108
0.999875903 0.012411707 -0.009704797 -5.691887856 -0.012382081 0.999918520 0.003106969 -0.881046236 0.009742569 -0.002986417 0.999948084 82.649055481
0.999831557 0.008899674 0.016051611 -5.655280113 -0.008977212 0.999948323 0.004765030 -0.897645891 -0.016008375 -0.004908326 0.999859810 83.114227295
0.998927057 0.007728166 0.045662049 -5.612554550 -0.008022794 0.999948144 0.006272618 -0.905130446 -0.045611206 -0.006632226 0.998937249 83.586242676
0.996866167 0.007224569 0.078776166 -5.557050228 -0.007861397 0.999938846 0.007776890 -0.911207139 -0.078715168 -0.008371809 0.996861994 84.050346375
0.993141949 0.007231712 0.116690762 -5.483715057 -0.008254540 0.999931633 0.008284402 -0.913883507 -0.116622873 -0.009190816 0.993133724 84.501678467
0.987517238 0.007017144 0.157354653 -5.389421463 -0.008475322 0.999927104 0.008597739 -0.925555468 -0.157282844 -0.009824047 0.987504721 84.900398254
0.979180634 0.007052820 0.202868164 -5.273030281 -0.008941998 0.999924779 0.008397287 -0.926725507 -0.202793673 -0.010036507 0.979170084 85.336174011
0.967928290 0.008809548 0.251072139 -5.131225586 -0.010672689 0.999924660 0.006060066 -0.930678248 -0.250999838 -0.008545324 0.967949390 85.738250732
0.952495635 0.010271103 0.304379046 -4.980001450 -0.011956377 0.999921799 0.003673372 -0.941326797 -0.304317504 -0.007138141 0.952543914 86.122222900
0.932774246 0.010710649 0.360301971 -4.803967953 -0.012183622 0.999924123 0.001817174 -0.948819876 -0.360255182 -0.006084797 0.932833970 86.495071411
0.908580542 0.011647181 0.417547375 -4.599260807 -0.012510510 0.999921501 -0.000669292 -0.945454955 -0.417522401 -0.004615624 0.908654928 86.859428406
0.879317522 0.011811616 0.476089448 -4.383217335 -0.012256267 0.999922514 -0.002170915 -0.958909512 -0.476078212 -0.003926156 0.879394174 87.197692871
0.845842957 0.010288756 0.533332705 -4.137906551 -0.009805184 0.999944925 -0.003739774 -0.971050262 -0.533341825 -0.002066163 0.845897317 87.510032654
0.809149742 0.009908900 0.587518930 -3.873869896 -0.008732934 0.999950171 -0.004837553 -0.979109406 -0.587537587 -0.001216459 0.809195995 87.796180725
0.769360065 0.009027239 0.638751626 -3.586060524 -0.007820858 0.999958336 -0.004712014 -0.981097460 -0.638767540 -0.001370348 0.769398630 88.075653076
0.727068543 0.008067795 0.686517477 -3.292667389 -0.008888663 0.999957740 -0.002337576 -0.989229620 -0.686507344 -0.004402644 0.727109551 88.319221497
0.682428777 0.006426929 0.730923891 -2.974729538 -0.008046844 0.999966800 -0.001279637 -1.003160000 -0.730907857 -0.005008369 0.682457864 88.547744751
0.636326432 0.005193257 0.771402419 -2.648288727 -0.005100167 0.999983788 -0.002525014 -1.011551738 -0.771403074 -0.002327549 0.636342585 88.750389099
0.590476155 0.003036799 0.807049394 -2.305728912 0.001146389 0.999988735 -0.004601554 -1.006504297 -0.807054281 0.003642301 0.590466082 88.929870605
0.544845581 0.006259930 0.838513017 -1.949272156 0.000051739 0.999971867 -0.007498922 -0.997720242 -0.838536382 0.004129138 0.544829965 89.102195740
0.497090399 0.009169785 0.867650330 -1.605911255 -0.003775489 0.999957561 -0.008405042 -1.005092621 -0.867690563 0.000902262 0.497103930 89.270950317
0.451601923 0.010973623 0.892152131 -1.252410889 -0.004155310 0.999939382 -0.010196033 -1.016143084 -0.892209947 0.000897380 0.451620102 89.413253784
0.409776032 0.009033998 0.912141502 -0.890110016 0.002260049 0.999937832 -0.010918868 -1.020155430 -0.912183404 0.006535775 0.409730196 89.524589539
0.369023085 0.000960741 0.929419816 -0.520767212 0.017569473 0.999813557 -0.008009409 -1.027620673 -0.929254174 0.019285072 0.368937373 89.630348206
0.334827900 -0.002178976 0.942276895 -0.139114380 0.021353312 0.999758065 -0.005275772 -1.029634237 -0.942037463 0.021887206 0.334793389 89.718788147
0.301475346 0.001907520 0.953472137 0.231517792 0.018484375 0.999798357 -0.007844717 -1.035665751 -0.953294814 0.019989323 0.301379323 89.819007874
0.270447195 0.009467807 0.962688327 0.603420258 0.008130766 0.999893546 -0.012117882 -1.050375462 -0.962700546 0.011104641 0.270341396 89.920303345
0.242370605 0.013661042 0.970087588 0.996337891 0.002887107 0.999886274 -0.014802002 -1.068238497 -0.970179439 0.006388318 0.242303610 90.009033203
0.216643214 0.015463990 0.976128340 1.394691467 0.004045076 0.999851763 -0.016737590 -1.083266735 -0.976242423 0.007574599 0.216548562 90.075889587
0.192848861 0.016722627 0.981086016 1.812164307 0.011478350 0.999747932 -0.019296983 -1.093022585 -0.981161416 0.014982651 0.192608297 90.138717651
0.173646271 0.023071196 0.984537899 2.229103088 0.018996224 0.999461055 -0.026771329 -1.090289116 -0.984624922 0.023351243 0.173114419 90.177276611
0.153786123 0.029964712 0.987649739 2.655868530 0.020991731 0.999215424 -0.033584211 -1.090877771 -0.987881184 0.025897263 0.153036475 90.229156494
0.136063516 0.030614113 0.990227044 3.109588623 0.018005604 0.999280930 -0.033368111 -1.105867743 -0.990536511 0.022369819 0.135414422 90.290672302
0.120643616 0.026108608 0.992352545 3.571441650 0.016195685 0.999469280 -0.028264813 -1.128077030 -0.992563784 0.019481799 0.120156765 90.340644836
0.106017947 0.023044890 0.994097173 4.054855347 0.016900780 0.999545217 -0.024973612 -1.147470951 -0.994220614 0.019448668 0.105580270 90.388793945
0.092957854 0.020567201 0.995457649 4.545394897 0.019395646 0.999559522 -0.022463158 -1.163712263 -0.995481193 0.021395672 0.092517972 90.420524597
0.081460714 0.019877363 0.996478319 5.057884216 0.022835027 0.999501467 -0.021804398 -1.177728891 -0.996414959 0.024530813 0.080966234 90.448410034
0.071416974 0.020467967 0.997236609 5.578628540 0.026147418 0.999407411 -0.022385068 -1.192340136 -0.997103870 0.027673833 0.070839465 90.474273682
0.063329220 0.021197831 0.997767508 6.121139526 0.027923910 0.999345303 -0.023003709 -1.204640865 -0.997601926 0.029318379 0.062695861 90.505722046
0.057853162 0.021469494 0.998094261 6.678794861 0.030113408 0.999276280 -0.023240400 -1.216307878 -0.997870862 0.031400546 0.057164729 90.529602051
0.052341580 0.022424970 0.998377442 7.262100220 0.030176334 0.999255776 -0.024026744 -1.236795545 -0.998173237 0.031384971 0.051625967 90.556716919
0.046278894 0.023107909 0.998661280 7.859344482 0.031089153 0.999214768 -0.024561418 -1.252288699 -0.998444676 0.032184210 0.045524180 90.584190369
0.042164385 0.023041010 0.998844981 8.476493835 0.033477116 0.999140084 -0.024460994 -1.273609161 -0.998549700 0.034469832 0.041356802 90.601676941
0.039202571 0.022940423 0.998968065 9.109512329 0.034959700 0.999092877 -0.024315229 -1.292394876 -0.998619735 0.035876844 0.038365066 90.622283936
0.036164403 0.022290843 0.999097228 9.761779785 0.035580281 0.999088645 -0.023578553 -1.312448263 -0.998712242 0.036400866 0.035338283 90.644462585
0.033781230 0.021802070 0.999191463 10.430458069 0.037771679 0.999019921 -0.023075335 -1.330557466 -0.998715281 0.038520653 0.032924652 90.664062500
0.033017874 0.021444850 0.999224663 11.120704651 0.041979291 0.998857737 -0.022824116 -1.347964644 -0.998572767 0.042700343 0.032079935 90.681861877
0.034228206 0.020842297 0.999196649 11.824256897 0.045814607 0.998698771 -0.022401320 -1.370577693 -0.998363376 0.046544559 0.033228815 90.699493408
0.036614060 0.021039153 0.999108016 12.560592651 0.047220841 0.998625159 -0.022759477 -1.386314631 -0.998213232 0.048012037 0.035570264 90.720336914
0.040374637 0.020962967 0.998964727 13.303161621 0.049731966 0.998498559 -0.022963179 -1.408463478 -0.997946203 0.050607607 0.039271474 90.749786377
0.044810355 0.020368988 0.998787940 14.064651489 0.050130989 0.998486638 -0.022611966 -1.426743984 -0.997737050 0.051083479 0.043721378 90.780464172
0.048764467 0.018818738 0.998633027 14.849044800 0.051696163 0.998434842 -0.021339390 -1.448389888 -0.997471571 0.052666098 0.047715247 90.819625854
0.052720368 0.017046459 0.998463929 15.639236450 0.051525392 0.998476028 -0.019767292 -1.470310092 -0.997279227 0.052488379 0.051761687 90.860549927
0.056859374 0.015133503 0.998267591 16.448143005 0.048592236 0.998658180 -0.017907148 -1.487784624 -0.997199059 0.049526241 0.056047678 90.912223816
0.060889065 0.013920757 0.998047531 17.271163940 0.047799878 0.998714864 -0.016846251 -1.513419509 -0.996999383 0.048732299 0.060145378 90.969062805
0.064933479 0.015007599 0.997776866 18.094474792 0.044842873 0.998832941 -0.017941782 -1.531206489 -0.996881664 0.045908201 0.064184725 91.026794434
0.068428993 0.018935816 0.997476399 18.930969238 0.042776592 0.998844683 -0.021896364 -1.561731577 -0.996738672 0.044166982 0.067539930 91.087615967
0.069949329 0.023821183 0.997266173 19.770439148 0.037389055 0.998949766 -0.026483912 -1.589443207 -0.996849716 0.039139371 0.068985224 91.151931763
0.069485903 0.027058950 0.997215927 20.606182098 0.034545328 0.998967230 -0.029513588 -1.618401885 -0.996984661 0.036499929 0.068479359 91.223373413
0.069636822 0.026700050 0.997215152 21.444721222 0.032087609 0.999064565 -0.028990293 -1.648337960 -0.997056365 0.034017041 0.068714917 91.284103394
0.069533527 0.025131311 0.997263014 22.290153503 0.029207781 0.999202788 -0.027216686 -1.679071903 -0.997151911 0.031020310 0.068744063 91.349716187
0.069411457 0.023913501 0.997301519 23.128952026 0.029837759 0.999215603 -0.026036087 -1.711895943 -0.997141838 0.031564444 0.068643510 91.411216736
0.069707096 0.023092223 0.997300327 23.971389771 0.027462510 0.999308705 -0.025058249 -1.746950030 -0.997189581 0.029135108 0.069024742 91.476501465
0.069745958 0.023341084 0.997291803 24.818569183 0.026052205 0.999342620 -0.025211059 -1.779736519 -0.997224629 0.027740018 0.069092035 91.548072815
0.069829464 0.023749193 0.997276306 25.655029297 0.023099078 0.999410033 -0.025417412 -1.814803600 -0.997291565 0.024811050 0.069239676 91.614089966
0.068449378 0.024991520 0.997341633 26.480495453 0.019861121 0.999453962 -0.026407558 -1.849748969 -0.997456968 0.021615902 0.067915618 91.676101685
0.066023529 0.025112880 0.997502029 27.305027008 0.017228028 0.999505520 -0.026303623 -1.875321507 -0.997669339 0.018921651 0.065558255 91.723800659
0.062668383 0.023758456 0.997751594 28.141986847 0.014757457 0.999585271 -0.024729030 -1.906350374 -0.997925341 0.016274005 0.062291801 91.775970459
0.057491839 0.021430662 0.998115897 28.972209930 0.012257221 0.999679089 -0.022170244 -1.936562777 -0.998270690 0.013508734 0.057210743 91.829910278
0.051435411 0.019081580 0.998494089 29.798431396 0.010087125 0.999756515 -0.019625327 -1.968614817 -0.998625457 0.011081371 0.051230431 91.871994019
0.044187903 0.019427212 0.998834312 30.620162964 0.010231725 0.999749660 -0.019897662 -1.996314287 -0.998970807 0.011099034 0.043978095 91.905296326
0.035572350 0.020415893 0.999158621 31.436622620 0.009643732 0.999737740 -0.020771068 -2.023354769 -0.999320626 0.010374493 0.035366118 91.931396484
0.025411308 0.020690879 0.999462962 32.256736755 0.010656470 0.999723375 -0.020967210 -2.050696611 -0.999620318 0.011183551 0.025183797 91.954742432
0.015224814 0.019785907 0.999688506 33.071887970 0.011981352 0.999728799 -0.019969182 -2.074682951 -0.999812484 0.012281649 0.014983654 91.964080811
0.004634142 0.018628268 0.999815702 33.878917694 0.010775874 0.999767482 -0.018677315 -2.106837511 -0.999931157 0.010860441 0.004432321 91.964965820
-0.006814837 0.017884286 0.999816835 34.681667328 0.012042510 0.999769032 -0.017801346 -2.131366014 -0.999904275 0.011918991 -0.007028699 91.960342407
-0.017572999 0.018158728 0.999680817 35.477134705 0.012096402 0.999765754 -0.017947638 -2.157309771 -0.999772549 0.011777149 -0.017788649 91.941513062
-0.028594255 0.018799353 0.999414325 36.268196106 0.012432224 0.999752462 -0.018450016 -2.183652878 -0.999513805 0.011897380 -0.028820872 91.918609619
-0.039553404 0.019971186 0.999018013 37.061561584 0.011894888 0.999738812 -0.019514654 -2.209377527 -0.999146819 0.011111337 -0.039780736 91.891830444
-0.049788713 0.021082515 0.998537421 37.843799591 0.012680700 0.999709964 -0.020474996 -2.233427286 -0.998679459 0.011642732 -0.050041556 91.848564148
-0.059056044 0.021621784 0.998020589 38.610137939 0.013859131 0.999686778 -0.020837797 -2.260573864 -0.998158574 0.012601100 -0.059337258 91.794548035
-0.068803191 0.022256540 0.997382164 39.395755768 0.014023716 0.999673903 -0.021340279 -2.284395695 -0.997531891 0.012518727 -0.069092870 91.743804932
-0.078054786 0.022845384 0.996687472 40.160213470 0.014551517 0.999657035 -0.021773865 -2.307437181 -0.996843040 0.012803761 -0.078360438 91.679733276
-0.087252378 0.022103662 0.995940924 40.917716980 0.015515891 0.999662697 -0.020826945 -2.340226173 -0.996065378 0.013635711 -0.087565899 91.619674683
-0.094627261 0.020718846 0.995297253 41.657672882 0.017046753 0.999670565 -0.019189179 -2.365470648 -0.995366931 0.015150769 -0.094949245 91.547103882
-0.099498868 0.019595709 0.994844854 42.406066895 0.020027671 0.999642968 -0.017687166 -2.387814045 -0.994836211 0.018164571 -0.099855900 91.465194702
-0.102975130 0.017642284 0.994527638 43.136463165 0.023123091 0.999614954 -0.015338329 -2.414475918 -0.994415343 0.021417085 -0.103343487 91.379455566
-0.105907321 0.016747100 0.994234920 43.854682922 0.024739837 0.999593019 -0.014202031 -2.436454773 -0.994068146 0.023093112 -0.106278539 91.305671692
-0.107809544 0.015665455 0.994048297 44.556022644 0.024731947 0.999608696 -0.013070784 -2.460247278 -0.993864059 0.023175595 -0.108154774 91.230270386
-0.108410001 0.016154971 0.993974924 45.240917206 0.026199818 0.999567091 -0.013388318 -2.484029770 -0.993760884 0.024590535 -0.108786345 91.153457642
-0.107468843 0.017173501 0.994060159 45.912548065 0.027004911 0.999532342 -0.014348512 -2.503330708 -0.993841648 0.025302488 -0.107882380 91.079620361
-0.104564905 0.018760238 0.994341254 46.562213898 0.028012402 0.999480903 -0.015911430 -2.526138544 -0.994123638 0.026190108 -0.105036139 91.012863159
-0.098907471 0.019495403 0.994905591 47.202323914 0.028326241 0.999458075 -0.016768588 -2.544650793 -0.994693339 0.026523398 -0.099406004 90.948242188
-0.091108203 0.020268472 0.995634794 47.815391541 0.028068634 0.999447882 -0.017777603 -2.563528776 -0.995445430 0.026326420 -0.091626883 90.896492004
-0.079782963 0.020080116 0.996609986 48.404853821 0.027137361 0.999470294 -0.017965285 -2.587290049 -0.996442795 0.025612045 -0.080285549 90.853485107
-0.065995574 0.020350153 0.997612417 48.982646942 0.026816880 0.999467075 -0.018613955 -2.605743647 -0.997459531 0.025524415 -0.066506147 90.825668335
-0.048908949 0.021796411 0.998565376 49.535182953 0.025146874 0.999471843 -0.020584524 -2.629521847 -0.998486578 0.024104031 -0.049431205 90.812301636
-0.027473569 0.024187021 0.999329925 50.086631775 0.023341678 0.999450147 -0.023548225 -2.654957294 -0.999350011 0.022679083 -0.028023005 90.812332153
-0.003152609 0.027021524 0.999630034 50.607360840 0.020997681 0.999416232 -0.026949527 -2.679846287 -0.999774694 0.020904949 -0.003718257 90.832382202
0.025057971 0.028818980 0.999270558 51.134307861 0.019719578 0.999375641 -0.029316505 -2.702013016 -0.999491513 0.020439805 0.024474025 90.859939575
0.058098733 0.028401945 0.997906864 51.648788452 0.017527431 0.999412119 -0.029465249 -2.722061157 -0.998157084 0.019202638 0.057566762 90.914833069
0.096693337 0.025661610 0.994983375 52.180084229 0.016740028 0.999484241 -0.027404506 -2.745720863 -0.995173454 0.019305883 0.096213937 90.974990845
0.139189184 0.022182329 0.990017474 52.688144684 0.014897476 0.999589026 -0.024491269 -2.763364315 -0.990153849 0.018157681 0.138801515 91.065551758
0.184167504 0.017472841 0.982739568 53.197883606 0.011904432 0.999728978 -0.020005828 -2.792122841 -0.982822835 0.015383382 0.183909595 91.188552856
0.232371986 0.014396820 0.972520530 53.688724518 0.007185550 0.999837756 -0.016518116 -2.808842659 -0.972600520 0.010826443 0.232230842 91.340087891
0.283777118 0.013056687 0.958801448 54.161491394 0.003773592 0.999884367 -0.014733016 -2.820653439 -0.958882928 0.007799020 0.283695042 91.511306763
0.338704824 0.012087929 0.940815032 54.619335175 0.002630644 0.999901414 -0.013794156 -2.846534252 -0.940889001 0.007147096 0.338639617 91.702903748
0.397346973 0.012534614 0.917582870 55.068870544 0.005176821 0.999860168 -0.015900316 -2.858971834 -0.917653918 0.011068107 0.397226572 91.913986206
0.455777526 0.016330691 0.889943957 55.476470947 0.005542696 0.999760211 -0.021184495 -2.873359442 -0.890076518 0.014588105 0.455577731 92.178054810
0.515303969 0.019289054 0.856790364 55.878700256 0.007142246 0.999615312 -0.026800094 -2.889070988 -0.856977701 0.019929605 0.514968038 92.452728271
0.572888017 0.023617005 0.819293320 56.221481323 0.002853659 0.999521255 -0.030807680 -2.905033112 -0.819628656 0.019987335 0.572546363 92.745895386
0.628979504 0.026973702 0.776953816 56.573692322 -0.000741014 0.999418259 -0.034097172 -2.911792278 -0.777421534 0.020870691 0.628633618 93.076362610
0.680482984 0.026435191 0.732286870 56.875213623 -0.001811241 0.999406695 -0.034394972 -2.944675684 -0.732761621 0.022078846 0.680127144 93.419975281
0.729051828 0.025455959 0.683984995 57.169887543 -0.003006941 0.999417663 -0.033990394 -2.958829880 -0.684451938 0.022724057 0.728703797 93.789962769
0.773962557 0.020901812 0.632886350 57.427978516 -0.003858442 0.999592185 -0.028294180 -2.978505135 -0.633219659 0.019456681 0.773727596 94.165054321
0.815012336 0.016751343 0.579201400 57.667236328 -0.005125337 0.999751329 -0.021702236 -2.989224911 -0.579420924 0.014718988 0.814895511 94.574401855
0.851356745 0.013009196 0.524425864 57.886787415 -0.005982044 0.999868214 -0.015091988 -3.004921913 -0.524553120 0.009711527 0.851322353 95.000297546
0.882157207 0.009870842 0.470851630 58.076492310 -0.006684906 0.999942064 -0.008438183 -3.011054754 -0.470907629 0.004296205 0.882172048 95.440811157
0.907275736 0.010163121 0.420413435 58.233417511 -0.009964247 0.999946773 -0.002669419 -3.026596785 -0.420418173 -0.001767204 0.907328725 95.886817932
0.927095413 0.012000730 0.374633312 58.371025085 -0.013211106 0.999912500 0.000662714 -3.037870646 -0.374592602 -0.005563720 0.927172840 96.327255249
0.942131817 0.018573882 0.334727764 58.485397339 -0.020711627 0.999781549 0.002817987 -3.042360306 -0.334602296 -0.009587673 0.942310631 96.762016296
0.953783512 0.022569137 0.299645811 58.594455719 -0.024289630 0.999702930 0.002017773 -3.047691822 -0.299511254 -0.009202804 0.954048395 97.230895996
0.962966025 0.024452224 0.268511742 58.707515717 -0.025967963 0.999660611 0.002094288 -3.047426939 -0.268369377 -0.008989431 0.963274121 97.709838867
0.968930900 0.019115083 0.246591911 58.821723938 -0.020243442 0.999792993 0.002041305 -3.049518824 -0.246501848 -0.006969753 0.969117284 98.202812195
0.972886443 0.015051531 0.230793014 58.937873840 -0.016171115 0.999864876 0.002960062 -3.060728788 -0.230717257 -0.006611984 0.972998381 98.692543030
0.975606740 0.020199012 0.218594342 59.021911621 -0.021194989 0.999772906 0.002212079 -3.060114861 -0.218500018 -0.006791225 0.975813329 99.200889587
0.977551997 0.026178401 0.209061563 59.111946106 -0.027281990 0.999624908 0.002396347 -3.059087753 -0.208920419 -0.008046169 0.977899551 99.715904236
0.978688478 0.033202078 0.202648625 59.210479736 -0.034175206 0.999414980 0.001303860 -3.056837320 -0.202486783 -0.008201631 0.979250669 100.243331909
0.979121089 0.037641104 0.199762464 59.304031372 -0.037895415 0.999278426 -0.002551762 -3.053811073 -0.199714378 -0.005071597 0.979841053 100.781562805
0.979120910 0.039898477 0.199324712 59.406677246 -0.039703943 0.999199092 -0.004974594 -3.071758270 -0.199363545 -0.003043248 0.979920864 101.328712463
0.978705585 0.037977774 0.201725349 59.523239136 -0.037024241 0.999278247 -0.008499335 -3.076689720 -0.201902539 0.000849619 0.979405224 101.882324219
0.977939606 0.037388694 0.205514655 59.651176453 -0.035167560 0.999276936 -0.014451092 -3.094643354 -0.205906361 0.006904847 0.978547335 102.439971924
0.977055550 0.036984190 0.209748924 59.775348663 -0.033612031 0.999242365 -0.019620337 -3.094210863 -0.210315645 0.012120072 0.977558374 103.027473450
0.975871742 0.042056430 0.214255899 59.896903992 -0.038846459 0.999061227 -0.019172341 -3.106314898 -0.214861080 0.010386663 0.976589382 103.624099731
0.974491417 0.045332249 0.219798788 60.024440765 -0.043073975 0.998958409 -0.015058370 -3.120486498 -0.220252484 0.005206646 0.975428998 104.238502502
0.973510861 0.042372506 0.224680200 60.169776917 -0.041143183 0.999101698 -0.010152684 -3.137812138 -0.224908561 0.000639689 0.974379659 104.848815918
0.972796679 0.037995279 0.228523552 60.321914673 -0.037888225 0.999270201 -0.004857309 -3.146470547 -0.228541330 -0.003933178 0.973526239 105.487983704
0.972024441 0.035776120 0.232139111 60.475791931 -0.036721665 0.999325514 -0.000248267 -3.156528711 -0.231991410 -0.008283212 0.972682595 106.127700806
0.971480429 0.031466488 0.235022679 60.636035919 -0.032527030 0.999470651 0.000636296 -3.165174484 -0.234878242 -0.008262739 0.971989691 106.771476746
0.971440792 0.028182028 0.235602677 60.797420502 -0.028367735 0.999594152 -0.002601906 -3.173027515 -0.235580385 -0.004155916 0.971845984 107.426040649
0.971562147 0.027613344 0.235169098 60.959026337 -0.026094817 0.999613702 -0.009567332 -3.181106567 -0.235342428 0.003158564 0.971907377 108.087127686
0.971744478 0.029873952 0.234137088 61.118148804 -0.026837815 0.999509454 -0.016143534 -3.193396330 -0.234504506 0.009403664 0.972069561 108.759338379
0.972268760 0.032942887 0.231534496 61.274230957 -0.029084979 0.999375701 -0.020057077 -3.199198484 -0.232050687 0.012766695 0.972619891 109.447769165
0.972884715 0.031191111 0.229177877 61.439205170 -0.028363861 0.999475598 -0.015621003 -3.212930918 -0.229544923 0.008697066 0.973259211 110.160285950
0.973319530 0.026836304 0.227879137 61.609580994 -0.025756305 0.999638498 -0.007712363 -3.231122494 -0.228003740 0.001637269 0.973658860 110.884300232
0.973808944 0.027595155 0.225686982 61.773620605 -0.027852884 0.999609947 -0.002042672 -3.244043589 -0.225655332 -0.004296862 0.974197745 111.623992920
0.974193573 0.030978287 0.223578185 61.938945770 -0.031144788 0.999511003 -0.002782407 -3.253401995 -0.223555058 -0.004252692 0.974682033 112.363021851
0.974470317 0.036652502 0.221504286 62.094394684 -0.035912830 0.999327779 -0.007367242 -3.262765408 -0.221625417 -0.000775687 0.975131571 113.110198975
0.975297451 0.037484583 0.217691973 62.256145477 -0.035573762 0.999286473 -0.012691496 -3.273446560 -0.218012378 0.004633862 0.975934982 113.871200562
0.976230025 0.036197998 0.213692889 62.424297333 -0.033634987 0.999312162 -0.015618752 -3.285317421 -0.214111269 0.008059937 0.976776004 114.639579773
0.977156460 0.033733215 0.209826782 62.592411041 -0.031458616 0.999404609 -0.014169496 -3.298800707 -0.210179836 0.007244954 0.977635920 115.426040649
0.978017211 0.030409405 0.206294850 62.763679504 -0.028531333 0.999520004 -0.012073368 -3.316084385 -0.206562966 0.005922096 0.978415370 116.221412659
0.978394687 0.028933186 0.204711348 62.929664612 -0.027654029 0.999576092 -0.009107284 -3.334671974 -0.204888076 0.003249425 0.978780031 117.030815125
0.978801131 0.025509035 0.203218296 63.107891083 -0.024665205 0.999673426 -0.006684319 -3.350061655 -0.203322440 0.001530198 0.979110658 117.842735291
0.978941083 0.020750673 0.203085661 63.270622253 -0.020027641 0.999783635 -0.005614888 -3.360084057 -0.203158244 0.001429318 0.979144871 118.667213440
0.979120493 0.021479066 0.202142656 63.447929382 -0.021097835 0.999769270 -0.004040644 -3.369609833 -0.202182800 -0.000308496 0.979347765 119.493560791
0.978832483 0.026782995 0.202902943 63.600673676 -0.026112674 0.999641120 -0.005980449 -3.384309292 -0.202990294 0.000555520 0.979180574 120.337181091
0.978541493 0.032858085 0.203413054 63.767074585 -0.031609286 0.999456227 -0.009385930 -3.394721985 -0.203610852 0.002754782 0.979048014 121.176582336
0.978109062 0.041111358 0.203991458 63.935581207 -0.039781760 0.999152005 -0.010616093 -3.413690567 -0.204254910 0.002268558 0.978915095 122.016601562
0.977170348 0.046758749 0.207248017 64.097686768 -0.045655083 0.998906136 -0.010107731 -3.429418325 -0.207493931 0.000415049 0.978236198 122.880523682
0.976381183 0.049361814 0.210340753 64.262611389 -0.048697945 0.998778760 -0.008337785 -3.444641113 -0.210495442 -0.002102307 0.977592587 123.744354248
0.975842834 0.049724650 0.212739840 64.444190979 -0.048902288 0.998761833 -0.009129162 -3.461879253 -0.212930381 -0.001494837 0.977066219 124.606796265
0.975477576 0.048321392 0.214728922 64.628273010 -0.046829458 0.998830438 -0.012032791 -3.474441051 -0.215059221 0.001682080 0.976599574 125.442497253
0.975438714 0.042439867 0.216143906 64.826568604 -0.041195977 0.999098420 -0.010259149 -3.500544548 -0.216384441 0.001102912 0.976307631 126.297447205
0.975728989 0.035225142 0.216129899 65.024513245 -0.033402253 0.999368966 -0.012082392 -3.518600225 -0.216419116 0.004569915 0.976289868 127.156356812
0.975461364 0.034822851 0.217399284 65.214843750 -0.033009112 0.999383390 -0.011969978 -3.542531729 -0.217682064 0.004500095 0.976009369 128.017578125
0.974939466 0.037733935 0.219246820 65.398300171 -0.036661018 0.999287605 -0.008961490 -3.561099052 -0.219428778 0.000699100 0.975628257 128.874374390
0.974588573 0.039171323 0.220550835 65.581184387 -0.039362658 0.999218762 -0.003528994 -3.573948145 -0.220516771 -0.005242148 0.975369096 129.738632202
0.974206924 0.042828351 0.221555009 65.769081116 -0.044103879 0.999026597 0.000810812 -3.593999386 -0.221304625 -0.010561334 0.975147545 130.598266602
0.974007666 0.042147256 0.222559273 65.958740234 -0.041929763 0.999104261 -0.005704515 -3.610238075 -0.222600356 -0.003775615 0.974902451 131.436553955
0.974271655 0.038006481 0.222149283 66.155296326 -0.034402814 0.999206483 -0.020070449 -3.632197380 -0.222735822 0.011911509 0.974806070 132.268081665
