1.000000000 0.000000000 0.000000000 0.000000000 0.000000000 1.000000000 0.000000000 0.000000000 0.000000000 0.000000000 1.000000000 0.000000000
0.999999940 -0.000270390 0.000235072 -0.012067952 0.000269948 0.999998212 0.001878557 -0.018737517 -0.000235579 -0.001878493 0.999998212 1.339700580
0.999998629 -0.001586726 -0.000494781 -0.006915019 0.001587628 0.999997079 0.001828720 -0.039810114 0.000491878 -0.001829503 0.999998212 2.682172537
0.999994576 -0.003258460 -0.000440695 -0.014955970 0.003258725 0.999994516 0.000600160 -0.055052824 0.000438737 -0.000601593 0.999999702 4.015928268
0.999992669 -0.003784986 -0.000563354 -0.010560504 0.003785398 0.999992549 0.000733515 -0.073545232 0.000560574 -0.000735642 0.999999583 5.371307373
0.999991000 -0.004198522 -0.000620188 -0.013504557 0.004199602 0.999989629 0.001750799 -0.096428514 0.000612831 -0.001753388 0.999998271 6.706975937
0.999983847 -0.005648788 -0.000641895 -0.013723846 0.005650688 0.999979556 0.002999326 -0.116285548 0.000624939 -0.003002904 0.999995291 8.059251785
0.999985397 -0.005364530 -0.000692948 -0.021343032 0.005366775 0.999980211 0.003280312 -0.131541535 0.000675337 -0.003283983 0.999994397 9.419277191
0.999989510 -0.004423293 -0.001206028 -0.017819410 0.004425204 0.999988973 0.001586997 -0.153324276 0.001198995 -0.001592317 0.999998033 10.776377678
0.999998271 -0.001510022 -0.001099631 -0.030507730 0.001509472 0.999998748 -0.000501041 -0.176024213 0.001100386 0.000499381 0.999999285 12.127766609
0.999997735 0.001938287 -0.000859944 -0.041265097 -0.001939542 0.999997079 -0.001460850 -0.197399125 0.000857110 0.001462515 0.999998569 13.483721733
0.999990046 0.004423847 -0.000552274 -0.056237854 -0.004424627 0.999989212 -0.001420019 -0.220817342 0.000545986 0.001422448 0.999998868 14.845854759
0.999985456 0.005353495 -0.000669898 -0.058359999 -0.005353944 0.999985456 -0.000670865 -0.241898745 0.000666297 0.000674442 0.999999523 16.214271545
0.999996066 0.002769115 -0.000390688 -0.057037640 -0.002768240 0.999993682 0.002222141 -0.265589058 0.000396838 -0.002221051 0.999997437 17.586252213
0.999998987 -0.001392370 -0.000221400 -0.054686401 0.001393243 0.999991059 0.003991418 -0.283922195 0.000215840 -0.003991723 0.999992013 18.956296921
0.999991059 -0.004208124 -0.000403677 -0.061947126 0.004208856 0.999989450 0.001828794 -0.306936085 0.000395977 -0.001830476 0.999998271 20.321466446
0.999987960 -0.004902171 -0.000040888 -0.069950052 0.004902171 0.999987960 0.000007193 -0.325933427 0.000040852 -0.000007394 1.000000000 21.687929153
0.999996841 -0.002496809 0.000170065 -0.076205872 0.002497101 0.999995351 -0.001742625 -0.352210939 -0.000165713 0.001743044 0.999998450 23.060533524
0.999999404 0.000271990 0.001045756 -0.080482252 -0.000272659 0.999999762 0.000638963 -0.375842512 -0.001045582 -0.000639247 0.999999225 24.453931808
0.999998748 0.000105359 0.001597204 -0.094846204 -0.000111579 0.999992430 0.003895119 -0.393358886 -0.001596782 -0.003895292 0.999991119 25.828525543
0.999994278 -0.002439343 0.002344253 -0.095950827 0.002425294 0.999979198 0.005977191 -0.409172565 -0.002358784 -0.005971471 0.999979377 27.223493576
0.999979258 -0.006299446 0.001356046 -0.083258316 0.006294338 0.999973178 0.003738566 -0.418642491 -0.001379561 -0.003729953 0.999992073 28.631034851
0.999978662 -0.006340149 0.001588611 -0.092278920 0.006338015 0.999979019 0.001344594 -0.436440200 -0.001597102 -0.001334497 0.999997854 30.014419556
0.999974370 -0.006857782 0.002064485 -0.094498210 0.006859998 0.999975920 -0.001068163 -0.457416773 -0.002057110 0.001082298 0.999997318 31.402484894
0.999990523 -0.003347160 0.002781627 -0.099897809 0.003351877 0.999992967 -0.001692992 -0.482905656 -0.002775941 0.001702300 0.999994695 32.797912598
0.999992907 -0.002100162 0.003130224 -0.102507018 0.002113527 0.999988616 -0.004272265 -0.500990987 -0.003121216 0.004278850 0.999985993 34.199531555
0.999993920 -0.001305418 0.003228295 -0.104218915 0.001316150 0.999993622 -0.003324617 -0.534562230 -0.003223934 0.003328845 0.999989271 35.593029022
0.999994874 -0.001474917 0.002846782 -0.103767060 0.001480465 0.999997020 -0.001947787 -0.562835813 -0.002843901 0.001951991 0.999994040 37.012142181
0.999996483 -0.000077722 0.002641050 -0.107930638 0.000079110 0.999999881 -0.000525308 -0.585170329 -0.002641009 0.000525515 0.999996364 38.417160034
0.999992490 0.002751645 0.002730443 -0.114955582 -0.002751051 0.999996185 -0.000221297 -0.612732530 -0.002731042 0.000213784 0.999996245 39.835578918
0.999982893 0.005077505 0.002895182 -0.118336461 -0.005075423 0.999986827 -0.000725864 -0.632279575 -0.002898829 0.000711157 0.999995530 41.261821747
0.999970913 0.007091593 0.002802517 -0.123479687 -0.007090811 0.999974847 -0.000289132 -0.653510869 -0.002804497 0.000269252 0.999996006 42.689064026
0.999963284 0.008179103 0.002565098 -0.126937345 -0.008178410 0.999966502 -0.000280471 -0.676247418 -0.002567306 0.000259482 0.999996662 44.113334656
0.999971688 0.007247874 0.002012557 -0.123871364 -0.007247033 0.999973655 -0.000424813 -0.702047884 -0.002015583 0.000410216 0.999997914 45.544651031
0.999978542 0.006358421 0.001592325 -0.129601464 -0.006357301 0.999979556 -0.000706913 -0.727635324 -0.001596787 0.000696775 0.999998510 46.975547791
0.999984443 0.005561415 0.000381542 -0.127817392 -0.005561297 0.999984503 -0.000308588 -0.756928027 -0.000383252 0.000306461 0.999999881 48.411998749
0.999982595 0.005889433 -0.000288711 -0.137146533 -0.005889232 0.999982417 0.000689421 -0.774709821 0.000292766 -0.000687709 0.999999702 49.842498779
0.999978006 0.006453341 -0.001528415 -0.142015159 -0.006453020 0.999979138 0.000214651 -0.797861993 0.001529768 -0.000204783 0.999998808 51.289527893
0.999976158 0.006416180 -0.002556442 -0.150720909 -0.006414008 0.999979079 0.000856864 -0.822344422 0.002561886 -0.000840447 0.999996364 52.740036011
0.999970019 0.006752928 -0.003791452 -0.160704479 -0.006746970 0.999975979 0.001581943 -0.843204200 0.003802044 -0.001556315 0.999991536 54.186630249
0.999976635 0.005225846 -0.004413382 -0.172618568 -0.005213961 0.999982774 0.002700164 -0.867961347 0.004427417 -0.002677090 0.999986589 55.633052826
0.999982834 0.003942772 -0.004338888 -0.194863111 -0.003929784 0.999987781 0.002998007 -0.889006495 0.004350655 -0.002980905 0.999986112 57.072521210
0.999984860 0.001468503 -0.005297835 -0.192510799 -0.001456952 0.999996543 0.002183556 -0.912681580 0.005301023 -0.002175804 0.999983609 58.523162842
0.999985099 0.000352830 -0.005451347 -0.203205913 -0.000336853 0.999995649 0.002931439 -0.939291596 0.005452358 -0.002929559 0.999980867 59.967140198
0.999987364 -0.001063885 -0.004911134 -0.211614504 0.001080930 0.999993384 0.003469315 -0.957282543 0.004907410 -0.003474579 0.999981940 61.410747528
0.999986231 -0.002680281 -0.004512193 -0.224303514 0.002699552 0.999987245 0.004270105 -0.979662120 0.004500690 -0.004282227 0.999980688 62.853828430
0.999980628 -0.004584143 -0.004213456 -0.229693592 0.004601037 0.999981403 0.004008661 -1.001185179 0.004195001 -0.004027969 0.999983072 64.301918030
0.999973178 -0.006171504 -0.003940745 -0.235483751 0.006184180 0.999975741 0.003212787 -1.024682522 0.003920822 -0.003237071 0.999987066 65.746147156
0.999976635 -0.005991972 -0.003286724 -0.246561602 0.006001163 0.999978065 0.002793526 -1.041691780 0.003269914 -0.002813185 0.999990702 67.175949097
0.999984860 -0.004820709 -0.002660654 -0.257896870 0.004828054 0.999984562 0.002760972 -1.064609647 0.002647303 -0.002773776 0.999992669 68.600303650
0.999997199 -0.001254133 -0.002005124 -0.275135279 0.001262709 0.999990046 0.004281343 -1.091778398 0.001999735 -0.004283863 0.999988854 70.027801514
0.999997318 0.002039315 -0.001079362 -0.292489022 -0.002033651 0.999984264 0.005223081 -1.106851339 0.001089996 -0.005220872 0.999985754 71.464668274
0.999981582 0.006055399 -0.000419085 -0.306742251 -0.006052906 0.999965370 0.005715213 -1.126639843 0.000453678 -0.005712571 0.999983609 72.888710022
0.999945402 0.010434586 0.000533407 -0.331394911 -0.010437225 0.999931931 0.005212343 -1.141244292 -0.000478983 -0.005217626 0.999986291 74.291244507
0.999895573 0.014374300 0.001485830 -0.349839061 -0.014380861 0.999886453 0.004504084 -1.160633922 -0.001420918 -0.004524981 0.999988735 75.692092896
0.999874055 0.015761906 0.001863542 -0.353382230 -0.015770223 0.999865353 0.004535610 -1.181790352 -0.001791802 -0.004564427 0.999987960 77.111648560
0.999869168 0.016017782 0.002244265 -0.357110322 -0.016028849 0.999859035 0.005004134 -1.206040740 -0.002163793 -0.005039452 0.999984980 78.512382507
0.999884546 0.014979300 0.002552900 -0.374764025 -0.014991368 0.999876201 0.004775585 -1.227236509 -0.002481049 -0.004813305 0.999985337 79.914199829
0.999908984 0.013264765 0.002471562 -0.379702181 -0.013275099 0.999903023 0.004212636 -1.252252817 -0.002415443 -0.004245062 0.999988079 81.314529419
0.999917209 0.012695490 0.002111177 -0.379320085 -0.012704184 0.999910653 0.004157178 -1.274582982 -0.002058211 -0.004183654 0.999989152 82.707931519
0.999917865 0.012666639 0.001956196 -0.387022048 -0.012674428 0.999911606 0.004021798 -1.287142992 -0.001905081 -0.004046262 0.999989986 84.111572266
0.999923229 0.012316018 0.001352276 -0.392406255 -0.012321005 0.999917090 0.003742975 -1.310499549 -0.001306066 -0.003759349 0.999992073 85.516296387
0.999922216 0.012450675 0.000767638 -0.405498594 -0.012453696 0.999914169 0.004064222 -1.325013161 -0.000716970 -0.004073465 0.999991417 86.925086975
0.999927878 0.011996881 -0.000546683 -0.405865937 -0.011994009 0.999915659 0.004984655 -1.351068139 0.000606438 -0.004977739 0.999987423 88.329772949
0.999950945 0.009725570 -0.001861725 -0.407169789 -0.009714075 0.999934316 0.006086675 -1.371492863 0.001920799 -0.006068292 0.999979734 89.722587585
0.999968708 0.007296392 -0.003058919 -0.413404852 -0.007276260 0.999952137 0.006541769 -1.388549447 0.003106504 -0.006519306 0.999973953 91.116706848
0.999979615 0.005228941 -0.003671763 -0.422229052 -0.005204466 0.999964356 0.006644121 -1.410885096 0.003706374 -0.006624876 0.999971211 92.500091553
0.999982655 0.004086290 -0.004238345 -0.424155176 -0.004059691 0.999972105 0.006265617 -1.430249214 0.004263830 -0.006248302 0.999971390 93.884529114
0.999985814 0.002449737 -0.004733144 -0.435079426 -0.002421556 0.999979377 0.005950531 -1.446241140 0.004747624 -0.005938984 0.999971092 95.269554138
0.999983549 0.003048043 -0.004858695 -0.446091473 -0.003022181 0.999981284 0.005321315 -1.463538170 0.004874824 -0.005306544 0.999974012 96.652839661
0.999984980 0.002929198 -0.004637567 -0.459246397 -0.002906994 0.999984324 0.004787502 -1.482272744 0.004651518 -0.004773949 0.999977767 98.034683228
0.999981701 0.004309333 -0.004250788 -0.478784144 -0.004292692 0.999983132 0.003916377 -1.500907660 0.004267593 -0.003898058 0.999983311 99.398452759
0.999976456 0.005706469 -0.003809418 -0.498754412 -0.005690945 0.999975502 0.004073400 -1.519540668 0.003832569 -0.004051625 0.999984443 100.766006470
0.999973893 0.006007745 -0.004011801 -0.500190496 -0.005984995 0.999966085 0.005658918 -1.541599989 0.004045662 -0.005634759 0.999975920 102.145996094
0.999964237 0.007675633 -0.003548609 -0.524590671 -0.007651181 0.999947250 0.006853514 -1.559234738 0.003601027 -0.006826119 0.999970198 103.494247437
0.999969184 0.007051556 -0.003455129 -0.535996854 -0.007032587 0.999960303 0.005471923 -1.579699159 0.003493577 -0.005447456 0.999979079 104.842636108
0.999972105 0.006637789 -0.003418249 -0.543791413 -0.006626389 0.999972463 0.003335432 -1.601400375 0.003440295 -0.003312688 0.999988616 106.206016541
0.999977469 0.005705042 -0.003531772 -0.558113515 -0.005696599 0.999980927 0.002396020 -1.627246022 0.003545374 -0.002375847 0.999990880 107.562812805
0.999988198 0.003410375 -0.003459278 -0.561535358 -0.003398415 0.999988258 0.003457471 -1.645481110 0.003471029 -0.003445675 0.999988019 108.926269531
0.999995053 0.001431273 -0.002811013 -0.571425438 -0.001416584 0.999985397 0.005220401 -1.659481764 0.002818444 -0.005216393 0.999982417 110.297302246
0.999998152 -0.000177110 -0.001923771 -0.576799452 0.000188716 0.999981761 0.006034452 -1.681270719 0.001922667 -0.006034804 0.999979913 111.646713257
0.999999225 -0.000675418 -0.001056317 -0.589455009 0.000680256 0.999989271 0.004586649 -1.697887659 0.001053207 -0.004587363 0.999988914 112.993019104
0.999999225 0.001250611 -0.000116624 -0.600368321 -0.001250336 0.999996543 0.002322348 -1.717331052 0.000119528 -0.002322200 0.999997318 114.342735291
0.999994695 0.003142522 0.000881022 -0.607241392 -0.003142798 0.999994993 0.000312221 -1.743456841 -0.000880037 -0.000314988 0.999999583 115.694374084
0.999979019 0.006049414 0.002316403 -0.616197526 -0.006050582 0.999981582 0.000497532 -1.764042139 -0.002313350 -0.000511537 0.999997199 117.041954041
0.999961913 0.007694716 0.004125644 -0.623668313 -0.007703972 0.999967813 0.002232389 -1.784445524 -0.004108334 -0.002264088 0.999988973 118.382522583
0.999956071 0.007968375 0.004932444 -0.621800661 -0.007990199 0.999958277 0.004420877 -1.801558852 -0.004897011 -0.004460094 0.999978065 119.743385315
0.999958932 0.007163945 0.005546414 -0.616290092 -0.007190883 0.999962389 0.004852264 -1.817893028 -0.005511444 -0.004891948 0.999972820 121.101188660
0.999950051 0.007584204 0.006510116 -0.611685455 -0.007612365 0.999961734 0.004311918 -1.835136294 -0.006477164 -0.004361260 0.999969542 122.456573486
0.999928057 0.009164103 0.007737622 -0.604151964 -0.009195173 0.999949753 0.003989469 -1.856779218 -0.007700674 -0.004060331 0.999962091 123.820968628
0.999897361 0.011291349 0.008821738 -0.597554982 -0.011323498 0.999929368 0.003602867 -1.875802040 -0.008780434 -0.003702390 0.999954581 125.185180664
0.999882102 0.011756887 0.009878645 -0.592051625 -0.011785517 0.999926507 0.002844905 -1.897015214 -0.009844472 -0.002960995 0.999947131 126.555786133
0.999851346 0.013375652 0.010877834 -0.584432244 -0.013396029 0.999908626 0.001802603 -1.910668373 -0.010852729 -0.001948055 0.999939203 127.926139832
0.999851286 0.012238997 0.012148121 -0.577480793 -0.012259704 0.999923527 0.001631492 -1.932557702 -0.012127224 -0.001780182 0.999924898 129.280395508
0.999847412 0.011891411 0.012796558 -0.564918876 -0.011925370 0.999925554 0.002580743 -1.950324297 -0.012764917 -0.002732953 0.999914765 130.666992188
0.999852359 0.010506117 0.013596385 -0.552961588 -0.010554322 0.999938250 0.003478555 -1.971902490 -0.013558999 -0.003621543 0.999901533 132.019439697
0.999859333 0.009551859 0.013785316 -0.534986973 -0.009603853 0.999947011 0.003710466 -1.988713861 -0.013749143 -0.003842336 0.999898076 133.394256592
0.999876976 0.007485423 0.013783631 -0.521749139 -0.007539813 0.999963999 0.003898259 -2.007476568 -0.013753954 -0.004001706 0.999897420 134.761596680
0.999888361 0.006222755 0.013582823 -0.509343743 -0.006285574 0.999969721 0.004587068 -2.027411222 -0.013553867 -0.004671932 0.999897242 136.126983643
0.999903083 0.004695197 0.013108041 -0.500009835 -0.004750609 0.999979913 0.004199398 -2.043165922 -0.013088061 -0.004261262 0.999905288 137.502120972
0.999923408 0.003319132 0.011924829 -0.488305658 -0.003368238 0.999985933 0.004100231 -2.062075377 -0.011911052 -0.004140083 0.999920487 138.854339600
0.999939382 0.001635921 0.010890704 -0.478120476 -0.001690479 0.999986053 0.005002202 -2.080204487 -0.010882368 -0.005020309 0.999928176 140.225021362
0.999951363 0.000059448 0.009860891 -0.466061324 -0.000110982 0.999986351 0.005225624 -2.099119663 -0.009860446 -0.005226465 0.999937713 141.593322754
0.999962986 -0.000403295 0.008595546 -0.457828432 0.000358481 0.999986351 0.005214553 -2.118930101 -0.008597531 -0.005211279 0.999949455 142.961883545
0.999972522 -0.000511755 0.007395245 -0.450203657 0.000477537 0.999989152 0.004628043 -2.136654615 -0.007397534 -0.004624384 0.999961972 144.323074341
0.999978423 -0.000495109 0.006546586 -0.440907598 0.000466767 0.999990523 0.004330009 -2.155602455 -0.006548668 -0.004326859 0.999969184 145.702316284
0.999981821 -0.002413003 0.005525125 -0.438815802 0.002402699 0.999995351 0.001870717 -2.176851988 -0.005529613 -0.001857407 0.999983013 147.054473877
0.999956310 -0.008133544 0.004608274 -0.433005333 0.008126483 0.999965787 0.001548796 -2.198147535 -0.004620714 -0.001511280 0.999988198 148.411926270
0.999870300 -0.015769331 0.003279305 -0.416775048 0.015755985 0.999867618 0.004056009 -2.220911264 -0.003342832 -0.004003813 0.999986410 149.775054932
0.999751747 -0.022182049 0.002105740 -0.407856196 0.022170924 0.999740839 0.005167597 -2.235946894 -0.002219822 -0.005119628 0.999984443 151.153732300
0.999683142 -0.025138237 0.001302032 -0.399363995 0.025135608 0.999682069 0.001996854 -2.255492210 -0.001351816 -0.001963494 0.999997139 152.521438599
0.999674857 -0.025470886 0.001201544 -0.400212288 0.025471905 0.999675214 -0.000839469 -2.285283327 -0.001179772 0.000869802 0.999998927 153.877700806
0.999759734 -0.021820672 0.002069039 -0.405291498 0.021826087 0.999758303 -0.002632022 -2.315209389 -0.002011106 0.002676549 0.999994397 155.248718262
0.999759436 -0.021757869 0.002773812 -0.404656589 0.021764606 0.999760211 -0.002421933 -2.342074871 -0.002720451 0.002481721 0.999993205 156.609710693
0.999675453 -0.025218977 0.003603286 -0.398643702 0.025215620 0.999681532 0.000973919 -2.364957571 -0.003626699 -0.000882743 0.999993026 157.981979370
0.999535382 -0.030204678 0.004091419 -0.388343215 0.030189149 0.999536932 0.003805543 -2.386397362 -0.004204470 -0.003680259 0.999984384 159.347000122
0.999405444 -0.034230288 0.004126067 -0.376311630 0.034207568 0.999399841 0.005456257 -2.412118912 -0.004310360 -0.005311870 0.999976575 160.716613770
0.999347091 -0.035900358 0.004072114 -0.361544222 0.035879713 0.999343455 0.005034849 -2.424602747 -0.004250193 -0.004885456 0.999979019 162.101684570
0.999425173 -0.033561993 0.004789029 -0.358595341 0.033534508 0.999421239 0.005708698 -2.440069914 -0.004977853 -0.005544818 0.999972224 163.472885132
0.999554038 -0.029219691 0.006156630 -0.361584306 0.029191775 0.999563336 0.004576267 -2.450889587 -0.006287659 -0.004394503 0.999970555 164.834854126
0.999632657 -0.026148926 0.007124308 -0.364958882 0.026130166 0.999654889 0.002713786 -2.477237940 -0.007192811 -0.002526629 0.999970913 166.212387085
0.999708474 -0.022886226 0.007696175 -0.359872639 0.022870040 0.999736071 0.002184639 -2.493194818 -0.007744141 -0.002007991 0.999967992 167.581375122
0.999749660 -0.020787299 0.008280301 -0.353756160 0.020759564 0.999778628 0.003421546 -2.509981871 -0.008349593 -0.003248794 0.999959886 168.961639404
0.999780715 -0.019514037 0.007598952 -0.343923390 0.019491015 0.999805272 0.003092157 -2.534948587 -0.007657813 -0.002943368 0.999966323 170.368591309
0.999819160 -0.017587226 0.007233197 -0.341305256 0.017583318 0.999845207 0.000603459 -2.553290606 -0.007242690 -0.000476166 0.999973655 171.745956421
0.999879122 -0.013975439 0.006809840 -0.341806471 0.013989372 0.999900162 -0.002002791 -2.577075005 -0.006781170 0.002097814 0.999974787 173.123321533
0.999941111 -0.008618872 0.006597169 -0.341989845 0.008642108 0.999956548 -0.003501809 -2.597285748 -0.006566701 0.003558617 0.999972105 174.514373779
0.999966919 -0.004044618 0.007056791 -0.347874969 0.004062371 0.999988616 -0.002503249 -2.615834236 -0.007046586 0.002531833 0.999971986 175.906280518
0.999971926 -0.001422608 0.007359486 -0.343308449 0.001424510 0.999998927 -0.000253296 -2.646017313 -0.007359118 0.000263773 0.999972880 177.305892944
0.999971390 -0.000946565 0.007501358 -0.342416525 0.000932019 0.999997675 0.001942335 -2.669710636 -0.007503179 -0.001935289 0.999969959 178.700241089
0.999970436 -0.004030827 0.006549019 -0.328207552 0.004012625 0.999988079 0.002790063 -2.685788631 -0.006560187 -0.002763702 0.999974668 180.109558105
0.999965847 -0.006747650 0.004767394 -0.317827821 0.006732346 0.999972165 0.003219149 -2.711159945 -0.004788983 -0.003186944 0.999983430 181.521408081
0.999972939 -0.006858188 0.002652524 -0.311159313 0.006861540 0.999975681 -0.001256981 -2.728634119 -0.002643839 0.001275147 0.999995708 182.932647705
0.999986291 -0.005088492 0.001257848 -0.316773802 0.005095288 0.999972105 -0.005459487 -2.753816843 -0.001230033 0.005465820 0.999984324 184.341522217
0.999999821 -0.000407598 0.000373837 -0.322338998 0.000409859 0.999981523 -0.006068919 -2.783426285 -0.000371356 0.006069072 0.999981523 185.758483887
0.999994993 0.003147893 0.000351660 -0.336089343 -0.003146025 0.999981582 -0.005194064 -2.810850620 -0.000368004 0.005192932 0.999986470 187.163406372
0.999986827 0.005097576 0.000580026 -0.344366789 -0.005096592 0.999985576 -0.001685034 -2.834224701 -0.000588607 0.001682056 0.999998391 188.580276489
0.999981225 0.006072100 0.000853069 -0.348881483 -0.006072130 0.999981582 0.000032693 -2.853162289 -0.000852855 -0.000037872 0.999999642 190.021057129
0.999983370 0.005692303 0.000937320 -0.354323745 -0.005693158 0.999983370 0.000911779 -2.872564077 -0.000932114 -0.000917100 0.999999166 191.445266724
0.999994576 0.003191087 0.000833197 -0.349213094 -0.003192488 0.999993503 0.001684716 -2.895195484 -0.000827815 -0.001687367 0.999998212 192.884765625
0.999999225 0.000711531 0.001019917 -0.353389084 -0.000713692 0.999997497 0.002119750 -2.913708210 -0.001018406 -0.002120477 0.999997258 194.325683594
0.999997735 -0.001737028 0.001227816 -0.350654662 0.001734654 0.999996603 0.001931982 -2.930336237 -0.001231168 -0.001929848 0.999997377 195.785278320
0.999985397 -0.005152337 0.001623479 -0.346674353 0.005146946 0.999981284 0.003307472 -2.956099272 -0.001640490 -0.003299068 0.999993205 197.222152710
0.999957740 -0.008984341 0.001958233 -0.337607563 0.008975321 0.999949276 0.004567323 -2.970453262 -0.001999168 -0.004549554 0.999987662 198.672683716
0.999929249 -0.011707270 0.002112051 -0.335097134 0.011697638 0.999921381 0.004516167 -2.986680269 -0.002164757 -0.004491141 0.999987543 200.120162964
0.999943674 -0.010367540 0.002279788 -0.332671702 0.010366526 0.999946177 0.000456262 -3.010658979 -0.002284395 -0.000432602 0.999997318 201.564590454
0.999992609 -0.002749905 0.002689893 -0.343652844 0.002763206 0.999983907 -0.004953323 -3.025800705 -0.002676228 0.004960719 0.999984086 203.014434814
0.999971211 0.006437387 0.004016982 -0.354202837 -0.006418361 0.999968231 -0.004731623 -3.058286905 -0.004047313 0.004705704 0.999980748 204.473770142
0.999884427 0.014185717 0.005464376 -0.369981050 -0.014179112 0.999898672 -0.001245431 -3.084306002 -0.005481490 0.001167807 0.999984324 205.940460205
0.999870598 0.014979120 0.005866638 -0.365566045 -0.014984530 0.999887347 0.000879381 -3.106180191 -0.005852805 -0.000967176 0.999982417 207.408416748
0.999898314 0.013336481 0.005053382 -0.359323561 -0.013343584 0.999909997 0.001374572 -3.121549368 -0.005034595 -0.001441863 0.999986291 208.863540649
0.999937773 0.010339260 0.004194376 -0.348729908 -0.010344696 0.999945700 0.001276408 -3.144091368 -0.004180951 -0.001319718 0.999990404 210.359771729
0.999956071 0.008595888 0.003731996 -0.350246578 -0.008597906 0.999962926 0.000525045 -3.163066864 -0.003727344 -0.000557109 0.999992907 211.840621948
0.999956548 0.008912114 0.002732216 -0.347465456 -0.008912038 0.999960303 -0.000040290 -3.186682701 -0.002732466 0.000015939 0.999996245 213.321075439
0.999940276 0.010596747 0.002671265 -0.353531629 -0.010596536 0.999943852 -0.000092918 -3.204873800 -0.002672100 0.000064606 0.999996424 214.796691895
0.999930739 0.011500415 0.002498489 -0.358531237 -0.011502833 0.999933362 0.000955395 -3.232447624 -0.002487335 -0.000984069 0.999996424 216.266326904
0.999938786 0.010858380 0.002117764 -0.357136577 -0.010859141 0.999940991 0.000348454 -3.255213976 -0.002113856 -0.000371430 0.999997675 217.761154175
0.999943078 0.010533102 0.001696486 -0.360651106 -0.010531846 0.999944270 -0.000747668 -3.277272940 -0.001704267 0.000729758 0.999998271 219.245864868
0.999951184 0.009759150 0.001528019 -0.363331825 -0.009757181 0.999951541 -0.001291263 -3.295087337 -0.001540546 0.001276291 0.999997973 220.736480713
0.999948859 0.010041629 0.001201461 -0.371564656 -0.010040211 0.999948919 -0.001180805 -3.321799517 -0.001213257 0.001168682 0.999998569 222.224349976
0.999946296 0.010324553 0.000923523 -0.374566585 -0.010323178 0.999945641 -0.001480854 -3.348284960 -0.000938762 0.001471240 0.999998450 223.717697144
0.999947071 0.010266838 0.000672436 -0.380243242 -0.010265783 0.999946117 -0.001553128 -3.372699261 -0.000688346 0.001546143 0.999998569 225.213165283
0.999940872 0.010872230 0.000087136 -0.383434057 -0.010872050 0.999939203 -0.001851695 -3.398994446 -0.000107263 0.001850639 0.999998271 226.712875366
0.999943435 0.010634742 -0.000207259 -0.385483116 -0.010635125 0.999941528 -0.001943708 -3.426375628 0.000186576 0.001945802 0.999998093 228.226089478
0.999937117 0.011210802 -0.000346650 -0.400163442 -0.011211455 0.999935269 -0.001941269 -3.450474977 0.000324864 0.001945033 0.999998033 229.736602783
0.999944568 0.010514118 -0.000577368 -0.401909679 -0.010515422 0.999942064 -0.002303722 -3.472757101 0.000553113 0.002309665 0.999997199 231.254241943
0.999958217 0.009127658 -0.000530379 -0.410629749 -0.009128813 0.999955893 -0.002216961 -3.505507469 0.000510120 0.002221710 0.999997377 232.789764404
0.999969304 0.007835539 -0.000231436 -0.423270077 -0.007835942 0.999967694 -0.001796431 -3.537643194 0.000217352 0.001798189 0.999998331 234.299484253
0.999979556 0.006374357 -0.000443922 -0.418970108 -0.006374832 0.999979079 -0.001076942 -3.565723181 0.000437048 0.001079750 0.999999344 235.834014893
0.999978423 0.006560131 -0.000263364 -0.431820631 -0.006560382 0.999978006 -0.000963127 -3.589927673 0.000257040 0.000964834 0.999999523 237.360305786
0.999975801 0.006928856 -0.000599238 -0.425686032 -0.006929654 0.999975085 -0.001338559 -3.615228415 0.000589948 0.001342679 0.999998927 238.898452759
0.999971449 0.007557092 -0.000048469 -0.439652622 -0.007557177 0.999969184 -0.002112138 -3.640376091 0.000032506 0.002112444 0.999997795 240.417739868
0.999958634 0.009089967 0.000248420 -0.440585583 -0.009089573 0.999957502 -0.001545166 -3.662864685 -0.000262455 0.001542844 0.999998748 241.945663452
0.999961853 0.008688387 0.000928616 -0.444932640 -0.008689288 0.999961793 0.000971148 -3.692856550 -0.000920143 -0.000979180 0.999999106 243.482879639
0.999963403 0.008456607 0.001292134 -0.447234064 -0.008458555 0.999963105 0.001508990 -3.721032858 -0.001279325 -0.001519864 0.999998033 245.028244019
0.999956369 0.009164186 0.001821734 -0.450123936 -0.009164077 0.999957979 -0.000067984 -3.746736765 -0.001822281 0.000051287 0.999998331 246.565399170
0.999952674 0.009435459 0.002370069 -0.454247564 -0.009431637 0.999954224 -0.001618571 -3.769655943 -0.002385232 0.001596141 0.999995887 248.098632812
0.999946713 0.010057404 0.002335387 -0.450293362 -0.010054981 0.999948919 -0.001046810 -3.794717789 -0.002345795 0.001023272 0.999996722 249.648864746
0.999951243 0.009613254 0.002268431 -0.454437315 -0.009613047 0.999953806 -0.000101746 -3.821842909 -0.002269304 0.000079934 0.999997437 251.208663940
0.999946058 0.010119556 0.002349570 -0.463015914 -0.010120363 0.999948740 0.000331667 -3.848823547 -0.002346094 -0.000355428 0.999997199 252.746459961
0.999944210 0.010381247 0.001958056 -0.464489609 -0.010381944 0.999946058 0.000346318 -3.872761965 -0.001954355 -0.000366627 0.999998033 254.292663574
0.999931276 0.011510992 0.002224847 -0.472288549 -0.011512414 0.999933541 0.000627210 -3.897874832 -0.002217480 -0.000652781 0.999997318 255.839447021
0.999914944 0.012838971 0.002294045 -0.477404237 -0.012840218 0.999917448 0.000529891 -3.924128056 -0.002287053 -0.000559302 0.999997199 257.393096924
0.999910414 0.013181398 0.002337960 -0.486683339 -0.013182797 0.999912918 0.000584231 -3.944790602 -0.002330055 -0.000615000 0.999997079 258.942077637
0.999921441 0.012276500 0.002532183 -0.496568918 -0.012279155 0.999924064 0.001035749 -3.974003077 -0.002519275 -0.001066761 0.999996245 260.485107422
0.999947667 0.009986060 0.002216089 -0.482337952 -0.009989839 0.999948680 0.001701090 -3.999371767 -0.002198988 -0.001723139 0.999996126 262.062103271
0.999968112 0.007709489 0.002077604 -0.476778537 -0.007714393 0.999967456 0.002362777 -4.025555134 -0.002059320 -0.002378730 0.999995053 263.626556396
0.999979377 0.006168594 0.001775677 -0.486425608 -0.006171540 0.999979556 0.001658571 -4.044768333 -0.001765409 -0.001669495 0.999997020 265.190582275
0.999986649 0.004936600 0.001524656 -0.480386406 -0.004938167 0.999987304 0.001025886 -4.072443962 -0.001519572 -0.001033401 0.999998331 266.756439209
0.999993622 0.002831042 0.002171605 -0.490856647 -0.002836907 0.999992311 0.002702665 -4.099188805 -0.002163937 -0.002708808 0.999993980 268.287109375
0.999995649 0.001056596 0.002754317 -0.494490921 -0.001067920 0.999991000 0.004113231 -4.115711212 -0.002749946 -0.004116155 0.999987721 269.853393555
0.999995768 -0.000169671 0.002911026 -0.496305466 0.000159567 0.999993980 0.003470685 -4.139532566 -0.002911598 -0.003470206 0.999989748 271.403656006
0.999994993 -0.000015942 0.003163042 -0.491103470 0.000008454 0.999997199 0.002367412 -4.159127235 -0.003163070 -0.002367373 0.999992192 272.970367432
0.999992073 0.000092915 0.003981363 -0.497600794 -0.000102070 0.999997377 0.002299340 -4.187898636 -0.003981139 -0.002299728 0.999989450 274.509490967
0.999983668 0.002084282 0.005318027 -0.504934371 -0.002096498 0.999995172 0.002292620 -4.211159706 -0.005313223 -0.002303732 0.999983251 276.058197021
0.999975026 0.003260946 0.006268058 -0.507219136 -0.003275587 0.999991953 0.002326952 -4.239395618 -0.006260420 -0.002347425 0.999977648 277.639831543
0.999963701 0.004716068 0.007093980 -0.499979138 -0.004730145 0.999986887 0.001968800 -4.266593933 -0.007084602 -0.002002284 0.999972880 279.197326660
0.999954820 0.005553049 0.007715193 -0.488181889 -0.005565857 0.999983191 0.001639596 -4.288195610 -0.007705958 -0.001682463 0.999968886 280.767089844
0.999945879 0.006105411 0.008422172 -0.485976726 -0.006113044 0.999980927 0.000880803 -4.308358669 -0.008416634 -0.000932240 0.999964118 282.330139160
0.999938667 0.005576350 0.009570592 -0.477174431 -0.005577226 0.999984443 0.000064796 -4.329962254 -0.009570083 -0.000118169 0.999954224 283.898437500
0.999937952 0.004595203 0.010149069 -0.464133948 -0.004600483 0.999989271 0.000496948 -4.351445198 -0.010146677 -0.000543608 0.999948382 285.487579346
0.999938309 0.003204296 0.010636184 -0.442289859 -0.003219896 0.999993742 0.001449929 -4.377393246 -0.010631472 -0.001484087 0.999942362 287.070068359
0.999938428 0.002219361 0.010874601 -0.427216381 -0.002239463 0.999995828 0.001836674 -4.406750679 -0.010870479 -0.001860914 0.999939203 288.649505615
0.999938488 0.001869804 0.010931672 -0.416833758 -0.001863156 0.999998093 -0.000618312 -4.431578636 -0.010932807 0.000597907 0.999940038 290.228912354
0.999944568 0.000286638 0.010525592 -0.398931503 -0.000257912 0.999996245 -0.002730397 -4.457957745 -0.010526335 0.002727531 0.999940872 291.814208984
0.999952853 0.000296471 0.009703178 -0.385098964 -0.000271786 0.999996722 -0.002545194 -4.489910603 -0.009703901 0.002542437 0.999949694 293.392822266
0.999961615 -0.000795002 0.008726697 -0.369974464 0.000820241 0.999995470 -0.002888933 -4.510033607 -0.008724361 0.002895980 0.999957740 294.986633301
0.999969602 -0.001006400 0.007734029 -0.366219014 0.001032560 0.999993742 -0.003379110 -4.542046547 -0.007730580 0.003386994 0.999964356 296.569793701
0.999975204 -0.000879698 0.006987782 -0.356926411 0.000905533 0.999992788 -0.003694817 -4.570431709 -0.006984482 0.003701054 0.999968767 298.167816162
0.999978364 -0.000937860 0.006512960 -0.359612674 0.000959286 0.999994159 -0.003287352 -4.596839428 -0.006509839 0.003293529 0.999973416 299.778045654
0.999983847 -0.001338290 0.005521355 -0.354768485 0.001355238 0.999994397 -0.003066933 -4.628753185 -0.005517219 0.003074366 0.999980032 301.388854980
0.999988139 -0.001729249 0.004555466 -0.356271386 0.001737293 0.999996960 -0.001762510 -4.657579899 -0.004552404 0.001770404 0.999988079 302.991485596
0.999992251 0.000114198 0.003934000 -0.350861907 -0.000112946 0.999999940 -0.000318662 -4.687525749 -0.003934036 0.000318215 0.999992192 304.614288330
0.999989629 0.000085799 0.004551752 -0.347987503 -0.000084124 0.999999940 -0.000368139 -4.710677624 -0.004551783 0.000367753 0.999989569 306.226470947
0.999986589 0.000438409 0.005165699 -0.336996973 -0.000435682 0.999999762 -0.000529126 -4.735309124 -0.005165929 0.000526869 0.999986529 307.849334717
0.999983966 -0.001044792 0.005565908 -0.340833753 0.001048878 0.999999166 -0.000731188 -4.764508724 -0.005565139 0.000737014 0.999984264 309.468963623
0.999978721 -0.002920631 0.005838267 -0.340808123 0.002931284 0.999994040 -0.001817007 -4.797595501 -0.005832925 0.001834081 0.999981284 311.103027344
0.999973476 -0.004154878 0.005980802 -0.329468220 0.004178000 0.999983847 -0.003858742 -4.820024014 -0.005964673 0.003883628 0.999974668 312.725067139
0.999971032 -0.004710833 0.005982039 -0.330733955 0.004739947 0.999976933 -0.004862209 -4.849757195 -0.005958996 0.004890423 0.999970257 314.371643066
0.999984741 -0.004057771 0.003746676 -0.327404171 0.004079442 0.999974906 -0.005794600 -4.886180878 -0.003723069 0.005809796 0.999976218 316.024841309
0.999995112 -0.002661994 0.001643005 -0.326106906 0.002670491 0.999982953 -0.005191128 -4.910996914 -0.001629159 0.005195490 0.999985158 317.681457520
0.999998152 -0.001594207 0.001048531 -0.329288840 0.001596147 0.999997020 -0.001852044 -4.944615841 -0.001045576 0.001853714 0.999997735 319.343078613
0.999994099 -0.003206277 0.001241024 -0.323561519 0.003204612 0.999993980 0.001341177 -4.968503475 -0.001245317 -0.001337192 0.999998331 321.008209229
0.999991596 -0.003704015 0.001766247 -0.328734696 0.003700762 0.999991477 0.001841484 -4.993490219 -0.001773052 -0.001834932 0.999996722 322.654266357
0.999987602 -0.004631292 0.001835645 -0.321179897 0.004630135 0.999989092 0.000633708 -5.014730930 -0.001838560 -0.000625201 0.999998093 324.317047119
0.999979317 -0.006093231 0.002061203 -0.321573317 0.006091988 0.999981284 0.000609003 -5.040189743 -0.002064875 -0.000596434 0.999997675 325.969665527
0.999978483 -0.006143192 0.002299904 -0.322206944 0.006141457 0.999980867 0.000761022 -5.063999653 -0.002304535 -0.000746881 0.999997079 327.619262695
0.999977946 -0.006003448 0.002831758 -0.321885616 0.006001626 0.999981761 0.000651666 -5.091914654 -0.002835619 -0.000634657 0.999995768 329.266235352
0.999985337 -0.004347905 0.003219600 -0.324898481 0.004349233 0.999990463 -0.000405498 -5.115986824 -0.003217806 0.000419495 0.999994755 330.906585693
0.999985337 -0.003655074 0.003993251 -0.327601612 0.003658752 0.999992907 -0.000914056 -5.147443771 -0.003989882 0.000928653 0.999991596 332.552917480
0.999976814 -0.005013715 0.004612446 -0.325717658 0.005009687 0.999987066 0.000884621 -5.175925255 -0.004616822 -0.000861494 0.999988973 334.195068359
0.999970078 -0.006083617 0.004782198 -0.320261985 0.006074723 0.999979794 0.001872135 -5.204247475 -0.004793491 -0.001843028 0.999986827 335.844085693
0.999961793 -0.007428846 0.004606536 -0.315840721 0.007425686 0.999972165 0.000702758 -5.227262020 -0.004611628 -0.000668525 0.999989152 337.478057861
0.999971747 -0.005906446 0.004654817 -0.314550310 0.005902797 0.999982238 0.000797216 -5.255406857 -0.004659444 -0.000769717 0.999988854 339.107574463
0.999981463 -0.004167554 0.004442840 -0.313489079 0.004173508 0.999990404 -0.001331832 -5.282254696 -0.004437246 0.001350349 0.999989271 340.756530762
0.999988914 -0.002484774 0.003996294 -0.316809952 0.002502196 0.999987364 -0.004360679 -5.311630726 -0.003985408 0.004370630 0.999982536 342.376586914
0.999994576 -0.000955504 0.003150520 -0.317997336 0.000967631 0.999992132 -0.003849995 -5.347761154 -0.003146817 0.003853023 0.999987602 344.014282227
0.999998152 -0.000311231 0.001904485 -0.316992551 0.000311864 0.999999881 -0.000332149 -5.381328583 -0.001904382 0.000332742 0.999998152 345.639343262
0.999999583 0.000611203 0.000715742 -0.316939801 -0.000612813 0.999997258 0.002250769 -5.405445576 -0.000714364 -0.002251207 0.999997199 347.279876709
0.999999285 0.001066016 -0.000578991 -0.321774244 -0.001065299 0.999998689 0.001237621 -5.435143948 0.000580310 -0.001237003 0.999999046 348.895935059
0.999997377 0.000465474 -0.002252514 -0.329245806 -0.000466525 0.999999762 -0.000465772 -5.461399078 0.002252297 0.000466821 0.999997377 350.510375977
0.999990821 -0.000662890 -0.004234179 -0.337071210 0.000666971 0.999999285 0.000962357 -5.495726109 0.004233539 -0.000965173 0.999990582 352.141235352
0.999983311 -0.002274463 -0.005312617 -0.341209024 0.002282715 0.999996185 0.001547714 -5.522810459 0.005309077 -0.001559815 0.999984682 353.758392334
0.999978960 -0.002608864 -0.005934643 -0.352770448 0.002612715 0.999996364 0.000641117 -5.550797939 0.005932949 -0.000656609 0.999982178 355.377807617
0.999975383 -0.003442140 -0.006115936 -0.370280147 0.003439573 0.999993980 -0.000430285 -5.574478626 0.006117380 0.000409239 0.999981225 357.002197266
0.999975324 -0.003201564 -0.006256917 -0.387921453 0.003199180 0.999994814 -0.000390903 -5.607844353 0.006258136 0.000370876 0.999980330 358.608184814
0.999973953 -0.003913888 -0.006062475 -0.404148728 0.003910811 0.999992192 -0.000519433 -5.637284279 0.006064461 0.000495710 0.999981463 360.231353760
0.999972641 -0.004171769 -0.006113059 -0.423240900 0.004165110 0.999990702 -0.001101733 -5.667487144 0.006117599 0.001076241 0.999980688 361.838256836
0.999974012 -0.004258765 -0.005817451 -0.445330501 0.004248212 0.999989331 -0.001825299 -5.695466995 0.005825162 0.001800538 0.999981403 363.452148438
0.999969900 -0.004933726 -0.005991842 -0.452419728 0.004924603 0.999986708 -0.001536322 -5.727038860 0.005999342 0.001506769 0.999980867 365.074554443
0.999971628 -0.004615664 -0.005952321 -0.465705901 0.004601264 0.999986470 -0.002430679 -5.756114006 0.005963459 0.002403222 0.999979317 366.692718506
0.999961853 -0.006235970 -0.006113004 -0.479430974 0.006213719 0.999974012 -0.003652278 -5.789905071 0.006135621 0.003614155 0.999974668 368.295227051
0.999958158 -0.007135028 -0.005728533 -0.496443987 0.007125247 0.999973118 -0.001726046 -5.823182583 0.005740694 0.001685157 0.999982119 369.910552979
0.999939919 -0.009220312 -0.005931925 -0.505636573 0.009214370 0.999957025 -0.001028426 -5.851803780 0.005941152 0.000973705 0.999981880 371.540405273
0.999938250 -0.009471924 -0.005807839 -0.519324064 0.009458275 0.999952435 -0.002373236 -5.879003048 0.005830042 0.002318157 0.999980330 373.166046143
0.999946117 -0.008551711 -0.005880762 -0.528693795 0.008537361 0.999960542 -0.002460951 -5.915030956 0.005901575 0.002410613 0.999979675 374.790069580
0.999956846 -0.007278654 -0.005771694 -0.533365965 0.007270317 0.999972522 -0.001464125 -5.945801258 0.005782192 0.001422100 0.999982297 376.435485840
0.999971569 -0.005574324 -0.005083265 -0.552157879 0.005569632 0.999984026 -0.000936819 -5.971234798 0.005088406 0.000908480 0.999986649 378.064086914
0.999971449 -0.005776934 -0.004874710 -0.569080889 0.005772697 0.999982953 -0.000882883 -6.007425308 0.004879728 0.000854718 0.999987721 379.672790527
0.999974668 -0.005752430 -0.004192836 -0.592603207 0.005745134 0.999981940 -0.001749887 -6.034031391 0.004202826 0.001725754 0.999989688 381.300933838
0.999971688 -0.006137407 -0.004359540 -0.600234866 0.006129111 0.999979377 -0.001913781 -6.063251019 0.004371196 0.001887007 0.999988675 382.933837891
0.999976993 -0.005399390 -0.004102273 -0.604371667 0.005391718 0.999983728 -0.001878960 -6.098515034 0.004112351 0.001856799 0.999989808 384.575531006
0.999982953 -0.004253792 -0.004000972 -0.618553460 0.004246062 0.999989092 -0.001938634 -6.124142647 0.004009175 0.001921612 0.999990106 386.215454102
0.999990940 -0.002764006 -0.003239973 -0.634034693 0.002759601 0.999995291 -0.001363487 -6.151810169 0.003243726 0.001354534 0.999993801 387.855010986
0.999991953 -0.001802183 -0.003584441 -0.643499494 0.001793394 0.999995410 -0.002453580 -6.173301220 0.003588847 0.002447132 0.999990582 389.495300293
