1.000000000 0.000000000 0.000000000 0.000000000 0.000000000 1.000000000 0.000000000 0.000000000 0.000000000 0.000000000 1.000000000 0.000000000
0.999978364 0.000355924 -0.006569229 -0.007311590 -0.000353132 0.999999821 0.000426187 -0.000978967 0.006569379 -0.000423858 0.999978304 0.095136061
0.999904454 0.001074591 -0.013781069 -0.012758507 -0.001070328 0.999999404 0.000316722 -0.001797433 0.013781400 -0.000301941 0.999904990 0.194099262
0.999778211 0.001328965 -0.021018604 -0.030464467 -0.001337413 0.999999046 -0.000387883 -0.003293626 0.021018069 0.000415908 0.999778986 0.288501620
0.999538243 0.001942316 -0.030324021 -0.040840875 -0.001997018 0.999996424 -0.001773737 -0.004187430 0.030320469 0.001833476 0.999538541 0.393190354
0.999117255 0.001814034 -0.041969001 -0.056535680 -0.001964290 0.999991834 -0.003539207 -0.002216854 0.041962236 0.003618522 0.999112666 0.510018468
0.998469889 0.001685095 -0.055272780 -0.081406035 -0.001917377 0.999989569 -0.004149711 -0.005921485 0.055265211 0.004249340 0.998462677 0.632469714
0.997426391 0.001986974 -0.071670726 -0.107642330 -0.002292338 0.999988616 -0.004178659 -0.007737365 0.071661614 0.004332198 0.997419596 0.771781206
0.995924771 0.000330861 -0.090187453 -0.134991497 -0.000722527 0.999990463 -0.004310186 -0.005998532 0.090185165 0.004357784 0.995915473 0.919043720
0.993921578 -0.000655916 -0.110088333 -0.171975315 0.000181846 0.999990642 -0.004316258 -0.009870502 0.110090137 0.004270003 0.993912458 1.077739000
0.991198659 -0.001037252 -0.132378638 -0.221541360 0.000406372 0.999988437 -0.004792647 -0.012895933 0.132382080 0.004696671 0.991187632 1.249947190
0.987749696 0.002514161 -0.156026289 -0.274375260 -0.003509853 0.999975204 -0.006106392 -0.015931003 0.156007066 0.006579216 0.987734020 1.402310371
0.983374000 0.006598395 -0.181472003 -0.336843044 -0.008120922 0.999937773 -0.007648117 -0.020456146 0.181410253 0.008994680 0.983366370 1.574285746
0.977974892 0.009475187 -0.208507404 -0.407625467 -0.011501718 0.999897659 -0.008508926 -0.026308954 0.208405435 0.010719709 0.977983773 1.757604241
0.971268415 0.010434065 -0.237757742 -0.489152700 -0.012854318 0.999880135 -0.008631391 -0.029628674 0.237639189 0.011439611 0.971286118 1.948203564
0.963262439 0.012682426 -0.268262297 -0.576730490 -0.015384650 0.999849856 -0.007973292 -0.035335883 0.268120915 0.011807494 0.963312924 2.136075258
0.953864872 0.014746673 -0.299873948 -0.674616277 -0.017672444 0.999818981 -0.007046694 -0.037796739 0.299715757 0.012021099 0.953952789 2.324279547
0.942590415 0.016543539 -0.333540976 -0.767463267 -0.019637693 0.999789715 -0.005907046 -0.041138146 0.333373100 0.012117900 0.942717075 2.503498554
0.930052519 0.019041806 -0.366932929 -0.878171563 -0.022580553 0.999730706 -0.005353623 -0.043159284 0.366732180 0.013264698 0.930231988 2.693226337
0.916174173 0.021708997 -0.400191963 -0.994560063 -0.025736816 0.999657750 -0.004692347 -0.044506006 0.399953127 0.014598672 0.916419327 2.871891022
0.900113583 0.022310935 -0.435083598 -1.119800568 -0.026647959 0.999637365 -0.003869017 -0.044360094 0.434839517 0.015076645 0.900381744 3.054238319
0.881816626 0.017752251 -0.471258253 -1.241735935 -0.022601238 0.999733806 -0.004631474 -0.045278564 0.471050590 0.014735130 0.881983101 3.227914810
0.860577822 0.013147681 -0.509149313 -1.372098327 -0.018196618 0.999822259 -0.004938165 -0.051323362 0.508993864 0.013514469 0.860664070 3.399914265
0.835530162 0.014783384 -0.549245656 -1.532928228 -0.018713932 0.999823689 -0.001557186 -0.056014270 0.549125791 0.011579622 0.835659504 3.581035376
0.806479037 0.020148667 -0.590919375 -1.713945746 -0.023339480 0.999725103 0.002234359 -0.060149528 0.590801954 0.011989784 0.806727588 3.750256062
0.774132967 0.023525886 -0.632585704 -1.909803629 -0.026620265 0.999635041 0.004599654 -0.067474522 0.632463038 0.013278854 0.774476707 3.908863068
0.738248587 0.022396665 -0.674156845 -2.120487452 -0.025613556 0.999658585 0.005161779 -0.068269208 0.674042284 0.013456877 0.738570213 4.080164909
0.698019147 0.018203894 -0.715847671 -2.336129427 -0.019593045 0.999788046 0.006319381 -0.067815930 0.715811014 0.009614587 0.698227882 4.251026154
0.655552626 0.014779907 -0.755004942 -2.575863600 -0.014611463 0.999869525 0.006886573 -0.066388547 0.755008221 0.006517214 0.655683041 4.406783104
0.611207247 0.014182824 -0.791343570 -2.836301327 -0.011738514 0.999891877 0.008854089 -0.067407340 0.791383624 0.003877513 0.611307621 4.550346851
0.563876390 0.014397454 -0.825733662 -3.102169275 -0.009300931 0.999895334 0.011082714 -0.060086019 0.825806797 0.001430810 0.563951313 4.670640945
0.512345195 0.014870684 -0.858650804 -3.397066116 -0.007133003 0.999889255 0.013060579 -0.057758573 0.858749986 -0.000566767 0.512394547 4.804002762
0.460845888 0.016438801 -0.887328029 -3.712953091 -0.006291817 0.999863803 0.015255921 -0.052675541 0.887457967 -0.001447725 0.460886598 4.900431156
0.406208813 0.018662883 -0.913589656 -4.033047199 -0.005111222 0.999822199 0.018151850 -0.051724665 0.913765967 -0.002703881 0.406231999 4.994878769
0.349678814 0.020381933 -0.936647892 -4.366110325 -0.003382867 0.999784291 0.020492885 -0.050623305 0.936863542 -0.003997371 0.349672318 5.088538170
0.294333696 0.023366967 -0.955417037 -4.739045620 -0.001005862 0.999708056 0.024140336 -0.046982981 0.955702245 -0.006144296 0.294271290 5.163212299
0.240362823 0.025542332 -0.970347047 -5.121070862 0.003870804 0.999620557 0.027271727 -0.049168512 0.970675468 -0.010311135 0.240172803 5.224981308
0.189518809 0.025608229 -0.981543064 -5.506424427 0.006325281 0.999607265 0.027300818 -0.039141528 0.981856704 -0.011382552 0.189282358 5.264780521
0.142037690 0.026615025 -0.989503384 -5.930531502 0.004092685 0.999614120 0.027474459 -0.030904502 0.989852786 -0.007952134 0.141873956 5.283019543
0.099761784 0.027082665 -0.994642735 -6.361577034 0.001137647 0.999625742 0.027332451 -0.022638425 0.995010674 -0.003858288 0.099693656 5.285454273
0.061746299 0.025519803 -0.997765720 -6.795889378 0.001100168 0.999670744 0.025636615 -0.014369965 0.998091400 -0.002680679 0.061697900 5.283390522
0.027189672 0.022851391 -0.999369204 -7.258998394 0.002104008 0.999735177 0.022917006 -0.004227713 0.999628186 -0.002725790 0.027134418 5.270679951
-0.004128218 0.020062476 -0.999790251 -7.733821392 0.001917879 0.999797046 0.020054694 -0.000263974 0.999989688 -0.001834686 -0.004165888 5.246335506
-0.030427456 0.018318089 -0.999369204 -8.229471207 0.001044175 0.999832094 0.018294783 0.005120046 0.999536514 -0.000486853 -0.030441523 5.207894325
-0.051357031 0.015794441 -0.998555481 -8.733528137 0.000806420 0.999875247 0.015773842 0.016757458 0.998680055 0.000004842 -0.051363349 5.163744926
-0.067647815 0.015044978 -0.997595847 -9.260506630 0.001317601 0.999886751 0.014990181 0.026126377 0.997708440 -0.000300381 -0.067659974 5.115806580
-0.080816746 0.015455273 -0.996609330 -9.805727005 0.002967944 0.999879062 0.015265306 0.036127746 0.996724725 -0.001724191 -0.080852866 5.061689377
-0.090371490 0.016487788 -0.995771825 -10.362880707 0.002563154 0.999863505 0.016322920 0.042132489 0.995904982 -0.001077192 -0.090401411 5.000166893
-0.096958160 0.018025281 -0.995125353 -10.935727119 0.000343865 0.999836564 0.018077116 0.039838806 0.995288551 0.001410533 -0.096948504 4.931598663
-0.101422310 0.019018088 -0.994661629 -11.531333923 0.000137561 0.999817491 0.019102640 0.043972924 0.994843423 0.001800607 -0.101406455 4.866019249
-0.103008389 0.019840205 -0.994482577 -12.134118080 0.002254432 0.999803126 0.019712837 0.053212747 0.994677961 -0.000211406 -0.103032827 4.804953575
-0.101685047 0.021933800 -0.994574785 -12.761950493 0.004397791 0.999757051 0.021598456 0.061249658 0.994806886 -0.002177692 -0.101756811 4.737148285
-0.100455999 0.024478093 -0.994640350 -13.403388977 0.003806350 0.999699473 0.024218164 0.066751868 0.994934261 -0.001353088 -0.100519061 4.674298286
-0.098819494 0.024217337 -0.994810820 -14.063199997 0.001297711 0.999706089 0.024207601 0.072814569 0.995104730 0.001101201 -0.098821878 4.605707169
-0.097158670 0.021763450 -0.995030940 -14.729562759 -0.000264851 0.999760270 0.021892752 0.080364913 0.995268881 0.002390607 -0.097129703 4.534914017
-0.095726013 0.021376150 -0.995178163 -15.421173096 -0.000861743 0.999767244 0.021557612 0.093839288 0.995407343 0.002921212 -0.095685363 4.465665817
-0.093849063 0.024318729 -0.995289385 -16.118505478 -0.000517677 0.999700308 0.024475317 0.104810253 0.995586276 0.002812225 -0.093808293 4.396390915
-0.092020035 0.027936049 -0.995365202 -16.841556549 -0.002200617 0.999598205 0.028258296 0.111835286 0.995754719 0.004790747 -0.091921568 4.326513290
-0.090156078 0.029612288 -0.995487452 -17.583911896 -0.002341670 0.999548793 0.029945174 0.126454413 0.995925069 0.005030839 -0.090046048 4.249820709
-0.088231683 0.029019414 -0.995677233 -18.336666107 -0.003971919 0.999557376 0.029484473 0.139037937 0.996092081 0.006556213 -0.088077307 4.177289963
-0.086627603 0.026051154 -0.995900095 -19.095031738 -0.006731193 0.999619901 0.026733967 0.150901303 0.996218026 0.009019496 -0.086419344 4.107734680
-0.085168004 0.025512736 -0.996039987 -19.867469788 -0.007572985 0.999626696 0.026252147 0.166382700 0.996337891 0.009778834 -0.084942937 4.037076950
-0.083619118 0.027805716 -0.996109903 -20.649389267 -0.004046618 0.999592900 0.028242642 0.183571473 0.996489704 0.006392500 -0.083472610 3.976167679
-0.082414985 0.029993650 -0.996146619 -21.444379807 -0.002799127 0.999536097 0.030327287 0.190489471 0.996594191 0.005287763 -0.082292795 3.906415939
-0.081182837 0.031795908 -0.996192038 -22.252227783 -0.001855560 0.999484479 0.032052211 0.203340620 0.996697605 0.004450582 -0.081081986 3.837860107
-0.080763340 0.027089160 -0.996365070 -23.062253952 -0.001711322 0.999625385 0.027316516 0.214130893 0.996731818 0.003911274 -0.080686688 3.771869659
-0.080221772 0.020590259 -0.996564329 -23.872489929 0.000136616 0.999786854 0.020645842 0.214890838 0.996776998 0.001520099 -0.080207467 3.698272705
-0.080281734 0.015889179 -0.996645689 -24.688837051 0.003107894 0.999872088 0.015690271 0.227629274 0.996767521 -0.001837829 -0.080320835 3.631757736
-0.080636859 0.017166497 -0.996595740 -25.524927139 0.004349960 0.999848247 0.016870556 0.230181530 0.996734083 -0.002974763 -0.080699205 3.556547165
-0.080820322 0.024371972 -0.996430695 -26.371198654 0.003535728 0.999701738 0.024165196 0.238770694 0.996722460 -0.001570069 -0.080882311 3.488855362
-0.081238627 0.031299300 -0.996203244 -27.231033325 0.002196107 0.999509990 0.031224111 0.246809423 0.996692419 0.000348831 -0.081267595 3.421125412
-0.081914663 0.036296312 -0.995978355 -28.085521698 0.000156054 0.999337077 0.036405884 0.261606276 0.996639490 0.002826744 -0.081866026 3.345855713
-0.082007289 0.036724959 -0.995954990 -28.923727036 -0.001482600 0.999315262 0.036970947 0.271528870 0.996630788 0.004508482 -0.081896663 3.269527435
-0.082174301 0.033347681 -0.996060014 -29.775833130 -0.001918527 0.999432862 0.033618882 0.285040170 0.996616244 0.004673574 -0.082063794 3.188270569
-0.082768440 0.030831076 -0.996091902 -30.619693756 -0.001693865 0.999515533 0.031077797 0.301204890 0.996567488 0.004259503 -0.082676172 3.115859985
-0.082545996 0.031915352 -0.996076167 -31.463920593 -0.003543546 0.999471366 0.032317799 0.314621717 0.996581018 0.006197345 -0.082389235 3.035549164
-0.082958221 0.034304295 -0.995962441 -32.313163757 -0.004888536 0.999381304 0.034829240 0.322408229 0.996541023 0.007758169 -0.082739115 2.963645935
-0.082371593 0.032948714 -0.996056914 -33.151565552 -0.005145426 0.999425948 0.033485677 0.332593679 0.996588469 0.007883405 -0.082154751 2.886051178
-0.081779957 0.027568597 -0.996269226 -33.990692139 -0.006133748 0.999584496 0.028163835 0.346422732 0.996631682 0.008414096 -0.081576943 2.805511475
-0.081387877 0.023407144 -0.996407807 -34.834049225 -0.007713493 0.999679446 0.024114052 0.356786668 0.996652842 0.009648370 -0.081181288 2.723567963
-0.080782413 0.024199327 -0.996438026 -35.670932770 -0.006935160 0.999667406 0.024839997 0.366729856 0.996707678 0.008917090 -0.080587626 2.649761200
-0.080400944 0.026690548 -0.996405184 -36.509586334 -0.006202580 0.999608696 0.027276851 0.369616359 0.996743321 0.008373368 -0.080203891 2.581779480
-0.079639673 0.031863108 -0.996314466 -37.355754852 -0.006175968 0.999454021 0.032457188 0.377170265 0.996804655 0.008738081 -0.079399347 2.501499176
-0.079808950 0.037346110 -0.996110380 -38.200279236 -0.005486403 0.999266326 0.037904009 0.390852213 0.996795118 0.008490143 -0.079545498 2.447902679
-0.079600930 0.040643446 -0.995998085 -39.049224854 -0.005873491 0.999131978 0.041240752 0.406267941 0.996809661 0.009132781 -0.079293132 2.368812561
-0.079465747 0.040385593 -0.996019363 -39.892463684 -0.005089509 0.999149501 0.040918574 0.427148759 0.996824801 0.008320868 -0.079192638 2.298423767
-0.078901172 0.036005463 -0.996232033 -40.730281830 -0.005145804 0.999319494 0.036524594 0.441850066 0.996869206 0.008008244 -0.078662157 2.226913452
-0.078794360 0.031615306 -0.996389508 -41.571739197 -0.006286599 0.999461353 0.032209922 0.457764536 0.996871173 0.008801857 -0.078553200 2.157295227
-0.078596115 0.029024562 -0.996483982 -42.407470703 -0.010887565 0.999491453 0.029970903 0.465720743 0.996847093 0.013204880 -0.078240156 2.076236725
-0.078579307 0.026898811 -0.996544957 -43.261238098 -0.013734416 0.999511838 0.028061876 0.484588206 0.996813297 0.015892046 -0.078171492 1.984859467
-0.079540968 0.025076756 -0.996516168 -44.082595825 -0.011581881 0.999592781 0.026078632 0.489142984 0.996764362 0.013615848 -0.079218149 1.929508209
-0.081477523 0.021737188 -0.996438265 -44.912792206 -0.007759101 0.999718010 0.022443190 0.493742704 0.996645153 0.009560076 -0.081285834 1.875160217
-0.081698537 0.020253157 -0.996451378 -45.748390198 -0.003988479 0.999778867 0.020647803 0.499391317 0.996649206 0.005661220 -0.081599712 1.795215607
-0.083664060 0.023694409 -0.996212304 -46.569782257 -0.003141843 0.999706030 0.024041366 0.508362412 0.996489108 0.005141341 -0.083565116 1.726585388
-0.085127234 0.030015174 -0.995917916 -47.406784058 -0.000954951 0.999543250 0.030206062 0.508488357 0.996369660 0.003522411 -0.085059643 1.654769897
-0.086983204 0.033827431 -0.995635450 -48.236988068 0.000861497 0.999425530 0.033880942 0.516775727 0.996209562 0.002089332 -0.086962342 1.577831268
-0.088846922 0.032918133 -0.995501339 -49.046512604 0.001074455 0.999456346 0.032953024 0.528265297 0.996044815 0.001858148 -0.088833928 1.509578705
-0.089946508 0.028928872 -0.995526433 -49.856288910 -0.002673140 0.999567449 0.029287821 0.538323164 0.995943069 0.005295516 -0.089830279 1.424594879
-0.090897679 0.025426511 -0.995535731 -50.665000916 -0.007325647 0.999629855 0.026199950 0.544236600 0.995833457 0.009674454 -0.090677738 1.339290619
-0.092447400 0.023572087 -0.995438576 -51.468826294 -0.011346407 0.999629915 0.024725091 0.555562258 0.995652974 0.013580419 -0.092145681 1.254829407
-0.093578100 0.024913782 -0.995300353 -52.266666412 -0.012936373 0.999572039 0.026236989 0.558820188 0.995528102 0.015330778 -0.093215704 1.171405792
-0.094046712 0.026504787 -0.995214939 -53.061306000 -0.013383775 0.999521554 0.027884234 0.562458992 0.995477796 0.015942153 -0.093647003 1.089382172
-0.094859719 0.026223719 -0.995145261 -53.849761963 -0.015473961 0.999493361 0.027813314 0.565354884 0.995370448 0.018037198 -0.094405770 1.004661560
-0.095663190 0.026185563 -0.995069265 -54.634830475 -0.015586751 0.999491990 0.027800415 0.571095824 0.995291710 0.018169373 -0.095206380 0.924846649
-0.096192956 0.027968047 -0.994969726 -55.419696808 -0.014263410 0.999463797 0.029473351 0.580737710 0.995260537 0.017026788 -0.095742345 0.845478058
-0.096521854 0.030725513 -0.994856656 -56.198608398 -0.013249363 0.999395192 0.032151151 0.592386901 0.995242834 0.016284497 -0.096056342 0.767738342
-0.096756697 0.035013262 -0.994692087 -56.973976135 -0.013530816 0.999242425 0.036489621 0.603205919 0.995216191 0.016989607 -0.096209645 0.687419891
-0.097281575 0.037097666 -0.994565308 -57.751487732 -0.013290292 0.999167562 0.038569301 0.612862825 0.995168149 0.016970145 -0.096707582 0.607498169
-0.097991705 0.037218254 -0.994491041 -58.512847900 -0.012818635 0.999170363 0.038656455 0.621988654 0.995104671 0.016536031 -0.097433329 0.529548645
-0.098287106 0.035024855 -0.994541585 -59.262763977 -0.012305774 0.999261260 0.036407206 0.637424707 0.995082021 0.015816964 -0.097783446 0.451911926
-0.098360658 0.031594470 -0.994649112 -60.006584167 -0.012422116 0.999379039 0.032973133 0.643640101 0.995073259 0.015598906 -0.097907066 0.371627808
-0.097975016 0.028518947 -0.994780183 -60.732269287 -0.012571888 0.999474049 0.029891709 0.657034874 0.995109439 0.015434904 -0.097564936 0.294960022
-0.096802711 0.026435688 -0.994952440 -61.449485779 -0.013097992 0.999526799 0.027831580 0.660543919 0.995217443 0.015726052 -0.096410632 0.220695496
-0.094371676 0.025576176 -0.995208442 -62.146903992 -0.015521670 0.999510646 0.027158599 0.667806745 0.995416045 0.018010300 -0.093928576 0.144897461
-0.090179086 0.026876230 -0.995563030 -62.830799103 -0.016315788 0.999461770 0.028459381 0.666759312 0.995792091 0.018809829 -0.089692116 0.080711365
-0.084599018 0.028425196 -0.996009588 -63.502651215 -0.015495330 0.999434590 0.029839087 0.671617568 0.996294618 0.017957855 -0.084110737 0.026779175
-0.077478886 0.030190427 -0.996536851 -64.156745911 -0.014739557 0.999397516 0.031423066 0.674254656 0.996885121 0.017123135 -0.076987267 -0.021919250
-0.068945289 0.031343721 -0.997127950 -64.795104980 -0.015567462 0.999350846 0.032489989 0.681691051 0.997498989 0.017762780 -0.068412662 -0.064529419
-0.057135344 0.033305999 -0.997810781 -65.419151306 -0.017974015 0.999247074 0.034383148 0.684288621 0.998204648 0.019899158 -0.056493759 -0.098243713
-0.041832685 0.034552965 -0.998527110 -66.043258667 -0.020932738 0.999152124 0.035451557 0.695039272 0.998905480 0.022384930 -0.041073918 -0.130935669
-0.023238182 0.035743676 -0.999090791 -66.637771606 -0.022693397 0.999084294 0.036271278 0.704422593 0.999472380 0.023515644 -0.022405744 -0.145004272
-0.000891089 0.036635876 -0.999328375 -67.211166382 -0.023533249 0.999051154 0.036646698 0.712679029 0.999722779 0.023550093 -0.000028133 -0.138000488
0.024442852 0.037170254 -0.999010146 -67.755226135 -0.023171889 0.999061108 0.036605205 0.715844989 0.999432802 0.022254206 0.025281250 -0.108558655
0.053880751 0.036530439 -0.997878969 -68.286483765 -0.021748224 0.999136448 0.035402171 0.728267550 0.998310506 0.019794598 0.054628670 -0.059097290
0.087850809 0.036252741 -0.995473742 -68.768714905 -0.020737456 0.999187529 0.034557901 0.736188889 0.995917737 0.017607655 0.088531196 0.008483887
0.125617504 0.036259964 -0.991415918 -69.258956909 -0.020121699 0.999219418 0.033995844 0.746465921 0.991874754 0.015678497 0.126249075 0.094528198
0.166873276 0.035540577 -0.985337675 -69.735527039 -0.019850723 0.999268651 0.032681216 0.758381665 0.985778630 0.014106040 0.167456746 0.195293427
0.211621046 0.037824746 -0.976619661 -70.166984558 -0.019334676 0.999217272 0.034510382 0.743342042 0.977160573 0.011579498 0.212186754 0.318176270
0.259556651 0.036028117 -0.965055704 -70.558601379 -0.016076988 0.999326587 0.032983556 0.749443531 0.965594172 0.006954082 0.259961128 0.452217102
0.310060859 0.031835854 -0.950183511 -70.969017029 -0.008838939 0.999492526 0.030603653 0.739775062 0.950675607 -0.001090381 0.310184896 0.618396759
0.360450208 0.026249357 -0.932409167 -71.357658386 -0.002733956 0.999629378 0.027084867 0.742204070 0.932774544 -0.007213582 0.360388398 0.824935913
0.412354946 0.021453384 -0.910770655 -71.741935730 0.002330287 0.999694586 0.024603050 0.748778820 0.911020339 -0.012267547 0.412178993 1.047607422
0.463461757 0.020620380 -0.885877073 -72.123649597 0.002305412 0.999697745 0.024475880 0.760274529 0.886114001 -0.013385947 0.463274181 1.285606384
0.511704803 0.018841464 -0.858954787 -72.515495300 0.003732769 0.999701321 0.024152512 0.775147080 0.859153330 -0.015565237 0.511481643 1.551904678
0.556587458 0.015593416 -0.830642700 -72.849815369 0.011016301 0.999597430 0.026146835 0.767555594 0.830716014 -0.023703612 0.556191623 1.833860397
0.599852800 0.008427773 -0.800066054 -73.179222107 0.021859393 0.999398649 0.026916685 0.774303496 0.799811780 -0.033635005 0.599307895 2.147869110
0.641675591 0.003802398 -0.766966701 -73.458457947 0.023064842 0.999439776 0.024251919 0.767260194 0.766629219 -0.033251833 0.641228437 2.448997498
0.683456600 -0.001128951 -0.729990304 -73.769271851 0.020282099 0.999642134 0.017443230 0.773217380 0.729709387 -0.026727425 0.683234930 2.769309998
0.724092960 -0.007629167 -0.689660251 -74.063179016 0.016317720 0.999848425 0.006071882 0.778623939 0.689509332 -0.015650289 0.724107683 3.116515160
0.762957633 -0.010514689 -0.646362960 -74.323684692 0.011968968 0.999926090 -0.002138265 0.783771753 0.646337688 -0.006104892 0.763027072 3.479248047
0.800303221 -0.011828042 -0.599478781 -74.592666626 0.010750172 0.999927759 -0.005377654 0.785327435 0.599499047 -0.002140745 0.800372601 3.882471085
0.834315062 -0.013273599 -0.551128089 -74.844772339 0.011096762 0.999911904 -0.007283666 0.784800410 0.551176250 -0.000038865 0.834388852 4.319405556
0.864965618 -0.011584887 -0.501697421 -75.086662292 0.007959438 0.999924421 -0.009366944 0.780617774 0.501767993 0.004108855 0.864992499 4.781744957
0.890992999 -0.010070603 -0.453905344 -75.298858643 0.007390994 0.999943197 -0.007677168 0.769493163 0.453956872 0.003485492 0.891016841 5.263051987
0.912171960 -0.003854703 -0.409789562 -75.493583679 0.001428714 0.999979615 -0.006226103 0.755558252 0.409805208 0.005093805 0.912158847 5.757337093
0.929787159 0.000805261 -0.368096709 -75.690887451 -0.004125807 0.999957561 -0.008233964 0.750293255 0.368074477 0.009174529 0.929751039 6.275105953
0.943238974 0.005437857 -0.332070261 -75.861251831 -0.008165441 0.999943435 -0.006819078 0.742691636 0.332014382 0.009143519 0.943230033 6.822217941
0.953400433 0.006372347 -0.301640451 -76.029670715 -0.008138417 0.999956310 -0.004598530 0.727101326 0.301597953 0.006839117 0.953410685 7.371223450
0.960705817 0.005725270 -0.277509630 -76.179313660 -0.006882193 0.999971211 -0.003195051 0.720409930 0.277483344 0.004979379 0.960717559 7.955388546
0.966627479 0.006719299 -0.256097972 -76.343025208 -0.007236170 0.999973238 -0.001076003 0.712497711 0.256083876 0.002893262 0.966650248 8.564540863
0.971277118 0.008746253 -0.237790421 -76.496841431 -0.008650371 0.999961555 0.001446693 0.710193157 0.237793922 0.000651835 0.971315384 9.198591232
0.974843562 0.013904740 -0.222456053 -76.641754150 -0.013565344 0.999903321 0.003053671 0.704110801 0.222477004 0.000040841 0.974937916 9.834712029
0.977782845 0.017959524 -0.208849698 -76.790924072 -0.017371587 0.999838293 0.004649176 0.694725156 0.208899423 -0.000917834 0.977936685 10.486592293
0.980509579 0.016126027 -0.195808291 -76.926345825 -0.015677368 0.999869704 0.003841089 0.695171654 0.195844725 -0.000696467 0.980634689 11.165768623
0.983127832 0.015955716 -0.182222486 -77.049240112 -0.015558805 0.999872446 0.003607602 0.689261377 0.182256803 -0.000711570 0.983250737 11.853825569
0.985720217 0.016247122 -0.167605802 -77.169288635 -0.015773024 0.999866962 0.004159589 0.687142193 0.167651087 -0.001456541 0.985845327 12.556068420
0.987959504 0.018194728 -0.153639063 -77.278678894 -0.017701421 0.999832809 0.004578262 0.681514978 0.153696671 -0.001803508 0.988116443 13.277213097
0.989850760 0.018345315 -0.140921831 -77.377868652 -0.018245324 0.999831557 0.002001645 0.664813280 0.140934810 0.000589835 0.990018725 14.010470390
0.991344929 0.019565390 -0.129816681 -77.473098755 -0.020160384 0.999791384 -0.003270657 0.653110802 0.129725620 0.005859503 0.991532624 14.747739792
0.992579281 0.017549912 -0.120326124 -77.566833496 -0.018820379 0.999778390 -0.009430172 0.646041274 0.120133959 0.011624776 0.992689610 15.506814003
0.993527830 0.017483672 -0.112235412 -77.659507751 -0.018678118 0.999779463 -0.009599581 0.635854602 0.112042822 0.011633797 0.993635297 16.282241821
0.994272470 0.019542241 -0.105073057 -77.750083923 -0.020042218 0.999792278 -0.003704497 0.625959337 0.104978837 0.005789176 0.994457603 17.059968948
0.994656503 0.024048440 -0.100399971 -77.830947876 -0.023663931 0.999707341 0.005019129 0.604634285 0.100491293 -0.002616452 0.994934499 17.844827652
0.995071530 0.024712473 -0.096030764 -77.912498474 -0.024009256 0.999675870 0.008471619 0.597558320 0.096208990 -0.006124240 0.995342314 18.615446091
0.995421410 0.024055602 -0.092506774 -77.998527527 -0.023458049 0.999696374 0.007541646 0.581491172 0.092660107 -0.005337087 0.995683491 19.417617798
0.995688200 0.023866761 -0.089640297 -78.064895630 -0.023326168 0.999702871 0.007073591 0.569093287 0.089782491 -0.004952126 0.995949090 20.191238403
0.995984614 0.022158008 -0.086738810 -78.136886597 -0.021464057 0.999729753 0.008925071 0.566843629 0.086913131 -0.007027466 0.996191084 20.971935272
0.996247470 0.020961070 -0.083973862 -78.207717896 -0.020046452 0.999730349 0.011720195 0.553478718 0.084196888 -0.009992837 0.996399045 21.750837326
0.996518612 0.018952079 -0.081187882 -78.268310547 -0.017895756 0.999745727 0.013718870 0.542776465 0.081427239 -0.012218191 0.996604383 22.529302597
0.996743143 0.017985009 -0.078610532 -78.328750610 -0.017253688 0.999801397 0.009972489 0.537026763 0.078774281 -0.008583690 0.996855497 23.291912079
0.996811509 0.021415440 -0.076864779 -78.397811890 -0.021283478 0.999770284 0.002535701 0.530171394 0.076901421 -0.000891666 0.997038305 24.054264069
0.996944606 0.022112245 -0.074916691 -78.464019775 -0.022548510 0.999733329 -0.004982421 0.519828320 0.074786544 0.006656457 0.997177362 24.814186096
0.997025311 0.023036530 -0.073551774 -78.525482178 -0.023760922 0.999677241 -0.008988834 0.503762364 0.073320970 0.010709752 0.997250915 25.576818466
0.997171462 0.024389479 -0.071093082 -78.591285706 -0.024979131 0.999660432 -0.007416736 0.488978177 0.070888057 0.009171601 0.997442126 26.341728210
0.997239649 0.027568536 -0.068942666 -78.648620605 -0.027885040 0.999604523 -0.003632498 0.474392831 0.068815261 0.005544940 0.997614026 27.108688354
0.997293472 0.031327847 -0.066514984 -78.714981079 -0.031298712 0.999508977 0.001480296 0.456485033 0.066528693 0.000605543 0.997784317 27.878009796
0.997532368 0.028899230 -0.063984677 -78.767189026 -0.028736513 0.999581039 0.003462110 0.443702877 0.064057916 -0.001614871 0.997944891 28.645013809
0.997692347 0.025996773 -0.062722437 -78.814483643 -0.025876505 0.999661446 0.002729143 0.437794089 0.062772155 -0.001099807 0.998027265 29.400691986
0.997806132 0.023928827 -0.061728235 -78.864486694 -0.023754558 0.999711514 0.003555610 0.415421367 0.061795507 -0.002081483 0.998086691 30.158393860
0.997868121 0.024190793 -0.060614109 -78.912315369 -0.024141047 0.999707341 0.001552977 0.407004863 0.060633939 -0.000086378 0.998160064 30.910596848
0.997950375 0.022326950 -0.059971418 -78.957435608 -0.022338189 0.999750376 0.000483097 0.395934314 0.059967231 0.000857545 0.998199999 31.667175293
0.998006701 0.021126626 -0.059467193 -79.002456665 -0.021116817 0.999776721 0.000793435 0.384140462 0.059470676 0.000463905 0.998229921 32.435440063
0.997984231 0.024940334 -0.058355846 -79.058547974 -0.024886897 0.999688923 0.001642392 0.371880472 0.058378655 -0.000186785 0.998294473 33.215675354
0.997978032 0.024614047 -0.058600120 -79.109115601 -0.024613380 0.999696791 0.000733286 0.363245398 0.058600400 0.000710544 0.998281240 33.987964630
0.997902751 0.024150610 -0.060056701 -79.158531189 -0.024167284 0.999707818 0.000448826 0.354163140 0.060049996 0.001003523 0.998194873 34.766735077
0.997838855 0.021956883 -0.061931930 -79.215072632 -0.021929299 0.999758899 0.001125152 0.340597183 0.061941702 0.000235404 0.998079717 35.570659637
0.997617900 0.023940979 -0.064694084 -79.276252747 -0.023924232 0.999713242 0.001033665 0.332579136 0.064700283 0.000516553 0.997904599 36.368774414
0.997317016 0.027254554 -0.067940533 -79.339096069 -0.027256457 0.999628067 0.000899142 0.316541284 0.067939773 0.000955088 0.997688949 37.165607452
0.997131526 0.027901519 -0.070357822 -79.402343750 -0.028253119 0.999592781 -0.004006935 0.302665383 0.070217364 0.005983269 0.997513771 37.962779999
0.996928871 0.028662074 -0.072878569 -79.468582153 -0.029280998 0.999543548 -0.007438155 0.291981757 0.072632104 0.009549269 0.997313082 38.782066345
0.996808827 0.027762184 -0.074842297 -79.535736084 -0.028494883 0.999555707 -0.008739726 0.274610698 0.074566416 0.010844458 0.997157097 39.604999542
0.996682882 0.028655982 -0.076171644 -79.619934082 -0.029336317 0.999538958 -0.007827506 0.266291380 0.075912222 0.010036137 0.997063994 40.422126770
0.996536613 0.027229642 -0.078570195 -79.686325073 -0.027856579 0.999588132 -0.006894132 0.247825384 0.078350112 0.009058951 0.996884763 41.260520935
0.996390820 0.026652442 -0.080591701 -79.754661560 -0.027165178 0.999617040 -0.005272222 0.233754158 0.080420323 0.007442482 0.996733248 42.103916168
0.996327937 0.026241118 -0.081498601 -79.828285217 -0.026446635 0.999649167 -0.001443093 0.219164565 0.081432141 0.003593157 0.996672392 42.951057434
0.996269286 0.026055720 -0.082271211 -79.904014587 -0.025863491 0.999659717 0.003401561 0.206773564 0.082331844 -0.001261051 0.996604145 43.810729980
0.996319592 0.025911445 -0.081705764 -79.979995728 -0.025563467 0.999659121 0.005302309 0.198576093 0.081815302 -0.003194112 0.996642411 44.680763245
0.996375024 0.028984433 -0.079979368 -80.052474976 -0.028634030 0.999574721 0.005524820 0.191057086 0.080105484 -0.003214661 0.996781230 45.549198151
0.996539354 0.028885147 -0.077941746 -80.131622314 -0.028660076 0.999581218 0.004004977 0.184468701 0.078024782 -0.001757302 0.996949852 46.429370880
0.996704340 0.026594356 -0.076636672 -80.194610596 -0.026548840 0.999646187 0.001612834 0.177666292 0.076652452 0.000427096 0.997057796 47.307224274
0.996951818 0.022560051 -0.074686952 -80.266342163 -0.022635296 0.999743760 -0.000161069 0.166330427 0.074664183 0.001851139 0.997207046 48.201122284
0.997125864 0.021393226 -0.072679661 -80.334243774 -0.021463139 0.999769628 -0.000180967 0.155288652 0.072659045 0.001740380 0.997355342 49.079502106
0.997248113 0.018820589 -0.071707360 -80.399269104 -0.018713700 0.999822557 0.002162227 0.143777236 0.071735330 -0.000814367 0.997423351 49.962856293
0.997345746 0.016656479 -0.070880704 -80.460533142 -0.016349556 0.999854267 0.004908136 0.130351901 0.070952125 -0.003736240 0.997472703 50.841701508
0.997405887 0.015679413 -0.070254222 -80.518173218 -0.015368120 0.999869525 0.004969315 0.114661932 0.070322976 -0.003876748 0.997516751 51.735660553
0.997455537 0.017294448 -0.069161654 -80.583290100 -0.017215125 0.999850273 0.001742807 0.102713957 0.069181442 -0.000547746 0.997603953 52.609611511
0.997432590 0.019931791 -0.068781652 -80.656196594 -0.020251011 0.999787152 -0.003946860 0.085904218 0.068688340 0.005329625 0.997623920 53.488632202
0.997468770 0.021234309 -0.067861713 -80.716346741 -0.021900661 0.999718845 -0.009090336 0.064773418 0.067649603 0.010553543 0.997653306 54.338710785
0.997426927 0.025806503 -0.066884190 -80.788269043 -0.026855450 0.999529302 -0.014831493 0.041834332 0.066469960 0.016589535 0.997650504 55.209770203
0.997466683 0.026195159 -0.066136442 -80.848274231 -0.027277660 0.999507427 -0.015517927 0.015781224 0.065697372 0.017282661 0.997689903 56.075584412
0.997555077 0.023219299 -0.065914474 -80.905838013 -0.023933323 0.999662876 -0.010063580 -0.000060938 0.065658584 0.011616528 0.997774541 56.937107086
0.997570992 0.022410620 -0.065953813 -80.970222473 -0.022499947 0.999746680 -0.000611802 -0.029947501 0.065923393 0.002094273 0.997822464 57.807254791
0.997471929 0.021323042 -0.067786932 -81.024528503 -0.020886427 0.999756336 0.007143287 -0.046319876 0.067922734 -0.005709401 0.997674227 58.667995453
0.997376561 0.019698543 -0.069655672 -81.092956543 -0.019388327 0.999798894 0.005126887 -0.063778989 0.069742657 -0.003762929 0.997557938 59.504650116
0.997334719 0.015352375 -0.071328700 -81.157600403 -0.015290038 0.999882102 0.001419904 -0.075918108 0.071342088 -0.000325501 0.997451842 60.347328186
0.997160256 0.012785561 -0.074215494 -81.221916199 -0.012848939 0.999917388 -0.000376555 -0.086017117 0.074204549 0.001329076 0.997242153 61.188571930
0.996910810 0.015050657 -0.077086456 -81.292366028 -0.015281416 0.999880314 -0.002404460 -0.105585769 0.077041045 0.003575022 0.997021496 62.024673462
0.996646821 0.016657349 -0.080110230 -81.375717163 -0.017175259 0.999835789 -0.005780231 -0.120985761 0.080000795 0.007136763 0.996769249 62.852981567
0.996293008 0.017342495 -0.084258616 -81.445770264 -0.018182281 0.999792278 -0.009209573 -0.139347062 0.084081396 0.010707446 0.996401370 63.669830322
0.995968103 0.019337308 -0.087599255 -81.524444580 -0.020553915 0.999704123 -0.013007618 -0.161031887 0.087321803 0.014755681 0.996070862 64.491249084
0.995602071 0.024759617 -0.090351649 -81.615371704 -0.026041539 0.999575853 -0.013036787 -0.187810332 0.089990534 0.015332348 0.995824575 65.301460266
0.995188355 0.027850011 -0.093938991 -81.703422546 -0.029048016 0.999512911 -0.011409556 -0.205891922 0.093575478 0.014083399 0.995512605 66.110046387
0.994738460 0.031179795 -0.097586714 -81.792388916 -0.031863857 0.999477327 -0.005458798 -0.227445140 0.097365499 0.008539566 0.995212078 66.921569824
0.994316995 0.032250803 -0.101457663 -81.884330750 -0.032380588 0.999475539 0.000367844 -0.248820081 0.101416320 0.002919505 0.994839787 67.726264954
0.993824720 0.031122930 -0.106507160 -81.973495483 -0.030867850 0.999515295 0.004043019 -0.265866190 0.106581368 -0.000730405 0.994303703 68.532081604
0.993133545 0.030758401 -0.112870201 -82.072830200 -0.030404501 0.999525905 0.004855908 -0.273136407 0.112966046 -0.001390803 0.993597865 69.321731567
0.992476344 0.029389152 -0.118857227 -82.165763855 -0.028577272 0.999555171 0.008529684 -0.281450003 0.119055040 -0.005068894 0.992874742 70.124534607
0.991719186 0.030527359 -0.124744222 -82.277221680 -0.029710172 0.999523222 0.008406449 -0.292929113 0.124941371 -0.004630665 0.992153347 70.909843445
0.990704179 0.034767263 -0.131516144 -82.384757996 -0.034104474 0.999391675 0.007289371 -0.298523247 0.131689578 -0.002736322 0.991287231 71.701400757
0.989810288 0.037001450 -0.137500688 -82.502960205 -0.036843814 0.999314189 0.003692258 -0.308621019 0.137543008 0.001411414 0.990494788 72.470764160
0.989035666 0.035648622 -0.143309414 -82.627021790 -0.035856348 0.999356329 0.001133676 -0.321583092 0.143257573 0.004017306 0.989677310 73.243049622
0.988209069 0.036891624 -0.148599714 -82.750808716 -0.037251234 0.999305844 0.000363458 -0.335137039 0.148509979 0.005176350 0.988897383 74.013519287
0.987490058 0.038947813 -0.152795374 -82.887115479 -0.038637049 0.999240756 0.005003687 -0.339807928 0.152874246 0.000962471 0.988245189 74.788330078
0.986559391 0.040296312 -0.158356592 -83.026618958 -0.039300736 0.999183059 0.009414714 -0.350377828 0.158606604 -0.003064643 0.987337112 75.557151794
0.985511243 0.038979910 -0.165070266 -83.150108337 -0.037581809 0.999226391 0.011585725 -0.361272335 0.165394172 -0.005214222 0.986213744 76.322929382
0.984406590 0.036581751 -0.172062442 -83.288352966 -0.035786927 0.999329627 0.007720120 -0.366396397 0.172229514 -0.001442151 0.985055804 77.076179504
0.982899785 0.034597978 -0.180861801 -83.423385620 -0.035039973 0.999385655 0.000751628 -0.372363597 0.180776685 0.005598617 0.983508229 77.821807861
0.981342018 0.032093856 -0.189572722 -83.575721741 -0.032894742 0.999458253 -0.001078875 -0.380411386 0.189435393 0.007294692 0.981866062 78.564437866
0.979147255 0.031723071 -0.200659588 -83.728843689 -0.031954337 0.999487162 0.002087110 -0.395904154 0.200622901 0.004368356 0.979658782 79.300659180
0.976810157 0.031576447 -0.211766094 -83.900459290 -0.030480426 0.999499738 0.008438851 -0.402260870 0.211926624 -0.001788435 0.977283955 80.042739868
0.974238515 0.033125501 -0.223073974 -84.081405640 -0.030274017 0.999410510 0.016191304 -0.407656640 0.223478809 -0.009020847 0.974667072 80.779541016
0.971668482 0.034216549 -0.233858049 -84.274803162 -0.030397860 0.999339461 0.019915098 -0.413268268 0.234384999 -0.012242089 0.972066760 81.513374329
0.968613327 0.037375290 -0.245746493 -84.468849182 -0.034609511 0.999279678 0.015565371 -0.418934822 0.246151239 -0.006571661 0.969209135 82.229934692
0.965471685 0.036562130 -0.257929564 -84.661628723 -0.036146630 0.999326289 0.006354248 -0.418153852 0.257988125 0.003188438 0.966142833 82.945396423
0.962162375 0.034211174 -0.270320505 -84.869377136 -0.035127550 0.999381781 0.001448711 -0.416638732 0.270202965 0.008101802 0.962769270 83.656539917
0.958766818 0.032774568 -0.282297820 -85.090545654 -0.032244243 0.999458730 0.006525431 -0.421634883 0.282358885 0.002846112 0.959304631 84.376800537
0.955520511 0.034421381 -0.292908996 -85.330566406 -0.031640116 0.999398053 0.014229265 -0.429246038 0.293222457 -0.004328681 0.956034422 85.098495483
0.951709092 0.034159191 -0.305094957 -85.559738159 -0.029767970 0.999375582 0.019034773 -0.423084915 0.305554658 -0.009033509 0.952131689 85.818069458
0.947630465 0.031776328 -0.317784190 -85.806579590 -0.027756605 0.999467254 0.017170131 -0.421379954 0.318160474 -0.007450330 0.948007584 86.536651611
0.943871856 0.029986113 -0.328947991 -86.066787720 -0.027191924 0.999544501 0.013092537 -0.424931526 0.329190731 -0.003412949 0.944257259 87.241294861
0.940842390 0.026370881 -0.337816805 -86.336067200 -0.025864754 0.999647439 0.006000081 -0.431106806 0.337855935 0.003092417 0.941192746 87.954467773
0.938155472 0.021853955 -0.345523804 -86.596893311 -0.023145892 0.999732018 0.000386814 -0.439247787 0.345439672 0.007634565 0.938409925 88.654594421
0.935386777 0.021994779 -0.352941662 -86.875160217 -0.023936924 0.999712825 -0.001138488 -0.448540270 0.352815241 0.009513264 0.935644627 89.361961365
0.932515323 0.027157752 -0.360107750 -87.170471191 -0.029506106 0.999564052 -0.001024645 -0.460660279 0.359922945 0.011580873 0.932910144 90.062843323
0.929264903 0.027453961 -0.368392408 -87.457489014 -0.028966330 0.999579370 0.001425158 -0.475082397 0.368276596 0.009346626 0.929669321 90.790916443
0.925931275 0.027973875 -0.376654655 -87.746772766 -0.026964009 0.999604762 0.007954231 -0.475829601 0.376728296 0.002791047 0.926319599 91.509101868
0.923145711 0.029741559 -0.383298069 -88.045448303 -0.025442503 0.999543667 0.016281975 -0.477865517 0.383607417 -0.005278575 0.923481166 92.224700928
0.920604825 0.040067025 -0.388434470 -88.371032715 -0.033579003 0.999160230 0.023479851 -0.492958009 0.389049053 -0.008572421 0.921177149 92.928596497
0.917804360 0.046956331 -0.394246429 -88.690925598 -0.042307787 0.998894691 0.020479983 -0.489739060 0.394772351 -0.002116925 0.918776512 93.625701904
0.915699780 0.043699432 -0.399479955 -89.009773254 -0.042017244 0.999032676 0.012971812 -0.488075256 0.399660379 0.004906762 0.916650176 94.316764832
0.913750648 0.036358230 -0.404645354 -89.323112488 -0.037358802 0.999287188 0.005426192 -0.487319052 0.404554218 0.010158881 0.914457560 95.018417358
0.911987662 0.036971167 -0.408548146 -89.650306702 -0.038405228 0.999251187 0.004695616 -0.486565828 0.408415824 0.011408041 0.912724674 95.725456238
0.909870565 0.043275155 -0.412629128 -89.990852356 -0.042871781 0.999028087 0.010240006 -0.497017860 0.412671238 0.008373064 0.910841584 96.434349060
0.907447815 0.046279430 -0.417608261 -90.324661255 -0.044014949 0.998917401 0.015057308 -0.506374717 0.417853028 0.004717285 0.908502400 97.129493713
0.905071914 0.042291734 -0.423150390 -90.647941589 -0.040759139 0.999088585 0.012674549 -0.506450772 0.423300773 0.005775866 0.905970812 97.837280273
0.902762532 0.041304216 -0.428151667 -90.990058899 -0.042373050 0.999077082 0.007037912 -0.517552733 0.428047210 0.011788527 0.903679490 98.536148071
0.900543213 0.039151605 -0.433000028 -91.329650879 -0.042801611 0.999082744 0.001318684 -0.529386044 0.432654500 0.017345566 0.901392937 99.230072021
