1.000000000 0.000000000 0.000000000 0.000000000 0.000000000 1.000000000 0.000000000 0.000000000 0.000000000 0.000000000 1.000000000 0.000000000
0.999997437 -0.001634930 -0.001553045 -0.000142537 0.001633593 0.999998271 -0.000862052 -0.010962969 0.001554452 0.000859512 0.999998450 0.574231565
0.999993086 -0.002342680 -0.002884380 -0.002713946 0.002335678 0.999994338 -0.002428731 -0.020538213 0.002890053 0.002421977 0.999992907 1.142855883
0.999984562 -0.002634344 -0.004896662 -0.005695470 0.002615863 0.999989450 -0.003776776 -0.031173177 0.004906559 0.003763909 0.999980867 1.710400939
0.999965668 -0.004719853 -0.006809538 -0.005020698 0.004681544 0.999973178 -0.005630815 -0.041965686 0.006835932 0.005598743 0.999960959 2.271066189
0.999941468 -0.006998839 -0.008251579 -0.013518466 0.006936611 0.999947488 -0.007546099 -0.052281868 0.008303959 0.007488419 0.999937475 2.846056700
0.999918818 -0.008114560 -0.009822065 -0.014298791 0.008033104 0.999933243 -0.008304321 -0.062575266 0.009888795 0.008224746 0.999917269 3.420086622
0.999903023 -0.008244533 -0.011223185 -0.024284748 0.008159665 0.999937952 -0.007586672 -0.077435009 0.011285037 0.007494358 0.999908209 4.011817455
0.999887705 -0.008739550 -0.012172777 -0.035208073 0.008643840 0.999931514 -0.007893139 -0.090858199 0.012240926 0.007787033 0.999894738 4.604694366
0.999873042 -0.008139146 -0.013699198 -0.043405373 0.007994841 0.999912322 -0.010555813 -0.112484537 0.013783913 0.010444950 0.999850452 5.209645271
0.999866545 -0.006413992 -0.015026135 -0.053302582 0.006200797 0.999880075 -0.014192090 -0.130060524 0.015115361 0.014097022 0.999786377 5.816509247
0.999857008 -0.004915250 -0.016181137 -0.073269658 0.004623290 0.999826729 -0.018031426 -0.144399598 0.016266963 0.017954037 0.999706447 6.432398796
0.999840319 -0.003105008 -0.017598236 -0.086273789 0.002789207 0.999835134 -0.017941255 -0.157141984 0.017651042 0.017889304 0.999684155 7.070698738
0.999823749 -0.000771301 -0.018757829 -0.101566888 0.000563464 0.999938428 -0.011082765 -0.169783905 0.018765224 0.011070242 0.999762654 7.720165253
0.999812484 -0.000135635 -0.019364193 -0.121980093 0.000122243 0.999999762 -0.000692768 -0.182024285 0.019364282 0.000690271 0.999812245 8.388191223
0.999797583 0.001089624 -0.020090753 -0.139903247 -0.000966918 0.999980807 0.006116282 -0.197531715 0.020097032 -0.006095618 0.999779463 9.068947792
0.999770701 0.003340025 -0.021150472 -0.161387712 -0.003229296 0.999980927 0.005267316 -0.214366585 0.021167660 -0.005197807 0.999762416 9.754363060
0.999738753 0.005026733 -0.022297204 -0.183613256 -0.005072623 0.999985158 -0.002002027 -0.220382959 0.022286808 0.002114610 0.999749362 10.466502190
0.999703586 0.004860139 -0.023855478 -0.196216688 -0.005058968 0.999952912 -0.008281457 -0.217847452 0.023814106 0.008399686 0.999681115 11.189185143
0.999691725 0.002778987 -0.024671884 -0.218713626 -0.002939514 0.999974728 -0.006472602 -0.223351747 0.024653273 0.006543131 0.999674678 11.930830002
0.999684870 0.001643113 -0.025049627 -0.239784569 -0.001574762 0.999994993 0.002748098 -0.234576553 0.025054015 -0.002707785 0.999682426 12.706354141
0.999675393 0.001349040 -0.025440985 -0.264607102 -0.001093919 0.999948978 0.010039209 -0.238787279 0.025453232 -0.010008120 0.999625921 13.496417046
0.999659359 0.000271443 -0.026097219 -0.284674495 0.000064464 0.999917209 0.012869689 -0.248533025 0.026098551 -0.012866988 0.999576569 14.296819687
0.999652445 -0.001866740 -0.026297502 -0.301982045 0.002174983 0.999929190 0.011697642 -0.242777765 0.026273804 -0.011750773 0.999585688 15.103151321
0.999671459 -0.001724903 -0.025572324 -0.328296721 0.001955824 0.999957502 0.009007876 -0.239297554 0.025555700 -0.009054931 0.999632418 15.937309265
0.999685407 0.000234514 -0.025081275 -0.357733250 -0.000079916 0.999980986 0.006164677 -0.246309385 0.025082244 -0.006160733 0.999666393 16.788419724
0.999712586 -0.002372006 -0.023857037 -0.386270106 0.002388823 0.999996901 0.000676421 -0.254973710 0.023855358 -0.000733217 0.999715149 17.659008026
0.999709725 -0.005258330 -0.023513222 -0.396034658 0.005128970 0.999971390 -0.005558510 -0.265198439 0.023541778 0.005436298 0.999708056 18.538444519
0.999745011 -0.004405014 -0.022147326 -0.423968434 0.004156623 0.999928117 -0.011248966 -0.272082984 0.022195285 0.011154040 0.999691427 19.440263748
0.999742746 -0.003384375 -0.022426229 -0.438762605 0.003125313 0.999928117 -0.011576764 -0.292659134 0.022463797 0.011503697 0.999681473 20.359264374
0.999745965 -0.002679360 -0.022378698 -0.472319126 0.002416965 0.999928117 -0.011744032 -0.304150343 0.022408556 0.011686959 0.999680579 21.290327072
0.999746025 -0.000963638 -0.022514800 -0.496304154 0.000668586 0.999913871 -0.013108652 -0.324352711 0.022525493 0.013090270 0.999660552 22.234222412
0.999748468 0.001499274 -0.022377180 -0.524011254 -0.001840261 0.999882400 -0.015225355 -0.346341461 0.022351721 0.015262705 0.999633670 23.193283081
0.999734938 0.005033455 -0.022466220 -0.551987827 -0.005392160 0.999858499 -0.015934477 -0.372938186 0.022382835 0.016051393 0.999620616 24.161727905
0.999722481 0.006146209 -0.022741865 -0.574521661 -0.006505619 0.999854565 -0.015763821 -0.395833105 0.022641670 0.015907396 0.999617100 25.135976791
0.999714971 0.006919654 -0.022849573 -0.603646338 -0.007279922 0.999849916 -0.015721567 -0.428560168 0.022737356 0.015883429 0.999615312 26.121269226
0.999706149 0.007198748 -0.023146629 -0.630388021 -0.007559473 0.999850750 -0.015534787 -0.458906054 0.023031343 0.015705200 0.999611378 27.127477646
0.999685645 0.008883170 -0.023445182 -0.667027831 -0.009226054 0.999851465 -0.014557513 -0.488852382 0.023312382 0.014769244 0.999619126 28.149709702
0.999674022 0.009398710 -0.023739193 -0.695656955 -0.009701053 0.999872863 -0.012653115 -0.511796355 0.023617253 0.012879286 0.999638081 29.169548035
0.999662757 0.010663289 -0.023679551 -0.732847929 -0.010936358 0.999874830 -0.011432497 -0.541567266 0.023554679 0.011687609 0.999654233 30.192920685
0.999659061 0.010431248 -0.023937136 -0.762860358 -0.010728700 0.999866426 -0.012331807 -0.570603013 0.023805303 0.012584417 0.999637425 31.215251923
0.999625564 0.011638518 -0.024764806 -0.787588716 -0.011971846 0.999839127 -0.013354320 -0.594145954 0.024605397 0.013645800 0.999604106 32.251670837
0.999630094 0.011339132 -0.024721457 -0.826404333 -0.011652441 0.999853134 -0.012566552 -0.618518054 0.024575332 0.012849968 0.999615371 33.311405182
0.999635935 0.010113041 -0.025015468 -0.855174482 -0.010360632 0.999898434 -0.009787819 -0.652010560 0.024913942 0.010043432 0.999639153 34.380790710
0.999623597 0.010327620 -0.025416695 -0.886949539 -0.010486021 0.999926388 -0.006106775 -0.675681710 0.025351755 0.006370996 0.999658287 35.440376282
0.999616325 0.010036069 -0.025816076 -0.921831787 -0.010125576 0.999943137 -0.003338704 -0.703278899 0.025781101 0.003598826 0.999661148 36.508182526
0.999593556 0.010186741 -0.026626324 -0.952599704 -0.010266459 0.999943197 -0.002858934 -0.726024449 0.026595689 0.003131130 0.999641359 37.589611053
0.999580085 0.009814612 -0.027263490 -0.980797112 -0.009935058 0.999941468 -0.004285929 -0.744361103 0.027219830 0.004554994 0.999619067 38.667076111
0.999557197 0.009912280 -0.028056011 -1.018496633 -0.010061604 0.999935925 -0.005186175 -0.759313762 0.028002806 0.005466167 0.999592900 39.763134003
0.999529660 0.009708172 -0.029090350 -1.048651695 -0.009834352 0.999942839 -0.004197611 -0.775063872 0.029047936 0.004481722 0.999567986 40.853458405
0.999514282 0.009702615 -0.029615683 -1.094084740 -0.009771626 0.999949872 -0.002186394 -0.795362115 0.029592985 0.002474725 0.999558985 41.941345215
0.999509990 0.009500797 -0.029825663 -1.138889909 -0.009489569 0.999954820 0.000518008 -0.824286580 0.029829238 -0.000234722 0.999554992 43.039848328
0.999470890 0.010589310 -0.030753186 -1.171026707 -0.010584856 0.999943912 0.000307628 -0.844393730 0.030754721 0.000018052 0.999526978 44.133491516
0.999450266 0.012037898 -0.030891351 -1.217968464 -0.012147604 0.999920547 -0.003366129 -0.866241515 0.030848376 0.003739534 0.999517083 45.200897217
0.999442697 0.012841632 -0.030811818 -1.254699588 -0.013076833 0.999886811 -0.007444104 -0.890063226 0.030712737 0.007842876 0.999497473 46.301532745
0.999420047 0.013691776 -0.031179313 -1.286748886 -0.013948458 0.999870479 -0.008029840 -0.909233809 0.031065330 0.008460087 0.999481559 47.393310547
0.999425292 0.014123587 -0.030816479 -1.332374096 -0.014286775 0.999885023 -0.005081705 -0.937096417 0.030741164 0.005519053 0.999512136 48.474525452
0.999444425 0.014437859 -0.030040385 -1.384828091 -0.014532312 0.999890089 -0.002928236 -0.963203609 0.029994808 0.003363165 0.999544382 49.567695618
0.999452651 0.013323296 -0.030279282 -1.406932950 -0.013372667 0.999909580 -0.001428591 -0.995361686 0.030257512 0.001832724 0.999540448 50.648960114
0.999469876 0.013194658 -0.029764375 -1.443062782 -0.013268077 0.999909401 -0.002270516 -1.017127872 0.029731719 0.002664228 0.999554336 51.733875275
0.999475002 0.012341546 -0.029956728 -1.471387029 -0.012474072 0.999913216 -0.004241063 -1.035477281 0.029901786 0.004612518 0.999542177 52.833194733
0.999482453 0.012378604 -0.029691203 -1.513687849 -0.012567976 0.999901772 -0.006199939 -1.065498590 0.029611541 0.006569888 0.999539912 53.930118561
0.999493659 0.011752144 -0.029569430 -1.551781774 -0.012007990 0.999891877 -0.008489764 -1.095707893 0.029466460 0.008840535 0.999526680 55.024417877
0.999508917 0.010254695 -0.029609544 -1.586499333 -0.010613794 0.999871731 -0.011996211 -1.120165110 0.029482728 0.012304589 0.999489546 56.103614807
0.999538898 0.008068454 -0.029273026 -1.617549896 -0.008464948 0.999873757 -0.013446142 -1.157587528 0.029160840 0.013687736 0.999481022 57.206016541
0.999558687 0.006677533 -0.028944911 -1.649853230 -0.007006288 0.999911904 -0.011271452 -1.189693570 0.028867098 0.011469274 0.999517441 58.297290802
0.999576271 0.004907340 -0.028691305 -1.687749863 -0.005063007 0.999972820 -0.005355477 -1.215113282 0.028664244 0.005498472 0.999573946 59.410335541
0.999580622 0.003241047 -0.028775837 -1.715391040 -0.003221713 0.999994576 0.000718207 -1.237539887 0.028778009 -0.000625199 0.999585629 60.509723663
0.999593079 0.001745548 -0.028471634 -1.750937581 -0.001710679 0.999997735 0.001249012 -1.257378101 0.028473750 -0.001199798 0.999593794 61.605564117
0.999597192 -0.001545964 -0.028337991 -1.780840397 0.001497470 0.999997377 -0.001732443 -1.272667885 0.028340595 0.001689310 0.999596894 62.702205658
0.999594390 -0.002996269 -0.028320577 -1.812116265 0.002854865 0.999983251 -0.005032106 -1.295047402 0.028335180 0.004949213 0.999586225 63.799884796
0.999605656 -0.000799449 -0.028069358 -1.851431608 0.000549416 0.999960124 -0.008914267 -1.324962735 0.028075365 0.008895330 0.999566257 64.894668579
0.999603808 -0.000343921 -0.028143872 -1.881199002 -0.000032448 0.999910593 -0.013371495 -1.347820044 0.028145954 0.013367111 0.999514461 65.986984253
0.999618828 0.002341035 -0.027509037 -1.924103260 -0.002726870 0.999898314 -0.013996623 -1.379929543 0.027473474 0.014066301 0.999523580 67.085105896
0.999621511 0.005818880 -0.026887212 -1.956620455 -0.006094608 0.999929547 -0.010184453 -1.408705592 0.026826056 0.010344465 0.999586582 68.197662354
0.999611735 0.007597778 -0.026807349 -1.996743441 -0.007817136 0.999936759 -0.008087510 -1.441249132 0.026744206 0.008293928 0.999607921 69.299446106
0.999612629 0.006933243 -0.026954552 -2.027862310 -0.007131252 0.999948263 -0.007256852 -1.467157841 0.026902843 0.007446261 0.999610305 70.399681091
0.999625623 0.005364710 -0.026829725 -2.063010216 -0.005548670 0.999961555 -0.006786841 -1.489917636 0.026792286 0.006933169 0.999616981 71.508209229
0.999622405 0.004475829 -0.027111256 -2.094596863 -0.004635029 0.999972343 -0.005812141 -1.510164618 0.027084494 0.005935607 0.999615550 72.608131409
0.999613225 0.002755210 -0.027673628 -2.121550798 -0.002848664 0.999990344 -0.003338135 -1.541180491 0.027664164 0.003415676 0.999611437 73.711540222
0.999602914 0.001290219 -0.028148277 -2.155894995 -0.001326678 0.999998331 -0.001276639 -1.568012357 0.028146582 0.001313476 0.999602914 74.807685852
0.999581277 0.001067843 -0.028914899 -2.190202475 -0.001147590 0.999995589 -0.002741538 -1.595364690 0.028911844 0.002773573 0.999578118 75.897377014
0.999577940 0.001231100 -0.029024998 -2.229217052 -0.001416021 0.999978840 -0.006351375 -1.619767427 0.029016564 0.006389794 0.999558508 76.982521057
0.999553978 0.002129235 -0.029788679 -2.271501780 -0.002383264 0.999961078 -0.008494782 -1.648021460 0.029769430 0.008561987 0.999520123 78.076988220
0.999529958 0.004207998 -0.030367231 -2.311411858 -0.004412628 0.999967992 -0.006674632 -1.677045226 0.030338172 0.006805493 0.999516547 79.165588379
0.999498069 0.004683844 -0.031332213 -2.346915483 -0.004770324 0.999985039 -0.002685915 -1.697595596 0.031319164 0.002834031 0.999505401 80.254058838
0.999483407 0.006344752 -0.031507317 -2.391476154 -0.006296436 0.999978840 0.001632469 -1.726519942 0.031517006 -0.001433242 0.999502182 81.350807190
0.999454975 0.007484952 -0.032151427 -2.433940887 -0.007411901 0.999969661 0.002390660 -1.745020628 0.032168344 -0.002151054 0.999480128 82.431144714
0.999443054 0.006948057 -0.032638494 -2.472349405 -0.006934027 0.999975801 0.000543038 -1.770948887 0.032641478 -0.000316420 0.999467075 83.496849060
0.999425650 0.006655012 -0.033227991 -2.508238792 -0.006667673 0.999977708 -0.000270246 -1.789374352 0.033225454 0.000491644 0.999447763 84.570152283
0.999409378 0.006836377 -0.033676617 -2.554067373 -0.006856107 0.999976397 -0.000470409 -1.813190222 0.033672605 0.000701022 0.999432683 85.625762939
0.999382615 0.005292576 -0.034732435 -2.587691069 -0.005306874 0.999985874 -0.000319492 -1.829944015 0.034730252 0.000503615 0.999396622 86.668037415
0.999376416 0.003930958 -0.035089653 -2.629407883 -0.003892029 0.999991715 0.001177652 -1.854555726 0.035093993 -0.001040347 0.999383450 87.699485779
0.999344587 0.004028517 -0.035975248 -2.662789583 -0.003884693 0.999984205 0.004066858 -1.876947761 0.035991065 -0.003924440 0.999344409 88.712150574
0.999323487 0.003285820 -0.036629781 -2.710626125 -0.003110426 0.999983430 0.004844230 -1.894925714 0.036645088 -0.004727019 0.999317169 89.697189331
0.999243021 0.002413835 -0.038827367 -2.745456696 -0.002224994 0.999985516 0.004906076 -1.910009265 0.038838647 -0.004815971 0.999233902 90.671813965
0.999109507 0.001997701 -0.042144988 -2.792203188 -0.001825978 0.999989867 0.004112671 -1.928116441 0.042152774 -0.004032053 0.999103069 91.609741211
0.998954654 0.001910729 -0.045672771 -2.837301016 -0.001765951 0.999993265 0.003210042 -1.945587158 0.045678597 -0.003126031 0.998951316 92.535552979
0.998815656 0.001465565 -0.048632622 -2.888205290 -0.001284589 0.999992132 0.003752338 -1.967430949 0.048637737 -0.003685421 0.998809695 93.431518555
0.998658478 0.002509458 -0.051720433 -2.938041687 -0.002257002 0.999985278 0.004939003 -1.983250737 0.051732063 -0.004815645 0.998649418 94.311309814
0.998511314 0.003758893 -0.054415029 -2.991713285 -0.003439660 0.999976337 0.005959113 -2.001966000 0.054436143 -0.005763072 0.998500645 95.158798218
0.998336673 0.004880168 -0.057445869 -3.042100191 -0.004463000 0.999962747 0.007387984 -2.015250683 0.057479780 -0.007119314 0.998321295 95.978347778
0.998163760 0.006234670 -0.060251571 -3.094321728 -0.005760598 0.999951124 0.008038710 -2.025785685 0.060298745 -0.007676864 0.998150826 96.774673462
0.997992456 0.008089549 -0.062813930 -3.144763947 -0.007557405 0.999933541 0.008704729 -2.040368319 0.062880181 -0.008212544 0.997987270 97.542556763
0.997801423 0.010234559 -0.065479629 -3.204138756 -0.009760134 0.999923766 0.007561181 -2.058352709 0.065552026 -0.006905468 0.997825265 98.284172058
0.997606993 0.011318824 -0.068206832 -3.255386114 -0.011078309 0.999931037 0.003903490 -2.072367191 0.068246305 -0.003138532 0.997663558 98.987396240
0.997371793 0.014061829 -0.071075469 -3.302628279 -0.014065058 0.999900997 0.000455079 -2.089801311 0.071074829 0.000545798 0.997470856 99.665138245
0.997207820 0.015838066 -0.072977513 -3.358442068 -0.016039919 0.999868989 -0.002180689 -2.107726812 0.072933413 0.003345154 0.997331202 100.312500000
0.997131348 0.017941657 -0.073533356 -3.417305231 -0.018252211 0.999827087 -0.003553424 -2.115805387 0.073456891 0.004885377 0.997286439 100.931770325
0.997141838 0.019922482 -0.072878025 -3.463627338 -0.020180929 0.999792397 -0.002811597 -2.136593342 0.072806880 0.004274307 0.997336924 101.524230957
0.997249961 0.024336958 -0.070001930 -3.507377386 -0.024484010 0.999699473 -0.001243335 -2.151409864 0.069950633 0.002953844 0.997546077 102.092742920
0.997563958 0.026621543 -0.064478330 -3.548990011 -0.026674956 0.999644160 0.000032508 -2.162114620 0.064456247 0.001687528 0.997919083 102.644012451
0.998004496 0.027434018 -0.056871537 -3.577649117 -0.027368734 0.999623537 0.001926659 -2.175732136 0.056902986 -0.000366313 0.998379648 103.170669556
0.998496413 0.027811967 -0.047237616 -3.596836329 -0.027615836 0.999607086 0.004799695 -2.190653086 0.047352545 -0.003487972 0.998872161 103.671783447
0.998983622 0.027544366 -0.035679258 -3.601024389 -0.027352283 0.999608696 0.005860668 -2.200026274 0.035826724 -0.004878802 0.999346137 104.153083801
0.999403715 0.026568249 -0.022054477 -3.606762171 -0.026441883 0.999632359 0.006001752 -2.210571766 0.022205824 -0.005415011 0.999738753 104.612922668
0.999620736 0.026533576 -0.007373621 -3.593230247 -0.026497532 0.999636650 0.004943697 -2.219672680 0.007502116 -0.004746439 0.999960601 105.055847168
0.999632239 0.024936495 0.010656895 -3.573507547 -0.024961663 0.999685884 0.002235321 -2.236197710 -0.010597807 -0.002500512 0.999940693 105.482955933
0.999186039 0.024292972 0.032205004 -3.550958872 -0.024229450 0.999703646 -0.002361256 -2.246718168 -0.032252822 0.001579024 0.999478519 105.908462524
0.998173416 0.022018751 0.056258161 -3.510007620 -0.021632791 0.999738157 -0.007460408 -2.254137993 -0.056407697 0.006229760 0.998388410 106.300796509
0.996313989 0.019857064 0.083451197 -3.448231697 -0.019070772 0.999765992 -0.010208820 -2.263905287 -0.083634384 0.008579711 0.996459544 106.706634521
0.993382573 0.017444793 0.113519832 -3.379010201 -0.016279871 0.999804974 -0.011180880 -2.277884245 -0.113692738 0.009258803 0.993472815 107.105018616
0.989215970 0.015292468 0.145663470 -3.285887957 -0.013446352 0.999816418 -0.013650055 -2.283315420 -0.145845473 0.011544211 0.989240050 107.496269226
0.983331084 0.012367813 0.181403086 -3.189903498 -0.009823419 0.999840438 -0.014917972 -2.301143885 -0.181558639 0.012887307 0.983295679 107.877952576
0.975512385 0.009508945 0.219738945 -3.077961206 -0.006360828 0.999866843 -0.015029707 -2.316724062 -0.219852597 0.013263944 0.975442946 108.227203369
0.965609312 0.007403997 0.259892017 -2.970968723 -0.003461527 0.999871969 -0.015624054 -2.335618973 -0.259974420 0.014187108 0.965511262 108.547157288
0.953440785 0.007583240 0.301484913 -2.838674068 -0.002737736 0.999860287 -0.016491411 -2.352175713 -0.301567823 0.014898198 0.953328311 108.881790161
0.938221455 0.010015917 0.345890373 -2.687631607 -0.004429654 0.999846756 -0.016937116 -2.366671324 -0.346007019 0.014358591 0.938122034 109.221321106
0.920423329 0.010388963 0.390785098 -2.531893492 -0.004453804 0.999860585 -0.016091019 -2.374947786 -0.390897810 0.013070069 0.920341313 109.514617920
0.900166035 0.009562953 0.435441941 -2.349384308 -0.003535620 0.999886453 -0.014649997 -2.389360905 -0.435532570 0.011647873 0.900097609 109.825103760
0.877120256 0.008617497 0.480193555 -2.146440029 -0.001053826 0.999871135 -0.016018657 -2.393955231 -0.480269730 0.013544247 0.877016306 110.124092102
0.851875186 0.008829884 0.523670435 -1.935338020 0.000396795 0.999846697 -0.017504428 -2.417093277 -0.523744702 0.015119378 0.851741076 110.408859253
0.824213743 0.011480112 0.566162467 -1.713584900 0.000962287 0.999764621 -0.021673182 -2.423342705 -0.566277981 0.018408146 0.824008763 110.679733276
0.793336213 0.016138356 0.608569860 -1.476513863 -0.000506381 0.999665737 -0.025849510 -2.440921307 -0.608783543 0.020199185 0.793079138 110.949058533
0.759738445 0.022281731 0.649846971 -1.209943771 -0.003287622 0.999531567 -0.030428026 -2.448233604 -0.650220573 0.020980891 0.759455800 111.223526001
0.723179460 0.026602913 0.690147698 -0.930484772 -0.005186560 0.999438882 -0.033090275 -2.456296921 -0.690640807 0.020350715 0.722911656 111.460189819
0.685818315 0.026390160 0.727294266 -0.639642715 -0.002709879 0.999428034 -0.033709303 -2.471797466 -0.727767825 0.021147579 0.685497522 111.631408691
0.643144011 0.024521457 0.765352488 -0.357683182 0.000240724 0.999480605 -0.032225076 -2.491381407 -0.765745223 0.020909606 0.642804146 111.837844849
0.599568605 0.022354010 0.800011158 -0.022781372 0.001722035 0.999571502 -0.029220730 -2.504535437 -0.800321579 0.018897479 0.599273205 112.035530090
0.553565085 0.020864652 0.832544506 0.319942474 0.002332533 0.999643326 -0.026603285 -2.518723249 -0.832802653 0.016668588 0.553318977 112.216339111
0.504497409 0.018588167 0.863213062 0.655853271 0.004224371 0.999703109 -0.023996199 -2.525105953 -0.863402843 0.015752554 0.504269123 112.392356873
0.453720868 0.014969138 0.891018152 1.036403656 0.006831527 0.999771118 -0.020274917 -2.538352966 -0.891117692 0.015286168 0.453514755 112.547576904
0.402003527 0.015214508 0.915511727 1.418254852 0.004495975 0.999817073 -0.018589739 -2.551131725 -0.915627062 0.011589258 0.401861608 112.680175781
0.350978971 0.020260241 0.936164200 1.821365356 -0.000050306 0.999766290 -0.021617845 -2.568816662 -0.936383426 0.007540317 0.350897968 112.799758911
0.299991429 0.025350614 0.953604996 2.199111938 -0.000180097 0.999648333 -0.026517972 -2.579906702 -0.953941882 0.007783422 0.299890459 112.901573181
0.253616631 0.027578672 0.966911614 2.611801147 0.001726327 0.999579012 -0.028963234 -2.590270996 -0.967303336 0.009014766 0.253462255 112.971343994
0.212436557 0.027234726 0.976795256 3.019996643 0.009356900 0.999509037 -0.029902995 -2.602923155 -0.977130115 0.015492266 0.212077439 113.023468018
0.177462697 0.026876708 0.983760536 3.457801819 0.016969653 0.999394834 -0.030365041 -2.619752407 -0.983981252 0.022082739 0.176899195 113.059135437
0.147324681 0.028095372 0.988689125 3.912902832 0.021868486 0.999259591 -0.031654380 -2.635170937 -0.988846421 0.026284607 0.146601200 113.096794128
0.119073510 0.026961423 0.992519319 4.387809753 0.019243155 0.999380827 -0.029456435 -2.648469925 -0.992698967 0.022606682 0.118480921 113.150184631
0.093639970 0.023478335 0.995329320 4.882270813 0.013261503 0.999603808 -0.024826800 -2.662022114 -0.995517850 0.015524345 0.093291461 113.188728333
0.069590509 0.019037496 0.997394025 5.392501831 0.008374501 0.999771535 -0.019667186 -2.682866812 -0.997540593 0.009721329 0.069415152 113.219543457
0.047071397 0.016456073 0.998755991 5.911956787 0.012721437 0.999773324 -0.017072398 -2.702835560 -0.998810589 0.013509233 0.046851397 113.230369568
0.027115703 0.017715253 0.999475360 6.477363586 0.019946210 0.999634326 -0.018259211 -2.720911503 -0.999433339 0.020430855 0.026752412 113.224273682
0.009674728 0.019949382 0.999754310 7.036621094 0.025211738 0.999478281 -0.020187855 -2.736765385 -0.999635458 0.025400855 0.009166718 113.208587646
-0.004810452 0.025670774 0.999658942 7.631340027 0.025860924 0.999339283 -0.025538122 -2.745937109 -0.999653995 0.025729252 -0.005471110 113.209960938
-0.015657187 0.030061504 0.999425530 8.228790283 0.023756212 0.999276936 -0.029684871 -2.759065628 -0.999595284 0.023277784 -0.016360044 113.201797485
-0.021932721 0.029979972 0.999309838 8.862724304 0.025202734 0.999249220 -0.029425008 -2.779661655 -0.999441683 0.024539972 -0.022671819 113.180076599
-0.024370670 0.026922524 0.999340355 9.507713318 0.031185970 0.999171257 -0.026157441 -2.798209190 -0.999216378 0.030527923 -0.025190115 113.151031494
-0.023905277 0.025094209 0.999399304 10.166557312 0.032748580 0.999168038 -0.024305072 -2.827249765 -0.999177754 0.032147884 -0.024707198 113.130325317
-0.021939039 0.024711832 0.999454021 10.849082947 0.031571079 0.999213040 -0.024012864 -2.850208282 -0.999260843 0.031027021 -0.022701979 113.120246887
-0.020522952 0.024878219 0.999479890 11.548324585 0.028042845 0.999311388 -0.024298204 -2.877859592 -0.999396086 0.027529588 -0.021206498 113.116058350
-0.019173861 0.026076788 0.999476135 12.258453369 0.027081592 0.999306560 -0.025552839 -2.898337841 -0.999449372 0.026577458 -0.019866824 113.105278015
-0.018189430 0.027004072 0.999469817 12.997245789 0.026764831 0.999290109 -0.026512124 -2.925677299 -0.999476254 0.026268400 -0.018899322 113.095825195
-0.017454982 0.026673723 0.999491811 13.755653381 0.026171107 0.999313772 -0.026211927 -2.945525646 -0.999505103 0.025700280 -0.018141031 113.089408875
-0.016848803 0.025179200 0.999540925 14.529724121 0.024993349 0.999381125 -0.024753869 -2.976386547 -0.999545574 0.024564799 -0.017467737 113.080551147
-0.016359568 0.024068918 0.999576569 15.311553955 0.025524817 0.999394476 -0.023646789 -3.002285957 -0.999540448 0.025127161 -0.016963959 113.067161560
-0.016901016 0.021831155 0.999618948 16.099578857 0.026186049 0.999428332 -0.021384258 -3.027812481 -0.999514341 0.025814654 -0.017463088 113.054664612
-0.018042445 0.020096326 0.999635279 16.889915466 0.023756238 0.999524355 -0.019665319 -3.056486130 -0.999554992 0.023392763 -0.018511176 113.045455933
-0.019043088 0.018860212 0.999640882 17.683273315 0.022903068 0.999567926 -0.018422538 -3.084882498 -0.999556422 0.022544019 -0.019466758 113.030838013
-0.020492673 0.016487336 0.999654114 18.495056152 0.025298854 0.999552429 -0.015967038 -3.104899406 -0.999469936 0.024962893 -0.020900607 113.016220093
-0.021814346 0.015053843 0.999648690 19.320045471 0.026731543 0.999537945 -0.014468838 -3.130308628 -0.999404609 0.026406523 -0.022206783 113.001823425
-0.023220897 0.014302033 0.999628127 20.149055481 0.024019912 0.999616981 -0.013743904 -3.152540207 -0.999441803 0.023691833 -0.023555517 112.981369019
-0.024214029 0.018861128 0.999529004 20.972450256 0.021037811 0.999610186 -0.018353015 -3.177630901 -0.999485552 0.020583501 -0.024601460 112.967910767
-0.024946928 0.023186086 0.999420047 21.810737610 0.022400087 0.999492943 -0.022628648 -3.207617998 -0.999437928 0.021822579 -0.025453687 112.948616028
-0.025782466 0.024864899 0.999358296 22.655693054 0.022550011 0.999450684 -0.024285430 -3.236705542 -0.999413192 0.021909403 -0.026328921 112.926719666
-0.027680993 0.023050843 0.999351025 23.507278442 0.019197142 0.999561965 -0.022523968 -3.260918140 -0.999432504 0.018561196 -0.028111339 112.918701172
-0.028593063 0.018504413 0.999419808 24.358787537 0.015856607 0.999711215 -0.018056156 -3.297513962 -0.999465346 0.015331127 -0.028878212 112.901145935
-0.029116988 0.013444632 0.999485612 25.234725952 0.014269318 0.999813259 -0.013033345 -3.325058460 -0.999474168 0.013882485 -0.029303432 112.883583069
-0.029372096 0.007540612 0.999540210 26.083374023 0.010758690 0.999916017 -0.007227297 -3.350581169 -0.999510765 0.010541461 -0.029450774 112.865982056
-0.029026389 0.005981242 0.999560773 26.929435730 0.008082993 0.999950826 -0.005748853 -3.376214743 -0.999545991 0.007912574 -0.029073238 112.842803955
-0.028321385 0.013233746 0.999511361 27.755149841 0.011164079 0.999854207 -0.012921951 -3.404976130 -0.999536633 0.010792657 -0.028465033 112.823814392
-0.027707100 0.024711808 0.999310672 28.590827942 0.012789791 0.999621332 -0.024364879 -3.425495625 -0.999534369 0.012105896 -0.028012633 112.807083130
-0.026594996 0.029385094 0.999214351 29.423355103 0.014996730 0.999467075 -0.028993377 -3.456717730 -0.999533832 0.014213868 -0.027021527 112.779075623
-0.024820447 0.023905287 0.999406099 30.273445129 0.017491778 0.999571383 -0.023474829 -3.492202759 -0.999538898 0.016898734 -0.025228024 112.754928589
-0.023910642 0.016122660 0.999584138 31.111618042 0.020297645 0.999671638 -0.015638540 -3.525292873 -0.999508023 0.019915273 -0.024230123 112.732841492
-0.023561358 0.013175882 0.999635637 31.947387695 0.021347035 0.999691784 -0.012673476 -3.552630663 -0.999494553 0.021040650 -0.023835421 112.719146729
-0.023953199 0.013876327 0.999616802 32.778144836 0.020687787 0.999696434 -0.013381707 -3.582087994 -0.999499083 0.020359326 -0.024232984 112.703247070
-0.024779797 0.014697185 0.999584973 33.601051331 0.017576968 0.999743760 -0.014263789 -3.610614300 -0.999538481 0.017216220 -0.025031805 112.687934875
-0.027084351 0.014917119 0.999521911 34.432151794 0.015514077 0.999774516 -0.014500502 -3.635424137 -0.999512851 0.015113924 -0.027309656 112.681350708
-0.029170036 0.014867506 0.999463916 35.245147705 0.014405311 0.999791801 -0.014451955 -3.662942410 -0.999470711 0.013976024 -0.029378176 112.662902832
-0.031486511 0.015281648 0.999387383 36.060295105 0.013401664 0.999799669 -0.014865723 -3.688308239 -0.999414325 0.012925384 -0.031684995 112.646408081
-0.033646941 0.015653985 0.999311328 36.877784729 0.011779138 0.999814093 -0.015265258 -3.712811470 -0.999364495 0.011257396 -0.033825040 112.622360229
-0.035863400 0.015056609 0.999243438 37.685798645 0.010019963 0.999841630 -0.014706005 -3.736683369 -0.999306619 0.009484975 -0.036008596 112.606231689
-0.037997842 0.013686931 0.999184072 38.495002747 0.010579068 0.999855697 -0.013293820 -3.768589258 -0.999221802 0.010065299 -0.038137197 112.578498840
-0.040087223 0.013721684 0.999101996 39.291564941 0.010266354 0.999858558 -0.013320155 -3.793404579 -0.999143481 0.009723167 -0.040222406 112.554512024
-0.041736960 0.014877982 0.999017835 40.085426331 0.010026433 0.999845028 -0.014471417 -3.816846371 -0.999078274 0.009412592 -0.041879654 112.523300171
-0.042769432 0.014775966 0.998975694 40.861373901 0.010383000 0.999843180 -0.014344268 -3.844596863 -0.999031007 0.009758868 -0.042916179 112.494018555
-0.044330716 0.013587242 0.998924613 41.645385742 0.012221785 0.999840081 -0.013057313 -3.875771046 -0.998942256 0.011629802 -0.044489741 112.462051392
-0.045477509 0.013067816 0.998879910 42.428947449 0.011995894 0.999849498 -0.012534348 -3.897134781 -0.998893380 0.011412428 -0.045627356 112.425094604
-0.046724081 0.012738842 0.998826623 43.204132080 0.010605262 0.999868631 -0.012256029 -3.920356512 -0.998851597 0.010020167 -0.046853065 112.394866943
-0.047932267 0.011852335 0.998780370 43.960090637 0.008797083 0.999895811 -0.011443396 -3.945129156 -0.998811960 0.008237846 -0.048031449 112.367408752
-0.048850775 0.010621161 0.998749673 44.708038330 0.007547957 0.999918818 -0.010264410 -3.966941357 -0.998777628 0.007037095 -0.048926950 112.336288452
-0.049403429 0.010354985 0.998725295 45.431907654 0.007981622 0.999918401 -0.009972534 -3.989722252 -0.998747051 0.007478769 -0.049482107 112.306442261
-0.049942613 0.012908489 0.998668671 46.144363403 0.008275483 0.999887526 -0.012510393 -4.015372276 -0.998717785 0.007639664 -0.050043821 112.276351929
-0.050066233 0.015635205 0.998623669 46.849433899 0.008300509 0.999849439 -0.015238252 -4.039795876 -0.998711586 0.007526165 -0.050188422 112.246673584
-0.049957156 0.017297653 0.998601556 47.562988281 0.006531299 0.999834299 -0.016992263 -4.063813686 -0.998730004 0.005673280 -0.050061822 112.211051941
-0.049850702 0.018384319 0.998587489 48.262397766 0.007219490 0.999811113 -0.018046441 -4.087209225 -0.998730659 0.006309664 -0.049974084 112.179145813
-0.050084591 0.017948966 0.998583734 48.970642090 0.008222953 0.999812007 -0.017558619 -4.111689568 -0.998711169 0.007331893 -0.050222754 112.147796631
-0.050227284 0.017459584 0.998585343 49.659332275 0.008901547 0.999815285 -0.017033359 -4.135463238 -0.998698354 0.008033415 -0.050373435 112.111495972
-0.050876260 0.017503727 0.998551667 50.352592468 0.004616336 0.999839842 -0.017291108 -4.160522938 -0.998694420 0.003729945 -0.050948858 112.089706421
-0.050718784 0.017808979 0.998554111 51.036796570 0.002391454 0.999840319 -0.017710449 -4.183928967 -0.998710036 0.001489743 -0.050753236 112.061988831
-0.050260782 0.016648514 0.998597443 51.718559265 0.004348100 0.999855220 -0.016450642 -4.206504822 -0.998726726 0.003515180 -0.050325871 112.025367737
-0.051459551 0.015950425 0.998547852 52.403434753 0.004589837 0.999865651 -0.015734944 -4.229948997 -0.998664677 0.003773461 -0.051525950 111.994682312
-0.054767847 0.015261437 0.998382509 53.073997498 0.001252107 0.999883473 -0.015215694 -4.254578590 -0.998498321 0.000416749 -0.054780602 111.960357666
-0.060537577 0.014654673 0.998058379 53.760955811 -0.002703537 0.999886155 -0.014845495 -4.280696392 -0.998162270 -0.003596996 -0.060490966 111.938812256
-0.065704942 0.018759763 0.997662783 54.416320801 0.001266985 0.999824047 -0.018716961 -4.301895142 -0.997838378 0.000034228 -0.065717101 111.879852295
-0.072838902 0.021674525 0.997108161 55.100158691 0.003740490 0.999762714 -0.021458985 -4.322263718 -0.997336686 0.002166625 -0.072902679 111.832000732
-0.079816580 0.023067795 0.996542633 55.772346497 0.002717207 0.999733508 -0.022924028 -4.347488880 -0.996805847 0.000878097 -0.079857945 111.777542114
-0.086434126 0.022285925 0.996008277 56.459945679 -0.001384080 0.999746144 -0.022489673 -4.370824814 -0.996256649 -0.003322431 -0.086381316 111.724578857
-0.091908455 0.020854387 0.995549083 57.145545959 -0.001905562 0.999775171 -0.021118835 -4.401759624 -0.995765626 -0.003838080 -0.091848135 111.667098999
-0.096378326 0.022017259 0.995101273 57.841453552 -0.004059555 0.999738336 -0.022513036 -4.419008255 -0.995336533 -0.006209436 -0.096263766 111.604415894
-0.100664496 0.020734835 0.994704366 58.541984558 -0.006462025 0.999748111 -0.021493932 -4.448795319 -0.994899452 -0.008591479 -0.100505114 111.541717529
-0.103015423 0.017785579 0.994520903 59.253204346 -0.005591432 0.999813974 -0.018459415 -4.470932961 -0.994664192 -0.007462394 -0.102896810 111.466659546
-0.104254723 0.014480067 0.994445264 59.963554382 -0.003968099 0.999880016 -0.014975207 -4.494356632 -0.994542718 -0.005507293 -0.104184747 111.386642456
-0.105799198 0.011560628 0.994320393 60.690277100 -0.004241003 0.999918103 -0.012076968 -4.522238731 -0.994378567 -0.005494647 -0.105741501 111.314743042
-0.107109308 0.011353519 0.994182467 61.419868469 -0.004563519 0.999918640 -0.011910682 -4.540823936 -0.994236827 -0.005812714 -0.107048750 111.248168945
-0.107964516 0.015429042 0.994035065 62.150627136 -0.003129204 0.999869347 -0.015859470 -4.555880547 -0.994149864 -0.004822797 -0.107902050 111.171310425
-0.108384490 0.019638184 0.993915141 62.889617920 0.002593736 0.999807060 -0.019471759 -4.579443455 -0.994105756 0.000467517 -0.108414531 111.089553833
-0.108735085 0.023800543 0.993785858 63.636016846 0.009528003 0.999692380 -0.022899494 -4.610313416 -0.994025171 0.006978816 -0.108928442 111.001724243
-0.109256148 0.025484556 0.993687034 64.379554749 0.010351085 0.999646246 -0.024499290 -4.632819176 -0.993959844 0.007609042 -0.109481335 110.917022705
-0.109713316 0.023068439 0.993695617 65.137519836 0.008703761 0.999714613 -0.022247193 -4.660954475 -0.993925214 0.006208076 -0.109882832 110.839073181
-0.109060287 0.018134737 0.993869781 65.889183044 0.008863189 0.999811590 -0.017270572 -4.688641548 -0.993995726 0.006925323 -0.109200478 110.758422852
-0.110273361 0.015980788 0.993772805 66.663330078 0.010271235 0.999835670 -0.014938544 -4.711173058 -0.993848205 0.008559952 -0.110419393 110.681365967
-0.111022115 0.015598996 0.993695676 67.407569885 0.010272453 0.999841392 -0.014547770 -4.737711430 -0.993765056 0.008592568 -0.111164689 110.601181030
-0.112997532 0.016508423 0.993458211 68.161819458 0.008830114 0.999839187 -0.015610106 -4.762503147 -0.993556142 0.007008446 -0.113125205 110.525672913
-0.115170479 0.017231008 0.993196428 68.904541016 0.008025013 0.999833047 -0.016415576 -4.787289619 -0.993313432 0.006079826 -0.115289569 110.444961548
-0.117612123 0.017207911 0.992910445 69.649826050 0.008742016 0.999829054 -0.016292308 -4.813901424 -0.993021071 0.006763865 -0.117742538 110.362358093
-0.119472146 0.017389406 0.992685318 70.391235352 0.008931437 0.999824941 -0.016439557 -4.838194847 -0.992797434 0.006902038 -0.119606614 110.273300171
-0.121315956 0.016925041 0.992469609 71.140823364 0.008718860 0.999834239 -0.015984870 -4.863615036 -0.992575645 0.006713985 -0.121443391 110.182983398
-0.122999191 0.017321898 0.992255569 71.892013550 0.006652166 0.999839604 -0.016629694 -4.886020184 -0.992384493 0.004555210 -0.123094678 110.096626282
-0.123936653 0.018995324 0.992108405 72.648361206 0.006765889 0.999809682 -0.018297568 -4.904365540 -0.992267191 0.004444757 -0.124041557 110.004981995
-0.124980688 0.019289631 0.991971612 73.413673401 0.004860767 0.999810874 -0.018829653 -4.929142475 -0.992147267 0.002468401 -0.125050783 109.916244507
-0.126357913 0.019714596 0.991788864 74.189514160 0.004805203 0.999802947 -0.019261697 -4.949461937 -0.991973162 0.002331880 -0.126427650 109.823608398
-0.127793193 0.017982464 0.991637826 74.977348328 0.005023662 0.999834538 -0.017483700 -4.973160744 -0.991788149 0.002747357 -0.127862334 109.736038208
-0.128838658 0.015546782 0.991543889 75.748855591 0.002347046 0.999879062 -0.015372506 -4.999916077 -0.991662979 0.000346628 -0.128859639 109.638351440
-0.130473971 0.013562439 0.991359115 76.539108276 -0.000726934 0.999904871 -0.013775025 -5.020272255 -0.991451621 -0.002517933 -0.130451798 109.541564941
-0.132950902 0.012922390 0.991038501 77.333938599 0.000938640 0.999916196 -0.012912230 -5.044282436 -0.991122305 -0.000786464 -0.132951975 109.447601318
-0.134465456 0.013497514 0.990826488 78.135803223 0.001996291 0.999908864 -0.013350323 -5.071266651 -0.990916431 0.000182822 -0.134480119 109.332000732
-0.136788011 0.014850062 0.990489244 78.941558838 0.000897496 0.999889076 -0.014867048 -5.091049671 -0.990600169 -0.001144671 -0.136786222 109.228187561
-0.137796283 0.018243898 0.990292668 79.733291626 0.002645645 0.999833584 -0.018051535 -5.116658211 -0.990457177 0.000132531 -0.137821555 109.108406067
-0.138470650 0.021843251 0.990125656 80.552291870 0.004272567 0.999760628 -0.021458283 -5.148389816 -0.990357339 0.001259035 -0.138530731 108.998771667
-0.139711142 0.026211385 0.989845395 81.374839783 0.005464222 0.999654770 -0.025699897 -5.173223495 -0.990177274 0.001818175 -0.139806032 108.887542725
-0.139238000 0.027089801 0.989888370 82.213943481 0.007817415 0.999624670 -0.026256649 -5.205917358 -0.990228117 0.004082442 -0.139397502 108.768722534
-0.138823628 0.026429867 0.989964366 83.042144775 0.011595252 0.999618649 -0.025061602 -5.239439964 -0.990249217 0.007999745 -0.139077187 108.650207520
-0.138743401 0.024504747 0.990025282 83.883522034 0.012095594 0.999661207 -0.023048162 -5.272383690 -0.990254581 0.008777163 -0.138992786 108.537376404
-0.137695551 0.022743685 0.990213454 84.734222412 0.011496634 0.999705672 -0.021363027 -5.302025795 -0.990407884 0.008442530 -0.137916446 108.420684814
-0.135981679 0.020310191 0.990503132 85.590270996 0.010291710 0.999764860 -0.019087199 -5.332816124 -0.990657866 0.007598462 -0.136158705 108.310905457
-0.134459615 0.016931625 0.990774453 86.438613892 0.010800308 0.999819636 -0.015620475 -5.361241341 -0.990860283 0.008600347 -0.134618282 108.203369141
-0.132772803 0.013681705 0.991052091 87.308815002 0.010706943 0.999866188 -0.012368959 -5.390012264 -0.991088688 0.008968876 -0.132901549 108.087593079
-0.130666733 0.013207777 0.991338432 88.170013428 0.008680287 0.999888182 -0.012177554 -5.419076443 -0.991388440 0.007013901 -0.130766869 107.975730896
-0.129592061 0.017922811 0.991405427 89.029350281 0.010756643 0.999803185 -0.016668569 -5.443776131 -0.991509080 0.008504082 -0.129759312 107.867980957
-0.127767205 0.023769094 0.991519332 89.890060425 0.010668213 0.999687910 -0.022590207 -5.475050449 -0.991746783 0.007691450 -0.127980828 107.764480591
-0.126497746 0.027487937 0.991585970 90.753349304 0.008797663 0.999607742 -0.026587984 -5.502788544 -0.991927862 0.005360320 -0.126689911 107.661506653
-0.124873519 0.024951359 0.991858840 91.612854004 0.007468877 0.999679029 -0.024207765 -5.533822536 -0.992144525 0.004385164 -0.125019789 107.557334900
