1.000000000 0.000000000 0.000000000 0.000000000 0.000000000 1.000000000 0.000000000 0.000000000 0.000000000 0.000000000 1.000000000 0.000000000
0.999997437 -0.001634930 -0.001553045 -0.000142537 0.001633593 0.999998271 -0.000862052 -0.010962969 0.001554452 0.000859512 0.999998450 0.574231565
0.999993145 -0.002380571 -0.002831782 -0.003396349 0.002374068 0.999994516 -0.002297568 -0.021887571 0.002837236 0.002290830 0.999993324 1.143333435
0.999984860 -0.002629854 -0.004835150 -0.006835837 0.002611695 0.999989510 -0.003758236 -0.031212531 0.004844983 0.003745551 0.999981225 1.710327387
0.999966085 -0.004715251 -0.006748035 -0.006126613 0.004677412 0.999973297 -0.005612267 -0.041994661 0.006774318 0.005580514 0.999961495 2.270992994
0.999941409 -0.007067908 -0.008200445 -0.014825319 0.007006212 0.999947131 -0.007527950 -0.052611046 0.008253219 0.007470055 0.999938011 2.846424580
0.999919891 -0.008122167 -0.009707826 -0.017501114 0.008041513 0.999933064 -0.008318476 -0.062550224 0.009774741 0.008239744 0.999918282 3.421670198
0.999903619 -0.008260511 -0.011158507 -0.025916247 0.008177283 0.999938548 -0.007483821 -0.079135440 0.011219642 0.007391854 0.999909759 4.011402130
0.999888003 -0.008656342 -0.012208323 -0.035175029 0.008561909 0.999933183 -0.007766266 -0.092995174 0.012274735 0.007660870 0.999895334 4.604373932
0.999873996 -0.008172565 -0.013610625 -0.045678314 0.008029639 0.999912381 -0.010522850 -0.112878315 0.013695431 0.010412235 0.999852002 5.209683895
0.999867320 -0.006393777 -0.014983764 -0.055068731 0.006180164 0.999879241 -0.014259490 -0.129526556 0.015073126 0.014164995 0.999786079 5.818019867
0.999859631 -0.004961726 -0.016002716 -0.076611273 0.004672368 0.999825835 -0.018068803 -0.143841088 0.016089583 0.017991496 0.999708652 6.430842876
0.999842942 -0.003138959 -0.017441269 -0.088755697 0.002825225 0.999834299 -0.017983656 -0.156439394 0.017494829 0.017931556 0.999686122 7.069207191
0.999827027 -0.000798577 -0.018582486 -0.104747616 0.000590651 0.999937177 -0.011192160 -0.168381825 0.018590257 0.011179248 0.999764681 7.719129086
0.999814868 -0.000229959 -0.019238980 -0.124487117 0.000218489 0.999999821 -0.000598252 -0.182969823 0.019239115 0.000593938 0.999814749 8.389016151
0.999800980 0.000972986 -0.019927232 -0.143025666 -0.000849465 0.999980390 0.006206121 -0.198806211 0.019932879 -0.006187959 0.999782145 9.070051193
0.999774635 0.003302277 -0.020969508 -0.167542189 -0.003192739 0.999981105 0.005255028 -0.213941827 0.020986466 -0.005186894 0.999766290 9.759994507
0.999747872 0.005091273 -0.021869762 -0.187097713 -0.005138998 0.999984562 -0.002126621 -0.218390644 0.021858595 0.002238474 0.999758542 10.459423065
0.999716103 0.004904402 -0.023316069 -0.201091751 -0.005097042 0.999953330 -0.008209855 -0.216773733 0.023274716 0.008326367 0.999694407 11.181440353
0.999707699 0.002714881 -0.024024028 -0.231363073 -0.002873311 0.999974310 -0.006562564 -0.222037956 0.024005596 0.006629674 0.999689817 11.931599617
0.999694884 0.001532681 -0.024653113 -0.245155185 -0.001462877 0.999994874 0.002849203 -0.232808098 0.024657354 -0.002812269 0.999692023 12.702570915
0.999693692 0.001033235 -0.024727773 -0.272510409 -0.000777624 0.999946177 0.010344401 -0.239016771 0.024737131 -0.010322004 0.999640703 13.487084389
0.999673843 0.000198743 -0.025536779 -0.300240874 0.000127873 0.999918222 0.012787751 -0.245633006 0.025537232 -0.012786846 0.999592066 14.298842430
0.999663889 -0.001676438 -0.025871236 -0.317361206 0.001983613 0.999927819 0.011852100 -0.244643062 0.025849499 -0.011899435 0.999595046 15.112308502
0.999679565 -0.001800680 -0.025248917 -0.339726090 0.002033983 0.999955475 0.009217463 -0.243704468 0.025231194 -0.009265865 0.999638677 15.940203667
0.999691367 0.000276422 -0.024840903 -0.363310605 -0.000125627 0.999981582 0.006071770 -0.246482611 0.024842123 -0.006066775 0.999672949 16.788396835
0.999714434 -0.002376182 -0.023777246 -0.387327045 0.002388164 0.999997020 0.000475573 -0.250537872 0.023776045 -0.000532221 0.999717176 17.659587860
0.999714077 -0.005035624 -0.023375401 -0.399375081 0.004898975 0.999970615 -0.005899454 -0.260522187 0.023404421 0.005783251 0.999709368 18.540180206
0.999740839 -0.004513423 -0.022313042 -0.421634167 0.004259752 0.999925911 -0.011403256 -0.269312948 0.022362856 0.011305253 0.999686003 19.440147400
0.999746799 -0.003106099 -0.022286996 -0.446089804 0.002840197 0.999924541 -0.011952601 -0.288327545 0.022322439 0.011886275 0.999680161 20.361146927
0.999743581 -0.002742856 -0.022477414 -0.469057620 0.002477783 0.999927163 -0.011812237 -0.302979469 0.022508176 0.011753514 0.999677539 21.277341843
0.999745488 -0.000920276 -0.022541685 -0.494438499 0.000622533 0.999912500 -0.013211993 -0.322411388 0.022551872 0.013194597 0.999658585 22.220226288
0.999747097 0.001716889 -0.022421921 -0.521890998 -0.002060278 0.999880791 -0.015300776 -0.345412165 0.022392979 0.015343103 0.999631524 23.178928375
0.999738276 0.005413827 -0.022228340 -0.557039082 -0.005769700 0.999855697 -0.015977070 -0.370551258 0.022138635 0.016101139 0.999625266 24.145572662
0.999728262 0.006566937 -0.022367749 -0.581903934 -0.006921399 0.999851108 -0.015806662 -0.393676639 0.022260617 0.015957182 0.999624848 25.117425919
0.999721110 0.007635009 -0.022348100 -0.615892708 -0.007991504 0.999841571 -0.015906338 -0.426321268 0.022223115 0.016080497 0.999623716 26.107826233
0.999710500 0.007712701 -0.022792190 -0.635502517 -0.008074510 0.999842167 -0.015825117 -0.454259813 0.022666538 0.016004572 0.999614954 27.122774124
0.999688029 0.008753334 -0.023393175 -0.660515308 -0.009096291 0.999852121 -0.014594538 -0.483958513 0.023261964 0.014802776 0.999619782 28.130346298
0.999674201 0.009387659 -0.023735574 -0.689618111 -0.009691055 0.999872386 -0.012699783 -0.509273946 0.023613323 0.012925668 0.999637604 29.151103973
0.999661922 0.009917563 -0.024035860 -0.717194736 -0.010200845 0.999879599 -0.011691999 -0.536014378 0.023917010 0.011933232 0.999642730 30.166954041
0.999662161 0.009770404 -0.024085190 -0.749216616 -0.010081120 0.999867082 -0.012813223 -0.561077833 0.023956798 0.013051700 0.999627769 31.207525253
0.999648988 0.010567199 -0.024294998 -0.780805588 -0.010900042 0.999848008 -0.013608701 -0.590781391 0.024147499 0.013868740 0.999612212 32.239395142
0.999648035 0.010898147 -0.024187945 -0.822745323 -0.011206587 0.999857128 -0.012653111 -0.620395839 0.024046592 0.012919722 0.999627352 33.258514404
0.999633133 0.010009436 -0.025168385 -0.846550226 -0.010258730 0.999899387 -0.009795494 -0.648118556 0.025067806 0.010050097 0.999635220 34.307888031
0.999620199 0.010464440 -0.025494069 -0.883560300 -0.010627587 0.999923825 -0.006272340 -0.672287583 0.025426492 0.006540898 0.999655306 35.372623444
0.999614537 0.009822692 -0.025968002 -0.912024558 -0.009918910 0.999944389 -0.003579038 -0.701654196 0.025931403 0.003835233 0.999656379 36.432369232
0.999594033 0.009701570 -0.026788233 -0.940781951 -0.009788549 0.999947250 -0.003117640 -0.719099879 0.026756572 0.003378592 0.999636292 37.505554199
0.999592006 0.009175427 -0.027049417 -0.976591408 -0.009303398 0.999946117 -0.004608966 -0.741553366 0.027005669 0.004858737 0.999623477 38.583427429
0.999571264 0.009775937 -0.027598541 -1.010714173 -0.009917509 0.999938309 -0.004997488 -0.761513889 0.027547985 0.005269054 0.999606609 39.670269012
0.999554396 0.009239404 -0.028384823 -1.046463370 -0.009361200 0.999947548 -0.004161013 -0.776845932 0.028344888 0.004424875 0.999588430 40.752922058
0.999530375 0.009475265 -0.029141977 -1.083942175 -0.009539410 0.999952376 -0.002062926 -0.799515545 0.029121041 0.002339954 0.999573171 41.843029022
0.999512196 0.009239638 -0.029832045 -1.120574832 -0.009226194 0.999957263 0.000588295 -0.823990822 0.029836204 -0.000312772 0.999554753 42.926132202
0.999476373 0.010236733 -0.030695016 -1.153167009 -0.010231550 0.999947608 0.000325903 -0.844237268 0.030696742 -0.000011675 0.999528766 44.019165039
0.999454260 0.011596709 -0.030931283 -1.196420074 -0.011709667 0.999925435 -0.003473247 -0.864610314 0.030888697 0.003833546 0.999515474 45.092033386
0.999449313 0.012643686 -0.030679729 -1.237390518 -0.012877391 0.999889493 -0.007431949 -0.888224483 0.030582370 0.007822931 0.999501646 46.177013397
0.999430001 0.013444911 -0.030965822 -1.269797206 -0.013694965 0.999875188 -0.007877287 -0.908238411 0.030856049 0.008296872 0.999489427 47.268386841
0.999427795 0.014000806 -0.030790383 -1.311752439 -0.014163719 0.999886811 -0.005079319 -0.935142696 0.030715782 0.005512518 0.999512970 48.352386475
0.999446213 0.014411543 -0.029993609 -1.361159444 -0.014506064 0.999890447 -0.002936146 -0.962001085 0.029948009 0.003369609 0.999545753 49.450942993
0.999464571 0.013007078 -0.030022278 -1.395618558 -0.013061161 0.999913394 -0.001606018 -0.983051479 0.029998790 0.001997284 0.999547958 50.541984558
0.999469280 0.012216499 -0.030198114 -1.424259543 -0.012291543 0.999921799 -0.002300674 -1.010204434 0.030167647 0.002670634 0.999541283 51.636322021
0.999493778 0.011339035 -0.029725173 -1.460321903 -0.011462216 0.999926388 -0.003976893 -1.032049417 0.029677892 0.004315597 0.999550223 52.724216461
0.999486446 0.012187389 -0.029636834 -1.497332096 -0.012370713 0.999905407 -0.006010226 -1.064667821 0.029560782 0.006373768 0.999542654 53.821166992
0.999493062 0.011015551 -0.029870428 -1.526815891 -0.011269653 0.999901593 -0.008351836 -1.091478586 0.029775489 0.008684232 0.999518871 54.911144257
0.999510109 0.010153504 -0.029604448 -1.564879179 -0.010505010 0.999875903 -0.011742168 -1.122799277 0.029481549 0.012047411 0.999492705 56.001094818
0.999539077 0.008505273 -0.029143633 -1.600161076 -0.008890469 0.999874473 -0.013113148 -1.156349659 0.029028444 0.013366204 0.999489188 57.092090607
0.999554217 0.006652962 -0.029105814 -1.630053997 -0.006980419 0.999913335 -0.011163455 -1.186124682 0.029029021 0.011361649 0.999513984 58.188980103
0.999576092 0.005154625 -0.028653666 -1.667387366 -0.005308130 0.999971926 -0.005283776 -1.210934043 0.028625626 0.005433634 0.999575436 59.293865204
0.999584258 0.003982743 -0.028555816 -1.697475672 -0.003963199 0.999991894 0.000741011 -1.237569094 0.028558536 -0.000627531 0.999591947 60.385986328
0.999593973 0.001756155 -0.028439743 -1.728340626 -0.001713986 0.999997377 0.001507034 -1.258132577 0.028442316 -0.001457677 0.999594390 61.484897614
0.999605894 -0.001152640 -0.028048122 -1.761450410 0.001110582 0.999998212 -0.001515019 -1.277692795 0.028049819 0.001483273 0.999605417 62.574600220
0.999604464 -0.002359518 -0.028024720 -1.793603778 0.002225708 0.999985993 -0.004804945 -1.296376944 0.028035665 0.004740669 0.999595702 63.673339844
0.999609768 -0.000321100 -0.027932271 -1.834506273 0.000075712 0.999961376 -0.008785709 -1.323264003 0.027934015 0.008780166 0.999571204 64.771392822
0.999609172 -0.000110722 -0.027955258 -1.864742756 -0.000260911 0.999911666 -0.013289841 -1.345395088 0.027954260 0.013291940 0.999520838 65.862373352
0.999621093 0.002623005 -0.027401362 -1.903425932 -0.002999370 0.999901593 -0.013703236 -1.380036712 0.027362721 0.013780231 0.999530554 66.965080261
0.999624431 0.006174473 -0.026700193 -1.936599851 -0.006440983 0.999930203 -0.009907154 -1.408394694 0.026637157 0.010075409 0.999594390 68.075965881
0.999621749 0.008045984 -0.026299104 -1.983181238 -0.008254997 0.999935150 -0.007848658 -1.440696836 0.026234247 0.008062788 0.999623299 69.181571960
0.999617338 0.007421666 -0.026647929 -2.010782003 -0.007611925 0.999946237 -0.007045398 -1.465107322 0.026594207 0.007245544 0.999620080 70.284233093
0.999635100 0.005959312 -0.026347678 -2.044531107 -0.006131548 0.999960303 -0.006461103 -1.489787579 0.026308130 0.006620297 0.999631941 71.387413025
0.999629855 0.004946480 -0.026751665 -2.073091269 -0.005093914 0.999972224 -0.005445882 -1.511106133 0.026723983 0.005580137 0.999627292 72.483947754
0.999622405 0.003297058 -0.027279964 -2.100728989 -0.003382005 0.999989569 -0.003068361 -1.540629148 0.027269563 0.003159464 0.999623120 73.594886780
0.999611318 0.001798672 -0.027820112 -2.133375883 -0.001830071 0.999997735 -0.001103254 -1.566185355 0.027818063 0.001153738 0.999612331 74.692070007
0.999589622 0.001440494 -0.028610528 -2.167659760 -0.001513875 0.999995649 -0.002543359 -1.593118429 0.028606737 0.002585628 0.999587417 75.787666321
0.999580979 0.001500936 -0.028907362 -2.204695702 -0.001682067 0.999979079 -0.006242616 -1.616603851 0.028897390 0.006288624 0.999562621 76.874282837
0.999558032 0.002376548 -0.029632041 -2.245809078 -0.002625595 0.999961555 -0.008368564 -1.642489791 0.029611012 0.008442667 0.999525845 77.966094971
0.999535382 0.004387427 -0.030162988 -2.286072731 -0.004584370 0.999968588 -0.006463225 -1.671754599 0.030133683 0.006598500 0.999524117 79.054893494
0.999498963 0.005124765 -0.031234400 -2.320884228 -0.005201813 0.999983609 -0.002386020 -1.693565726 0.031221662 0.002547300 0.999509215 80.140274048
0.999484718 0.006360790 -0.031461138 -2.362322807 -0.006308829 0.999978542 0.001750587 -1.720603585 0.031471599 -0.001551202 0.999503434 81.234680176
0.999455035 0.007497339 -0.032146856 -2.404418230 -0.007421660 0.999969423 0.002472823 -1.738550782 0.032164410 -0.002232893 0.999480069 82.315742493
0.999440312 0.007115746 -0.032686457 -2.442136288 -0.007094703 0.999974549 0.000759713 -1.765452027 0.032691032 -0.000527387 0.999465346 83.388961792
0.999424219 0.007060959 -0.033186410 -2.479156256 -0.007071849 0.999974966 -0.000210765 -1.783347845 0.033184092 0.000445333 0.999449134 84.459793091
0.999403119 0.007138138 -0.033799823 -2.522679806 -0.007153721 0.999974370 -0.000340129 -1.806065321 0.033796526 0.000581720 0.999428570 85.521011353
0.999386132 0.005810819 -0.034547854 -2.559830189 -0.005823161 0.999983013 -0.000256647 -1.822435975 0.034545776 0.000457668 0.999403000 86.560684204
0.999376297 0.004244476 -0.035056822 -2.598329782 -0.004203375 0.999990404 0.001246033 -1.846924663 0.035061773 -0.001097899 0.999384522 87.599906921
0.999345541 0.004354136 -0.035910681 -2.631680965 -0.004204730 0.999982178 0.004234948 -1.870503783 0.035928484 -0.004081181 0.999346018 88.613128662
0.999319673 0.003253097 -0.036736552 -2.676361799 -0.003081392 0.999984086 0.004729614 -1.886477351 0.036751352 -0.004613197 0.999313772 89.603782654
0.999236524 0.002341133 -0.038998414 -2.710500717 -0.002151481 0.999985635 0.004904320 -1.901929498 0.039009336 -0.004816672 0.999227226 90.579307556
0.999103367 0.002036356 -0.042288102 -2.757284880 -0.001862941 0.999989688 0.004139789 -1.921049476 0.042296097 -0.004057297 0.999096870 91.513854980
0.998946607 0.001866744 -0.045849182 -2.801812172 -0.001719597 0.999993265 0.003248591 -1.938641071 0.045854937 -0.003166327 0.998943090 92.439521790
0.998805404 0.001331879 -0.048846666 -2.853697777 -0.001157640 0.999992847 0.003595167 -1.958051682 0.048851106 -0.003534325 0.998799801 93.333839417
0.998642087 0.002424057 -0.052039336 -2.902332544 -0.002172730 0.999985695 0.004885580 -1.975215435 0.052050434 -0.004765879 0.998633087 94.215492249
0.998500943 0.003393766 -0.054629382 -2.957246304 -0.003070605 0.999977291 0.005998358 -1.994104981 0.054648500 -0.005821621 0.998488665 95.061752319
0.998331308 0.004611238 -0.057561398 -3.009371281 -0.004198025 0.999964535 0.007297510 -2.006401539 0.057593010 -0.007043689 0.998315275 95.881080627
0.998159766 0.005969634 -0.060344577 -3.062116385 -0.005499498 0.999953270 0.007953945 -2.016866922 0.060389239 -0.007607442 0.998145938 96.678100586
0.997981787 0.007802268 -0.063019738 -3.111172676 -0.007275135 0.999936640 0.008589719 -2.030979395 0.063082762 -0.008113906 0.997975290 97.445747375
0.997799993 0.009955494 -0.065544002 -3.171772003 -0.009486492 0.999927163 0.007462876 -2.048831940 0.065613523 -0.006824676 0.997821748 98.186401367
0.997605920 0.011113571 -0.068256006 -3.222386122 -0.010875645 0.999933422 0.003856409 -2.063131809 0.068294317 -0.003104848 0.997660398 98.887901306
0.997378349 0.013708440 -0.071053267 -3.272970200 -0.013722306 0.999905825 0.000292989 -2.079898834 0.071050584 0.000682793 0.997472465 99.567085266
0.997210860 0.015465138 -0.073015854 -3.328716755 -0.015675018 0.999874473 -0.002302244 -2.095800161 0.072971083 0.003440348 0.997328103 100.218002319
0.997131050 0.017614592 -0.073616259 -3.387412786 -0.017925378 0.999832988 -0.003563089 -2.105324507 0.073541202 0.004872466 0.997280300 100.837211609
0.997141361 0.019707253 -0.072943643 -3.433150768 -0.019972803 0.999796271 -0.002912776 -2.124618530 0.072871387 0.004361338 0.997331798 101.427246094
0.997271478 0.024104759 -0.069774941 -3.482438564 -0.024250297 0.999705136 -0.001239396 -2.140922546 0.069724493 0.002928077 0.997561991 101.997245789
0.997577846 0.026262486 -0.064410977 -3.519228935 -0.026303405 0.999653995 0.000212776 -2.154601336 0.064394273 0.001481967 0.997923434 102.556968689
0.998012900 0.027055742 -0.056905821 -3.551367521 -0.026978007 0.999633729 0.002133977 -2.169213057 0.056942716 -0.000594531 0.998377264 103.059349060
0.998517692 0.027019583 -0.047247425 -3.569479942 -0.026836311 0.999629676 0.004509123 -2.179071426 0.047351763 -0.003234492 0.998873055 103.564125061
0.999015629 0.026803659 -0.035345845 -3.582117796 -0.026617287 0.999629259 0.005732952 -2.187268496 0.035486404 -0.004786498 0.999358714 104.046722412
0.999430954 0.025709188 -0.021835409 -3.587423086 -0.025581196 0.999653995 0.006120900 -2.202384949 0.021985218 -0.005558841 0.999742866 104.507621765
0.999645233 0.025692290 -0.007026370 -3.574542999 -0.025657352 0.999658227 0.005018209 -2.210472345 0.007152898 -0.004836150 0.999962747 104.954811096
0.999641061 0.024492180 0.010855568 -3.551218987 -0.024518397 0.999696732 0.002288575 -2.224405527 -0.010796224 -0.002553915 0.999938428 105.381286621
0.999192655 0.023773629 0.032385577 -3.528561592 -0.023703916 0.999715805 -0.002534935 -2.232706785 -0.032436635 0.001765224 0.999472260 105.807174683
0.998189270 0.021418905 0.056208916 -3.480549097 -0.021051021 0.999752998 -0.007128965 -2.248788595 -0.056347728 0.005932801 0.998393595 106.195579529
0.996335387 0.019165235 0.083357953 -3.418654203 -0.018398888 0.999781191 -0.009952009 -2.257147074 -0.083530448 0.008381844 0.996469975 106.601913452
0.993402839 0.016805775 0.113438599 -3.350888968 -0.015642224 0.999815583 -0.011139467 -2.268230677 -0.113604888 0.009291546 0.993482530 106.998115540
0.989214838 0.014671540 0.145735234 -3.262114048 -0.012862316 0.999828160 -0.013349038 -2.276647091 -0.145906046 0.011330574 0.989233553 107.390281677
0.983373106 0.011538383 0.181229547 -3.161540508 -0.009001970 0.999849796 -0.014811900 -2.292584419 -0.181373224 0.012934200 0.983329296 107.768287659
0.975586176 0.008808829 0.219440311 -3.040131092 -0.005725366 0.999875784 -0.014683481 -2.309798717 -0.219542399 0.013068625 0.975515425 108.131843567
0.965496898 0.006709222 0.260328114 -2.942851543 -0.002791842 0.999877274 -0.015414717 -2.327203989 -0.260399580 0.014156067 0.965397179 108.454109192
0.953483880 0.006692867 0.301369786 -2.810131550 -0.001973638 0.999870658 -0.015961021 -2.347105265 -0.301437646 0.014623781 0.953373730 108.772026062
0.938077390 0.009690461 0.346290171 -2.664115429 -0.004317911 0.999858081 -0.016282737 -2.363712549 -0.346398801 0.013779219 0.937986135 109.119117737
0.920332193 0.009368739 0.391025513 -2.503961563 -0.003598576 0.999873579 -0.015486638 -2.371375799 -0.391121179 0.012845716 0.920249581 109.417770386
0.900083721 0.008598669 0.435632169 -2.320517063 -0.002626723 0.999894142 -0.014309064 -2.382383108 -0.435709089 0.011735071 0.900011063 109.728034973
0.876972139 0.007578668 0.480481505 -2.118655205 -0.000255185 0.999882817 -0.015305460 -2.390093327 -0.480541199 0.013299850 0.876871288 110.027107239
0.851825058 0.008031630 0.523764789 -1.903676033 0.001022546 0.999855042 -0.016995218 -2.410554409 -0.523825347 0.015012526 0.851693392 110.313163757
0.824033678 0.010462489 0.566444159 -1.686609268 0.001416495 0.999788284 -0.020527201 -2.422996283 -0.566538990 0.017717471 0.823844433 110.582267761
0.793248355 0.015040234 0.608712494 -1.448258400 -0.000021904 0.999695599 -0.024672208 -2.440142155 -0.608898282 0.019557856 0.793007195 110.849639893
0.759797037 0.021110378 0.649817526 -1.178474426 -0.001940418 0.999541879 -0.030202918 -2.435793400 -0.650157452 0.021687170 0.759489954 111.125549316
0.723214507 0.025509275 0.690152228 -0.899374008 -0.004036338 0.999456644 -0.032712031 -2.446185112 -0.690611720 0.020872129 0.722924531 111.358757019
0.685569644 0.025521724 0.727559566 -0.606899261 -0.001779814 0.999441087 -0.033381838 -2.460852385 -0.728004932 0.021590656 0.685231924 111.537857056
0.643170834 0.023599252 0.765358984 -0.325916290 0.001227517 0.999491930 -0.031850103 -2.478601456 -0.765721738 0.021424547 0.642815053 111.738433838
0.599615991 0.021411311 0.800001442 0.009578705 0.002625423 0.999584019 -0.028720766 -2.492390633 -0.800283611 0.019321775 0.599310338 111.936164856
0.553536832 0.019959994 0.832585514 0.353088379 0.003322711 0.999651849 -0.026174236 -2.504928112 -0.832818091 0.017254846 0.553277850 112.118316650
0.504358888 0.017755929 0.863311589 0.688610077 0.004851346 0.999714494 -0.023395585 -2.512130022 -0.863480508 0.015987994 0.504128695 112.295883179
0.453612626 0.014161458 0.891086459 1.069103241 0.007506317 0.999777555 -0.019709948 -2.524328232 -0.891167402 0.015629459 0.453405440 112.450576782
0.401893377 0.014399729 0.915573359 1.450126648 0.004892410 0.999828279 -0.017872391 -2.538282871 -0.915673494 0.011662155 0.401753902 112.582702637
0.350740135 0.019369708 0.936272562 1.849884033 0.000446784 0.999782503 -0.020850981 -2.555982590 -0.936472774 0.007731588 0.350655198 112.703796387
0.299884319 0.024654046 0.953657031 2.232772827 0.000151293 0.999664783 -0.025891023 -2.563910007 -0.953975618 0.007908595 0.299780071 112.804969788
0.253522873 0.026868917 0.966956258 2.645301819 0.002099716 0.999596536 -0.028326416 -2.574063301 -0.967327237 0.009211730 0.253364146 112.874465942
0.212316930 0.026529834 0.976840854 3.053634644 0.009668863 0.999525428 -0.029247463 -2.586429596 -0.977153182 0.015654676 0.211959660 112.926856995
0.177338064 0.026170125 0.983802140 3.491477966 0.017264111 0.999409854 -0.029697306 -2.602976084 -0.983998716 0.022250935 0.176781595 112.962417603
0.147210419 0.027379531 0.988726258 3.947982788 0.022193715 0.999273717 -0.030976012 -2.617941856 -0.988856256 0.026503500 0.146495819 112.999656677
0.118920863 0.026144123 0.992559493 4.421295166 0.019586576 0.999396980 -0.028670937 -2.632021904 -0.992710531 0.022850415 0.118337035 113.053451538
0.093516529 0.022667021 0.995359719 4.916099548 0.013572305 0.999618888 -0.024039168 -2.645101309 -0.995525241 0.015757386 0.093173206 113.091773987
0.069458842 0.018221283 0.997418523 5.426002502 0.008674106 0.999784350 -0.018868560 -2.665634632 -0.997547269 0.009962304 0.069285810 113.122589111
0.046925962 0.015632093 0.998776078 5.945472717 0.013021774 0.999782979 -0.016259661 -2.685189247 -0.998813510 0.013768837 0.046712220 113.133377075
0.027138591 0.016744306 0.999491453 6.509613037 0.020202542 0.999646306 -0.017295448 -2.704621553 -0.999427557 0.020661641 0.026790738 113.125381470
0.009729624 0.019012839 0.999772072 7.069290161 0.025467746 0.999490201 -0.019255333 -2.719860554 -0.999628425 0.025649287 0.009240448 113.109268188
-0.004830480 0.024777006 0.999681354 7.659759521 0.025811620 0.999363005 -0.024644393 -2.729054928 -0.999655128 0.025684349 -0.005466938 113.110237122
-0.015667439 0.029180722 0.999451458 8.257713318 0.023389252 0.999311209 -0.028809985 -2.742667198 -0.999603808 0.022925045 -0.016339064 113.101745605
-0.022130728 0.029109109 0.999331236 8.891036987 0.025042370 0.999278545 -0.028552996 -2.761979103 -0.999441445 0.024393722 -0.022843838 113.082801819
-0.024523735 0.026010286 0.999360979 9.536300659 0.031092741 0.999197721 -0.025243051 -2.779782772 -0.999215782 0.030453820 -0.025312781 113.053421021
-0.024097562 0.024202546 0.999416649 10.199386597 0.032507289 0.999197245 -0.023413431 -2.808773041 -0.999181032 0.031924121 -0.024865031 113.034957886
-0.022176862 0.023807257 0.999470651 10.879287720 0.030951295 0.999253571 -0.023115326 -2.832111597 -0.999274909 0.030422287 -0.022897124 113.024597168
-0.020723581 0.023934377 0.999498725 11.578826904 0.027936107 0.999336898 -0.023351274 -2.858619928 -0.999394894 0.027438181 -0.021378517 113.021118164
-0.019365788 0.025164912 0.999495864 12.288612366 0.026827903 0.999336302 -0.024641098 -2.877803087 -0.999452651 0.026337186 -0.020027995 113.008964539
-0.018319011 0.026112482 0.999491096 13.021469116 0.026617661 0.999317348 -0.025620084 -2.903764963 -0.999477804 0.026134782 -0.019001484 112.996284485
-0.017684937 0.025596028 0.999516070 13.780097961 0.025996486 0.999346077 -0.025131712 -2.925329685 -0.999505699 0.025539452 -0.018338799 112.992797852
-0.016986847 0.024219032 0.999562502 14.553489685 0.024835784 0.999408364 -0.023793239 -2.953738689 -0.999547362 0.024420746 -0.017578244 112.981369019
-0.016553044 0.023186622 0.999594092 15.334960938 0.025387736 0.999418497 -0.022762133 -2.977903843 -0.999540627 0.025000647 -0.017132163 112.968154907
-0.017057419 0.020913845 0.999635816 16.122535706 0.026115788 0.999449432 -0.020464318 -3.003700018 -0.999513388 0.025757208 -0.017594218 112.955055237
-0.018179059 0.019170761 0.999651074 16.913063049 0.023606170 0.999545693 -0.018739456 -3.031702042 -0.999556124 0.023257265 -0.018623352 112.945549011
-0.019077420 0.018005153 0.999656022 17.706192017 0.022803010 0.999585569 -0.017568715 -3.058223009 -0.999558091 0.022459999 -0.019480109 112.929229736
-0.020565033 0.015564007 0.999667466 18.518013000 0.025217954 0.999568760 -0.015043693 -3.078396320 -0.999470532 0.024900192 -0.020948648 112.915145874
-0.021845698 0.014061165 0.999662459 19.344215393 0.026686151 0.999553025 -0.013476451 -3.103781700 -0.999405146 0.026382741 -0.022211194 112.901023865
-0.023356318 0.013346627 0.999638140 20.175628662 0.024038941 0.999629259 -0.012784846 -3.125587463 -0.999438167 0.023731634 -0.023668408 112.882125854
-0.024207354 0.017902253 0.999546826 20.997627258 0.021017576 0.999627769 -0.017394699 -3.149018526 -0.999486148 0.020586971 -0.024574637 112.868011475
-0.024984360 0.022319069 0.999438703 21.836128235 0.022320351 0.999513984 -0.021762779 -3.176747084 -0.999438643 0.021764094 -0.025470376 112.848487854
-0.026178360 0.023875415 0.999372184 22.678031921 0.022447668 0.999476731 -0.023289900 -3.205738068 -0.999405265 0.021823883 -0.026700616 112.831886292
-0.027588964 0.022097047 0.999375105 23.546524048 0.019263458 0.999581754 -0.021569824 -3.233054876 -0.999433756 0.018656330 -0.028003097 112.818374634
-0.028891206 0.017639659 0.999426961 24.394935608 0.016188961 0.999721408 -0.017176872 -3.264747620 -0.999451518 0.015683424 -0.029168725 112.802116394
-0.029302835 0.012519077 0.999492347 25.248565674 0.014505998 0.999821603 -0.012097923 -3.289731503 -0.999465466 0.014144130 -0.029479146 112.786041260
-0.029636741 0.006624870 0.999538779 26.094192505 0.011014536 0.999919474 -0.006300809 -3.316384077 -0.999500096 0.010822720 -0.029707313 112.768989563
-0.028962731 0.005081322 0.999567747 26.960884094 0.008262797 0.999954104 -0.004843872 -3.346310616 -0.999546468 0.008118934 -0.029003382 112.744468689
-0.028421760 0.012144116 0.999522328 27.795524597 0.011254529 0.999866724 -0.011828276 -3.369419813 -0.999532759 0.010912974 -0.028554559 112.726501465
-0.026807785 0.022986310 0.999376297 28.627967834 0.013447600 0.999653399 -0.022631956 -3.398473263 -0.999550164 0.012832499 -0.027107596 112.697326660
-0.026167274 0.028562725 0.999249518 29.479927063 0.015552980 0.999482393 -0.028162099 -3.422123909 -0.999536633 0.014804385 -0.026597977 112.674140930
-0.024677157 0.023018491 0.999430478 30.321983337 0.017624520 0.999589503 -0.022586986 -3.454782248 -0.999540150 0.017057100 -0.025072694 112.651931763
-0.023812294 0.014906002 0.999605417 31.157562256 0.020189280 0.999692082 -0.014426356 -3.489678621 -0.999512672 0.019837789 -0.024105906 112.632179260
-0.023845315 0.012165155 0.999641597 32.000617981 0.020868182 0.999714136 -0.011668250 -3.515621185 -0.999497831 0.020582469 -0.024092317 112.622756958
-0.023829460 0.012791835 0.999634266 32.831642151 0.019487869 0.999734104 -0.012328558 -3.541901588 -0.999526143 0.019186959 -0.024072409 112.605911255
-0.025416374 0.013728291 0.999582708 33.652336121 0.016189054 0.999780238 -0.013319366 -3.567847252 -0.999545872 0.015843768 -0.025633097 112.603836060
-0.027170420 0.013711093 0.999536753 34.472869873 0.014159111 0.999810874 -0.013329966 -3.593889713 -0.999530494 0.013790372 -0.027359486 112.587402344
-0.029724360 0.013790711 0.999463022 35.299896240 0.013071067 0.999824703 -0.013406964 -3.620328426 -0.999472678 0.012665533 -0.029899478 112.575012207
-0.032037497 0.014157481 0.999386549 36.114974976 0.011437155 0.999839425 -0.013797257 -3.646638632 -0.999421358 0.010988110 -0.032194257 112.557571411
-0.033951163 0.014602853 0.999316931 36.934112549 0.010365816 0.999844611 -0.014258394 -3.669818163 -0.999369860 0.009874647 -0.034097314 112.532554626
-0.035963535 0.013825110 0.999257505 37.737236023 0.008762079 0.999870241 -0.013518239 -3.693803549 -0.999314725 0.008269412 -0.036080003 112.512046814
-0.038186908 0.012709463 0.999189794 38.541709900 0.009492781 0.999878585 -0.012355432 -3.721822262 -0.999225557 0.009013276 -0.038302898 112.484695435
-0.040359259 0.012650139 0.999105215 39.336425781 0.008949132 0.999884307 -0.012298501 -3.748471975 -0.999145210 0.008444766 -0.040467739 112.460479736
-0.041930556 0.013823262 0.999024928 40.127685547 0.008950484 0.999869347 -0.013459282 -3.770247936 -0.999080420 0.008377401 -0.042048812 112.429153442
-0.043140888 0.013704362 0.998975039 40.906143188 0.009357692 0.999867618 -0.013312494 -3.797148228 -0.999025166 0.008773788 -0.043263435 112.402053833
-0.044463515 0.012537992 0.998932362 41.685653687 0.010747824 0.999869347 -0.012071355 -3.827563286 -0.998953223 0.010199613 -0.044592500 112.366165161
-0.045614958 0.011696639 0.998890638 42.468147278 0.010667826 0.999880135 -0.011221074 -3.852665663 -0.998902142 0.010144143 -0.045734286 112.329444885
-0.046890974 0.011408023 0.998834908 43.243568420 0.009494745 0.999894679 -0.010974390 -3.873919964 -0.998854935 0.008969082 -0.046994328 112.299682617
-0.048208475 0.010424848 0.998783052 43.997039795 0.007466518 0.999921381 -0.010076343 -3.899088383 -0.998809516 0.006971666 -0.048282504 112.271728516
-0.049038887 0.009221959 0.998754263 44.745155334 0.006420224 0.999939620 -0.008917670 -3.919271946 -0.998776197 0.005974914 -0.049095154 112.240913391
-0.049719453 0.009139119 0.998721480 45.468147278 0.006758161 0.999938309 -0.008813813 -3.940016747 -0.998740435 0.006311303 -0.049778104 112.211624146
-0.050062060 0.011633853 0.998678327 46.180786133 0.007142675 0.999910772 -0.011290161 -3.964266300 -0.998720586 0.006568027 -0.050140619 112.179977417
-0.050244927 0.014348910 0.998633981 46.885955811 0.007232760 0.999875784 -0.014002850 -3.987710476 -0.998710930 0.006519311 -0.050342441 112.150581360
-0.050120711 0.016060632 0.998614013 47.600669861 0.005424812 0.999860346 -0.015808403 -4.011011600 -0.998728454 0.004624966 -0.050200820 112.115005493
-0.049901485 0.017207852 0.998606026 48.299690247 0.006097128 0.999838173 -0.016924407 -4.032810211 -0.998735666 0.005244080 -0.049998283 112.082962036
-0.050404191 0.016743790 0.998588562 49.001358032 0.007151345 0.999839902 -0.016403805 -4.057489395 -0.998703301 0.006314431 -0.050515890 112.052932739
-0.050377727 0.016451029 0.998594761 49.691436768 0.007725582 0.999840856 -0.016081812 -4.079571724 -0.998700380 0.006904562 -0.050496817 112.014083862
-0.050686240 0.016609835 0.998576462 50.372940063 0.003803199 0.999857664 -0.016438100 -4.102021694 -0.998707354 0.002964599 -0.050742269 111.985786438
-0.050912380 0.016214881 0.998571634 51.070075989 0.001035032 0.999868512 -0.016183170 -4.134183884 -0.998702765 0.000209632 -0.050922513 111.967163086
-0.050862908 0.015566413 0.998584330 51.758850098 0.003551356 0.999875009 -0.015405645 -4.148460865 -0.998699307 0.002762752 -0.050911784 111.933532715
-0.051546097 0.014858615 0.998560190 52.437026978 0.003775837 0.999885082 -0.014683420 -4.170494080 -0.998663604 0.003013529 -0.051596284 111.897972107
-0.055339575 0.013862807 0.998371303 53.115097046 -0.000027644 0.999903619 -0.013885615 -4.199545383 -0.998467565 -0.000796024 -0.055333853 111.872451782
-0.060887933 0.013377722 0.998055041 53.788650513 -0.003548631 0.999900937 -0.013618955 -4.221934319 -0.998138428 -0.004370958 -0.060834408 111.844604492
-0.066589832 0.017445736 0.997627914 54.463691711 -0.000011067 0.999847114 -0.017485281 -4.242298126 -0.997780442 -0.001175383 -0.066579461 111.794822693
-0.073028445 0.020233821 0.997124612 55.133705139 0.002239603 0.999794960 -0.020123985 -4.263729095 -0.997327387 0.000763542 -0.073058724 111.736053467
-0.079756141 0.021726355 0.996577799 55.804496765 0.001390910 0.999763906 -0.021684505 -4.286828041 -0.996813655 -0.000343318 -0.079767466 111.678848267
-0.086561203 0.021280514 0.996019244 56.494293213 -0.002209778 0.999765277 -0.021552596 -4.305047989 -0.996244073 -0.004066600 -0.086493850 111.630386353
-0.091765642 0.020126307 0.995577216 57.172004700 -0.002799777 0.999786556 -0.020469466 -4.329753399 -0.995776713 -0.004665788 -0.091689706 111.566680908
-0.096432328 0.020932416 0.995119512 57.869827271 -0.005081657 0.999755442 -0.021522373 -4.349526882 -0.995326698 -0.007132306 -0.096302390 111.506408691
-0.100581646 0.019633364 0.994735181 58.570884705 -0.007633801 0.999760628 -0.020504437 -4.380369663 -0.994899631 -0.009655978 -0.100407600 111.444351196
-0.102834702 0.016462479 0.994562209 59.273071289 -0.006692311 0.999828935 -0.017241621 -4.404889107 -0.994675934 -0.008428956 -0.102707028 111.365890503
-0.104205728 0.013304028 0.994466841 59.986923218 -0.004804079 0.999892116 -0.013880005 -4.426259041 -0.994544268 -0.006223872 -0.104130507 111.288299561
-0.105457306 0.010201890 0.994371593 60.708000183 -0.005257417 0.999927700 -0.010816465 -4.454454422 -0.994410038 -0.006368500 -0.105396032 111.212005615
-0.106923938 0.010162516 0.994215369 61.437377930 -0.005508150 0.999926388 -0.010813272 -4.470433235 -0.994252026 -0.006632483 -0.106860042 111.146949768
-0.108043075 0.013743754 0.994051218 62.176254272 -0.004642157 0.999886572 -0.014328988 -4.489539623 -0.994135380 -0.006162690 -0.107967019 111.074188232
-0.108375072 0.017675512 0.993952930 62.914794922 0.000904296 0.999843240 -0.017681660 -4.514010906 -0.994109631 -0.001017423 -0.108374000 110.991088867
-0.108645797 0.021777278 0.993842006 63.656639099 0.007884841 0.999747455 -0.021044716 -4.544138908 -0.994049311 0.005549867 -0.108790040 110.900856018
-0.109285235 0.024033988 0.993719816 64.403366089 0.008901300 0.999691248 -0.023199482 -4.561904430 -0.993970573 0.006310035 -0.109465480 110.818420410
-0.109626532 0.021693900 0.993736088 65.161148071 0.007623156 0.999750733 -0.020984234 -4.588449955 -0.993943632 0.005274974 -0.109764576 110.736915588
-0.108925343 0.016467273 0.993913531 65.912879944 0.007535052 0.999847710 -0.015739808 -4.616820812 -0.994021356 0.005774728 -0.109032869 110.656219482
-0.110001087 0.014555227 0.993824899 66.686294556 0.009367876 0.999863565 -0.013606788 -4.639027596 -0.993887365 0.007813267 -0.110122442 110.576690674
-0.110563755 0.014027045 0.993770123 67.430770874 0.009244136 0.999871671 -0.013084695 -4.665215492 -0.993826151 0.007739853 -0.110679269 110.495986938
-0.112922788 0.015172746 0.993488073 68.190551758 0.007911844 0.999865413 -0.014370863 -4.687144756 -0.993572414 0.006237527 -0.113027573 110.424514771
-0.115168095 0.015899321 0.993218780 68.933273315 0.007237018 0.999858797 -0.015166451 -4.710533619 -0.993319690 0.005441253 -0.115266919 110.343879700
-0.117360234 0.015913824 0.992961943 69.673492432 0.008210313 0.999852955 -0.015053871 -4.735783100 -0.993055522 0.006385804 -0.117473602 110.258392334
-0.119140029 0.016091498 0.992747068 70.416862488 0.008360593 0.999849498 -0.015203262 -4.759411812 -0.992842257 0.006488636 -0.119256616 110.168830872
-0.121185660 0.015513715 0.992508650 71.165786743 0.007856569 0.999861538 -0.014669358 -4.784892082 -0.992598772 0.006019997 -0.121290803 110.081382751
-0.122867942 0.015828963 0.992296815 71.917388916 0.005754239 0.999867320 -0.015237229 -4.807144165 -0.992406368 0.003837746 -0.122942686 109.995025635
-0.123765349 0.017626241 0.992154956 72.674011230 0.005947171 0.999837458 -0.017020851 -4.824155807 -0.992293715 0.003793926 -0.123849988 109.902603149
-0.124769211 0.017801955 0.992026091 73.439880371 0.003937069 0.999840021 -0.017447004 -4.848428726 -0.992178023 0.001728827 -0.124819279 109.813415527
-0.126271129 0.018272743 0.991827428 74.217163086 0.003788704 0.999831915 -0.017937865 -4.866786480 -0.991988480 0.001492706 -0.126319051 109.722610474
-0.127587795 0.016494690 0.991690099 75.003631592 0.004091735 0.999861956 -0.016104182 -4.889695168 -0.991818845 0.002003038 -0.127637625 109.633621216
-0.128582120 0.014112269 0.991598427 75.775932312 0.001328486 0.999900281 -0.014058153 -4.914834499 -0.991697907 -0.000490304 -0.128588080 109.536239624
-0.130342841 0.012151034 0.991394639 76.569267273 -0.001788905 0.999920368 -0.012490725 -4.933629513 -0.991467476 -0.003401585 -0.130310655 109.441879272
-0.132654071 0.011488304 0.991095901 77.359573364 -0.000035756 0.999932766 -0.011595523 -4.956829071 -0.991162479 -0.001573630 -0.132644773 109.345504761
-0.134204984 0.012038305 0.990880489 78.160705566 0.000887756 0.999927282 -0.012027978 -4.983302593 -0.990953207 -0.000734555 -0.134205937 109.229713440
-0.136495709 0.013492362 0.990548730 78.966445923 -0.000140883 0.999906957 -0.013639244 -5.001226902 -0.990640640 -0.002001251 -0.136481166 109.125892639
-0.137649298 0.016758222 0.990339398 79.758636475 0.001597236 0.999859333 -0.016697314 -5.027777672 -0.990479887 -0.000716566 -0.137656689 109.011077881
-0.138274312 0.020358440 0.990184724 80.571792603 0.003361973 0.999792576 -0.020086497 -5.058513641 -0.990388274 0.000551527 -0.138314128 108.898574829
-0.139493108 0.024834303 0.989911795 81.393959045 0.004563885 0.999690950 -0.024436524 -5.080952168 -0.990212739 0.001109123 -0.139563322 108.787445068
-0.139073730 0.025658706 0.989949644 82.231758118 0.006811765 0.999665380 -0.024953578 -5.112920761 -0.990258694 0.003272919 -0.139201999 108.669464111
-0.138777733 0.024983330 0.990008354 83.066520691 0.010434703 0.999663115 -0.023764253 -5.143946648 -0.990268528 0.007032496 -0.138991594 108.551879883
-0.138670087 0.023012206 0.990071237 83.907630920 0.010969900 0.999704361 -0.021699658 -5.176304817 -0.990277886 0.007851888 -0.138881564 108.438957214
-0.137510300 0.021332707 0.990270674 84.757865906 0.010388191 0.999744117 -0.020094272 -5.203736782 -0.990445971 0.007523953 -0.137696743 108.321022034
-0.135873914 0.019004030 0.990544021 85.614990234 0.009306565 0.999796391 -0.017904954 -5.232435226 -0.990682602 0.006785747 -0.136023164 108.212097168
-0.134422421 0.015743323 0.990799069 86.462814331 0.009685461 0.999846876 -0.014573054 -5.258924484 -0.990876794 0.007637401 -0.134554267 108.105651855
-0.132420421 0.012408338 0.991115987 87.328964233 0.009661601 0.999890268 -0.011227327 -5.286268234 -0.991146564 0.008089039 -0.132525802 107.985336304
-0.130650282 0.011917309 0.991356909 88.190734863 0.007582271 0.999910533 -0.011020872 -5.314330578 -0.991399527 0.006076857 -0.130728960 107.877288818
-0.129333615 0.016655259 0.991461277 89.049285889 0.009612448 0.999832988 -0.015541975 -5.337911129 -0.991554618 0.007520269 -0.129472136 107.767173767
-0.127488136 0.022555819 0.991583645 89.910491943 0.009576849 0.999722779 -0.021509664 -5.368073940 -0.991793871 0.006754020 -0.127668858 107.663955688
-0.126286149 0.026313599 0.991644919 90.773529053 0.007675596 0.999644101 -0.025548374 -5.394258499 -0.991964281 0.004385060 -0.126443148 107.561805725
-0.124705672 0.023730552 0.991910040 91.641036987 0.006386977 0.999712408 -0.023114230 -5.425097466 -0.992173314 0.003452834 -0.124821305 107.457588196
