1.000000000 0.000000000 0.000000000 0.000000000 0.000000000 1.000000000 0.000000000 0.000000000 0.000000000 0.000000000 1.000000000 0.000000000
0.999933302 -0.002814348 0.011199121 0.019790359 0.002800741 0.999995291 0.001230519 -0.006446959 -0.011202532 -0.001199071 0.999936521 0.301361531
0.999837697 -0.004667948 0.017400634 0.036700796 0.004644853 0.999988258 0.001367425 -0.011598025 -0.017406814 -0.001286380 0.999847651 0.598937690
0.999789894 -0.007497219 0.019077765 0.042104643 0.007501680 0.999971867 -0.000162277 -0.009597925 -0.019076010 0.000305358 0.999817967 0.901759803
0.999826908 -0.009097579 0.016228992 0.061812736 0.009126238 0.999956906 -0.001692676 -0.015847154 -0.016212896 0.001840492 0.999866843 1.217057467
0.999890685 -0.011698760 0.009044262 0.070111394 0.011727951 0.999926150 -0.003181333 -0.017685432 -0.009006376 0.003287056 0.999954045 1.539080858
0.999911606 -0.012889291 -0.003269089 0.065584220 0.012873285 0.999905288 -0.004870870 -0.022783386 0.003331562 0.004828356 0.999982774 1.870417118
0.999748945 -0.012604414 -0.018524939 0.028665042 0.012507486 0.999907553 -0.005338910 -0.026665641 0.018590519 0.005105868 0.999814153 2.234848022
0.999243259 -0.008054081 -0.038052980 -0.004622532 0.007853135 0.999954462 -0.005427204 -0.028072357 0.038094956 0.005124262 0.999260962 2.584135771
0.998288751 -0.004427052 -0.058308922 -0.038368627 0.004025072 0.999967337 -0.007009606 -0.029952010 0.058338050 0.006762913 0.998273969 2.940684557
0.996937215 -0.004574724 -0.078072093 -0.088622957 0.004001142 0.999963880 -0.007501674 -0.032179460 0.078103594 0.007166320 0.996919513 3.319797277
0.995111525 -0.005971086 -0.098576888 -0.150110573 0.005287726 0.999960184 -0.007192056 -0.034189694 0.098615907 0.006635650 0.995103419 3.695196390
0.992906392 -0.007376289 -0.118669681 -0.200794891 0.006692815 0.999958634 -0.006156963 -0.043618333 0.118710190 0.005319054 0.992914677 4.083936214
0.990592360 -0.006410394 -0.136695683 -0.272789448 0.005696843 0.999968052 -0.005610568 -0.048929375 0.136727288 0.004779052 0.990597188 4.486451149
0.988267422 -0.005340016 -0.152640268 -0.347066402 0.004641563 0.999977052 -0.004931778 -0.055193242 0.152663097 0.004165426 0.988269508 4.902174950
0.986086726 -0.004997497 -0.166156560 -0.422971725 0.004242799 0.999979019 -0.004896734 -0.066518508 0.166177541 0.004123636 0.986087203 5.333450794
0.983870625 -0.006499177 -0.178763315 -0.505567372 0.005551245 0.999967754 -0.005802425 -0.072418310 0.178795263 0.004716476 0.983874977 5.773467064
0.981963456 -0.009858202 -0.188813731 -0.591421664 0.008487258 0.999931455 -0.008067998 -0.080047220 0.188880309 0.006319968 0.981979787 6.219220638
0.980571449 -0.009233422 -0.195944831 -0.696327209 0.007464379 0.999924481 -0.009764827 -0.088969216 0.196020186 0.008112503 0.980566323 6.682209492
0.978980064 -0.008959988 -0.203759119 -0.799514472 0.006738905 0.999910116 -0.011591770 -0.095265403 0.203844666 0.009974998 0.978952408 7.161923885
0.977245569 -0.009548652 -0.211896002 -0.908083260 0.006675808 0.999875903 -0.014269090 -0.104875013 0.212005958 0.012529828 0.977188051 7.650632381
0.975550354 -0.013319144 -0.219371974 -1.027456045 0.010116697 0.999825299 -0.015715182 -0.118600398 0.219542965 0.013111632 0.975514710 8.148148537
0.973607957 -0.020313652 -0.227321178 -1.137546897 0.016882308 0.999712467 -0.017029045 -0.132223696 0.227601737 0.012741907 0.973670959 8.671158791
0.971415341 -0.020964785 -0.236458778 -1.262897015 0.016784132 0.999665439 -0.019679578 -0.144073054 0.236792251 0.015148289 0.971442223 9.197086334
0.969502389 -0.016630152 -0.244516909 -1.423391342 0.011084545 0.999649584 -0.024038546 -0.157202825 0.244830996 0.020595070 0.969347000 9.730748177
0.967186093 -0.013704748 -0.253699094 -1.575767636 0.007074384 0.999609649 -0.027028682 -0.175156206 0.253970474 0.024347000 0.966905475 10.283867836
0.964914858 -0.016518667 -0.262042940 -1.732124329 0.009340754 0.999546885 -0.028614208 -0.196141079 0.262396872 0.025162596 0.964631915 10.848181725
0.962567866 -0.019609025 -0.270330489 -1.894625187 0.011620083 0.999448061 -0.031121477 -0.213784307 0.270791531 0.026815271 0.962264478 11.425291061
0.960281909 -0.018902253 -0.278390735 -2.072932720 0.010020133 0.999395370 -0.033293754 -0.242048278 0.278851718 0.029181877 0.959890723 12.007523537
0.957934320 -0.017799251 -0.286435068 -2.258177996 0.007468086 0.999282897 -0.037120286 -0.263462812 0.286890358 0.033419676 0.957380295 12.599344254
0.955633640 -0.018749574 -0.293960661 -2.451325417 0.006738840 0.999102533 -0.041818131 -0.296205252 0.294480890 0.037981857 0.954902291 13.199327469
0.953720987 -0.020379843 -0.300001681 -2.643200636 0.005735319 0.998751938 -0.049614780 -0.326952219 0.300638407 0.045598052 0.952647567 13.820470810
0.952529550 -0.021145875 -0.303710788 -2.859625101 0.003824707 0.998337388 -0.057513826 -0.367953211 0.304422021 0.053622015 0.951026738 14.442404747
0.951287270 -0.021257503 -0.307572156 -3.072621346 0.000874883 0.997802258 -0.066256061 -0.407693982 0.308304638 0.062759459 0.949215174 15.070836067
0.949993074 -0.020441229 -0.311601162 -3.297460079 -0.003174103 0.997171521 -0.075092107 -0.457056195 0.312254786 0.072326034 0.947241187 15.713129044
0.948658645 -0.019774752 -0.315683037 -3.524882555 -0.006543673 0.996603191 -0.082092769 -0.510369778 0.316234082 0.079943739 0.945306838 16.372108459
0.947073817 -0.017488012 -0.320539147 -3.765903473 -0.011597774 0.995999157 -0.088606939 -0.573321700 0.320806265 0.087634854 0.943081915 17.040636063
0.945593894 -0.016151212 -0.324948251 -4.010519505 -0.015400858 0.995425403 -0.094292812 -0.640552163 0.324984670 0.094167188 0.941019416 17.702430725
0.943784714 -0.014896569 -0.330224901 -4.265567303 -0.019204983 0.994825661 -0.099764913 -0.710983396 0.330002367 0.100498565 0.938615203 18.414285660
0.942020357 -0.012703867 -0.335315198 -4.528944492 -0.023217617 0.994420528 -0.102901556 -0.785554647 0.334751576 0.104720578 0.936469436 19.116418839
0.940250099 -0.011341795 -0.340295643 -4.796207905 -0.025752194 0.994213402 -0.104290694 -0.864296973 0.339509338 0.106822692 0.934517145 19.825094223
0.937970459 -0.010924489 -0.346543014 -5.065954685 -0.026516890 0.994315743 -0.103116944 -0.950556338 0.345699668 0.105909891 0.932349086 20.542266846
0.935735881 -0.010360518 -0.352549344 -5.347889900 -0.027316751 0.994437158 -0.101728030 -1.032946229 0.351642132 0.104821071 0.930247486 21.262847900
0.933069646 -0.010657040 -0.359537810 -5.636078358 -0.027175890 0.994615436 -0.100008011 -1.114818811 0.358667642 0.103085205 0.927755892 22.001327515
0.930013537 -0.009735403 -0.367396265 -5.944868088 -0.027860777 0.994905174 -0.096889131 -1.197405100 0.366467685 0.100344144 0.925004065 22.741962433
0.926696956 -0.007993681 -0.375724494 -6.253304958 -0.028436376 0.995416045 -0.091314100 -1.273570895 0.374732137 0.095304735 0.922221661 23.483699799
0.923146486 -0.004049797 -0.384427011 -6.576212883 -0.031393144 0.995811045 -0.085876659 -1.357030034 0.383164465 0.091345109 0.919152379 24.235370636
0.919648051 -0.000256485 -0.392743468 -6.915553093 -0.034843218 0.996003330 -0.082239330 -1.428595543 0.391194910 0.089315683 0.915963590 24.978713989
0.915719748 0.000331249 -0.401817501 -7.254300117 -0.035696927 0.996112764 -0.080530152 -1.499968171 0.400228858 0.088086694 0.912171900 25.732227325
0.911738873 -0.000511164 -0.410769999 -7.608237267 -0.035316054 0.996198952 -0.079626665 -1.578934789 0.409249336 0.087105505 0.908255279 26.493593216
0.907791495 -0.000398382 -0.419421643 -7.972175121 -0.035765976 0.996283531 -0.078357786 -1.650353789 0.417894095 0.086133555 0.904403448 27.268390656
0.904029608 0.001180247 -0.427468270 -8.354428291 -0.037626613 0.996334493 -0.076823600 -1.720795989 0.425810724 0.085534990 0.900760233 28.042924881
0.900150001 0.000490442 -0.435579807 -8.743790627 -0.036439944 0.996578634 -0.074183092 -1.795632005 0.434053153 0.082648411 0.897088170 28.832490921
0.896279156 0.000299698 -0.443490177 -9.145519257 -0.035207078 0.996891797 -0.070478670 -1.861131310 0.442090601 0.078782558 0.893503904 29.638565063
0.892384410 0.002219937 -0.451270640 -9.558897972 -0.035199434 0.997283697 -0.064700693 -1.927901864 0.449901223 0.073622353 0.890038550 30.454483032
0.888377547 0.002003359 -0.459109336 -9.984575272 -0.033583969 0.997595072 -0.060631972 -1.992728472 0.457883745 0.069282793 0.886308312 31.274511337
0.884669006 0.001214584 -0.466218024 -10.412989616 -0.032451570 0.997731626 -0.058978993 -2.056671381 0.465088844 0.067306392 0.882701635 32.087779999
0.881421387 0.000187930 -0.472330719 -10.862374306 -0.031215439 0.997836888 -0.057854444 -2.115566254 0.471298158 0.065738156 0.879520655 32.913516998
0.878315091 0.001156278 -0.478080839 -11.326314926 -0.031613592 0.997948825 -0.055665884 -2.181285143 0.477035850 0.064006038 0.876550078 33.747547150
0.875276029 -0.000341888 -0.483623594 -11.794915199 -0.029693095 0.998075187 -0.054444999 -2.240607977 0.482711315 0.062014684 0.873581111 34.592994690
0.872393012 -0.001265389 -0.488803446 -12.269276619 -0.029101167 0.998088419 -0.054522175 -2.300053120 0.487938046 0.061789516 0.870688558 35.444622040
0.870650411 -0.002331140 -0.491896778 -12.775098801 -0.028225310 0.998104453 -0.054688502 -2.364979029 0.491091847 0.061498504 0.868934274 36.303112030
0.869230747 -0.002143175 -0.494402021 -13.281279564 -0.029054262 0.998040974 -0.055408008 -2.421373844 0.493552238 0.062526830 0.867465615 37.176574707
0.868708730 -0.001876850 -0.495319784 -13.788868904 -0.028818861 0.998107314 -0.054325506 -2.483249187 0.494484246 0.061467588 0.867010415 38.055362701
0.868668020 -0.001613476 -0.495392084 -14.308536530 -0.028105818 0.998223484 -0.052534621 -2.546920300 0.494596779 0.059558544 0.867079496 38.939170837
0.868367553 -0.002655570 -0.495914042 -14.830231667 -0.026658952 0.998289824 -0.052026756 -2.609803677 0.495204091 0.058398895 0.866811693 39.843486786
0.867758870 -0.004635504 -0.496963859 -15.360369682 -0.024992259 0.998284280 -0.052951142 -2.670328617 0.496356696 0.058369070 0.866154194 40.757553101
0.866499066 -0.006960638 -0.499130189 -15.893248558 -0.022542864 0.998336971 -0.053057168 -2.735084534 0.498669446 0.057225812 0.864901185 41.680549622
0.864928007 -0.007527955 -0.501839459 -16.433277130 -0.021249300 0.998441696 -0.051600844 -2.793034077 0.501445889 0.055294752 0.863420248 42.598114014
0.862951696 -0.006527109 -0.505244195 -16.996158600 -0.020292290 0.998662233 -0.047560453 -2.858339787 0.504878759 0.051294938 0.861664832 43.534809113
0.860047758 -0.006340732 -0.510174155 -17.543363571 -0.018452918 0.998881996 -0.043522462 -2.921255589 0.509879768 0.046845600 0.858969271 44.456424713
0.855897009 -0.006798698 -0.517101645 -18.090995789 -0.017267661 0.998980284 -0.041715413 -2.981225491 0.516857922 0.044633232 0.854906857 45.372852325
0.850628376 -0.009909010 -0.525674045 -18.657218933 -0.015388006 0.998924851 -0.043730199 -3.045446634 0.525542200 0.045287222 0.849561334 46.282032013
0.844485879 -0.013876342 -0.535398066 -19.233524323 -0.013429589 0.998801351 -0.047069296 -3.105030060 0.535409451 0.046939529 0.843287230 47.191413879
0.838569701 -0.013886319 -0.544617295 -19.831922531 -0.013823026 0.998810947 -0.046750952 -3.158216953 0.544618905 0.046732191 0.837380648 48.088623047
0.832602739 -0.010883532 -0.553763688 -20.431186676 -0.014438482 0.999040663 -0.041343652 -3.218855143 0.553682387 0.042418342 0.831646860 48.985427856
0.827716529 -0.006253989 -0.561111629 -21.049160004 -0.017681140 0.999150753 -0.037218351 -3.274721622 0.560867846 0.040727336 0.826902986 49.874500275
0.823413968 -0.006822544 -0.567400157 -21.663108826 -0.018265614 0.999090850 -0.038520444 -3.329237700 0.567147076 0.042082183 0.822540760 50.762138367
0.820224702 -0.008344331 -0.571980655 -22.279926300 -0.019560052 0.998899817 -0.042621706 -3.389897585 0.571707010 0.046147346 0.819159031 51.621902466
0.817326128 -0.010141449 -0.576086044 -22.904161453 -0.022498174 0.998520851 -0.049497455 -3.450241089 0.575735867 0.053416450 0.815889001 52.490112305
0.813986778 -0.011503431 -0.580769479 -23.532615662 -0.022305619 0.998447537 -0.051039279 -3.510433197 0.580455005 0.054499723 0.812466502 53.359729767
0.810546994 -0.009611155 -0.585594714 -24.171768188 -0.022100680 0.998651266 -0.046981007 -3.573066235 0.585256457 0.051022358 0.809241354 54.236259460
0.807346821 -0.007382269 -0.590031028 -24.822526932 -0.021598112 0.998881996 -0.042050641 -3.632033348 0.589681804 0.046693005 0.806284785 55.116416931
0.804523110 -0.005504484 -0.593895912 -25.477592468 -0.022374399 0.998966336 -0.039568409 -3.680048466 0.593499780 0.045121759 0.803568304 55.984355927
0.801275134 -0.004961309 -0.598275483 -26.137605667 -0.023655679 0.998920977 -0.039965980 -3.736227512 0.597828209 0.046176359 0.800293207 56.864036560
0.797857165 -0.005907238 -0.602817595 -26.800483704 -0.024215454 0.998830914 -0.041838203 -3.786880970 0.602360010 0.047978412 0.796781361 57.725063324
0.793869197 -0.008496162 -0.608029187 -27.467443466 -0.023512656 0.998725772 -0.044654619 -3.841292381 0.607633829 0.049746308 0.792657852 58.594779968
0.789506316 -0.009824405 -0.613663852 -28.147962570 -0.022303594 0.998752177 -0.044684034 -3.903626442 0.613337100 0.048965234 0.788302004 59.468269348
0.785062015 -0.010228740 -0.619332671 -28.835124969 -0.021527892 0.998809040 -0.043784689 -3.965965509 0.619042933 0.047706623 0.783906817 60.326744080
0.779946923 -0.009662253 -0.625771046 -29.533248901 -0.022151943 0.998828053 -0.043032140 -4.027957439 0.625453472 0.047424827 0.778818846 61.188415527
0.774562597 -0.010623094 -0.632408082 -30.225801468 -0.022580821 0.998757124 -0.044433579 -4.082231045 0.632094085 0.048696883 0.773360014 62.032085419
0.769218087 -0.012667627 -0.638860762 -30.950548172 -0.020864919 0.998772383 -0.044926461 -4.151459694 0.638645589 0.047888026 0.768009484 62.899581909
0.763414145 -0.014343345 -0.645750105 -31.668031693 -0.020180400 0.998735666 -0.046041366 -4.209216118 0.645594060 0.048180126 0.762159467 63.748237610
0.758038223 -0.014985713 -0.652037919 -32.397357941 -0.020623172 0.998685360 -0.046928506 -4.275452614 0.651883960 0.049020693 0.756732643 64.580520630
0.751728535 -0.017431756 -0.659242272 -33.122863770 -0.018689347 0.998685956 -0.047718670 -4.338799000 0.659207821 0.048192292 0.750414908 65.419212341
0.745477676 -0.018695261 -0.666268349 -33.879806519 -0.017951570 0.998680770 -0.048108388 -4.399496555 0.666288793 0.047824293 0.744158626 66.259048462
0.738669634 -0.018990157 -0.673800111 -34.630355835 -0.016482307 0.998795331 -0.046218839 -4.468856335 0.673866153 0.045246232 0.737466753 67.099365234
0.732821822 -0.018345449 -0.680173218 -35.408477783 -0.017171886 0.998819411 -0.045440961 -4.530850410 0.680203855 0.044979986 0.731641650 67.894851685
0.726210237 -0.020611975 -0.687163651 -36.181964874 -0.015191308 0.998825252 -0.046015017 -4.596534252 0.687304854 0.043855488 0.725043952 68.713775635
0.719650745 -0.022318278 -0.693977475 -36.977539062 -0.015128554 0.998741984 -0.047807708 -4.661541462 0.694171429 0.044903725 0.718407750 69.537055969
0.713581443 -0.021530172 -0.700241387 -37.777000427 -0.016724965 0.998719215 -0.047750998 -4.724746227 0.700372577 0.045785740 0.712307453 70.345413208
0.708118200 -0.020981042 -0.705782235 -38.590034485 -0.017035754 0.998759806 -0.046782635 -4.791070938 0.705888450 0.045151167 0.706882536 71.150695801
0.703233600 -0.020745315 -0.710656106 -39.410655975 -0.017722934 0.998752058 -0.046693172 -4.857131481 0.710737944 0.045431118 0.701988339 71.952728271
0.698339343 -0.021612173 -0.715440512 -40.246021271 -0.017939849 0.998701572 -0.047680020 -4.920925617 0.715541959 0.046131730 0.697044909 72.761810303
0.692938328 -0.023442572 -0.720615685 -41.084632874 -0.018308407 0.998576880 -0.050090238 -4.988372803 0.720764399 0.047902774 0.691522956 73.562652588
0.687849522 -0.026551371 -0.725367486 -41.917018890 -0.017246610 0.998450756 -0.052901886 -5.057889938 0.725648344 0.048898671 0.686326027 74.352119446
0.682680130 -0.027187601 -0.730211377 -42.774322510 -0.017490268 0.998413324 -0.053525217 -5.129243374 0.730507970 0.049312197 0.681121469 75.144500732
0.678212166 -0.026478829 -0.734389007 -43.626121521 -0.017335447 0.998496056 -0.052010745 -5.201080322 0.734661698 0.048005279 0.676733136 75.920028687
0.673049092 -0.026627837 -0.739118338 -44.496459961 -0.016554574 0.998558939 -0.051049348 -5.274190426 0.739412546 0.046594504 0.671638370 76.706939697
0.667978704 -0.027483566 -0.743672788 -45.374809265 -0.016170202 0.998545825 -0.051427133 -5.345442295 0.744004726 0.046377569 0.666562915 77.487762451
0.663002491 -0.029012920 -0.748054802 -46.264827728 -0.014659056 0.998553991 -0.051720753 -5.414411545 0.748473704 0.045256764 0.661618471 78.271438599
0.658639073 -0.029513368 -0.751880050 -47.150032043 -0.014139838 0.998568594 -0.051582929 -5.488914490 0.752326190 0.044605993 0.657279015 79.043991089
0.654827118 -0.030495990 -0.755163133 -48.057308197 -0.012986169 0.998584092 -0.051586874 -5.560480595 0.755667090 0.043587159 0.653503895 79.819755554
0.650793493 -0.033148557 -0.758530855 -48.970016479 -0.010371776 0.998565137 -0.052536931 -5.635905266 0.759184003 0.042058006 0.649515867 80.601783752
0.646660626 -0.038062073 -0.761827648 -49.889308929 -0.006722190 0.998431087 -0.055589132 -5.713159084 0.762748241 0.041068457 0.645390213 81.378242493
0.641573906 -0.042398788 -0.765888512 -50.821319580 -0.002860377 0.998332024 -0.057662718 -5.781250000 0.767055869 0.039185625 0.640382528 82.170288086
0.634759426 -0.045908902 -0.771344841 -51.753860474 0.002044826 0.998329818 -0.057735857 -5.862573147 0.772707105 0.035071116 0.633793116 82.946609497
0.626150727 -0.049538836 -0.778126836 -52.690246582 0.006771250 0.998287439 -0.058106441 -5.947703838 0.779672742 0.031114502 0.625413775 83.709106445
0.617545247 -0.050678875 -0.784900963 -53.657367706 0.009346391 0.998324394 -0.057105470 -6.023532867 0.786479831 0.027929217 0.616984129 84.458808899
0.608626008 -0.049349602 -0.791921139 -54.641407013 0.009917695 0.998459160 -0.054598115 -6.101817608 0.793395281 0.025375804 0.608177662 85.207847595
0.599855542 -0.048843019 -0.798616111 -55.629631042 0.009115400 0.998487413 -0.054220315 -6.185497284 0.800056398 0.025244651 0.599393368 85.931945801
0.590429723 -0.050246600 -0.805523455 -56.627754211 0.008332158 0.998386443 -0.056169651 -6.262900829 0.807046056 0.026452484 0.589895725 86.660453796
0.580603600 -0.052179299 -0.812512636 -57.637027740 0.008476082 0.998277545 -0.058052242 -6.345689774 0.814142287 0.026818417 0.580045819 87.369949341
0.570729852 -0.054174904 -0.819348872 -58.662513733 0.009188111 0.998180091 -0.059599016 -6.425253868 0.821086526 0.026486672 0.570188999 88.079757690
0.560045004 -0.055001844 -0.826634467 -59.700881958 0.011970114 0.998226821 -0.058309354 -6.509028435 0.828375757 0.022760959 0.559710324 88.795547485
0.550818861 -0.054522302 -0.832842112 -60.749946594 0.013239662 0.998309255 -0.056598321 -6.603605747 0.834519863 0.020148879 0.550609410 89.458740234
0.540430427 -0.055490151 -0.839556932 -61.805644989 0.013476029 0.998265743 -0.057305302 -6.683214188 0.841280818 0.019655632 0.540240884 90.132705688
0.530005813 -0.056393798 -0.846116781 -62.869411469 0.013028861 0.998210013 -0.058369584 -6.772536278 0.847893894 0.019912280 0.529791832 90.803543091
0.520122468 -0.056832284 -0.852198839 -63.952362061 0.011481781 0.998158753 -0.059558541 -6.853366852 0.854014575 0.021192979 0.519817352 91.454887390
0.510222912 -0.057636224 -0.858108759 -65.042327881 0.010094570 0.998084545 -0.061035790 -6.947043419 0.859982967 0.022479625 0.509827435 92.094284058
0.500586629 -0.057281513 -0.863789320 -66.140708923 0.009215395 0.998104513 -0.060847986 -7.036678791 0.865637481 0.022499533 0.500165701 92.725311279
0.491867661 -0.054809377 -0.868943155 -67.266265869 0.008108965 0.998261750 -0.058376163 -7.133064747 0.870632231 0.021667119 0.491457105 93.355926514
0.483755529 -0.053221796 -0.873583436 -68.392089844 0.008581813 0.998389781 -0.056073174 -7.220705986 0.875161111 0.019628780 0.483433366 93.973175049
0.475835025 -0.053461600 -0.877908289 -69.510406494 0.008873113 0.998391926 -0.055989329 -7.312536240 0.879489839 0.018851904 0.475544214 94.579704285
0.468321383 -0.056593187 -0.881743968 -70.649314880 0.010669089 0.998236060 -0.058403350 -7.396249771 0.883493841 0.017944135 0.468099058 95.177108765
0.461579740 -0.059774276 -0.885082662 -71.761054993 0.013416865 0.998083532 -0.060408793 -7.492814541 0.886997342 0.016008446 0.461497128 95.754608154
0.455146134 -0.062638931 -0.888210833 -72.901580811 0.013929570 0.997901320 -0.063236661 -7.578458309 0.890307844 0.016409528 0.455063462 96.346282959
0.449214220 -0.066345349 -0.890957355 -74.044105530 0.016316764 0.997681856 -0.066065826 -7.674919128 0.893275142 0.015140173 0.449255466 96.934860229
0.444490910 -0.067315541 -0.893250525 -75.193367004 0.019166579 0.997658849 -0.065646283 -7.777800560 0.895578325 0.012058626 0.444740534 97.507270813
0.440039992 -0.064741582 -0.895641387 -76.344734192 0.021261748 0.997869194 -0.061684974 -7.877738476 0.897726476 0.008100958 0.440478861 98.082855225
0.436299443 -0.062825263 -0.897605538 -77.493202209 0.023726463 0.998015940 -0.058320459 -7.972446442 0.899488628 0.004148178 0.436924398 98.648162842
0.433124840 -0.062503576 -0.899164081 -78.640350342 0.025169224 0.998042405 -0.057252955 -8.060031891 0.900982380 0.002166414 0.433850110 99.198585510
0.429918766 -0.062071677 -0.900731385 -79.772293091 0.027479298 0.998071373 -0.055663764 -8.157125473 0.902449310 -0.000820570 0.430795252 99.749748230
0.427599430 -0.061608672 -0.901866496 -80.908134460 0.029136635 0.998095810 -0.054367859 -8.237424850 0.903498709 -0.003029682 0.428580284 100.286407471
0.425145566 -0.060530361 -0.903098822 -82.068435669 0.030880829 0.998150527 -0.052363668 -8.325340271 0.904598117 -0.005626254 0.426228464 100.828056335
0.422929406 -0.061707471 -0.904059231 -83.200065613 0.032837212 0.998067081 -0.052762445 -8.406903267 0.905567586 -0.007371984 0.424138188 101.358764648
0.420290053 -0.062470183 -0.905236840 -84.333061218 0.035950217 0.997990429 -0.052179847 -8.488868713 0.906677365 -0.010612789 0.421691239 101.889228821
0.417621911 -0.061498322 -0.906537294 -85.440841675 0.039189212 0.997997582 -0.049649253 -8.571853638 0.907775342 -0.014791867 0.419195771 102.411323547
0.415869594 -0.060801920 -0.907389462 -86.544830322 0.040934838 0.998002768 -0.048112672 -8.649396896 0.908502579 -0.017135244 0.417527914 102.915412903
0.414473116 -0.062079713 -0.907941699 -87.660247803 0.043161459 0.997888923 -0.048526678 -8.728027344 0.909037471 -0.019075086 0.416277587 103.411766052
0.413096547 -0.062872551 -0.908514321 -88.746734619 0.043958381 0.997827768 -0.049065728 -8.808488846 0.909625649 -0.019667935 0.414963007 103.910743713
0.412623584 -0.063953981 -0.908653796 -89.822242737 0.043801628 0.997771382 -0.050335858 -8.890788078 0.909847975 -0.019030752 0.414505303 104.396408081
0.412557542 -0.065264672 -0.908590674 -90.890380859 0.043761995 0.997698426 -0.051794641 -8.967248917 0.909879863 -0.018393464 0.414464116 104.887207031
0.415391445 -0.064798489 -0.907331884 -91.947738647 0.041714735 0.997767150 -0.052159376 -9.050354004 0.908685803 -0.016182551 0.417167008 105.353637695
0.419467986 -0.065113813 -0.905431807 -92.986000061 0.039547328 0.997787952 -0.053434107 -9.127540588 0.906908274 -0.013393510 0.421115220 105.833740234
0.424977839 -0.065963335 -0.902797222 -94.030792236 0.038682189 0.997753680 -0.054692339 -9.204679489 0.904376924 -0.011679132 0.426574826 106.309707642
0.430370271 -0.065797575 -0.900251269 -95.031326294 0.038324635 0.997772336 -0.054603890 -9.285652161 0.901838601 -0.011001898 0.431933224 106.791885376
0.437324584 -0.065166719 -0.896939576 -96.048080444 0.037684724 0.997822940 -0.054122254 -9.358116150 0.898513913 -0.010131923 0.438828290 107.279701233
0.445167780 -0.063484915 -0.893193960 -97.057617188 0.036120780 0.997944891 -0.052927628 -9.438125610 0.894718409 -0.008701186 0.446546018 107.777412415
0.455207109 -0.062915742 -0.888159990 -98.051635742 0.034766804 0.997995615 -0.052877340 -9.509087563 0.889706552 -0.006808342 0.456482053 108.258049011
0.464931071 -0.062578164 -0.883132577 -99.041091919 0.034416813 0.998022377 -0.052600220 -9.585615158 0.884677708 -0.005939129 0.466165364 108.766983032
0.474798799 -0.063194200 -0.877822638 -100.027122498 0.033155043 0.997995079 -0.053912405 -9.659674644 0.879469633 -0.003506706 0.475942075 109.288009644
0.484862983 -0.065257974 -0.872152090 -100.979553223 0.032191101 0.997868299 -0.056768291 -9.734591484 0.873997509 -0.000550695 0.485930145 109.820014954
0.496613383 -0.066001631 -0.865458786 -101.937484741 0.030813718 0.997816741 -0.058414135 -9.811467171 0.867424726 0.002341242 0.497562945 110.357948303
0.508699179 -0.064548612 -0.858521163 -102.884956360 0.028810598 0.997903287 -0.057957035 -9.891199112 0.860462129 0.004748189 0.509492278 110.915542603
0.521811843 -0.062115029 -0.850796163 -103.828544617 0.027019758 0.998048544 -0.056293841 -9.963779449 0.852632582 0.006386491 0.522471905 111.479187012
0.533925653 -0.060206745 -0.843385220 -104.742416382 0.026866348 0.998166025 -0.054247689 -10.037590981 0.845104516 0.006305552 0.534563959 112.052917480
0.545295238 -0.059459742 -0.836132526 -105.649887085 0.026991364 0.998209298 -0.053382687 -10.114134789 0.837809384 0.006540963 0.545923650 112.649459839
0.556912243 -0.059568018 -0.828432500 -106.549240112 0.026700614 0.998193324 -0.053825140 -10.188077927 0.830142021 0.007856225 0.557496607 113.251091003
0.567706227 -0.060742974 -0.820987165 -107.430839539 0.026963156 0.998111010 -0.055203155 -10.259537697 0.822789550 0.009202765 0.568271637 113.863494873
0.578211665 -0.062958941 -0.813454092 -108.293151855 0.029535009 0.997979939 -0.056246914 -10.331593513 0.815352142 0.008497256 0.578903139 114.484527588
0.589914560 -0.061403245 -0.805127621 -109.148857117 0.029042058 0.998072743 -0.054839224 -10.420602798 0.806943238 0.008967896 0.590560913 115.095626831
0.600707471 -0.059237383 -0.797271311 -109.991836548 0.027978325 0.998197913 -0.053085875 -10.488248825 0.798979223 0.009582768 0.601282358 115.720703125
0.610713601 -0.055917341 -0.789874792 -110.799407959 0.027775889 0.998402476 -0.049203876 -10.558063507 0.791364253 0.008110004 0.611291170 116.340400696
0.620825112 -0.053581841 -0.782115817 -111.599784851 0.025805313 0.998517632 -0.047923625 -10.626252174 0.783524275 0.009569446 0.621287465 116.973846436
0.630756021 -0.053074513 -0.774164021 -112.387405396 0.024050150 0.998516023 -0.048860412 -10.695661545 0.775608420 0.012200245 0.631096482 117.613548279
0.640627384 -0.052724730 -0.766039550 -113.174057007 0.022155674 0.998493612 -0.050195545 -10.762128830 0.767532170 0.015184520 0.640830517 118.253265381
0.649929047 -0.051786728 -0.758228421 -113.941505432 0.021876264 0.998537064 -0.049448092 -10.830289841 0.759679973 0.015550545 0.650111198 118.899162292
0.659106255 -0.049596567 -0.750412703 -114.683990479 0.021317925 0.998654187 -0.047279377 -10.894877434 0.751747727 0.015164895 0.659276485 119.548385620
0.667857647 -0.047895852 -0.742746413 -115.416114807 0.021777794 0.998757541 -0.044822674 -10.958886147 0.743970394 0.013759789 0.668070912 120.199111938
0.675924718 -0.046966575 -0.735472620 -116.137573242 0.022048101 0.998809218 -0.043520037 -11.023940086 0.736640871 0.013200495 0.676155329 120.863578796
0.683612049 -0.047141865 -0.728321552 -116.837661743 0.021824954 0.998785913 -0.044162955 -11.078131676 0.729519248 0.014294747 0.683810949 121.516021729
0.691320300 -0.046306089 -0.721063077 -117.530685425 0.021120507 0.998812914 -0.043893643 -11.130118370 0.722239673 0.015115352 0.691477656 122.171859741
0.698414266 -0.043250713 -0.714385748 -118.218070984 0.020043684 0.998962820 -0.040884160 -11.186286926 0.715413034 0.014235161 0.698556781 122.840164185
0.705742598 -0.040599264 -0.707304180 -118.887374878 0.019277105 0.999087453 -0.038113087 -11.239885330 0.708206117 0.013263256 0.705881238 123.506950378
0.713104486 -0.038915586 -0.699976802 -119.540229797 0.018139889 0.999148071 -0.037068080 -11.293318748 0.700823009 0.013735916 0.713202953 124.164299011
0.720605612 -0.038059231 -0.692299902 -120.171905518 0.017649211 0.999175608 -0.036558919 -11.342140198 0.693120599 0.014126016 0.720683277 124.825973511
0.728744507 -0.035572290 -0.683861136 -120.806785583 0.015359949 0.999247730 -0.035609648 -11.390462875 0.684613407 0.015446264 0.728742719 125.478805542
0.737710476 -0.032894392 -0.674315393 -121.413406372 0.014664041 0.999357402 -0.032707896 -11.434569359 0.674957991 0.014240772 0.737718821 126.141098022
0.747118711 -0.028948812 -0.664059937 -122.002563477 0.012691889 0.999490321 -0.029292099 -11.476198196 0.664569438 0.013456500 0.747105300 126.799331665
0.757333577 -0.026650518 -0.652484238 -122.576225281 0.010752004 0.999540329 -0.028346151 -11.518198967 0.652939737 0.014451981 0.757272005 127.456420898
0.767217815 -0.025858451 -0.640865207 -123.128440857 0.009281537 0.999529958 -0.029218839 -11.557557106 0.641319513 0.016469000 0.767097175 128.116455078
0.777058303 -0.026784845 -0.628858507 -123.666671753 0.009345037 0.999475002 -0.031023106 -11.596862793 0.629359305 0.018230056 0.776900649 128.782241821
0.787048876 -0.025976839 -0.616343498 -124.195182800 0.008976493 0.999489486 -0.030662511 -11.633484840 0.616825402 0.018600293 0.786880255 129.453384399
0.797195673 -0.024223538 -0.603234768 -124.712059021 0.008514580 0.999546468 -0.028885545 -11.677425385 0.603660882 0.017891141 0.797040403 130.135162354
0.807401538 -0.021746533 -0.589601398 -125.222328186 0.008079411 0.999634326 -0.025805997 -11.715559959 0.589946985 0.016072171 0.807281971 130.824935913
0.817128360 -0.020568155 -0.576088727 -125.719711304 0.008631951 0.999687791 -0.023448333 -11.748501778 0.576391160 0.014187529 0.817050755 131.528259277
0.826203287 -0.018837623 -0.563057065 -126.200706482 0.008822126 0.999750853 -0.020502469 -11.780515671 0.563302994 0.011971846 0.826163650 132.232467651
0.834368348 -0.018266842 -0.550904512 -126.677017212 0.009633257 0.999781311 -0.018560678 -11.806912422 0.551123083 0.010179437 0.834361851 132.950180054
0.841658354 -0.018410489 -0.539696515 -127.133163452 0.011046785 0.999796510 -0.016878236 -11.841031075 0.539897442 0.008243797 0.841690481 133.660079956
0.848244488 -0.018479217 -0.529282331 -127.587371826 0.011417613 0.999796867 -0.016608408 -11.864622116 0.529481769 0.008044849 0.848283172 134.389587402
0.854976296 -0.017391857 -0.518375456 -128.032745361 0.010217736 0.999808490 -0.016691772 -11.888525009 0.518566489 0.008974448 0.854990244 135.121063232
0.861699581 -0.015383129 -0.507185578 -128.475463867 0.008609247 0.999839723 -0.015698550 -11.916502953 0.507345796 0.009160948 0.861693859 135.865310669
0.867979467 -0.014362838 -0.496392339 -128.905334473 0.007884024 0.999854207 -0.015144420 -11.943169594 0.496537507 0.009231477 0.867966175 136.612762451
0.873707414 -0.014956235 -0.486221820 -129.321441650 0.008653098 0.999846935 -0.015206373 -11.967804909 0.486374825 0.009078597 0.873703122 137.377838135
0.878810406 -0.016415104 -0.476888657 -129.740447998 0.009891605 0.999820054 -0.016186807 -11.992777824 0.477068573 0.009507941 0.878814638 138.139251709
0.883251309 -0.016889906 -0.468595654 -130.150344849 0.010307401 0.999808967 -0.016608464 -12.017685890 0.468786657 0.009839443 0.883256614 138.906753540
0.886753798 -0.016049692 -0.461963385 -130.563171387 0.009830880 0.999825776 -0.015865603 -12.038536072 0.462137550 0.009527378 0.886757076 139.691131592
0.889899790 -0.014202856 -0.455934912 -130.976608276 0.009519991 0.999875724 -0.012565947 -12.062285423 0.456056714 0.006841938 0.889924407 140.496383667
0.893033981 -0.010384449 -0.449869365 -131.387832642 0.007440643 0.999937773 -0.008311424 -12.079616547 0.449927688 0.004075067 0.893055677 141.309570312
0.896375656 -0.007631884 -0.443229526 -131.799530029 0.005756626 0.999967873 -0.005576207 -12.097675323 0.443257868 0.002446870 0.896390796 142.129150391
0.899606347 -0.004799384 -0.436675429 -132.205551147 0.003744199 0.999987602 -0.003277078 -12.112077713 0.436685771 0.001313080 0.899613142 142.961486816
0.902971566 -0.003189564 -0.429688513 -132.621200562 0.002978596 0.999994874 -0.001163541 -12.121108055 0.429690003 -0.000229224 0.902976453 143.816696167
0.906229794 -0.001775440 -0.422781765 -133.024765015 0.002648379 0.999995410 0.001477376 -12.126528740 0.422777206 -0.002458529 0.906230330 144.680267334
0.909561813 -0.001858384 -0.415564477 -133.425064087 0.003675195 0.999986887 0.003572148 -12.135538101 0.415552378 -0.004776370 0.909556687 145.567260742
0.913030922 -0.002139829 -0.407884717 -133.822280884 0.004456614 0.999978900 0.004729871 -12.142265320 0.407866001 -0.006136303 0.913021207 146.463073730
0.916811645 -0.002390376 -0.399312824 -134.226242065 0.004605785 0.999978840 0.004588663 -12.149354935 0.399293423 -0.006046088 0.916803241 147.372665405
0.920557499 -0.005016489 -0.390574843 -134.611480713 0.007253056 0.999964654 0.004251538 -12.156105042 0.390539736 -0.006746646 0.920561373 148.299377441
0.924478233 -0.006738327 -0.381175250 -134.975296021 0.008452679 0.999960303 0.002823527 -12.161660194 0.381141067 -0.005832241 0.924498498 149.210891724
0.928979754 -0.007882542 -0.370046616 -135.356689453 0.008724429 0.999961734 0.000601483 -12.163864136 0.370027721 -0.003787211 0.929013014 150.169082642
0.934164524 -0.005420623 -0.356801420 -135.733169556 0.005899765 0.999982536 0.000254545 -12.183403969 0.356793821 -0.002342831 0.934180200 151.132324219
0.940248787 -0.001818741 -0.340483278 -136.097335815 0.002434197 0.999996066 0.001380440 -12.190707207 0.340479434 -0.002126760 0.940249562 152.117034912
0.946740627 0.001453771 -0.321993858 -136.443222046 -0.000092533 0.999991000 0.004242792 -12.197174072 0.321997136 -0.003987029 0.946732283 153.123718262
0.953436255 0.004704569 -0.301558018 -136.794464111 -0.003070888 0.999977946 0.005891304 -12.201233864 0.301579058 -0.004690932 0.953429639 154.164901733
0.959882796 0.006852660 -0.280317724 -137.109848022 -0.005123601 0.999963045 0.006900562 -12.206923485 0.280354649 -0.005187495 0.959882498 155.208862305
0.965804815 0.008212358 -0.259140164 -137.398956299 -0.006273365 0.999945819 0.008308500 -12.207981110 0.259194344 -0.006398709 0.965803981 156.268310547
0.971337795 0.009108267 -0.237528682 -137.662765503 -0.006642804 0.999915481 0.011177976 -12.211956024 0.237610415 -0.009279734 0.971316218 157.342636108
0.976541638 0.011365759 -0.215028584 -137.932312012 -0.008471121 0.999860764 0.014378432 -12.201327324 0.215162054 -0.012219605 0.976501882 158.462280273
0.981152713 0.013565001 -0.192757338 -138.154220581 -0.010134113 0.999772370 0.018773871 -12.199784279 0.192968130 -0.016466610 0.981066823 159.564559937
0.985332668 0.015652549 -0.169925153 -138.364807129 -0.012070767 0.999683082 0.022091299 -12.194607735 0.170217082 -0.019716153 0.985209346 160.703308105
0.988901734 0.017317126 -0.147558287 -138.549362183 -0.014218056 0.999656200 0.022031378 -12.183147430 0.147889078 -0.019688876 0.988807976 161.848388672
0.991929650 0.017017666 -0.125642464 -138.703308105 -0.014628766 0.999694705 0.019911777 -12.168801308 0.125942960 -0.017913088 0.991875768 163.012084961
0.994370878 0.016985573 -0.104584984 -138.836822510 -0.015091287 0.999707937 0.018877240 -12.153783798 0.104875073 -0.017192656 0.994336784 164.190017700
0.996311128 0.015773639 -0.084352411 -138.941284180 -0.014098008 0.999692023 0.020423586 -12.140353203 0.084648587 -0.019159043 0.996226668 165.383453369
0.997817636 0.016402328 -0.063960724 -139.031402588 -0.015006440 0.999639928 0.022243870 -12.128386497 0.064302549 -0.021235503 0.997704506 166.589523315
0.998900414 0.016925359 -0.043720618 -139.090988159 -0.015910771 0.999598384 0.023450894 -12.117996216 0.044099975 -0.022729479 0.998768508 167.812957764
0.999559820 0.018323302 -0.023332499 -139.135589600 -0.017768444 0.999559522 0.023769772 -12.097405434 0.023757763 -0.023344727 0.999445140 169.056625366
0.999821424 0.018660299 -0.002979703 -139.144363403 -0.018582169 0.999529779 0.024389850 -12.083135605 0.003433424 -0.024330126 0.999698102 170.309829712
0.999620676 0.021116978 0.017678510 -139.133285522 -0.021531787 0.999489307 0.023612129 -12.062547684 -0.017170865 -0.023983821 0.999564886 171.564758301
0.999039590 0.021949833 0.037922733 -139.099884033 -0.022810837 0.999488294 0.022422649 -12.047707558 -0.037411153 -0.023266163 0.999029100 172.834320068
0.998082459 0.022445066 0.057685960 -139.042434692 -0.023626672 0.999523103 0.019883588 -12.032052040 -0.057212159 -0.021208387 0.998136759 174.116485596
0.996766210 0.024391524 0.076564468 -138.957763672 -0.025815424 0.999510646 0.017662941 -12.022394180 -0.076096177 -0.019582367 0.996908188 175.418334961
0.995089650 0.024784727 0.095824525 -138.848297119 -0.026388340 0.999531507 0.015503835 -12.013210297 -0.095395379 -0.017956356 0.995277524 176.711349487
0.993047476 0.025026476 0.115023598 -138.712402344 -0.026628815 0.999568284 0.012414890 -12.009115219 -0.114663236 -0.015391517 0.993285179 178.021209717
0.990710139 0.026155381 0.133451641 -138.546981812 -0.027361114 0.999599636 0.007208785 -12.011061668 -0.133209661 -0.010793202 0.991029084 179.337203979
0.988086760 0.028191002 0.151293680 -138.360641479 -0.028644422 0.999589324 0.000817941 -12.025458336 -0.151208490 -0.005141917 0.988488495 180.661087036
0.985223114 0.030027958 0.168623134 -138.144943237 -0.029725930 0.999548793 -0.004315752 -12.034807205 -0.168676645 -0.000760501 0.985671163 181.997528076
0.981973052 0.032546163 0.186197802 -137.909851074 -0.031497411 0.999466956 -0.008588727 -12.052886009 -0.186378077 0.002569149 0.982474744 183.367568970
0.978304148 0.034695685 0.204247996 -137.646560669 -0.033033907 0.999387622 -0.011541029 -12.082495689 -0.204523340 0.004543527 0.978851140 184.731979370
0.974521816 0.034156423 0.221676841 -137.353042603 -0.032459639 0.999409258 -0.011293999 -12.116409302 -0.221931636 0.003810698 0.975054801 186.102966309
0.970476925 0.033348531 0.238877371 -137.037170410 -0.031379651 0.999435008 -0.012041588 -12.146883011 -0.239143968 0.004190195 0.970975101 187.457946777
0.966252685 0.033334509 0.255430132 -136.684829712 -0.029917335 0.999403477 -0.017252930 -12.180101395 -0.255852878 0.009028900 0.966673553 188.806503296
0.961653292 0.034851860 0.272044688 -136.319091797 -0.030075615 0.999311864 -0.021708064 -12.217703819 -0.272614032 0.012693721 0.962039769 190.163909912
0.956676245 0.036760401 0.288823873 -135.934371948 -0.031839419 0.999256968 -0.021719376 -12.260069847 -0.289407700 0.011582427 0.957135856 191.526443481
0.951184392 0.038882166 0.306164116 -135.513671875 -0.033672903 0.999184549 -0.022279946 -12.307269096 -0.306780726 0.010882902 0.951717973 192.895980835
0.945129156 0.042657387 0.323899955 -135.070526123 -0.036426269 0.999016583 -0.025279118 -12.355268478 -0.324659765 0.012093565 0.945753574 194.274963379
0.939045250 0.043442391 0.341037720 -134.587234497 -0.035417147 0.998930454 -0.029725807 -12.408142090 -0.341964334 0.015835294 0.939579487 195.644500732
0.932681799 0.044302668 0.357969105 -134.077972412 -0.035163470 0.998869002 -0.032003421 -12.467573166 -0.358982086 0.017261574 0.933184803 197.024444580
0.925801754 0.044924133 0.375330478 -133.529769897 -0.033396900 0.998750925 -0.037164886 -12.537473679 -0.376531243 0.021872442 0.926145673 198.410858154
0.917845964 0.048499648 0.393962681 -132.961151123 -0.034178421 0.998477697 -0.043291640 -12.607376099 -0.395462573 0.026270034 0.918106318 199.779403687
0.908254266 0.051735431 0.415207863 -132.362686157 -0.035408668 0.998270392 -0.046930410 -12.688067436 -0.416917682 0.027922789 0.908515275 201.147369385
0.896966875 0.054548450 0.438719630 -131.718231201 -0.037148185 0.998148799 -0.048155539 -12.779256821 -0.440534294 0.026896287 0.897332788 202.517089844
