1.000000000 0.000000000 0.000000000 0.000000000 0.000000000 1.000000000 0.000000000 0.000000000 0.000000000 0.000000000 1.000000000 0.000000000
0.999933302 -0.002814348 0.011199121 0.019790359 0.002800741 0.999995291 0.001230519 -0.006446959 -0.011202532 -0.001199071 0.999936521 0.301361531
0.999837697 -0.004667948 0.017400634 0.036700796 0.004644853 0.999988258 0.001367425 -0.011598025 -0.017406814 -0.001286380 0.999847651 0.598937690
0.999789894 -0.007497219 0.019077765 0.042104643 0.007501680 0.999971867 -0.000162277 -0.009597925 -0.019076010 0.000305358 0.999817967 0.901759803
0.999826908 -0.009097579 0.016228992 0.061812736 0.009126238 0.999956906 -0.001692676 -0.015847154 -0.016212896 0.001840492 0.999866843 1.217057467
0.999890685 -0.011698760 0.009044262 0.070111394 0.011727951 0.999926150 -0.003181333 -0.017685432 -0.009006376 0.003287056 0.999954045 1.539080858
0.999911606 -0.012889291 -0.003269089 0.065584220 0.012873285 0.999905288 -0.004870870 -0.022783386 0.003331562 0.004828356 0.999982774 1.870417118
0.999749362 -0.012692142 -0.018443773 0.028296445 0.012597695 0.999906957 -0.005227984 -0.029155321 0.018508410 0.004994324 0.999816239 2.237545967
0.999247313 -0.008105765 -0.037935197 -0.005203504 0.007912163 0.999954939 -0.005250852 -0.031388987 0.037976049 0.004946751 0.999266386 2.589042425
0.998295426 -0.004478544 -0.058191177 -0.038907584 0.004087663 0.999968290 -0.006834491 -0.033206776 0.058219939 0.006584974 0.998282075 2.945595980
0.996958494 -0.004566314 -0.077800140 -0.092269450 0.004008167 0.999965131 -0.007328748 -0.035472088 0.077830896 0.006994622 0.996942043 3.322813034
0.995141268 -0.005933393 -0.098278299 -0.154598370 0.005271577 0.999961674 -0.006992406 -0.037525907 0.098316021 0.006440350 0.995134413 3.698072195
0.992923975 -0.007638156 -0.118505657 -0.203251854 0.006971400 0.999957442 -0.006039888 -0.045889512 0.118546747 0.005170999 0.992935002 4.091928005
0.990603745 -0.006673020 -0.136600435 -0.273931175 0.005972093 0.999966800 -0.005540399 -0.050370142 0.136632860 0.004672550 0.990610719 4.493667603
0.988282919 -0.005476618 -0.152534902 -0.348603934 0.004792813 0.999976754 -0.004850267 -0.057123024 0.152557924 0.004062365 0.988286197 4.910466671
0.986108780 -0.005164355 -0.166020334 -0.423411816 0.004491593 0.999980092 -0.004427484 -0.072552390 0.166039899 0.003620286 0.986112416 5.345695496
0.983898580 -0.006620609 -0.178605020 -0.505915165 0.005749378 0.999968946 -0.005395132 -0.077373803 0.178635195 0.004281395 0.983906090 5.785191536
0.982004583 -0.010100995 -0.188586652 -0.592260242 0.008803469 0.999931455 -0.007716643 -0.084545307 0.188651681 0.005917563 0.982026219 6.229035854
0.980621219 -0.009395468 -0.195687816 -0.698560238 0.007692281 0.999925673 -0.009461785 -0.093091078 0.195762157 0.007773141 0.980620623 6.691338062
0.979067564 -0.009000570 -0.203336507 -0.802381694 0.006850493 0.999912977 -0.011275356 -0.099477820 0.203420296 0.009646379 0.979043961 7.169131756
0.977296472 -0.009742389 -0.211652368 -0.909627914 0.006913980 0.999876678 -0.014099433 -0.107679538 0.211763635 0.012315965 0.977243304 7.656315804
0.975617230 -0.013503145 -0.219063282 -1.028856277 0.010355612 0.999826074 -0.015510057 -0.121888600 0.219234616 0.012863345 0.975587368 8.154725075
0.973668396 -0.020465812 -0.227048382 -1.138548970 0.017084438 0.999712110 -0.016848132 -0.134968504 0.227327824 0.012525501 0.973737717 8.676657677
0.971499145 -0.021310842 -0.236083046 -1.265205979 0.017204944 0.999662995 -0.019438375 -0.147866830 0.236417741 0.014822569 0.971538424 9.205469131
0.969555378 -0.017344268 -0.244257048 -1.422178507 0.011900212 0.999647200 -0.023746435 -0.160299182 0.244582742 0.020116773 0.969419718 9.736911774
0.967236936 -0.014451949 -0.253463805 -1.572181940 0.007925526 0.999610722 -0.026751202 -0.177379742 0.253751755 0.023865916 0.966974914 10.288213730
0.964971900 -0.016925020 -0.261806726 -1.729487062 0.009837470 0.999549389 -0.028358752 -0.198060036 0.262168735 0.024789883 0.964703619 10.849784851
0.962663531 -0.019962117 -0.269963890 -1.892586470 0.012101123 0.999453783 -0.030751903 -0.217058003 0.270430326 0.026336867 0.962379277 11.427525520
0.960321903 -0.019468196 -0.278213739 -2.067957878 0.010689560 0.999396980 -0.033035889 -0.243698180 0.278689116 0.028751105 0.959950924 12.008383751
0.958010852 -0.018395299 -0.286141157 -2.255120277 0.008170964 0.999286115 -0.036884915 -0.264826894 0.286615402 0.032998100 0.957477272 12.600609779
0.955700994 -0.019544538 -0.293689668 -2.449095726 0.007668260 0.999107599 -0.041535456 -0.299031734 0.294239372 0.037443388 0.954998016 13.200870514
0.953824043 -0.020967644 -0.299633205 -2.641607523 0.006479174 0.998764694 -0.049266070 -0.331071675 0.300296068 0.045049787 0.952781618 13.821483612
0.952547669 -0.021940134 -0.303597629 -2.854623318 0.004750977 0.998349071 -0.057241488 -0.370017111 0.304352283 0.053082865 0.951079309 14.443983078
0.951300859 -0.022054955 -0.307474047 -3.067515612 0.001859831 0.997829795 -0.065819651 -0.411769152 0.308258414 0.062042441 0.949277341 15.073903084
0.949985385 -0.021460405 -0.311556160 -3.290686846 -0.002021921 0.997192502 -0.074853115 -0.459398091 0.312287867 0.071739309 0.947274923 15.715204239
0.948686361 -0.020653598 -0.315543443 -3.519607782 -0.005534444 0.996627450 -0.081872709 -0.512739182 0.316170216 0.079417877 0.945372522 16.373739243
0.947123528 -0.018329339 -0.320345253 -3.760795116 -0.010555861 0.996046841 -0.088200420 -0.578035831 0.320695519 0.086918212 0.943185866 17.041452408
0.945620000 -0.016931780 -0.324832439 -4.004779816 -0.014464673 0.995467424 -0.093996540 -0.644032896 0.324951619 0.093583599 0.941089034 17.702878952
0.943844497 -0.015562686 -0.330023259 -4.258280754 -0.018359138 0.994876087 -0.099420622 -0.716135859 0.329879522 0.099896550 0.938722610 18.410305023
0.942113817 -0.013291637 -0.335029632 -4.520845890 -0.022429794 0.994477272 -0.102527201 -0.789748609 0.334542125 0.104106940 0.936612666 19.108066559
0.940371692 -0.011887897 -0.339940757 -4.789974689 -0.024995934 0.994271934 -0.103915952 -0.868764400 0.339228898 0.106216758 0.934688032 19.815422058
0.938130260 -0.011429276 -0.346093863 -5.061009407 -0.025775768 0.994377673 -0.102706388 -0.955230832 0.345321864 0.105272807 0.932561219 20.533906937
0.935897827 -0.011004367 -0.352099657 -5.344693661 -0.026437039 0.994499266 -0.101352565 -1.036527157 0.351278186 0.104164116 0.930458724 21.256162643
0.933211088 -0.011297882 -0.359150976 -5.633497238 -0.026337989 0.994666338 -0.099725537 -1.117297649 0.358362079 0.102524295 0.927936077 21.999807358
0.930177927 -0.010304357 -0.366964430 -5.943386078 -0.027079791 0.994956791 -0.096579976 -1.200483203 0.366108954 0.099773876 0.925207734 22.740118027
0.926877141 -0.008617528 -0.375265896 -6.252492905 -0.027598180 0.995466113 -0.091025002 -1.274881363 0.374348909 0.094725654 0.922436953 23.477006912
0.923304856 -0.004712560 -0.384038985 -6.573717594 -0.030470494 0.995874047 -0.085477442 -1.359545827 0.382857293 0.090623595 0.919351757 24.229267120
0.919772327 -0.001038254 -0.392451018 -6.916464329 -0.033781335 0.996075511 -0.081807196 -1.432473063 0.390995771 0.088501513 0.916127622 24.981700897
0.915852070 -0.000412580 -0.401515752 -7.255758762 -0.034623433 0.996193409 -0.079999238 -1.504775286 0.400020361 0.087169319 0.912351489 25.734643936
0.911917627 -0.000947815 -0.410372257 -7.608250618 -0.034679480 0.996242225 -0.079364724 -1.579986930 0.408905387 0.086605586 0.908457935 26.491289139
0.907973230 -0.000795902 -0.419027418 -7.972688675 -0.035177827 0.996323287 -0.078117803 -1.650789976 0.417548954 0.085669346 0.904606879 27.266536713
0.904120326 0.000416881 -0.427277803 -8.351789474 -0.036641207 0.996391416 -0.076560691 -1.720643759 0.425704032 0.084876046 0.900873005 28.045110703
0.900249004 -0.000144619 -0.435375392 -8.741672516 -0.035574466 0.996631682 -0.073890291 -1.795419693 0.433919579 0.082007907 0.897211552 28.834796906
0.896454930 0.000083157 -0.443134844 -9.144931793 -0.034706756 0.996941328 -0.070024155 -1.863537550 0.441773623 0.078153275 0.893715918 29.639781952
0.892662883 0.001812173 -0.450721323 -9.556548119 -0.034257211 0.997372210 -0.063837081 -1.933866620 0.449421227 0.072425447 0.890379190 30.448678970
0.888746440 0.001884648 -0.458395272 -9.979452133 -0.033339877 0.997608900 -0.060538486 -1.990609169 0.457185119 0.069086209 0.886684179 31.260463715
0.884901941 0.001044480 -0.465776175 -10.411613464 -0.032094181 0.997757494 -0.058736518 -2.052699566 0.464670330 0.066924766 0.882951081 32.083534241
0.881657481 -0.000030058 -0.471889883 -10.844913483 -0.030860970 0.997855544 -0.057722788 -2.113704920 0.470879674 0.065454707 0.879765868 32.894176483
0.878455222 0.000173236 -0.477824718 -11.304528236 -0.030425388 0.997990906 -0.055573631 -2.174042225 0.476855099 0.063356943 0.876695573 33.728042603
0.875520587 -0.001011569 -0.483179718 -11.770709038 -0.028830467 0.998106718 -0.054330353 -2.232537508 0.482319862 0.061497640 0.873833835 34.568714142
0.872720242 -0.002027984 -0.488216430 -12.245774269 -0.028199323 0.998112559 -0.054554250 -2.289790630 0.487405568 0.061377972 0.871015847 35.418453217
0.870795786 -0.003139121 -0.491634846 -12.744204521 -0.027302517 0.998127759 -0.054732006 -2.353083849 0.490886211 0.061083272 0.869079709 36.281791687
0.869383395 -0.002859776 -0.494129866 -13.250427246 -0.028155809 0.998071909 -0.055314317 -2.409462214 0.493335336 0.062001973 0.867626667 37.153972626
0.868939161 -0.002428006 -0.494912893 -13.757113457 -0.028111191 0.998131454 -0.054252751 -2.471305847 0.494119853 0.061054934 0.867247283 38.027404785
0.868803799 -0.002381489 -0.495150745 -14.274682045 -0.027215859 0.998247087 -0.052554816 -2.533485174 0.494407952 0.059135776 0.867216051 38.913497925
0.868441343 -0.003620181 -0.495778769 -14.797229767 -0.025540994 0.998318911 -0.052029163 -2.597091198 0.495133668 0.057846956 0.866888940 39.822479248
0.867839396 -0.005750610 -0.496811539 -15.326855659 -0.023698106 0.998315811 -0.052951816 -2.657886028 0.496279329 0.057727166 0.866241515 40.735153198
0.866609931 -0.008119044 -0.498920232 -15.861110687 -0.021314250 0.998352706 -0.053268664 -2.720986605 0.498530865 0.056797262 0.865009308 41.657363892
0.865051985 -0.008467660 -0.501610816 -16.400875092 -0.020105852 0.998469114 -0.051528603 -2.781918764 0.501279235 0.054660231 0.863557398 42.575679779
0.862988949 -0.007694229 -0.505164146 -16.959987640 -0.018981183 0.998684347 -0.047637306 -2.844797611 0.504866064 0.050699085 0.861707509 43.513652802
0.860031724 -0.007988109 -0.510178089 -17.509813309 -0.016538771 0.998915613 -0.043520723 -2.911181927 0.509972513 0.045866922 0.858967006 44.442409515
0.855902076 -0.008494760 -0.517068207 -18.066143036 -0.015279020 0.999013186 -0.041703831 -2.966972113 0.516912222 0.043594692 0.854927659 45.367881775
0.850833952 -0.011139278 -0.525316596 -18.629032135 -0.013920044 0.998946488 -0.043728277 -3.034987926 0.525250256 0.044517934 0.849782526 46.258777618
0.844712377 -0.015041017 -0.535009205 -19.214513779 -0.012116806 0.998811424 -0.047211073 -3.090086460 0.535083413 0.046362378 0.843526125 47.174015045
0.838569522 -0.015242916 -0.544581294 -19.801155090 -0.012130577 0.998838246 -0.046636820 -3.151038408 0.544659495 0.045714304 0.837410450 48.076622009
0.832464874 -0.012243413 -0.553942561 -20.399747849 -0.012781288 0.999065459 -0.041289382 -3.209755659 0.553930402 0.041452061 0.831530452 48.974647522
0.827687919 -0.007261619 -0.561141729 -21.019674301 -0.016412705 0.999175310 -0.037138980 -3.266500235 0.560948670 0.039949335 0.826886177 49.861564636
0.823526263 -0.007827377 -0.567224145 -21.637298584 -0.017172528 0.999102592 -0.038719054 -3.317821980 0.567018211 0.041626830 0.822652817 50.749591827
0.820357800 -0.009011022 -0.571779609 -22.258039474 -0.018669689 0.998920798 -0.042528838 -3.380770206 0.571545780 0.045563810 0.819304228 51.621311188
0.817374945 -0.010707350 -0.576006532 -22.882589340 -0.021814341 0.998535037 -0.049517080 -3.438770533 0.575692892 0.053039227 0.815943956 52.494045258
0.814061105 -0.011911089 -0.580657065 -23.511722565 -0.021685218 0.998469114 -0.050883640 -3.500403643 0.580374241 0.054014068 0.812556565 53.363525391
0.810674906 -0.010123122 -0.585409045 -24.152601242 -0.021426817 0.998667836 -0.046941232 -3.561863422 0.585104346 0.050597530 0.809378028 54.239982605
0.807485521 -0.007819151 -0.589835584 -24.803253174 -0.021024663 0.998895347 -0.042024631 -3.620425224 0.589512587 0.046335377 0.806429148 55.121650696
0.804521441 -0.005893572 -0.593894362 -25.455478668 -0.021770030 0.998986185 -0.039404407 -3.669917345 0.593524516 0.044630788 0.803577483 55.989585876
0.801370859 -0.005698809 -0.598140717 -26.115350723 -0.022688741 0.998945415 -0.039915182 -3.726215363 0.597737372 0.045557924 0.800396442 56.863891602
0.797794640 -0.006917532 -0.602889657 -26.774295807 -0.022765633 0.998875499 -0.041586470 -3.781287670 0.602499366 0.046902627 0.796740055 57.727874756
0.793674409 -0.009751339 -0.608264625 -27.440029144 -0.021654231 0.998785019 -0.044266757 -3.842113256 0.607957304 0.048304893 0.792498946 58.588024139
0.789390862 -0.011069138 -0.613791168 -28.108041763 -0.020563912 0.998799503 -0.044459451 -3.899332523 0.613546431 0.047717832 0.788215578 59.443599701
0.785055041 -0.011079339 -0.619326890 -28.802064896 -0.020272618 0.998844862 -0.043566108 -3.962574720 0.619094133 0.046757173 0.783923626 60.302864075
0.780063689 -0.010792797 -0.625607014 -29.490795135 -0.020541154 0.998870552 -0.042844810 -4.020473480 0.625362873 0.046272371 0.778960943 61.155063629
0.774625242 -0.012088897 -0.632305086 -30.198886871 -0.020531358 0.998809576 -0.044248603 -4.079977512 0.632087231 0.047258165 0.773454905 62.017211914
0.769667149 -0.013427348 -0.638304234 -30.911682129 -0.019855065 0.998791814 -0.044951797 -4.141568184 0.638136625 0.047271494 0.768470645 62.853610992
0.763629735 -0.014800789 -0.645484746 -31.635795593 -0.019387821 0.998760760 -0.045837738 -4.203874111 0.645363271 0.047517601 0.762396455 63.715782166
0.758154035 -0.016095260 -0.651876807 -32.363655090 -0.019220041 0.998709381 -0.047012318 -4.266651630 0.651792169 0.048171677 0.756866217 64.550109863
0.751915455 -0.018194953 -0.659008443 -33.094993591 -0.017922381 0.998685479 -0.048022382 -4.330033302 0.659015894 0.047919769 0.750600934 65.391014099
0.745740414 -0.019291105 -0.665957272 -33.851829529 -0.017153954 0.998693347 -0.048138671 -4.392494202 0.666015744 0.047322754 0.744435072 66.229476929
0.739309669 -0.019185910 -0.673092246 -34.606952667 -0.016356578 0.998787403 -0.046435278 -4.460032463 0.673166931 0.045339540 0.738099337 67.064041138
0.732773542 -0.019930327 -0.680180669 -35.383773804 -0.015235217 0.998839915 -0.045680758 -4.523993015 0.680302024 0.043836351 0.731619775 67.893646240
0.726175070 -0.021857353 -0.687162340 -36.162963867 -0.013558974 0.998844802 -0.046100162 -4.591448307 0.687376142 0.042794004 0.725039840 68.718673706
0.719646633 -0.023588059 -0.693939686 -36.958148956 -0.013490188 0.998759151 -0.047939263 -4.656830311 0.694209397 0.043860707 0.718435466 69.539039612
0.713622451 -0.022921426 -0.700155437 -37.761283875 -0.014893972 0.998742223 -0.047876902 -4.720913410 0.700372159 0.044594131 0.712383509 70.349670410
0.708097458 -0.022345548 -0.705761075 -38.577369690 -0.015104255 0.998791099 -0.046777617 -4.788906097 0.705953181 0.043783106 0.706903934 71.159057617
0.703254580 -0.022080407 -0.710595191 -39.400741577 -0.015756238 0.998787999 -0.046628930 -4.856778145 0.710763574 0.043988317 0.702054262 71.963996887
0.698333979 -0.023016913 -0.715401888 -40.238265991 -0.015936894 0.998735070 -0.047689382 -4.921156883 0.715594649 0.044704400 0.697083831 72.778251648
0.692885876 -0.024887336 -0.720617652 -41.075649261 -0.016505728 0.998594820 -0.050358128 -4.985478878 0.720858335 0.046786755 0.691501498 73.579040527
0.687776685 -0.028038302 -0.725380659 -41.902282715 -0.015275014 0.998473585 -0.053077374 -5.056079865 0.725761652 0.047585577 0.686298490 74.363464355
0.682500124 -0.028558472 -0.730327308 -42.762233734 -0.015502685 0.998445868 -0.053530347 -5.129191399 0.730721056 0.047856502 0.680996656 75.159019470
0.678061962 -0.027873719 -0.734476089 -43.620895386 -0.015488347 0.998516917 -0.052192904 -5.201151848 0.734841585 0.046765842 0.676624537 75.939804077
0.672827423 -0.027977614 -0.739270270 -44.491744995 -0.014855190 0.998572230 -0.051310934 -5.274167061 0.739650309 0.045505404 0.671451151 76.727844238
0.667797089 -0.028833814 -0.743784666 -45.370765686 -0.014482979 0.998556912 -0.051713750 -5.345469952 0.744202435 0.045306511 0.666415811 77.507118225
0.662815869 -0.030395852 -0.748165309 -46.260803223 -0.012902244 0.998563766 -0.051999226 -5.414722443 0.748671353 0.044118926 0.661471725 78.291198730
0.658460975 -0.030944170 -0.751978457 -47.148540497 -0.012337272 0.998576343 -0.051894750 -5.488514423 0.752513707 0.043448035 0.657141805 79.065536499
0.654520750 -0.031735960 -0.755377650 -48.054122925 -0.011353765 0.998593330 -0.051792100 -5.561218262 0.755958796 0.042475387 0.653239787 79.842430115
0.650388241 -0.034399979 -0.758822680 -48.966583252 -0.008610031 0.998575985 -0.052648477 -5.637618542 0.759553254 0.040775437 0.649165869 80.625732422
0.646215975 -0.039436370 -0.762134969 -49.885322571 -0.004959774 0.998425841 -0.055868551 -5.713678360 0.763138473 0.039883167 0.645003080 81.402030945
0.641106904 -0.043795679 -0.766200960 -50.817871094 -0.001106039 0.998316646 -0.057988763 -5.781746387 0.767450809 0.038024444 0.639979243 82.193313599
0.634397268 -0.047329314 -0.771556973 -51.755508423 0.003731930 0.998299718 -0.058169812 -5.861302853 0.772998214 0.034023374 0.633495271 82.969123840
0.625784516 -0.051058330 -0.778323054 -52.692123413 0.009009133 0.998261809 -0.058242913 -5.950163841 0.779943943 0.029435501 0.625156760 83.732025146
0.616842031 -0.051852752 -0.785377145 -53.657085419 0.011322310 0.998308897 -0.057018451 -6.027344227 0.787005603 0.026279094 0.616385937 84.485992432
0.608099103 -0.050591115 -0.792247415 -54.628036499 0.011998883 0.998439074 -0.054548156 -6.109287739 0.793770432 0.023664603 0.607756972 85.223770142
0.598886251 -0.050231908 -0.799257219 -55.616531372 0.011267906 0.998460650 -0.054308411 -6.190625668 0.800754845 0.023518607 0.598530352 85.962142944
0.589965582 -0.051541947 -0.805781662 -56.631717682 0.010419289 0.998363376 -0.056231827 -6.270888805 0.807361186 0.024779169 0.589537024 86.683654785
0.579851031 -0.053668469 -0.812952995 -57.648990631 0.010402222 0.998234332 -0.058480598 -6.349166870 0.814656138 0.025453521 0.579385519 87.410423279
0.569703221 -0.055696316 -0.819961071 -58.672599792 0.011674925 0.998148799 -0.059688158 -6.436078072 0.821767569 0.024431555 0.569298804 88.125564575
0.560257435 -0.055969600 -0.826425433 -59.693206787 0.014284585 0.998219013 -0.057920378 -6.524094582 0.828195393 0.020645175 0.560059071 88.793601990
0.550237179 -0.056229711 -0.833113074 -60.746463776 0.015356307 0.998242736 -0.057232685 -6.605668068 0.834867239 0.018698016 0.550133765 89.480163574
0.540149450 -0.057111196 -0.839628994 -61.796936035 0.015847610 0.998208046 -0.057702601 -6.686625481 0.841419876 0.017861912 0.540086627 90.141769409
0.530029535 -0.057944313 -0.845997155 -62.871238708 0.015368389 0.998155177 -0.058737449 -6.776294708 0.847839952 0.018130967 0.529942155 90.809432983
0.519564509 -0.058643457 -0.852416337 -63.935012817 0.014119107 0.998094916 -0.060059793 -6.857838631 0.854314566 0.019169580 0.519402742 91.467803955
0.509144902 -0.059863176 -0.858596444 -65.021545410 0.013101759 0.998001695 -0.061813504 -6.945875168 0.860581100 0.020222904 0.508911788 92.115982056
0.500004053 -0.059534568 -0.863974273 -66.130546570 0.012338017 0.998022735 -0.061631229 -7.040184498 0.865935147 0.020156138 0.499749959 92.747802734
0.491307139 -0.057211161 -0.869105458 -67.248748779 0.011524715 0.998180032 -0.059192896 -7.131236076 0.870910227 0.019065704 0.491072297 93.369155884
0.483013809 -0.055864457 -0.873828888 -68.369583130 0.012090339 0.998293042 -0.057138536 -7.217974186 0.875529289 0.017033817 0.482864797 93.988494873
0.475342453 -0.056181725 -0.878005326 -69.494590759 0.012233263 0.998284638 -0.057255201 -7.306264877 0.879715919 0.016474962 0.475214362 94.588943481
0.467927217 -0.059421752 -0.881767094 -70.631179810 0.014065890 0.998111427 -0.059797779 -7.394264221 0.883655131 0.015578175 0.467879295 95.185249329
0.461012185 -0.062661715 -0.885178685 -71.763442993 0.016664963 0.997939229 -0.061964706 -7.486387253 0.887237370 0.013815018 0.461106360 95.770149231
0.454535961 -0.065686010 -0.888303101 -72.904571533 0.017725008 0.997746706 -0.064709164 -7.580157280 0.890551984 0.013667464 0.454676032 96.362167358
0.448940754 -0.069261797 -0.890873253 -74.043090820 0.020277157 0.997524321 -0.067335159 -7.680938244 0.893331528 0.012165123 0.449233770 96.940444946
0.443720996 -0.070437923 -0.893392503 -75.184310913 0.022927618 0.997472227 -0.067256451 -7.779029846 0.895871639 0.009359741 0.444214344 97.517463684
0.439565539 -0.067150779 -0.895696878 -76.336639404 0.023941673 0.997723162 -0.063050300 -7.880959511 0.897891343 0.006270262 0.440172434 98.084579468
0.436000526 -0.065782465 -0.897539020 -77.483764648 0.026807932 0.997831702 -0.060110543 -7.968585968 0.899547100 0.002147066 0.436818659 98.634674072
0.432893217 -0.064727254 -0.899118423 -78.637100220 0.028666353 0.997902751 -0.058036894 -8.073404312 0.900989354 -0.000650665 0.433840811 99.191024780
0.429825544 -0.064331122 -0.900617361 -79.777999878 0.030601593 0.997923493 -0.056676891 -8.167747498 0.902393281 -0.003199148 0.430901647 99.737319946
0.427616715 -0.063805744 -0.901705444 -80.933364868 0.031880427 0.997949719 -0.055497412 -8.256749153 0.903397799 -0.005015135 0.428774118 100.278854370
0.425307810 -0.063090719 -0.902847111 -82.079139709 0.033789303 0.997978747 -0.053821232 -8.340425491 0.904417813 -0.007615984 0.426579952 100.818351746
0.422627151 -0.064479694 -0.904006958 -83.223297119 0.036505397 0.997867584 -0.054108012 -8.419946671 0.905568123 -0.010133619 0.424079776 101.351921082
0.420582950 -0.064874932 -0.904931724 -84.352371216 0.039147139 0.997808814 -0.053339016 -8.502630234 0.906409204 -0.012991997 0.422201037 101.868927002
0.417796731 -0.064086482 -0.906277418 -85.455337524 0.042357359 0.997798383 -0.051031418 -8.587068558 0.907552600 -0.017066762 0.419591427 102.392440796
0.415858924 -0.063600898 -0.907202542 -86.558197021 0.044163965 0.997786939 -0.049706835 -8.663702011 0.908356249 -0.019394618 0.417747498 102.900451660
0.414468229 -0.064734451 -0.907758534 -87.676094055 0.046041247 0.997681141 -0.050125342 -8.745532036 0.908898413 -0.021018973 0.416487634 103.399475098
0.413126886 -0.065489396 -0.908315659 -88.762268066 0.046777457 0.997620285 -0.050652571 -8.826307297 0.909471333 -0.021562763 0.415207148 103.898452759
0.412540853 -0.066621371 -0.908499599 -89.833084106 0.046715099 0.997557044 -0.051939186 -8.909732819 0.909740388 -0.021013621 0.414645255 104.385780334
0.412546158 -0.067775287 -0.908411920 -90.896667480 0.046650980 0.997491717 -0.053235322 -8.990659714 0.909741342 -0.020416275 0.414673150 104.873428345
0.415030003 -0.067531645 -0.907298028 -91.953216553 0.044723477 0.997550130 -0.053791169 -9.073463440 0.908707917 -0.018252561 0.417033494 105.345283508
0.419267058 -0.067895561 -0.905320525 -92.993118286 0.042857155 0.997568071 -0.054965995 -9.153568268 0.906850815 -0.015754029 0.421157241 105.823028564
0.424506485 -0.068976104 -0.902793825 -94.036727905 0.041976016 0.997521162 -0.056475833 -9.229782104 0.904451430 -0.013921321 0.426349580 106.302215576
0.429981172 -0.068523221 -0.900233686 -95.042343140 0.041318469 0.997564375 -0.056196701 -9.314361572 0.901891887 -0.013032753 0.431765199 106.785316467
0.437051475 -0.067760266 -0.896880448 -96.063957214 0.040568687 0.997628450 -0.055602688 -9.389689445 0.898521125 -0.012084025 0.438763916 107.272911072
0.445417821 -0.066182323 -0.892873406 -97.075851440 0.038791262 0.997754216 -0.054605030 -9.469562531 0.894482136 -0.010313629 0.446984828 107.764015198
0.454519033 -0.065538853 -0.888322651 -98.073455811 0.037926111 0.997808993 -0.054211289 -9.544651031 0.889929235 -0.009050555 0.456008792 108.263671875
0.464395225 -0.065806359 -0.883179843 -99.067436218 0.038326457 0.997794628 -0.054193500 -9.616174698 0.884798348 -0.008681950 0.465893209 108.769401550
0.474113464 -0.066419475 -0.877955019 -100.049140930 0.036996942 0.997772753 -0.055504888 -9.691921234 0.879686177 -0.006166033 0.475514829 109.292518616
0.484218180 -0.068751179 -0.872241974 -101.005134583 0.036262792 0.997628391 -0.058503293 -9.763792038 0.874195516 -0.003301574 0.485562921 109.826347351
0.496177852 -0.069514453 -0.865433633 -101.964218140 0.034753148 0.997580945 -0.060203984 -9.841808319 0.867525160 -0.000204654 0.497393370 110.360267639
0.508060336 -0.067886300 -0.858641982 -102.908363342 0.032736491 0.997690797 -0.059509579 -9.926493645 0.860699117 0.002125531 0.509109497 110.920501709
0.521075904 -0.065371133 -0.851003230 -103.850708008 0.031146284 0.997854888 -0.057580665 -10.002043724 0.852941871 0.003498308 0.521994233 111.485916138
0.533316612 -0.063406117 -0.843536079 -104.768836975 0.030798022 0.997981131 -0.055543587 -10.076715469 0.845354915 0.003643078 0.534192681 112.058105469
0.544615626 -0.062783971 -0.836332440 -105.675720215 0.031052217 0.998019814 -0.054700889 -10.153905869 0.838110685 0.003820983 0.545486808 112.654716492
0.556240201 -0.063051991 -0.828626096 -106.569618225 0.031073501 0.997998238 -0.055080868 -10.230497360 0.830440402 0.004889877 0.557085991 113.252746582
0.567019105 -0.064285025 -0.821192265 -107.451492310 0.031408608 0.997912288 -0.056432009 -10.303261757 0.823105633 0.006205523 0.567854404 113.865859985
0.577615499 -0.066502556 -0.813595593 -108.315422058 0.033921655 0.997770548 -0.057474039 -10.375723839 0.815603912 0.005599397 0.578583598 114.486221313
0.589167476 -0.065259174 -0.805371284 -109.169921875 0.033552155 0.997849345 -0.056310654 -10.461385727 0.807314038 0.006154466 0.590090036 115.096237183
0.600078940 -0.062968634 -0.797458589 -110.014328003 0.032405734 0.997992277 -0.054418143 -10.531406403 0.799284160 0.006812955 0.600914717 115.719596863
0.609930933 -0.060036756 -0.790177166 -110.820854187 0.032414205 0.998181641 -0.050820462 -10.599557877 0.791791439 0.005384012 0.610767901 116.340728760
0.620174408 -0.057891022 -0.782324970 -111.623619080 0.030554099 0.998299122 -0.049651604 -10.667943954 0.783868730 0.006889418 0.620888352 116.972457886
0.630092025 -0.057157718 -0.774414062 -112.409896851 0.028728329 0.998320401 -0.050309300 -10.741507530 0.775988936 0.009451867 0.630675733 117.611526489
0.639918804 -0.056985248 -0.766326785 -113.195602417 0.026884915 0.998296320 -0.051784705 -10.806602478 0.767972171 0.012535381 0.640360653 118.251358032
0.649247408 -0.056026433 -0.758510947 -113.964500427 0.026646491 0.998346508 -0.050933514 -10.876862526 0.760110378 0.012856796 0.649666786 118.897537231
0.658524156 -0.053996265 -0.750620008 -114.713615417 0.026298011 0.998464584 -0.048753675 -10.940988541 0.752099991 0.012365662 0.658933043 119.545959473
0.667272925 -0.052019082 -0.742994547 -115.446243286 0.026450945 0.998583853 -0.046158370 -11.007911682 0.744343460 0.011147322 0.667703927 120.197013855
0.675216019 -0.051099602 -0.735847950 -116.168586731 0.026734317 0.998637438 -0.044817057 -11.074613571 0.737135410 0.010588804 0.675662100 120.863037109
0.682973027 -0.051075492 -0.728655756 -116.862716675 0.026359828 0.998625934 -0.045291979 -11.130386353 0.729967892 0.011725961 0.683380961 121.513519287
0.690578222 -0.050274476 -0.721508324 -117.553642273 0.025820468 0.998658955 -0.044872668 -11.184565544 0.722796738 0.012358405 0.690950215 122.169860840
0.697680652 -0.047250099 -0.714849055 -118.245788574 0.024752248 0.998816729 -0.041862022 -11.241407394 0.715981185 0.011512199 0.698024631 122.844909668
0.705004752 -0.044712923 -0.707791686 -118.916679382 0.024149494 0.998945355 -0.039051402 -11.294783592 0.708791316 0.010438614 0.705340981 123.511054993
0.712405384 -0.042977493 -0.700450957 -119.568748474 0.022887183 0.999014914 -0.038018655 -11.349159241 0.701394856 0.011053347 0.712687254 124.168846130
0.719928384 -0.042199817 -0.692764282 -120.200103760 0.022473862 0.999043822 -0.037501786 -11.398349762 0.693684459 0.011429512 0.720188379 124.829231262
0.727890253 -0.039820660 -0.684536397 -120.830650330 0.020319443 0.999126494 -0.036514573 -11.448987961 0.685392499 0.012669208 0.728063643 125.483520508
0.736909747 -0.037181444 -0.674967825 -121.439338684 0.019698637 0.999243319 -0.033538181 -11.495317459 0.675704062 0.011418663 0.737084508 126.146118164
0.746344447 -0.033244565 -0.664729059 -122.027290344 0.017754788 0.999390781 -0.030047012 -11.537734985 0.665323019 0.010623299 0.746480048 126.802566528
0.756583333 -0.030817540 -0.653170645 -122.600593567 0.015622300 0.999455571 -0.029060079 -11.580143929 0.653710604 0.011782342 0.756652892 127.456626892
0.766507387 -0.030119451 -0.641528845 -123.152824402 0.014310011 0.999452651 -0.029825995 -11.620391846 0.642076075 0.013681561 0.766518831 128.115493774
0.776380241 -0.031090293 -0.629497528 -123.691947937 0.014415528 0.999397278 -0.031580143 -11.659841537 0.630099952 0.015443662 0.776360452 128.781097412
0.786376536 -0.030211085 -0.617008328 -124.221443176 0.013994962 0.999418318 -0.031098777 -11.697185516 0.617588937 0.015820341 0.786341906 129.452957153
0.796541154 -0.028510256 -0.603911698 -124.739028931 0.013590574 0.999479473 -0.029259183 -11.741187096 0.604431570 0.015098635 0.796513975 130.133529663
0.806688905 -0.026040379 -0.590402305 -125.246734619 0.013130873 0.999571919 -0.026146073 -11.778604507 0.590830445 0.013339251 0.806685507 130.822738647
0.816415310 -0.024636116 -0.576939523 -125.742607117 0.013473004 0.999630213 -0.023620224 -11.814757347 0.577308059 0.011510804 0.816445291 131.525207520
0.825453997 -0.023059161 -0.563998163 -126.222846985 0.013872496 0.999692202 -0.020569135 -11.846748352 0.564298868 0.009154813 0.825519800 132.232940674
0.833647490 -0.022438666 -0.551840901 -126.702209473 0.014675703 0.999721527 -0.018480062 -11.873950958 0.552101910 0.007307207 0.833744645 132.951446533
0.840962946 -0.022323247 -0.540632010 -127.153846741 0.015688986 0.999734521 -0.016875554 -11.906384468 0.540865242 0.005709747 0.841089904 133.655166626
0.847579360 -0.022313418 -0.530199289 -127.607032776 0.016021941 0.999736130 -0.016461099 -11.930372238 0.530426681 0.005457265 0.847713232 134.383804321
0.854290605 -0.021220105 -0.519362330 -128.051193237 0.014890888 0.999755383 -0.016354224 -11.955163956 0.519582331 0.006237494 0.854397655 135.114044189
0.860971093 -0.019109832 -0.508294761 -128.490600586 0.013134871 0.999796033 -0.015339900 -11.984893799 0.508484244 0.006530826 0.861046553 135.857498169
0.867196918 -0.018328877 -0.497627974 -128.918823242 0.012557466 0.999809504 -0.014942065 -12.008097649 0.497807026 0.006708766 0.867261887 136.606552124
0.873009980 -0.018789204 -0.487340331 -129.340789795 0.013279690 0.999802887 -0.014758063 -12.035057068 0.487521559 0.006412207 0.873087406 137.369888306
0.878075480 -0.020170288 -0.478096902 -129.754913330 0.014387431 0.999772370 -0.015755063 -12.060254097 0.478305846 0.006955549 0.878165781 138.132339478
0.882487535 -0.020510143 -0.469888389 -130.165252686 0.014624747 0.999762237 -0.016172158 -12.082932472 0.470108390 0.007399729 0.882577658 138.900512695
0.886060655 -0.019716498 -0.463149846 -130.583358765 0.014126588 0.999779522 -0.015535225 -12.103625298 0.463354021 0.007222425 0.886143804 139.688186646
0.889185607 -0.017958367 -0.457194060 -130.989181519 0.013914398 0.999828637 -0.012211022 -12.124857903 0.457334995 0.004496285 0.889283121 140.482803345
0.892395139 -0.014114487 -0.451034039 -131.405380249 0.011803104 0.999898851 -0.007937376 -12.141618729 0.451100439 0.001759675 0.892471492 141.296798706
0.895729840 -0.011276060 -0.444455713 -131.818237305 0.010100146 0.999936402 -0.005013640 -12.161016464 0.444483995 0.000001799 0.895786822 142.118896484
0.898989558 -0.008457954 -0.437888384 -132.227371216 0.008035285 0.999963760 -0.002818092 -12.174139023 0.437896341 -0.000985123 0.899024963 142.951614380
0.902321398 -0.006676039 -0.431012243 -132.641311646 0.007171092 0.999974191 -0.000476175 -12.185850143 0.431004286 -0.002661166 0.902345955 143.802703857
0.905667245 -0.005222477 -0.423957080 -133.047409058 0.006824042 0.999974191 0.002259590 -12.192524910 0.423934340 -0.004939538 0.905679464 144.664489746
0.909028530 -0.005305890 -0.416700184 -133.448318481 0.007767039 0.999960959 0.004211125 -12.198572159 0.416661590 -0.007064559 0.909034252 145.544143677
0.912565470 -0.005700178 -0.408890933 -133.849304199 0.008687727 0.999947429 0.005449478 -12.204609871 0.408838391 -0.008525338 0.912567019 146.442626953
0.916194260 -0.006288784 -0.400685042 -134.243850708 0.009211182 0.999943197 0.005367822 -12.210147858 0.400628507 -0.008608749 0.916200161 147.353897095
0.920072079 -0.008981090 -0.391646206 -134.638397217 0.011932144 0.999915779 0.005101795 -12.215874672 0.391567409 -0.009367199 0.920101762 148.275070190
0.923982680 -0.010361993 -0.382293969 -135.023620605 0.012804380 0.999910653 0.003845101 -12.220314980 0.382219970 -0.008447844 0.924032748 149.217880249
0.928424895 -0.011318753 -0.371347725 -135.395690918 0.012989934 0.999913633 0.001999207 -12.228941917 0.371293008 -0.006679895 0.928491712 150.167312622
0.933734536 -0.009558939 -0.357838571 -135.773529053 0.010754053 0.999941289 0.001349921 -12.236045837 0.357804656 -0.005108683 0.933782458 151.138534546
0.939722598 -0.005604226 -0.341891766 -136.133712769 0.006910962 0.999972701 0.002604080 -12.245312691 0.341867864 -0.004809914 0.939735711 152.117446899
0.946164608 -0.002209418 -0.323678285 -136.478134155 0.004265281 0.999974966 0.005642314 -12.252127647 0.323657721 -0.006719136 0.946150362 153.125549316
0.952851057 0.000925914 -0.303436905 -136.822555542 0.001343590 0.999972641 0.007270474 -12.255147934 0.303435326 -0.007335374 0.952823818 154.160491943
0.959347785 0.002816811 -0.282212555 -137.138595581 -0.000515717 0.999966025 0.008227712 -12.258760452 0.282226145 -0.007747695 0.959316611 155.201156616
0.965412140 0.004211556 -0.260694504 -137.429031372 -0.001724703 0.999950826 0.009767371 -12.257757187 0.260722816 -0.008979918 0.965371907 156.258544922
0.970927238 0.005211823 -0.239317954 -137.691177368 -0.002211576 0.999915600 0.012803481 -12.261035919 0.239364475 -0.011901978 0.970856845 157.333343506
0.976110995 0.007330432 -0.217148900 -137.951278687 -0.003905627 0.999861181 0.016196668 -12.253536224 0.217237487 -0.014961643 0.976004124 158.441665649
0.980825305 0.009469876 -0.194658667 -138.185989380 -0.005563728 0.999772251 0.020603625 -12.247628212 0.194809437 -0.019125530 0.980654597 159.557388306
0.985044360 0.011801417 -0.171896413 -138.397216797 -0.007808813 0.999684215 0.023884514 -12.237298012 0.172124013 -0.022185000 0.984825432 160.690841675
0.988685369 0.013503298 -0.149395049 -138.582351685 -0.010023614 0.999661207 0.024020361 -12.225143433 0.149668783 -0.022251101 0.988485813 161.824829102
0.991775572 0.013214741 -0.127304971 -138.748001099 -0.010492904 0.999702275 0.022027425 -12.208367348 0.127558157 -0.020510465 0.991618991 162.991775513
0.994240999 0.013425945 -0.106323108 -138.880432129 -0.011261573 0.999717474 0.020930866 -12.189976692 0.106574088 -0.019612961 0.994111300 164.165206909
0.996236920 0.011910880 -0.085849114 -138.990417480 -0.009997443 0.999692678 0.022683958 -12.169909477 0.086092919 -0.021740325 0.996049881 165.359237671
0.997779846 0.012523334 -0.065410241 -139.083404541 -0.010945817 0.999641836 0.024420228 -12.156677246 0.065692641 -0.023650045 0.997559607 166.563735962
0.998890996 0.013206120 -0.045193121 -139.145477295 -0.012057345 0.999599576 0.025598109 -12.145457268 0.045513079 -0.025024811 0.998650253 167.790771484
0.999589860 0.014911371 -0.024448503 -139.194961548 -0.014269028 0.999553800 0.026240561 -12.123689651 0.024828877 -0.025880942 0.999356627 169.031738281
0.999878526 0.015043995 -0.004070319 -139.206176758 -0.014929860 0.999530613 0.026751501 -12.103408813 0.004470858 -0.026687482 0.999633849 170.288635254
0.999714553 0.017628279 0.016126834 -139.192138672 -0.018048214 0.999491811 0.026275545 -12.082751274 -0.015655445 -0.026559105 0.999524653 171.553451538
0.999161899 0.018407430 0.036560383 -139.164382935 -0.019334227 0.999496460 0.025160071 -12.064978600 -0.036078840 -0.025845850 0.999014676 172.829299927
0.998261571 0.018616769 0.055922065 -139.103240967 -0.019910431 0.999544799 0.022665879 -12.044834137 -0.055474643 -0.023739908 0.998177826 174.109481812
0.996961772 0.020817194 0.075059049 -139.022811890 -0.022387641 0.999546409 0.020142408 -12.030486107 -0.074605696 -0.021761607 0.996975660 175.406829834
0.995330811 0.021069895 0.094194904 -138.913024902 -0.022911318 0.999566138 0.018510407 -12.020555496 -0.093764022 -0.020582108 0.995381653 176.709121704
0.993320107 0.021254132 0.113416843 -138.777832031 -0.023135653 0.999615252 0.015298918 -12.011179924 -0.113048039 -0.017820695 0.993429720 178.012374878
0.991027534 0.022525020 0.131746128 -138.612335205 -0.024087651 0.999656975 0.010279095 -12.010443687 -0.131469414 -0.013360321 0.991230190 179.326522827
0.988480866 0.024453275 0.149357527 -138.422103882 -0.025307901 0.999672413 0.003823794 -12.018187523 -0.149215087 -0.007559672 0.988775849 180.650405884
0.985597193 0.026576079 0.167008519 -138.212905884 -0.026760416 0.999641240 -0.001146971 -12.028276443 -0.166979074 -0.003338765 0.985954762 181.986190796
0.982376575 0.028910199 0.184662968 -137.982238770 -0.028393785 0.999581993 -0.005440861 -12.039769173 -0.184743077 0.000101694 0.982786834 183.342361450
0.978739619 0.031123098 0.202731520 -137.724563599 -0.030017192 0.999513030 -0.008528157 -12.058865547 -0.202898204 0.002261416 0.979197204 184.701828003
0.974973738 0.030552287 0.220210627 -137.432464600 -0.029450487 0.999531925 -0.008285397 -12.085812569 -0.220360681 0.001592734 0.975417137 186.064483643
0.970992446 0.029709248 0.237257376 -137.115844727 -0.028427985 0.999556899 -0.008820489 -12.114464760 -0.237414315 0.001819878 0.971406758 187.407623291
0.966812670 0.029552784 0.253771394 -136.767990112 -0.026886346 0.999540865 -0.013969879 -12.145414352 -0.254067719 0.006683270 0.967163324 188.746597290
0.962194204 0.031183621 0.270573318 -136.406356812 -0.027311344 0.999463737 -0.018065644 -12.183362961 -0.270991564 0.009992938 0.962529838 190.101623535
0.957257688 0.033102442 0.287335932 -136.019821167 -0.029098762 0.999410927 -0.018194489 -12.219109535 -0.287768960 0.009055695 0.957657039 191.471405029
0.951816022 0.035335656 0.304627001 -135.599761963 -0.031072894 0.999339700 -0.018831698 -12.260265350 -0.305091262 0.008458671 0.952285528 192.831787109
0.945802987 0.039012760 0.322389096 -135.160003662 -0.033790786 0.999191582 -0.021780508 -12.301827431 -0.322978169 0.009706289 0.946356654 194.205169678
0.939767480 0.039780591 0.339491636 -134.682983398 -0.032861218 0.999118865 -0.026108550 -12.351488113 -0.340231121 0.013379857 0.940246642 195.558990479
0.933351099 0.040956981 0.356620669 -134.183303833 -0.033040788 0.999054253 -0.028264187 -12.406388283 -0.357441008 0.014597384 0.933821619 196.923507690
0.926540017 0.041615207 0.373887300 -133.639480591 -0.031334985 0.998946190 -0.033534795 -12.470886230 -0.374888837 0.019355578 0.926867664 198.299331665
0.918606281 0.044850592 0.392620534 -133.078674316 -0.031911157 0.998712838 -0.039425019 -12.536294937 -0.393883407 0.023687096 0.918855131 199.660736084
0.909021497 0.048224065 0.413949758 -132.484481812 -0.033364348 0.998515368 -0.043057300 -12.613002777 -0.415411592 0.025328845 0.909280837 201.027679443
0.897889376 0.050936218 0.437264383 -131.842437744 -0.035066172 0.998402834 -0.044296581 -12.698333740 -0.438822299 0.024440242 0.898241460 202.386306763
