1.000000000 0.000000000 0.000000000 0.000000000 0.000000000 1.000000000 0.000000000 0.000000000 0.000000000 0.000000000 1.000000000 0.000000000
0.999997497 0.000908417 0.002042170 -0.007091509 -0.000906276 0.999999046 -0.001048987 -0.018176112 -0.002043121 0.001047134 0.999997377 1.234618425
0.999993563 0.001308051 0.003340973 -0.006194800 -0.001306458 0.999999046 -0.000478984 -0.040133506 -0.003341596 0.000474616 0.999994278 2.455059290
0.999990225 0.000855096 0.004338161 -0.003562805 -0.000854421 0.999999642 -0.000157474 -0.061326042 -0.004338294 0.000153765 0.999990582 3.671884537
0.999984980 0.000507842 0.005462779 -0.003212856 -0.000507938 0.999999881 0.000016103 -0.085155413 -0.005462770 -0.000018878 0.999985099 4.871478081
0.999979615 0.000186807 0.006377685 0.000600804 -0.000188215 0.999999940 0.000220162 -0.106767327 -0.006377643 -0.000221358 0.999979615 6.084805489
0.999974906 0.000370906 0.007074813 0.005701195 -0.000364915 0.999999583 -0.000848067 -0.130445242 -0.007075125 0.000845464 0.999974608 7.292714119
0.999969065 0.000282457 0.007857910 0.008954001 -0.000275136 0.999999523 -0.000932791 -0.152504265 -0.007858170 0.000930600 0.999968708 8.499085426
0.999970496 -0.000700722 0.007649445 0.018270483 0.000695820 0.999999523 0.000643408 -0.174285233 -0.007649893 -0.000638067 0.999970555 9.703822136
0.999979079 -0.000999036 0.006387018 0.027407734 0.000990618 0.999998629 0.001320969 -0.192956179 -0.006388329 -0.001314615 0.999978721 10.928573608
0.999989092 -0.002313411 0.004063465 0.025981693 0.002309328 0.999996841 0.001009308 -0.214122802 -0.004065787 -0.000999913 0.999991238 12.133258820
0.999995768 -0.002189456 0.001910144 0.022683345 0.002188745 0.999997556 0.000374317 -0.228780538 -0.001910959 -0.000370135 0.999998093 13.350230217
0.999997973 -0.001811790 0.000855203 0.017016569 0.001811479 0.999998271 0.000364314 -0.254563719 -0.000855862 -0.000362764 0.999999583 14.568554878
0.999999940 -0.000309353 -0.000049925 0.013083239 0.000309355 0.999999940 0.000045087 -0.272755921 0.000049911 -0.000045102 1.000000000 15.788738251
0.999999702 -0.000344765 -0.000712277 0.011189499 0.000344905 0.999999940 0.000195540 -0.293136328 0.000712210 -0.000195786 0.999999702 16.997850418
0.999998927 -0.001003784 -0.001075328 0.000715899 0.001004415 0.999999344 0.000585930 -0.314563245 0.001074739 -0.000587010 0.999999225 18.215322495
0.999997258 -0.001518450 -0.001797097 -0.002504066 0.001520552 0.999998152 0.001168974 -0.338567257 0.001795319 -0.001171703 0.999997675 19.428184509
0.999996126 -0.001187449 -0.002521646 -0.014788046 0.001187297 0.999999285 -0.000062008 -0.354630888 0.002521718 0.000059013 0.999996841 20.641510010
0.999994636 -0.001158415 -0.003056282 -0.016575398 0.001156175 0.999999046 -0.000734807 -0.376278758 0.003057131 0.000731270 0.999995053 21.848821640
0.999992728 -0.000163699 -0.003809958 -0.027446320 0.000162606 0.999999940 -0.000287277 -0.396342576 0.003810005 0.000286656 0.999992728 23.059032440
0.999988854 -0.000667877 -0.004673563 -0.035736665 0.000666557 0.999999762 -0.000283949 -0.417647570 0.004673752 0.000280831 0.999989033 24.271575928
0.999984860 -0.000389586 -0.005494154 -0.048983414 0.000384985 0.999999583 -0.000838430 -0.439523041 0.005494478 0.000836302 0.999984562 25.486135483
0.999980688 -0.000384532 -0.006202891 -0.063250899 0.000383217 0.999999881 -0.000213260 -0.461609662 0.006202972 0.000210879 0.999980748 26.697418213
0.999974966 -0.001546364 -0.006905768 -0.077488460 0.001557261 0.999997556 0.001572872 -0.480877668 0.006903319 -0.001583586 0.999974906 27.916814804
0.999968112 -0.001798685 -0.007783730 -0.090859912 0.001810147 0.999997258 0.001465763 -0.500011861 0.007781072 -0.001479806 0.999968648 29.129499435
0.999961019 -0.002520735 -0.008460002 -0.105665043 0.002528058 0.999996424 0.000855051 -0.520431519 0.008457816 -0.000876405 0.999963820 30.341136932
0.999951184 -0.002564576 -0.009539365 -0.116887942 0.002564943 0.999996722 0.000026257 -0.542205691 0.009539266 -0.000050724 0.999954522 31.548135757
0.999944270 -0.001857469 -0.010393343 -0.134833932 0.001860725 0.999998212 0.000303602 -0.567115486 0.010392761 -0.000322924 0.999945939 32.758346558
0.999937892 -0.002549765 -0.010850054 -0.153039306 0.002557356 0.999996483 0.000685862 -0.586066902 0.010848267 -0.000713567 0.999940872 33.981075287
0.999929607 -0.002890966 -0.011505954 -0.170260295 0.002902761 0.999995291 0.001008511 -0.608362854 0.011502984 -0.001041839 0.999933302 35.185420990
0.999924898 -0.003320586 -0.011799213 -0.191852033 0.003332429 0.999993980 0.000984177 -0.631660581 0.011795875 -0.001023423 0.999929905 36.393180847
0.999913752 -0.003652337 -0.012613313 -0.207373932 0.003663617 0.999992907 0.000871365 -0.650746942 0.012610041 -0.000917500 0.999920070 37.596912384
0.999909937 -0.004480231 -0.012649322 -0.227237597 0.004498965 0.999988794 0.001452988 -0.668708801 0.012642670 -0.001509766 0.999918938 38.818626404
0.999909759 -0.003931451 -0.012843744 -0.238515928 0.003963719 0.999989033 0.002487857 -0.685538590 0.012833823 -0.002538542 0.999914408 40.042171478
0.999911606 -0.003667842 -0.012777894 -0.259063631 0.003710353 0.999987662 0.003304819 -0.706722021 0.012765615 -0.003351938 0.999912918 41.265495300
0.999918699 -0.003114561 -0.012363714 -0.285182953 0.003152570 0.999990344 0.003055906 -0.725998640 0.012354077 -0.003094635 0.999918878 42.478557587
0.999923825 -0.001791502 -0.012211059 -0.307360709 0.001827267 0.999994099 0.002918435 -0.738515496 0.012205758 -0.002940525 0.999921203 43.702899933
0.999936759 0.000671987 -0.011226750 -0.336552680 -0.000615930 0.999987304 0.004995928 -0.758569241 0.011229965 -0.004988697 0.999924481 44.926467896
0.999950171 0.000345878 -0.009973834 -0.346393883 -0.000268372 0.999969780 0.007771218 -0.770982742 0.009976220 -0.007768155 0.999920070 46.147247314
0.999965072 0.001188211 -0.008275814 -0.360445529 -0.001100835 0.999943674 0.010554556 -0.780816257 0.008287890 -0.010545077 0.999910057 47.370925903
0.999974310 0.001786076 -0.006942995 -0.375269175 -0.001689270 0.999901652 0.013923921 -0.787910402 0.006967181 -0.013911834 0.999878943 48.583408356
0.999982476 0.001292338 -0.005781296 -0.385817885 -0.001202492 0.999878883 0.015517428 -0.795170009 0.005800649 -0.015510203 0.999862909 49.799312592
0.999991894 -0.000561221 -0.003992587 -0.395540625 0.000615835 0.999906063 0.013690878 -0.794205785 0.003984529 -0.013693225 0.999898314 51.035732269
0.999994874 0.000241576 -0.003196927 -0.398275018 -0.000203391 0.999928713 0.011939081 -0.793819606 0.003199584 -0.011938369 0.999923587 52.263702393
0.999997318 0.000231920 -0.002316435 -0.409804463 -0.000205326 0.999934137 0.011474108 -0.803901732 0.002318943 -0.011473602 0.999931514 53.481018066
0.999997556 -0.000231271 -0.002212150 -0.418527186 0.000255560 0.999939620 0.010985594 -0.809302449 0.002209476 -0.010986133 0.999937236 54.702594757
0.999994993 -0.000832726 -0.003058061 -0.427166164 0.000862712 0.999951422 0.009817247 -0.812558830 0.003049738 -0.009819836 0.999947131 55.923377991
0.999988079 -0.000686772 -0.004834754 -0.435733259 0.000735994 0.999947846 0.010186507 -0.820680201 0.004827506 -0.010189944 0.999936402 57.152248383
0.999981225 -0.000753343 -0.006079858 -0.449129671 0.000823632 0.999932766 0.011566666 -0.829415500 0.006070735 -0.011571457 0.999914646 58.374782562
0.999973178 -0.000926512 -0.007267860 -0.460024893 0.001015006 0.999925256 0.012181886 -0.842203915 0.007256031 -0.012188937 0.999899387 59.589443207
0.999969184 0.000322085 -0.007844168 -0.480279267 -0.000228851 0.999929368 0.011883840 -0.849505484 0.007847441 -0.011881678 0.999898612 60.807956696
0.999963403 0.000528079 -0.008542357 -0.493226826 -0.000427865 0.999931097 0.011728967 -0.855705023 0.008547963 -0.011724882 0.999894738 62.024333954
0.999959886 -0.000344953 -0.008950748 -0.508612931 0.000445696 0.999936581 0.011255697 -0.866314292 0.008946298 -0.011259235 0.999896586 63.242282867
0.999957621 -0.001554019 -0.009071169 -0.525333345 0.001648851 0.999943972 0.010456142 -0.878347039 0.009054412 -0.010470657 0.999904215 64.460601807
0.999953866 -0.001831667 -0.009426114 -0.540271401 0.001943072 0.999928236 0.011823292 -0.885772347 0.009403782 -0.011841062 0.999885678 65.680885315
0.999949753 -0.002187456 -0.009781672 -0.556912005 0.002318877 0.999906957 0.013444312 -0.894920409 0.009751352 -0.013466319 0.999861777 66.905303955
0.999948025 -0.001516172 -0.010081597 -0.569694638 0.001634649 0.999929607 0.011754038 -0.903097034 0.010063066 -0.011769907 0.999880075 68.133155823
0.999948204 -0.000186167 -0.010176398 -0.590900958 0.000293032 0.999944806 0.010500803 -0.906840980 0.010173881 -0.010503241 0.999893069 69.349113464
0.999945343 0.002036902 -0.010257162 -0.613130033 -0.001927317 0.999941111 0.010682343 -0.914253592 0.010278317 -0.010661989 0.999890327 70.557289124
0.999941170 0.003824300 -0.010148125 -0.634194016 -0.003715179 0.999935329 0.010749989 -0.923227966 0.010188580 -0.010711655 0.999890745 71.767204285
0.999934793 0.005537827 -0.009986760 -0.651461720 -0.005424832 0.999921381 0.011306304 -0.933835030 0.010048587 -0.011251391 0.999886215 72.976921082
0.999943852 0.006046523 -0.008705366 -0.673130631 -0.005940058 0.999907911 0.012204170 -0.942393839 0.008778358 -0.012151774 0.999887645 74.180969238
0.999945998 0.007752817 -0.006922910 -0.687122464 -0.007660872 0.999883413 0.013210441 -0.953337073 0.007024521 -0.013156692 0.999888778 75.382896423
0.999969900 0.006314285 -0.004512978 -0.692737460 -0.006264777 0.999920964 0.010901404 -0.960971415 0.004581456 -0.010872802 0.999930382 76.585578918
0.999990344 0.003994308 -0.001822201 -0.697451413 -0.003983516 0.999974728 0.005887880 -0.972101033 0.001845673 -0.005880564 0.999980986 77.766548157
0.999986053 0.005257650 0.000550526 -0.701503456 -0.005260494 0.999972105 0.005297245 -0.980581343 -0.000522660 -0.005300066 0.999985814 78.952651978
0.999984622 0.004416513 0.003354966 -0.699758708 -0.004446299 0.999950290 0.008923209 -0.994746268 -0.003315390 -0.008937989 0.999954581 80.139846802
0.999967158 0.004435377 0.006784511 -0.696666598 -0.004504084 0.999938369 0.010145425 -1.005612254 -0.006739094 -0.010175650 0.999925494 81.320396423
0.999925733 0.004991406 0.011115678 -0.691329360 -0.005082265 0.999953806 0.008160715 -1.013436675 -0.011074431 -0.008216602 0.999904931 82.495315552
0.999890447 0.003640891 0.014348812 -0.676765740 -0.003717229 0.999979079 0.005297045 -1.027941227 -0.014329226 -0.005349802 0.999882996 83.663558960
0.999838948 0.002761358 0.017732259 -0.656948447 -0.002791986 0.999994636 0.001702720 -1.041968107 -0.017727461 -0.001751954 0.999841332 84.830520630
0.999775052 0.002222875 0.021093288 -0.635870099 -0.002239151 0.999997199 0.000748041 -1.062068582 -0.021091567 -0.000795104 0.999777257 86.004112244
0.999687731 0.002155262 0.024894848 -0.611382186 -0.002217154 0.999994516 0.002458817 -1.082653284 -0.024889413 -0.002513245 0.999687076 87.171417236
0.999591351 0.003406516 0.028381979 -0.586227238 -0.003490185 0.999989688 0.002898925 -1.102080822 -0.028371813 -0.002996799 0.999592960 88.360649109
0.999479949 0.002938765 0.032112561 -0.552839398 -0.002961485 0.999995410 0.000659972 -1.120855451 -0.032110475 -0.000754730 0.999484062 89.530120850
0.999359488 0.003365822 0.035626233 -0.522962868 -0.003313954 0.999993384 -0.001514839 -1.142159224 -0.035631094 0.001395805 0.999364018 90.701782227
0.999249160 0.003073814 0.038621437 -0.476773292 -0.003004563 0.999993801 -0.001851009 -1.161493540 -0.038626887 0.001733579 0.999252200 91.873374939
0.999139071 0.001860649 0.041444194 -0.429767430 -0.001840380 0.999998152 -0.000527214 -1.183006287 -0.041445095 0.000450487 0.999140680 93.042381287
0.999026299 0.001217282 0.044102214 -0.381776094 -0.001261319 0.999998748 0.000970687 -1.204244614 -0.044100977 -0.001025369 0.999026537 94.213569641
0.998910725 0.000599261 0.046658505 -0.328154773 -0.000726501 0.999996066 0.002710149 -1.220926046 -0.046656698 -0.002741095 0.998907208 95.392097473
0.998790681 -0.000991264 0.049155105 -0.273153871 0.000820528 0.999993563 0.003493459 -1.235601902 -0.049158249 -0.003448901 0.998785019 96.565818787
0.998683989 -0.002016756 0.051246542 -0.210917190 0.001954647 0.999997318 0.001262050 -1.253758192 -0.051248949 -0.001160220 0.998685241 97.731941223
0.998553097 -0.003319156 0.053672031 -0.151925832 0.003440182 0.999991715 -0.002162688 -1.277244806 -0.053664409 0.002344201 0.998556256 98.927307129
0.998442888 -0.002356310 0.055733953 -0.091018640 0.002638640 0.999984026 -0.004992631 -1.295506597 -0.055721298 0.005131918 0.998433173 100.120056152
0.998335838 -0.002196920 0.057625391 -0.030905776 0.002537620 0.999979734 -0.005839805 -1.317134500 -0.057611391 0.005976318 0.998321176 101.310112000
0.998314083 -0.001990436 0.058009110 0.034476601 0.002306196 0.999982893 -0.005376846 -1.341913700 -0.057997417 0.005501562 0.998301566 102.513572693
0.998365998 -0.002070549 0.057105191 0.102734104 0.002277619 0.999991059 -0.003561254 -1.366239429 -0.057097308 0.003685499 0.998361826 103.713417053
0.998429656 -0.002269318 0.055973634 0.161741883 0.002398858 0.999994576 -0.002247223 -1.384713650 -0.055968232 0.002377967 0.998429716 104.919517517
0.998538911 -0.002443857 0.053982075 0.222350255 0.002504342 0.999996305 -0.001052856 -1.412164569 -0.053979304 0.001186507 0.998541355 106.137290955
0.998670280 -0.002057346 0.051511906 0.277758867 0.002106476 0.999997377 -0.000899487 -1.425388455 -0.051509921 0.001006799 0.998671949 107.357551575
0.998826742 -0.001704832 0.048396133 0.334650159 0.001748471 0.999998093 -0.000859385 -1.447426558 -0.048394576 0.000942996 0.998827875 108.577804565
0.999009192 -0.000188962 0.044504263 0.383312523 0.000250923 0.999998987 -0.001386667 -1.463313460 -0.044503957 0.001396460 0.999008238 109.805343628
0.999177396 -0.000069377 0.040552370 0.430623114 0.000105452 0.999999583 -0.000887454 -1.484321952 -0.040552292 0.000891001 0.999177039 111.034599304
0.999329209 0.000580066 0.036616419 0.468985915 -0.000581568 0.999999821 0.000030356 -1.504066825 -0.036616392 -0.000051631 0.999329388 112.266029358
0.999472857 0.000775125 0.032457165 0.499789953 -0.000811059 0.999999046 0.001093979 -1.525260329 -0.032456286 -0.001119727 0.999472499 113.503532410
0.999610007 0.000768918 0.027913878 0.532677114 -0.000816637 0.999998212 0.001698153 -1.546541810 -0.027912522 -0.001720286 0.999608874 114.732765198
0.999733031 0.001101703 0.023079019 0.553776681 -0.001136851 0.999998212 0.001509903 -1.560014725 -0.023077315 -0.001535737 0.999732494 115.967620850
0.999833763 0.002219502 0.018096803 0.573336184 -0.002246533 0.999996364 0.001473499 -1.577479839 -0.018093467 -0.001513909 0.999835134 117.216270447
0.999914765 0.002529030 0.012809232 0.591250539 -0.002544457 0.999996066 0.001188189 -1.595299244 -0.012806177 -0.001220681 0.999917269 118.459915161
0.999961615 0.003241861 0.008140898 0.599177659 -0.003247370 0.999994516 0.000663472 -1.615505338 -0.008138703 -0.000689883 0.999966621 119.710166931
0.999975204 0.005297488 0.004644351 0.597558558 -0.005299272 0.999985874 0.000372059 -1.631549358 -0.004642315 -0.000396661 0.999989152 120.965774536
0.999969363 0.007346690 0.002707309 0.591037750 -0.007348490 0.999972761 0.000655353 -1.651132107 -0.002702420 -0.000675228 0.999996126 122.222656250
0.999962509 0.008491931 0.001678218 0.588259459 -0.008492378 0.999963880 0.000258759 -1.669247270 -0.001675960 -0.000273001 0.999998569 123.485702515
0.999943495 0.010623194 0.000328844 0.582367301 -0.010623448 0.999943256 0.000776881 -1.692653298 -0.000320573 -0.000780331 0.999999642 124.746780396
0.999930978 0.011728901 -0.000720292 0.578898311 -0.011727959 0.999930382 0.001299315 -1.705620527 0.000735481 -0.001290778 0.999998868 126.013298035
0.999929786 0.011777929 -0.001316491 0.571486235 -0.011775436 0.999928892 0.001886121 -1.726168513 0.001338612 -0.001870486 0.999997377 127.280540466
0.999881387 0.015216589 -0.002377700 0.562188506 -0.015207306 0.999876857 0.003874958 -1.743006229 0.002436371 -0.003838340 0.999989688 128.544570923
0.999864936 0.016206920 -0.002725974 0.542448401 -0.016187048 0.999843359 0.007160562 -1.756149411 0.002841597 -0.007115469 0.999970675 129.815948486
0.999882817 0.014974275 -0.003181528 0.533477485 -0.014953185 0.999866724 0.006552433 -1.764986038 0.003279221 -0.006504091 0.999973476 131.090713501
0.999881327 0.014969557 -0.003636288 0.518722117 -0.014950840 0.999875128 0.005120918 -1.779825211 0.003712491 -0.005065945 0.999980271 132.369934082
0.999918520 0.011934669 -0.004530766 0.510590553 -0.011905871 0.999909103 0.006330694 -1.791647792 0.004605908 -0.006276235 0.999969721 133.648452759
0.999935925 0.009903898 -0.005487847 0.505860686 -0.009859331 0.999918699 0.008089602 -1.806109905 0.005567519 -0.008034976 0.999952197 134.938949585
0.999961019 0.006664873 -0.005791993 0.499263406 -0.006605507 0.999926090 0.010209036 -1.819522738 0.005859607 -0.010170380 0.999931097 136.216430664
0.999975562 0.004383275 -0.005443978 0.476682842 -0.004320643 0.999924958 0.011463780 -1.832087636 0.005493818 -0.011439978 0.999919474 137.500000000
0.999980628 0.000489636 -0.006208123 0.488561481 -0.000431393 0.999955893 0.009379558 -1.839225769 0.006212442 -0.009376698 0.999936759 138.784210205
0.999977291 -0.002270352 -0.006343109 0.477520734 0.002322624 0.999963284 0.008245506 -1.845986485 0.006324156 -0.008260052 0.999945879 140.068695068
0.999975979 -0.003036351 -0.006227030 0.477149069 0.003085917 0.999963522 0.007965622 -1.853691339 0.006202616 -0.007984646 0.999948859 141.369308472
0.999979615 -0.003429742 -0.005390735 0.456087023 0.003474780 0.999958932 0.008367680 -1.864172220 0.005361815 -0.008386240 0.999950469 142.659149170
0.999983132 -0.002673085 -0.005157115 0.453903496 0.002725688 0.999944031 0.010220204 -1.874029994 0.005129507 -0.010234089 0.999934494 143.961608887
0.999989867 -0.000172480 -0.004500340 0.440293908 0.000225528 0.999930501 0.011789845 -1.884126425 0.004497993 -0.011790741 0.999920368 145.255493164
0.999993980 -0.000594204 -0.003415075 0.426177740 0.000628404 0.999949574 0.010022234 -1.889069438 0.003408948 -0.010024319 0.999943972 146.562744141
0.999994040 0.000086341 -0.003456789 0.419240415 -0.000057151 0.999964356 0.008443478 -1.904827833 0.003457395 -0.008443230 0.999958396 147.834945679
0.999996126 -0.000150129 -0.002782268 0.408764333 0.000166211 0.999983251 0.005780686 -1.915574789 0.002781354 -0.005781126 0.999979436 149.131423950
0.999996066 -0.000785673 -0.002683060 0.402968079 0.000790085 0.999998331 0.001643788 -1.931245565 0.002681765 -0.001645901 0.999995053 150.424957275
0.999997437 -0.000738883 -0.002131042 0.393526435 0.000734824 0.999997914 -0.001905031 -1.952386856 0.002132445 0.001903460 0.999995887 151.713653564
0.999997735 -0.001017544 -0.001861504 0.385281950 0.001012237 0.999995410 -0.002849569 -1.975396633 0.001864395 0.002847678 0.999994218 153.004394531
0.999998331 -0.001024945 -0.001529197 0.373818070 0.001020816 0.999995828 -0.002698411 -1.999948859 0.001531957 0.002696845 0.999995172 154.284698486
0.999997973 -0.000649536 -0.001905154 0.369727731 0.000645958 0.999998033 -0.001877859 -2.027403593 0.001906370 0.001876624 0.999996424 155.561599731
0.999997795 -0.000341584 -0.002081942 0.359162152 0.000339411 0.999999404 -0.001043755 -2.048644066 0.002082297 0.001043046 0.999997318 156.848587036
0.999997079 0.000293135 -0.002388220 0.350530148 -0.000294281 0.999999821 -0.000479286 -2.074264050 0.002388079 0.000479987 0.999997020 158.125274658
0.999995053 0.000293049 -0.003123239 0.347302675 -0.000295640 0.999999583 -0.000829308 -2.096052647 0.003122995 0.000830227 0.999994755 159.402542114
0.999992073 0.000775010 -0.003911299 0.339700162 -0.000777174 0.999999523 -0.000551790 -2.119692802 0.003910869 0.000554826 0.999992192 160.687438965
0.999989629 0.000571469 -0.004520154 0.326741755 -0.000569568 0.999999762 0.000421838 -2.135122299 0.004520393 -0.000419259 0.999989688 161.968444824
0.999984980 0.001973272 -0.005115446 0.313046187 -0.001970232 0.999997854 0.000599088 -2.156025410 0.005116617 -0.000589000 0.999986708 163.250839233
0.999982297 0.002278600 -0.005492018 0.297723800 -0.002279710 0.999997377 -0.000195878 -2.180250645 0.005491557 0.000208395 0.999984920 164.546890259
0.999975741 0.002768532 -0.006387424 0.284694403 -0.002778600 0.999994934 -0.001567918 -2.202532530 0.006383051 0.001585628 0.999978364 165.827194214
0.999969661 0.003245692 -0.007080270 0.272216320 -0.003255662 0.999993742 -0.001397043 -2.227622509 0.007075692 0.001420051 0.999973953 167.108383179
0.999966204 0.002409698 -0.007863303 0.260889679 -0.002430553 0.999993563 -0.002643672 -2.252019644 0.007856881 0.002662694 0.999965608 168.390258789
0.999956250 0.003237404 -0.008775095 0.244207740 -0.003268675 0.999988377 -0.003551631 -2.276375532 0.008763494 0.003580158 0.999955177 169.677917480
0.999947429 0.003998799 -0.009444335 0.230028152 -0.004030685 0.999986231 -0.003359636 -2.299909115 0.009430770 0.003397526 0.999949753 170.961669922
0.999939919 0.004252773 -0.010104503 0.210409746 -0.004271582 0.999989212 -0.001840594 -2.329353094 0.010096566 0.001883646 0.999947250 172.247192383
0.999927998 0.004304955 -0.011201143 0.196010098 -0.004321254 0.999989629 -0.001431359 -2.353801250 0.011194865 0.001479659 0.999936223 173.532119751
0.999924183 0.004224615 -0.011564919 0.174111947 -0.004234985 0.999990642 -0.000872362 -2.380511522 0.011561125 0.000921273 0.999932766 174.814865112
0.999910474 0.004665228 -0.012542438 0.154504210 -0.004672809 0.999988914 -0.000575229 -2.403684855 0.012539616 0.000633786 0.999921203 176.090728760
0.999902546 0.005192799 -0.012960690 0.131071270 -0.005212868 0.999985278 -0.001515158 -2.429344177 0.012952631 0.001582573 0.999914885 177.376251221
0.999883056 0.006248084 -0.013958862 0.118906133 -0.006276550 0.999978304 -0.001996394 -2.449685574 0.013946085 0.002083774 0.999900579 178.671569824
0.999881566 0.005889108 -0.014220032 0.088623300 -0.005911203 0.999981403 -0.001512214 -2.481440067 0.014210861 0.001596092 0.999897718 179.950637817
0.999882102 0.005614690 -0.014291155 0.064611137 -0.005657170 0.999979675 -0.002933768 -2.502022028 0.014274393 0.003014270 0.999893546 181.238647461
0.999884725 0.004827566 -0.014394469 0.038340986 -0.004886770 0.999979734 -0.004080636 -2.533420086 0.014374477 0.004150508 0.999888062 182.519241333
0.999884307 0.001909073 -0.015091816 0.020374015 -0.001971857 0.999989450 -0.004146385 -2.554837465 0.015083741 0.004175664 0.999877512 183.801010132
0.999886572 0.002423199 -0.014864478 -0.000981969 -0.002429781 0.999996960 -0.000424715 -2.580356359 0.014863404 0.000460784 0.999889433 185.086212158
0.999885857 0.001202077 -0.015061496 -0.019785261 -0.001140979 0.999991059 0.004064504 -2.604546785 0.015066247 -0.004046855 0.999878287 186.367355347
0.999884307 0.001874321 -0.015093641 -0.043610409 -0.001820596 0.999991953 0.003572378 -2.625486851 0.015100216 -0.003544485 0.999879718 187.636306763
0.999882042 0.003165284 -0.015030864 -0.070496157 -0.003158343 0.999994874 0.000485556 -2.645230770 0.015032324 -0.000438026 0.999886930 188.894088745
0.999870598 0.003405428 -0.015721317 -0.090092950 -0.003426995 0.999993205 -0.001345091 -2.668557405 0.015716629 0.001398793 0.999875486 190.159225464
0.999872684 0.003677349 -0.015525394 -0.119983196 -0.003696713 0.999992430 -0.001218762 -2.690275669 0.015520794 0.001276000 0.999878705 191.409835815
0.999876440 0.003223819 -0.015387262 -0.141908512 -0.003222320 0.999994814 0.000122229 -2.715022564 0.015387576 -0.000072631 0.999881625 192.671249390
0.999877870 0.003060178 -0.015324552 -0.164543554 -0.003026873 0.999993026 0.002196018 -2.736516476 0.015331164 -0.002149365 0.999880135 193.935333252
0.999885678 0.002059508 -0.014978924 -0.183250219 -0.002010177 0.999992490 0.003307648 -2.762428999 0.014985624 -0.003277159 0.999882340 195.201339722
0.999904692 0.002296137 -0.013614702 -0.199827284 -0.002263433 0.999994516 0.002417057 -2.779507637 0.013620177 -0.002386011 0.999904394 196.454528809
0.999926925 0.001566272 -0.011985810 -0.224053249 -0.001558038 0.999998569 0.000696241 -2.798788309 0.011986884 -0.000677515 0.999927938 197.693618774
0.999940455 0.001251941 -0.010839308 -0.239429221 -0.001259676 0.999998927 -0.000706818 -2.818252802 0.010838412 0.000720430 0.999940991 198.932723999
0.999955297 0.000292680 -0.009452900 -0.257615626 -0.000304149 0.999999225 -0.001211811 -2.843930244 0.009452538 0.001214632 0.999954581 200.165969849
0.999965847 0.000820027 -0.008222146 -0.272121102 -0.000824889 0.999999464 -0.000588020 -2.869660378 0.008221660 0.000594782 0.999966025 201.398284912
0.999976635 0.000242018 -0.006828979 -0.288250595 -0.000232239 0.999998927 0.001432781 -2.894080162 0.006829319 -0.001431162 0.999975681 202.622558594
0.999984145 0.001067809 -0.005529865 -0.301989615 -0.001058327 0.999997973 0.001717414 -2.915365219 0.005531687 -0.001711534 0.999983251 203.846115112
0.999989510 0.001360193 -0.004368134 -0.315264463 -0.001351278 0.999997020 0.002043122 -2.940433979 0.004370900 -0.002037198 0.999988377 205.063507080
0.999990582 0.001359830 -0.004118346 -0.314482242 -0.001352003 0.999997258 0.001902598 -2.958201408 0.004120922 -0.001897012 0.999989688 206.274993896
0.999996781 0.001372459 -0.002145046 -0.340928167 -0.001367269 0.999996126 0.002418787 -2.986868620 0.002148357 -0.002415846 0.999994755 207.489639282
0.999997318 0.001696845 -0.001567149 -0.345556676 -0.001693060 0.999995649 0.002413126 -3.007377148 0.001571237 -0.002410466 0.999995887 208.695175171
0.999998510 0.001625344 -0.000567334 -0.352380037 -0.001624013 0.999995947 0.002337214 -3.026360273 0.000571130 -0.002336289 0.999997079 209.875991821
0.999999881 0.000519161 0.000163998 -0.360194802 -0.000519534 0.999997258 0.002279340 -3.045176506 -0.000162815 -0.002279425 0.999997377 211.058364868
0.999999642 0.000722194 0.000377872 -0.366339117 -0.000723310 0.999995351 0.002961485 -3.062958956 -0.000375731 -0.002961757 0.999995530 212.214645386
1.000000000 0.000062064 -0.000089637 -0.368241578 -0.000061713 0.999992371 0.003908772 -3.083172560 0.000089879 -0.003908766 0.999992371 213.357238770
0.999999702 0.000249567 -0.000734306 -0.374837160 -0.000246669 0.999992192 0.003943466 -3.104386330 0.000735284 -0.003943284 0.999991953 214.489456177
0.999999225 0.000704516 -0.001015907 -0.383587182 -0.000701503 0.999995351 0.002963837 -3.126935720 0.001017990 -0.002963123 0.999995112 215.597015381
0.999998450 0.001004064 -0.001453174 -0.392019957 -0.001000914 0.999997139 0.002166698 -3.146196842 0.001455345 -0.002165240 0.999996603 216.697814941
0.999997258 0.000702552 -0.002223247 -0.398238897 -0.000697849 0.999997497 0.002115561 -3.169018745 0.002224728 -0.002114003 0.999995291 217.774780273
0.999994576 0.000231875 -0.003280698 -0.407431424 -0.000225362 0.999998033 0.001985528 -3.187852621 0.003281152 -0.001984778 0.999992669 218.849868774
0.999987125 -0.000261163 -0.005070091 -0.416348308 0.000276510 0.999995410 0.003026519 -3.211045980 0.005069278 -0.003027881 0.999982595 219.907897949
0.999976516 -0.001215150 -0.006742798 -0.433146268 0.001246780 0.999988258 0.004688736 -3.232001305 0.006737021 -0.004697032 0.999966264 220.960037231
0.999957263 -0.001041443 -0.009187406 -0.442033380 0.001101546 0.999978006 0.006539275 -3.250123739 0.009180393 -0.006549116 0.999936402 222.000167847
0.999933720 -0.000300912 -0.011509003 -0.459233552 0.000374173 0.999979675 0.006363914 -3.266174316 0.011506855 -0.006367799 0.999913514 223.020309448
0.999896288 0.000045074 -0.014399875 -0.475372851 0.000038469 0.999983191 0.005801299 -3.280331612 0.014399895 -0.005801251 0.999879479 224.019699097
0.999865651 0.000263976 -0.016390843 -0.507903516 -0.000164374 0.999981523 0.006077728 -3.297384739 0.016392145 -0.006074217 0.999847174 224.996505737
0.999808371 0.000704266 -0.019564608 -0.532713890 -0.000581528 0.999980092 0.006278452 -3.310243845 0.019568641 -0.006265872 0.999788880 225.953857422
0.999746561 0.000912455 -0.022495054 -0.558906615 -0.000770546 0.999979734 0.006316347 -3.330039978 0.022500362 -0.006297413 0.999727011 226.891647339
0.999670684 0.000803909 -0.025650032 -0.582441986 -0.000661557 0.999984324 0.005557770 -3.342451334 0.025654098 -0.005538971 0.999655545 227.812683105
0.999584615 0.000857496 -0.028806888 -0.614971876 -0.000719757 0.999988258 0.004791500 -3.357958794 0.028810658 -0.004768775 0.999573529 228.698730469
0.999478817 0.001882534 -0.032225706 -0.646345317 -0.001731523 0.999987364 0.004713319 -3.376039505 0.032234173 -0.004655064 0.999469519 229.571716309
0.999374330 0.001901295 -0.035318382 -0.679146826 -0.001756586 0.999989927 0.004127841 -3.392877340 0.035325877 -0.004063219 0.999367595 230.416122437
0.999287784 0.003882889 -0.037534107 -0.719955862 -0.003738238 0.999985337 0.003923273 -3.408640146 0.037548792 -0.003780167 0.999287665 231.247299194
0.999248505 0.004329634 -0.038517799 -0.753084838 -0.004163056 0.999981642 0.004403869 -3.421542406 0.038536161 -0.004240208 0.999248207 232.056869507
0.999267638 0.004575451 -0.037990332 -0.789807141 -0.004362943 0.999974370 0.005674781 -3.438402176 0.038015325 -0.005504875 0.999261975 232.846847534
0.999290884 0.004771082 -0.037349813 -0.825725496 -0.004542674 0.999970496 0.006197858 -3.450848103 0.037378281 -0.006023794 0.999283016 233.611785889
0.999307275 0.004677562 -0.036920089 -0.858260274 -0.004462147 0.999972522 0.005914878 -3.465905905 0.036946744 -0.005746038 0.999300718 234.364578247
0.999321699 0.005407976 -0.036426440 -0.891489685 -0.005263878 0.999977946 0.004050583 -3.478009701 0.036447544 -0.003856091 0.999328136 235.101119995
0.999358892 0.005348624 -0.035401277 -0.920611322 -0.005286536 0.999984324 0.001847216 -3.491601467 0.035410602 -0.001658882 0.999371469 235.841323853
0.999392331 0.005736229 -0.034381147 -0.947746634 -0.005731789 0.999983549 0.000227703 -3.500137329 0.034381889 -0.000030500 0.999408782 236.576690674
0.999432445 0.006241957 -0.033102520 -0.974713206 -0.006243577 0.999980509 0.000054403 -3.520567417 0.033102214 0.000152306 0.999451935 237.318466187
0.999493301 0.005218907 -0.031399578 -0.993874669 -0.005229527 0.999986291 -0.000256112 -3.533119917 0.031397812 0.000420187 0.999506891 238.045486450
0.999545574 0.005411363 -0.029654440 -1.019355893 -0.005412822 0.999985337 0.000031069 -3.551957369 0.029654173 0.000129460 0.999560237 238.770538330
0.999597073 0.005263713 -0.027891761 -1.033943057 -0.005271759 0.999986053 -0.000214979 -3.564855099 0.027890241 0.000361931 0.999610901 239.499328613
0.999659717 0.004715719 -0.025656374 -1.058200598 -0.004730016 0.999988675 -0.000496601 -3.581886768 0.025653742 0.000617787 0.999670684 240.212997437
0.999726117 0.004422398 -0.022981532 -1.075354457 -0.004419208 0.999990225 0.000189611 -3.597689152 0.022982147 -0.000087999 0.999735892 240.928405762
0.999799907 0.003549096 -0.019684996 -1.089161634 -0.003537850 0.999993563 0.000606114 -3.608936787 0.019687021 -0.000536351 0.999806046 241.652572632
0.999857187 0.002929206 -0.016644884 -1.098427653 -0.002911556 0.999995172 0.001084482 -3.623054028 0.016647980 -0.001035864 0.999860883 242.359634399
0.999903321 0.002653416 -0.013648715 -1.112843037 -0.002641692 0.999996126 0.000876925 -3.634912968 0.013650988 -0.000840785 0.999906480 243.060073853
0.999936879 0.002007051 -0.011055659 -1.116862655 -0.002001079 0.999997854 0.000551143 -3.649102926 0.011056742 -0.000528985 0.999938726 243.754898071
0.999966860 0.002387047 -0.007784752 -1.127365708 -0.002383653 0.999997079 0.000445269 -3.661607027 0.007785792 -0.000426698 0.999969602 244.465835571
0.999982536 0.003249248 -0.004937495 -1.133908033 -0.003251334 0.999994636 -0.000414479 -3.673179388 0.004936121 0.000430526 0.999987721 245.162658691
0.999993265 0.003106149 -0.001950201 -1.136329293 -0.003108204 0.999994636 -0.001051944 -3.685070753 0.001946923 0.001057998 0.999997556 245.865249634
0.999993443 0.003518436 0.000840755 -1.136783004 -0.003518434 0.999993801 -0.000004159 -3.698624134 -0.000840765 0.000001201 0.999999642 246.571304321
0.999985695 0.003951518 0.003599976 -1.140186071 -0.003952777 0.999992132 0.000342621 -3.710062981 -0.003598593 -0.000356846 0.999993443 247.277496338
0.999975860 0.003602591 0.005940518 -1.134946942 -0.003603694 0.999993503 0.000174896 -3.721621513 -0.005939849 -0.000196300 0.999982357 247.992172241
0.999961913 0.003827531 0.007843340 -1.127511501 -0.003815114 0.999991417 -0.001597462 -3.733885288 -0.007849387 0.001567478 0.999967992 248.710754395
0.999944389 0.003677140 0.009882745 -1.125229239 -0.003642004 0.999987006 -0.003570914 -3.748621941 -0.009895748 0.003534723 0.999944806 249.424423218
0.999937952 0.003106623 0.010695247 -1.117660522 -0.003048995 0.999980748 -0.005400326 -3.758680820 -0.010711818 0.005367381 0.999928236 250.145706177
0.999935985 0.003121465 0.010875737 -1.112901330 -0.003058315 0.999978423 -0.005818280 -3.773046255 -0.010893664 0.005784647 0.999923944 250.868667603
0.999937654 0.002125347 0.010961246 -1.104399681 -0.002055889 0.999977767 -0.006344077 -3.789899588 -0.010974485 0.006321146 0.999919772 251.602355957
0.999934971 0.003016580 0.010997178 -1.097085118 -0.002945499 0.999974728 -0.006474095 -3.807054996 -0.011016429 0.006441282 0.999918580 252.343261719
0.999926984 0.003921650 0.011431444 -1.090436697 -0.003840692 0.999967456 -0.007095415 -3.822018862 -0.011458897 0.007050992 0.999909461 253.088836670
0.999930203 0.002500909 0.011546231 -1.080257773 -0.002398466 0.999957740 -0.008877807 -3.839930296 -0.011567946 0.008849494 0.999893904 253.840469360
0.999930859 -0.001130212 0.011702715 -1.065788865 0.001262572 0.999935269 -0.011308982 -3.853827000 -0.011689176 0.011322976 0.999867558 254.606857300
0.999916553 -0.004461261 0.012122807 -1.049045086 0.004606332 0.999917805 -0.011965314 -3.873121262 -0.012068430 0.012020157 0.999854922 255.376998901
0.999916017 -0.001794282 0.012836086 -1.046924472 0.001898649 0.999965191 -0.008123184 -3.886515856 -0.012821063 0.008146873 0.999884605 256.155731201
0.999909997 0.002220886 0.013233148 -1.042737007 -0.002196018 0.999995768 -0.001893455 -3.903280497 -0.013237298 0.001864225 0.999910653 256.960632324
0.999899924 0.001123576 0.014104424 -1.032421350 -0.001147279 0.999997914 0.001672528 -3.919920206 -0.014102516 -0.001688542 0.999899149 257.754852295
0.999867499 0.000326399 0.016275458 -1.017999530 -0.000317037 0.999999762 -0.000577785 -3.931658506 -0.016275642 0.000572549 0.999867380 258.551361084
0.999793708 0.000996940 0.020287579 -1.003934026 -0.000854926 0.999975085 -0.007007555 -3.939362288 -0.020294059 0.006988764 0.999769628 259.352294922
0.999703228 0.003278421 0.024140026 -0.990463555 -0.003031279 0.999942720 -0.010267347 -3.958507061 -0.024172304 0.010191125 0.999655843 260.173309326
0.999611855 0.005076037 0.027393626 -0.975809753 -0.004795273 0.999935389 -0.010305232 -3.971713305 -0.027444165 0.010169872 0.999571621 260.997955322
0.999532342 0.003194941 0.030411463 -0.946642816 -0.002952914 0.999963641 -0.008000001 -3.991536140 -0.030435916 0.007906457 0.999505460 261.838592529
0.999442637 0.000737866 0.033375308 -0.914662242 -0.000580315 0.999988616 -0.004730004 -4.005458832 -0.033378419 0.004707999 0.999431670 262.693115234
0.999347329 -0.001752994 0.036080860 -0.882039547 0.001866362 0.999993443 -0.003108611 -4.023580074 -0.036075171 0.003173922 0.999344051 263.534362793
0.999224544 -0.001438023 0.039347280 -0.853505850 0.001536479 0.999995768 -0.002472102 -4.040131569 -0.039343558 0.002530641 0.999222517 264.401702881
0.999131203 0.000892046 0.041666206 -0.822912693 -0.000697092 0.999988735 -0.004693245 -4.055787563 -0.041669924 0.004660122 0.999120593 265.250793457
0.999025404 0.001685343 0.044107195 -0.788653016 -0.001378825 0.999974668 -0.006978873 -4.074267864 -0.044117842 0.006911255 0.999002457 266.116577148
0.998921394 0.001971054 0.046391416 -0.747257173 -0.001651096 0.999974608 -0.006934233 -4.091497421 -0.046403904 0.006850157 0.998899281 266.965820312
0.998753726 0.002736800 0.049835294 -0.718345821 -0.002490467 0.999984384 -0.005004372 -4.107867718 -0.049848214 0.004874022 0.998744905 267.839996338
0.998579562 0.004385786 0.053099580 -0.682808459 -0.004208805 0.999985218 -0.003444369 -4.126086712 -0.053113900 0.003215991 0.998583257 268.693359375
0.998424888 0.005602957 0.055824768 -0.634105802 -0.005397326 0.999978065 -0.003833586 -4.138241768 -0.055845022 0.003526243 0.998433232 269.563079834
0.998273969 0.005524951 0.058468524 -0.591535032 -0.005283196 0.999976873 -0.004288560 -4.156788349 -0.058490865 0.003972257 0.998280048 270.413269043
0.998122871 0.003331694 0.061152864 -0.535825670 -0.003060926 0.999985099 -0.004520879 -4.175994396 -0.061167013 0.004325208 0.998118162 271.284454346
0.998008132 0.000353077 0.063084655 -0.483066350 -0.000107226 0.999992371 -0.003900510 -4.191747665 -0.063085549 0.003885976 0.998000562 272.148498535
0.997982085 -0.000860734 0.063490555 -0.424052507 0.001096408 0.999992609 -0.003677214 -4.215113163 -0.063486919 0.003739405 0.997975647 272.994293213
0.997929335 -0.001439889 0.064303547 -0.372695744 0.001699418 0.999990642 -0.003981479 -4.229028702 -0.064297207 0.004082514 0.997922421 273.879089355
0.997903824 -0.001489110 0.064697154 -0.320357949 0.001720173 0.999992311 -0.003515904 -4.247720718 -0.064691424 0.003619824 0.997898757 274.745483398
0.997898102 -0.001529192 0.064784385 -0.270825952 0.001733865 0.999993682 -0.003103194 -4.265432358 -0.064779229 0.003208998 0.997894466 275.621032715
0.997950256 -0.000795479 0.063989133 -0.215650111 0.000948341 0.999996781 -0.002358537 -4.285566807 -0.063987046 0.002414386 0.997947812 276.486511230
0.998034060 -0.001679391 0.062651798 -0.162063539 0.001879361 0.999993324 -0.003132972 -4.306651115 -0.062646113 0.003244559 0.998030543 277.360229492
0.998122990 -0.001299178 0.061227571 -0.114926785 0.001547229 0.999990761 -0.004004058 -4.324137211 -0.061221804 0.004091276 0.998115778 278.226776123
0.998217881 0.000297169 0.059673928 -0.073657498 0.000005254 0.999987185 -0.005067705 -4.335664272 -0.059674665 0.005058987 0.998205066 279.092224121
0.998297215 0.001042744 0.058323044 -0.030513957 -0.000736239 0.999985814 -0.005276538 -4.354401588 -0.058327716 0.005224613 0.998283803 279.954315186
0.998395979 0.003102985 0.056532037 0.013567085 -0.002782018 0.999979556 -0.005755429 -4.369739532 -0.056548737 0.005588924 0.998384178 280.830627441
0.998511016 0.003614005 0.054430090 0.055074163 -0.003331736 0.999980509 -0.005275742 -4.387455463 -0.054448098 0.005086540 0.998503625 281.683288574
0.998658657 0.003659334 0.051647369 0.094662204 -0.003457531 0.999986053 -0.003996121 -4.404535294 -0.051661268 0.003812189 0.998657405 282.541717529
0.998891294 0.001978777 0.047034595 0.142773554 -0.001914810 0.999997199 -0.001405032 -4.423667431 -0.047037244 0.001313412 0.998892248 283.399383545
0.999100089 0.000895154 0.042404972 0.170742363 -0.000911552 0.999999523 0.000367365 -4.442759037 -0.042404622 -0.000405689 0.999100447 284.255615234
0.999289811 0.000913856 0.037669361 0.196344718 -0.000967357 0.999998569 0.001402073 -4.453222752 -0.037668027 -0.001437517 0.999289274 285.101440430
0.999455035 0.000174839 0.033010002 0.222493768 -0.000250086 0.999997377 0.002275396 -4.473420143 -0.033009518 -0.002282411 0.999452412 285.937469482
0.999596298 -0.000539504 0.028405894 0.241753757 0.000462115 0.999996185 0.002730913 -4.486384869 -0.028407259 -0.002716684 0.999592721 286.756225586
0.999719739 -0.001391900 0.023633270 0.258167028 0.001323116 0.999994874 0.002925855 -4.500950813 -0.023637220 -0.002893766 0.999716401 287.565948486
0.999806583 -0.001901683 0.019574516 0.270610243 0.001848648 0.999994576 0.002727119 -4.514862537 -0.019579597 -0.002690406 0.999804676 288.362304688
0.999876857 -0.001489083 0.015622382 0.278104782 0.001450536 0.999995887 0.002478449 -4.527931213 -0.015626008 -0.002455483 0.999874890 289.137054443
0.999929011 -0.001336460 0.011842248 0.282427788 0.001305848 0.999995768 0.002592338 -4.544223309 -0.011845662 -0.002576689 0.999926507 289.893341064
