1.000000000 0.000000000 0.000000000 0.000000000 0.000000000 1.000000000 0.000000000 0.000000000 0.000000000 0.000000000 1.000000000 0.000000000
0.999871373 0.001682681 0.015950840 0.011085214 -0.001664509 0.999997973 -0.001152468 0.001609173 -0.015952745 0.001125770 0.999872088 0.127110481
0.999289930 0.004467058 0.037411772 0.027259072 -0.004451203 0.999989986 -0.000507108 -0.002243466 -0.037413664 0.000340221 0.999299824 0.278682560
0.997921526 0.006129108 0.064148970 0.062377591 -0.006189085 0.999980569 0.000736284 -0.000912601 -0.064143211 -0.001131778 0.997940063 0.450063050
0.995135009 0.005843219 0.098347411 0.106827535 -0.006162820 0.999976695 0.002946241 0.000225103 -0.098327897 -0.003538005 0.995147765 0.634153306
0.990648210 0.002781685 0.136412665 0.168079823 -0.003495017 0.999981463 0.004990000 -0.000905979 -0.136396244 -0.005420099 0.990639508 0.822414398
0.984441757 -0.000084322 0.175711289 0.246918663 -0.000837114 0.999986291 0.005169909 0.001753383 -0.175709322 -0.005236564 0.984428167 1.021026373
0.975604534 -0.000135944 0.219535396 0.329170406 -0.001300261 0.999978662 0.006397515 0.002679381 -0.219531581 -0.006526897 0.975583553 1.233867407
0.963529885 0.000285865 0.267600685 0.424982756 -0.002874986 0.999952793 0.009283548 0.005126429 -0.267585397 -0.009714324 0.963485181 1.452384949
0.949073195 -0.003831387 0.315032423 0.545908153 -0.001392941 0.999865234 0.016356645 0.002843771 -0.315052629 -0.015962474 0.948939979 1.677912951
0.932142019 -0.012967085 0.361860693 0.692665100 0.004528292 0.999697864 0.024158902 0.000769984 -0.362064630 -0.020880917 0.931919098 1.903138161
0.910772085 -0.017594229 0.412534416 0.841937125 0.006466957 0.999577045 0.028353672 0.002929393 -0.412858784 -0.023155892 0.910500646 2.118399620
0.885349333 -0.019036299 0.464536518 1.011205554 0.004465724 0.999463499 0.032446023 0.006433409 -0.464904934 -0.026651572 0.884959400 2.356575012
0.856822252 -0.021048902 0.515182078 1.202237487 0.002420734 0.999319613 0.036803376 0.011553698 -0.515606165 -0.030286834 0.856290221 2.589259863
0.824375749 -0.025580134 0.565464616 1.410704851 0.003020742 0.999162972 0.040795647 0.021243896 -0.566034853 -0.031922821 0.823763013 2.811912775
0.788202822 -0.030999532 0.614634335 1.651675820 0.005108404 0.999025702 0.043835614 0.029088030 -0.615394413 -0.031411555 0.787593246 3.038518906
0.749943376 -0.034841113 0.660583913 1.881319046 0.005415311 0.998901904 0.046537131 0.030795509 -0.661479890 -0.031322945 0.749308467 3.243735313
0.709869981 -0.037935127 0.703310370 2.163159847 0.006421585 0.998855591 0.047394756 0.044896699 -0.704303443 -0.029127747 0.709301233 3.462456226
0.667760968 -0.039551772 0.743324280 2.465191364 0.005546868 0.998824060 0.048163746 0.061047465 -0.744355083 -0.028038748 0.667195082 3.678831339
0.624992132 -0.039435860 0.779634297 2.786008835 0.000514483 0.998743773 0.050106529 0.077319637 -0.780630887 -0.030915082 0.624227285 3.896755219
0.582940340 -0.039942775 0.811532557 3.139126539 -0.002538033 0.998696566 0.050977908 0.096137688 -0.812510967 -0.031776775 0.582079172 4.112881660
0.543015420 -0.041031241 0.838719666 3.523973942 -0.004304403 0.998656392 0.051642366 0.118031710 -0.839711726 -0.031652790 0.542109191 4.318232536
0.504227400 -0.043104999 0.862494528 3.942315340 -0.005946474 0.998556495 0.053381387 0.134527579 -0.863550544 -0.032045159 0.503243208 4.527059555
0.467002451 -0.042546213 0.883231938 4.377056122 -0.009003075 0.998561263 0.052862067 0.157073289 -0.884210289 -0.032638524 0.465947509 4.732242107
0.430803835 -0.041449625 0.901493251 4.863361359 -0.009874628 0.998668313 0.050636496 0.188499987 -0.902391672 -0.030716309 0.429820836 4.923707962
0.397336483 -0.040276323 0.916788697 5.358002186 -0.008624255 0.998828351 0.047618240 0.202655345 -0.917632461 -0.026827084 0.396523595 5.114107609
0.367944539 -0.038561668 0.929047883 5.888865471 -0.006502495 0.999008596 0.044040788 0.225321501 -0.929825068 -0.022245700 0.367329001 5.293188095
0.342751145 -0.036875531 0.938702226 6.445871830 -0.004965458 0.999144197 0.041062959 0.245697692 -0.939413130 -0.018735463 0.342274725 5.477984428
0.323083699 -0.036396656 0.945670366 7.038086414 -0.003561413 0.999206364 0.039673876 0.270950466 -0.946363807 -0.016185906 0.322697639 5.652657509
0.308651388 -0.036671717 0.950468063 7.659776688 -0.002647052 0.999219537 0.039412282 0.298088342 -0.951171577 -0.014680597 0.308313429 5.841623306
0.296603382 -0.038100917 0.954240382 8.299840927 -0.001847077 0.999179065 0.040469352 0.317299396 -0.954998970 -0.013765903 0.296289563 6.051290989
0.285605133 -0.040258568 0.957501531 8.956715584 -0.002844326 0.999077260 0.042855054 0.342605829 -0.958343267 -0.014963072 0.285227060 6.246753216
0.276030362 -0.041253932 0.960263252 9.657037735 -0.004047228 0.999019682 0.044082344 0.378482044 -0.961140513 -0.016054476 0.275592804 6.420837402
0.266334236 -0.043196872 0.962912381 10.375071526 -0.004610368 0.998926759 0.046087697 0.406187892 -0.963869750 -0.016714115 0.265849292 6.611556053
0.255770564 -0.044659670 0.965705395 11.111163139 -0.005571634 0.998847723 0.047668025 0.440435827 -0.966721475 -0.017572636 0.255227029 6.812967300
0.245507002 -0.046438243 0.968281984 11.860782623 -0.005487554 0.998769343 0.049291771 0.469306052 -0.969379365 -0.017414980 0.244949996 6.998254776
0.234330058 -0.047166713 0.971012235 12.651448250 -0.006385661 0.998726130 0.050053932 0.512300968 -0.972136140 -0.017929697 0.233730376 7.209049225
0.224555910 -0.050480783 0.973152876 13.444915771 -0.007679631 0.998534620 0.053569503 0.529809117 -0.974431038 -0.019502806 0.223839164 7.375986099
0.213190198 -0.053870577 0.975524485 14.248579025 -0.008941533 0.998329341 0.057083994 0.569316864 -0.976969898 -0.020892439 0.212352335 7.552771568
0.200921953 -0.057504363 0.977918029 15.063429832 -0.010116972 0.998100519 0.060769774 0.610122919 -0.979555011 -0.022103552 0.199958503 7.725673676
0.187999725 -0.060191441 0.980322957 15.868625641 -0.010157894 0.997947812 0.063221611 0.640510798 -0.982116520 -0.021843662 0.187002540 7.870431900
0.174683273 -0.060717799 0.982750952 16.689146042 -0.010751211 0.997919738 0.063566014 0.678416491 -0.984566152 -0.021669686 0.173667073 8.002159119
0.159934223 -0.059939235 0.985306263 17.509790421 -0.011865482 0.997965932 0.062635362 0.714829206 -0.987056434 -0.021708675 0.158897698 8.138506889
0.142669141 -0.058258999 0.988054454 18.344287872 -0.012441014 0.998081744 0.060646657 0.755152047 -0.989692330 -0.020944808 0.141670704 8.270328522
0.122249961 -0.056930311 0.990865409 19.188276291 -0.015265145 0.998127580 0.059230942 0.791476786 -0.992382109 -0.022366697 0.121152043 8.369800568
0.096084595 -0.055411734 0.993829727 20.015356064 -0.019604458 0.998150229 0.057548020 0.822305739 -0.995180190 -0.025012974 0.094820499 8.462806702
0.065370083 -0.054860387 0.996351898 20.870956421 -0.023566250 0.998124182 0.056504142 0.859710515 -0.997582793 -0.027173962 0.063954651 8.521284103
0.033033669 -0.054777998 0.997952044 21.724952698 -0.026002247 0.998111844 0.055647489 0.891539514 -0.999116004 -0.027787238 0.031546950 8.526483536
-0.002244353 -0.054164931 0.998529494 22.586351395 -0.028361170 0.998133779 0.054079723 0.920789659 -0.999595225 -0.028198093 -0.003776312 8.535785675
-0.036345840 -0.052672058 0.997950256 23.452634811 -0.029531196 0.998230517 0.051611312 0.955971122 -0.998902857 -0.027594805 -0.037837029 8.494455338
-0.068082571 -0.051061474 0.996372223 24.302780151 -0.030935369 0.998317242 0.049047329 0.979155064 -0.997200012 -0.027483873 -0.069547653 8.421529770
-0.101330519 -0.047922321 0.993697941 25.154069901 -0.033699848 0.998431265 0.044714112 1.004482150 -0.994281888 -0.028956570 -0.102786541 8.342134476
-0.133904099 -0.043665342 0.990031958 26.003490448 -0.031125017 0.998721242 0.039838862 1.022907495 -0.990505517 -0.025480174 -0.135092020 8.219526291
-0.165268064 -0.037040435 0.985552967 26.834848404 -0.025031162 0.999130130 0.033353221 1.043357134 -0.985931039 -0.019157315 -0.166051388 8.066865921
-0.195837021 -0.030801531 0.980152726 27.676464081 -0.018576533 0.999443769 0.027696123 1.055764675 -0.980460584 -0.012783914 -0.196300268 7.882940292
-0.224515200 -0.025153928 0.974145949 28.504680634 -0.012557775 0.999658465 0.022918463 1.062189817 -0.974389732 -0.007087561 -0.224754453 7.676725388
-0.252099514 -0.018851798 0.967517793 29.322862625 -0.003979554 0.999821961 0.018444313 1.063575149 -0.967693269 0.000799510 -0.252129674 7.441539764
-0.278022170 -0.008478580 0.960537195 30.136436462 0.002198198 0.999952793 0.009462754 1.056952953 -0.960572124 0.004742307 -0.277990460 7.187477112
-0.303380609 0.007040130 0.952843606 30.939617157 0.007089850 0.999961674 -0.005130894 1.038572311 -0.952843249 0.005198904 -0.303418875 6.917575836
-0.328138590 0.024156228 0.944320679 31.734756470 0.007870181 0.999708176 -0.022838291 1.015418768 -0.944596767 -0.000062148 -0.328233004 6.633209229
-0.353351116 0.039081436 0.934674144 32.517341614 0.008253153 0.999218345 -0.038660135 0.983849645 -0.935454428 -0.005946590 -0.353397489 6.334846497
-0.377608657 0.049651995 0.924633086 33.285812378 0.012043522 0.998740196 -0.048713058 0.938538671 -0.925886929 -0.007258636 -0.377730966 6.008613586
-0.400792599 0.053542167 0.914603055 34.047775269 0.015001781 0.998540521 -0.051881988 0.883613944 -0.916046083 -0.007073238 -0.401010871 5.658321381
-0.423372149 0.053078275 0.904399633 34.808036804 0.018595677 0.998581052 -0.049900584 0.827537894 -0.905764997 -0.004308598 -0.423758507 5.295608521
-0.443489313 0.048696477 0.894955933 35.559242249 0.021939026 0.998813570 -0.043475866 0.771570206 -0.896011233 0.000353381 -0.444031477 4.909866333
-0.461302757 0.047641098 0.885962903 36.294189453 0.029646151 0.998827398 -0.038274050 0.723445535 -0.886747420 0.008609465 -0.462174177 4.513389587
-0.474979162 0.047956552 0.878689587 37.015914917 0.031957623 0.998795331 -0.037236799 0.671871305 -0.879416823 0.010394133 -0.475939512 4.109874725
-0.485982537 0.052321341 0.872401178 37.724582672 0.036015857 0.998557389 -0.039824333 0.627206445 -0.873226345 0.012066352 -0.487165809 3.706069946
-0.495748281 0.054510828 0.866753876 38.424839020 0.036410976 0.998455286 -0.041968025 0.581514478 -0.867702663 0.010753778 -0.496967316 3.296436310
-0.506524920 0.053493645 0.860564351 39.130828857 0.029961897 0.998562813 -0.044436324 0.528955460 -0.861704648 0.003276037 -0.507399678 2.889057159
-0.517645717 0.052613810 0.853976071 39.818157196 0.030382218 0.998608351 -0.043108206 0.481048346 -0.855055690 0.003630916 -0.518523812 2.472942352
-0.526263118 0.054054823 0.848601997 40.504482269 0.032214526 0.998528361 -0.043627005 0.435423136 -0.849711418 0.004378028 -0.527230024 2.041313171
-0.533315539 0.056931056 0.843998730 41.187423706 0.034996405 0.998363435 -0.045229651 0.388290286 -0.845192432 0.005415247 -0.534435153 1.599452972
-0.536789894 0.059800770 0.841594040 41.892234802 0.036281083 0.998198390 -0.047787547 0.336206436 -0.842935562 0.004882071 -0.537992358 1.158905029
-0.536625743 0.061983012 0.841541111 42.599281311 0.035859562 0.998072684 -0.050645657 0.288811326 -0.843058348 0.002999542 -0.537814140 0.709388733
-0.533281565 0.062047750 0.843659222 43.324993134 0.037670560 0.998058915 -0.049591459 0.239073277 -0.845098674 0.005334903 -0.534583807 0.254817963
-0.527269125 0.060992867 0.847506762 44.074588776 0.035712853 0.998129725 -0.049614381 0.189607978 -0.848947823 0.004106758 -0.528461218 -0.206626892
-0.519975185 0.059712108 0.852092028 44.854694366 0.034028631 0.998209774 -0.049186219 0.132921219 -0.853503585 0.003419924 -0.521076202 -0.677093506
-0.513287663 0.059176441 0.856174052 45.613632202 0.032932092 0.998243272 -0.049252659 0.073689938 -0.857584596 0.002914818 -0.514334798 -1.123256683
-0.506982565 0.057610791 0.860028803 46.416236877 0.029846530 0.998338878 -0.049281392 0.017907143 -0.861439347 0.000684068 -0.507859945 -1.585960388
-0.502509594 0.055637542 0.862779737 47.243476868 0.025677022 0.998447418 -0.049431179 -0.035692453 -0.864190459 -0.002686024 -0.503158092 -2.064895630
-0.501310825 0.052651308 0.863663971 48.083557129 0.021100760 0.998593986 -0.048629150 -0.091674805 -0.865010023 -0.006154350 -0.501716971 -2.537769318
-0.501797438 0.050009169 0.863538444 48.935653687 0.018042758 0.998715281 -0.047352973 -0.150510907 -0.864797115 -0.008180982 -0.502055049 -3.023628235
-0.502915025 0.048852079 0.862954199 49.795185089 0.016917950 0.998766601 -0.046680965 -0.207789421 -0.864170313 -0.008877141 -0.503121138 -3.511688232
-0.503311753 0.048038822 0.862768531 50.661010742 0.016658265 0.998807311 -0.045895539 -0.264527917 -0.863944292 -0.008727536 -0.503511667 -4.014839172
-0.503538489 0.047701038 0.862654924 51.540287018 0.017091194 0.998829246 -0.045254614 -0.323373556 -0.863803685 -0.008043641 -0.503764272 -4.525657654
-0.503537059 0.046824917 0.862703860 52.432266235 0.016780028 0.998871922 -0.044421650 -0.376704097 -0.863810718 -0.007891755 -0.503754854 -5.043266296
-0.503632665 0.046511121 0.862664998 53.336051941 0.016435431 0.998884857 -0.044260323 -0.437082291 -0.863761604 -0.008112672 -0.503835440 -5.569068909
-0.503827929 0.044739641 0.862644672 54.235504150 0.014704194 0.998957336 -0.043221284 -0.499660015 -0.863678873 -0.009091593 -0.503960371 -6.089080811
-0.504044533 0.044086467 0.862551808 55.128051758 0.014185155 0.998984218 -0.042770464 -0.559324026 -0.863561213 -0.009322787 -0.504157901 -6.599258423
-0.503478408 0.043424055 0.862915933 56.026676178 0.013468849 0.999009311 -0.042414054 -0.621381044 -0.863902867 -0.009732075 -0.503564477 -7.116600037
-0.502332568 0.041820500 0.863662720 56.924041748 0.012924233 0.999081254 -0.040860649 -0.682090044 -0.864578068 -0.009363453 -0.502411604 -7.632217407
-0.499873757 0.039866894 0.865180254 57.822288513 0.013044492 0.999173284 -0.038504504 -0.738960147 -0.866000056 -0.007961551 -0.499980450 -8.158317566
-0.497484207 0.038291249 0.866627634 58.722824097 0.013381931 0.999245167 -0.036469012 -0.799162388 -0.867369890 -0.006545605 -0.497621059 -8.665313721
-0.495075345 0.038057476 0.868016303 59.622459412 0.013687136 0.999257863 -0.036005165 -0.856649935 -0.868742347 -0.005944612 -0.495228767 -9.176078796
-0.493063807 0.038434893 0.869143724 60.518535614 0.013975137 0.999244690 -0.036260087 -0.910200655 -0.869880915 -0.005732135 -0.493228555 -9.681724548
-0.492236733 0.038629472 0.869603992 61.411567688 0.013421101 0.999232888 -0.036790866 -0.967081964 -0.870358109 -0.006438769 -0.492377520 -10.180213928
-0.492925048 0.040510613 0.869128227 62.306259155 0.013611307 0.999152303 -0.038851485 -1.024151325 -0.869965315 -0.007320897 -0.493058681 -10.684974670
-0.495795131 0.042390991 0.867404461 63.193817139 0.012791399 0.999056041 -0.041513585 -1.082376122 -0.868345499 -0.009486911 -0.495869398 -11.185607910
-0.500387907 0.042627789 0.864751518 64.075485229 0.010881282 0.999017954 -0.042949993 -1.141227841 -0.865733147 -0.012082044 -0.500360250 -11.690216064
-0.505963206 0.041304696 0.861565590 64.957244873 0.012592256 0.999100029 -0.040503368 -1.203715801 -0.862463176 -0.009644159 -0.506027937 -12.201248169
-0.511818051 0.038989022 0.858208895 65.831710815 0.014216522 0.999217212 -0.036916692 -1.264069557 -0.858976483 -0.006693880 -0.511971712 -12.714836121
-0.516384721 0.036286715 0.855587721 66.696548462 0.010733955 0.999297619 -0.035903253 -1.322705984 -0.856289566 -0.009356044 -0.516411424 -13.241973877
-0.521433115 0.039473958 0.852378786 67.553466797 0.012970167 0.999180675 -0.038338058 -1.379685163 -0.853193700 -0.008935235 -0.521517873 -13.764869690
-0.526512027 0.041310787 0.849163473 68.399528503 0.013167422 0.999095201 -0.040440511 -1.431919217 -0.850065768 -0.010111120 -0.526579499 -14.284866333
-0.531370044 0.042178024 0.846089125 69.244430542 0.012369773 0.999039590 -0.042034093 -1.491940379 -0.847049475 -0.011869727 -0.531381488 -14.804740906
-0.535101175 0.042780492 0.843704164 70.075500488 0.011404480 0.998991728 -0.043421395 -1.546552062 -0.844711065 -0.013612831 -0.535049558 -15.326385498
-0.538426638 0.041803673 0.841634870 70.925819397 0.012165043 0.999050260 -0.041839983 -1.608671546 -0.842584610 -0.012289237 -0.538423896 -15.863685608
-0.540901542 0.035176404 0.840350270 71.754020691 0.012946040 0.999354899 -0.033499345 -1.656540632 -0.840986550 -0.007240634 -0.541007996 -16.395843506
-0.543051839 0.025830474 0.839301944 72.588317871 0.011788670 0.999662757 -0.023138165 -1.711849570 -0.839616597 -0.002670967 -0.543173313 -16.931282043
-0.545069933 0.024295976 0.838038564 73.411323547 0.012549022 0.999704480 -0.020820884 -1.753716469 -0.838296771 -0.000832272 -0.545213819 -17.456802368
-0.546105385 0.028746802 0.837223232 74.218978882 0.012445923 0.999579132 -0.026203193 -1.793882012 -0.837624133 -0.003889689 -0.546233416 -17.976806641
-0.547512054 0.035556860 0.836041987 75.022613525 0.015012761 0.999353409 -0.032670844 -1.837106347 -0.836663127 -0.005336383 -0.547691822 -18.496788025
-0.547770023 0.039537188 0.835694492 75.823646545 0.020337975 0.999216795 -0.033942666 -1.879730940 -0.836381972 -0.001596435 -0.548145056 -19.028404236
-0.547206283 0.040767845 0.836004376 76.629608154 0.023437036 0.999167740 -0.033383824 -1.926525116 -0.836669624 0.001325627 -0.547706366 -19.574851990
-0.546816349 0.037300810 0.836421251 77.452407837 0.021638673 0.999302983 -0.030418202 -1.968008280 -0.836972892 0.001465877 -0.547242284 -20.116073608
-0.546249986 0.032825727 0.836978972 78.263351440 0.021019280 0.999454319 -0.025479781 -2.009615183 -0.837358654 0.003674369 -0.546641827 -20.634674072
-0.545451999 0.025584819 0.837751567 79.075424194 0.017997282 0.999661028 -0.018811656 -2.062400341 -0.837948918 0.004816397 -0.545727611 -21.158561707
-0.545282960 0.019996209 0.838013589 79.884735107 0.008119912 0.999794543 -0.018573031 -2.080626488 -0.838212788 -0.003322960 -0.545333266 -21.660499573
-0.543828487 0.015062870 0.839061320 80.692260742 0.001190314 0.999851763 -0.017177898 -2.113263130 -0.839195669 -0.008343084 -0.543765783 -22.167434692
-0.541522861 0.015845643 0.840536833 81.485641479 0.004801342 0.999864340 -0.015755955 -2.147489786 -0.840672433 -0.004496505 -0.541525483 -22.685745239
-0.538596749 0.018770553 0.842354476 82.293624878 0.008826462 0.999822676 -0.016635893 -2.192547321 -0.842517376 -0.001525028 -0.538666844 -23.200454712
-0.532625079 0.022082705 0.846063375 83.089584351 0.011287514 0.999755979 -0.018988302 -2.225623608 -0.846276224 -0.000563691 -0.532744408 -23.712867737
-0.526395440 0.024256606 0.849894106 83.893783569 0.015857127 0.999699175 -0.018710798 -2.253660202 -0.850092292 0.003627602 -0.526621699 -24.180793762
-0.517068267 0.027812971 0.855492115 84.694450378 0.023276525 0.999559224 -0.018428173 -2.290697575 -0.855627537 0.010384257 -0.517487764 -24.698188782
-0.507182121 0.026766201 0.861423373 85.504753113 0.020185309 0.999612331 -0.019175477 -2.318866491 -0.861602664 0.007662638 -0.507525802 -25.171974182
-0.496550798 0.024806293 0.867653251 86.317283630 0.017387556 0.999675274 -0.018630063 -2.340846777 -0.867833614 0.005835599 -0.496820927 -25.620422363
-0.485105872 0.021410510 0.874193490 87.141830444 0.017626245 0.999736488 -0.014704157 -2.372611523 -0.874277949 0.008275674 -0.485355496 -26.077331543
-0.473819852 0.020570969 0.880381823 87.969703674 0.016654639 0.999757648 -0.014396814 -2.400825977 -0.880464673 0.007840946 -0.474047661 -26.521713257
-0.462752581 0.019342290 0.886276662 88.790771484 0.017553529 0.999765873 -0.012653866 -2.433361530 -0.886313915 0.009701673 -0.462983847 -26.933151245
-0.449773073 0.021639617 0.892880678 89.639022827 0.018119128 0.999721766 -0.015101794 -2.447636127 -0.892959058 0.009385838 -0.450040102 -27.373641968
-0.438325286 0.025325680 0.898459792 90.467788696 0.018108776 0.999648869 -0.019343393 -2.486088514 -0.898634195 0.007791312 -0.438629985 -27.762199402
-0.426617265 0.034830783 0.903761387 91.294372559 0.020476915 0.999373972 -0.028849622 -2.518662453 -0.904200494 0.006198497 -0.427063465 -28.152793884
-0.413978577 0.039572868 0.909426153 92.131965637 0.019742267 0.999209940 -0.034492884 -2.552386284 -0.910072625 0.003674820 -0.414432764 -28.532836914
-0.402377486 0.035815444 0.914773166 92.974090576 0.019120498 0.999345243 -0.030716183 -2.604928255 -0.915274322 0.005131421 -0.402798891 -28.897216797
-0.390502572 0.031859938 0.920050502 93.820343018 0.017500885 0.999477267 -0.027182365 -2.650304794 -0.920435607 0.005486918 -0.390856028 -29.252517700
-0.380838513 0.032585591 0.924067199 94.663398743 0.014416273 0.999466598 -0.029302998 -2.693558931 -0.924529195 0.002161896 -0.381105185 -29.591346741
-0.373848200 0.036701117 0.926763654 95.506042480 0.009209780 0.999314427 -0.035859089 -2.740260839 -0.927444339 -0.004870563 -0.373929858 -29.919578552
-0.369167209 0.041740783 0.928425133 96.343887329 0.002845498 0.999036968 -0.043783955 -2.783848286 -0.929358661 -0.013521770 -0.368930459 -30.237922668
-0.365710855 0.043342486 0.929718792 97.184799194 -0.001558147 0.998885214 -0.047179855 -2.833484650 -0.930727184 -0.018702826 -0.365235686 -30.556671143
-0.362709045 0.042953219 0.930912018 98.016914368 -0.003314490 0.998871446 -0.047380347 -2.889268637 -0.931896567 -0.020270776 -0.362157345 -30.863716125
-0.357585788 0.042915445 0.932893872 98.862380981 -0.003858510 0.998867154 -0.047429383 -2.946183205 -0.933872461 -0.020559646 -0.357015133 -31.182670593
-0.352106333 0.038449671 0.935169995 99.715850830 -0.006968424 0.999020457 -0.043698616 -3.001343966 -0.935934126 -0.021903217 -0.351493478 -31.494964600
-0.346652150 0.035031721 0.937339365 100.558784485 -0.006340531 0.999191999 -0.039688267 -3.055403233 -0.937972367 -0.019701254 -0.346150041 -31.796722412
-0.340816379 0.032002535 0.939585149 101.411422729 -0.008335330 0.999278307 -0.037059180 -3.107453108 -0.940093040 -0.020462126 -0.340303779 -32.101905823
-0.335160732 0.030531319 0.941666365 102.263542175 -0.016223289 0.999139607 -0.038168997 -3.155977488 -0.942021549 -0.028069662 -0.334377050 -32.387207031
-0.328861475 0.030526372 0.943884730 103.121551514 -0.024448661 0.998867214 -0.040822797 -3.202391624 -0.944061697 -0.036501758 -0.327742577 -32.669013977
-0.322319269 0.034572974 0.945999682 103.962524414 -0.022670591 0.998764277 -0.044225622 -3.255454063 -0.946359754 -0.035701130 -0.321137190 -32.944656372
-0.315266490 0.037778262 0.948251069 104.807121277 -0.020661298 0.998697281 -0.046657328 -3.308382511 -0.948778391 -0.034301583 -0.314075232 -33.225334167
-0.308532119 0.036060032 0.950530171 105.669525146 -0.021765247 0.998751938 -0.044954177 -3.360052109 -0.950964868 -0.034558330 -0.307362199 -33.500984192
-0.302095175 0.031084981 0.952770829 106.535163879 -0.022081761 0.998971820 -0.039593797 -3.414505482 -0.953022003 -0.032999951 -0.301098228 -33.764686584
-0.294497252 0.028751660 0.955219746 107.403846741 -0.023381334 0.999031305 -0.037278909 -3.460409880 -0.955366254 -0.033312846 -0.293539762 -34.029983521
-0.288036466 0.031935733 0.957086802 108.265029907 -0.025187582 0.998845339 -0.040909350 -3.509819508 -0.957288146 -0.035890087 -0.286899447 -34.284332275
-0.281463861 0.034764953 0.958941877 109.124610901 -0.024204418 0.998768270 -0.043313157 -3.560971737 -0.959266543 -0.035401721 -0.280275702 -34.532135010
-0.274958134 0.035570320 0.960798085 109.983642578 -0.026762636 0.998645008 -0.044630323 -3.608493805 -0.961083710 -0.037984956 -0.273633599 -34.768074036
-0.267831802 0.035172123 0.962823570 110.843078613 -0.026016466 0.998705029 -0.043719970 -3.661177635 -0.963114440 -0.036758862 -0.266569972 -35.000595093
-0.259768009 0.034635354 0.965049744 111.703140259 -0.022344876 0.998873413 -0.041863974 -3.721026897 -0.965412498 -0.032438841 -0.258701444 -35.233222961
-0.252147913 0.035972323 0.967019916 112.578086853 -0.019455766 0.998918355 -0.042231958 -3.769828796 -0.967493176 -0.029462811 -0.251175284 -35.461914062
-0.245352268 0.036663026 0.968740404 113.445869446 -0.018186402 0.998934686 -0.042411819 -3.822138786 -0.969263375 -0.028023742 -0.244424105 -35.682601929
-0.238845587 0.035279796 0.970416665 114.317245483 -0.024634374 0.998798013 -0.042374786 -3.872097492 -0.970745265 -0.034026626 -0.237689376 -35.877967834
-0.233049631 0.033580977 0.971884906 115.177085876 -0.028683392 0.998731375 -0.041386619 -3.923193932 -0.972041786 -0.037522092 -0.231790781 -36.071128845
-0.228374839 0.033561189 0.972994804 116.049156189 -0.025906859 0.998842239 -0.040533420 -3.976604700 -0.973228693 -0.034464043 -0.227240920 -36.269409180
-0.224065661 0.034293361 0.973970473 116.918235779 -0.024098160 0.998880208 -0.040714305 -4.022032738 -0.974276066 -0.032593574 -0.222988367 -36.458267212
-0.219416499 0.035142709 0.974998295 117.794281006 -0.023603847 0.998867333 -0.041314922 -4.075861454 -0.975345850 -0.032078877 -0.218338490 -36.649436951
-0.213567734 0.034509197 0.976318419 118.675628662 -0.017768476 0.999073386 -0.039200313 -4.121885777 -0.976766527 -0.025719620 -0.212756753 -36.840011597
-0.207810044 0.033312455 0.977601707 119.546966553 -0.009594535 0.999302447 -0.036091447 -4.175134182 -0.978122056 -0.016879804 -0.207345486 -37.036506653
-0.203357100 0.032459166 0.978566527 120.421234131 -0.008075477 0.999360740 -0.034827087 -4.222591400 -0.979071438 -0.014984720 -0.202965021 -37.213447571
-0.198723912 0.034243714 0.979457080 121.291381836 -0.010242804 0.999262214 -0.037014320 -4.266513348 -0.980001986 -0.017388018 -0.198226571 -37.387542725
-0.195320606 0.035723720 0.980088770 122.168029785 -0.012074927 0.999173045 -0.038825732 -4.315250397 -0.980665267 -0.019417960 -0.194727778 -37.556442261
-0.193752646 0.035563771 0.980405629 123.049293518 -0.014110125 0.999138355 -0.039031804 -4.361293793 -0.980948985 -0.021396158 -0.193083882 -37.712081909
-0.192753792 0.034798849 0.980630100 123.926033020 -0.014405411 0.999162912 -0.038288057 -4.404785633 -0.981141567 -0.021506540 -0.192091227 -37.879211426
-0.191848755 0.030005099 0.980965734 124.813934326 -0.014004232 0.999347091 -0.033306163 -4.449741364 -0.981324613 -0.020127418 -0.191303372 -38.054420471
-0.190253854 0.025194680 0.981411755 125.688995361 -0.014798709 0.999483466 -0.028527454 -4.491411209 -0.981623530 -0.019951079 -0.189782739 -38.225563049
-0.189690351 0.022831811 0.981578469 126.565322876 -0.014442918 0.999556541 -0.026041083 -4.539467335 -0.981737733 -0.019116599 -0.189276457 -38.392929077
-0.188402295 0.027559139 0.981705308 127.424667358 -0.014281392 0.999423623 -0.030797331 -4.578151703 -0.981988251 -0.019822402 -0.187900066 -38.554313660
-0.188297987 0.031051187 0.981621087 128.279495239 -0.013729601 0.999319196 -0.034244683 -4.626903057 -0.982016146 -0.019925466 -0.187743545 -38.715476990
-0.188352823 0.029739378 0.981651247 129.139236450 -0.017592605 0.999278843 -0.033648968 -4.668697357 -0.981944025 -0.023607671 -0.187693834 -38.870849609
-0.187495112 0.029470265 0.981823385 129.992294312 -0.018541045 0.999265552 -0.033534519 -4.713022232 -0.982090533 -0.024491590 -0.186810970 -39.030899048
-0.186899900 0.029857855 0.981925249 130.846801758 -0.014189434 0.999351680 -0.033088572 -4.760812759 -0.982276618 -0.020117212 -0.186355114 -39.194671631
-0.186531305 0.032822505 0.981900573 131.701660156 -0.016387228 0.999198794 -0.036513817 -4.796285629 -0.982312381 -0.022901600 -0.185844064 -39.347267151
-0.186917663 0.033502787 0.981804192 132.543289185 -0.024660561 0.998943329 -0.038782556 -4.846295357 -0.982066095 -0.031460982 -0.185893893 -39.488540649
-0.186517715 0.034786545 0.981835663 133.380172729 -0.030174039 0.998698652 -0.041116115 -4.897678852 -0.981988251 -0.037294824 -0.185225368 -39.630523682
-0.186123013 0.038465325 0.981773317 134.216934204 -0.026752573 0.998664498 -0.044198826 -4.946933746 -0.982162297 -0.034491375 -0.184845448 -39.785606384
-0.185781360 0.039464336 0.981798410 135.044387817 -0.025514090 0.998662472 -0.044970125 -4.999835014 -0.982259929 -0.033404298 -0.184526086 -39.937477112
-0.184166551 0.040512495 0.982059836 135.870056152 -0.026639346 0.998577416 -0.046189588 -5.051877022 -0.982534051 -0.034668002 -0.182825327 -40.084831238
-0.181990027 0.039809775 0.982494175 136.692596436 -0.018246047 0.998871326 -0.043853126 -5.102831841 -0.983131051 -0.025907466 -0.181058288 -40.245788574
-0.178313017 0.036841344 0.983283818 137.509109497 -0.013059425 0.999122202 -0.039803024 -5.151462555 -0.983887076 -0.019938523 -0.177675366 -40.401206970
-0.176660061 0.031935599 0.983753681 138.322952271 -0.009096835 0.999377847 -0.034076389 -5.203135490 -0.984229922 -0.014968982 -0.176259637 -40.548263550
-0.172665000 0.031781022 0.984467804 139.136306763 -0.006918249 0.999415517 -0.033476956 -5.245645523 -0.984956324 -0.012591089 -0.172344208 -40.689880371
-0.167420268 0.036772735 0.985199630 139.934127808 -0.006170082 0.999245465 -0.038345516 -5.292997837 -0.985866368 -0.012498574 -0.167067051 -40.826889038
-0.160960555 0.039893687 0.986154199 140.731246948 -0.004731040 0.999140084 -0.041191217 -5.337463856 -0.986949503 -0.011295696 -0.160633445 -40.952301025
-0.152686119 0.040875070 0.987429142 141.537353516 -0.005172141 0.999097586 -0.042157859 -5.375985146 -0.988261223 -0.011544041 -0.152336836 -41.074974060
-0.143088222 0.036476992 0.989037514 142.339111328 -0.002951492 0.999300420 -0.037282508 -5.423573494 -0.989705563 -0.008253821 -0.142880440 -41.187492371
-0.131174922 0.034857467 0.990746319 143.135162354 0.000618547 0.999384344 -0.035079487 -5.471258163 -0.991359115 -0.003988721 -0.131115675 -41.293800354
-0.117339492 0.037539102 0.992382169 143.931213379 0.004793386 0.999295056 -0.037233833 -5.512575150 -0.993080318 0.000387872 -0.117436647 -41.390022278
-0.102978349 0.038127579 0.993952632 144.723388672 0.003735009 0.999272883 -0.037944697 -5.556704521 -0.994676590 -0.000195056 -0.103045821 -41.469650269
-0.089332342 0.038209945 0.995268703 145.515182495 0.005161096 0.999268174 -0.037900247 -5.598854065 -0.995988548 0.001750958 -0.089464188 -41.537284851
-0.075852990 0.040236060 0.996306896 146.295837402 0.005687946 0.999186695 -0.039919313 -5.643314362 -0.997102857 0.002638944 -0.076020122 -41.590675354
-0.061800957 0.046004236 0.997027695 147.069274902 0.002480796 0.998941183 -0.045938756 -5.696856499 -0.998085439 -0.000365634 -0.061849594 -41.632728577
-0.049275517 0.055300504 0.997253120 147.836273193 -0.004310329 0.998444974 -0.055579573 -5.744600773 -0.998775959 -0.007037200 -0.048960567 -41.652763367
-0.035849690 0.063167445 0.997358859 148.597579956 -0.008582914 0.997944117 -0.063513018 -5.795977592 -0.999320388 -0.010837165 -0.035233855 -41.664039612
-0.022605538 0.063696928 0.997713387 149.363861084 -0.009288919 0.997911811 -0.063920066 -5.850189686 -0.999701500 -0.010712614 -0.021966696 -41.675086975
-0.010738254 0.060042143 0.998138070 150.131317139 -0.013230182 0.998099744 -0.060182169 -5.907411098 -0.999854803 -0.013851793 -0.009923458 -41.672088623
-0.000013113 0.057529092 0.998343885 150.899078369 -0.017297443 0.998194456 -0.057520710 -5.970356941 -0.999850452 -0.017269550 0.000981987 -41.659973145
0.008787155 0.063961223 0.997913718 151.652099609 -0.020912593 0.997745693 -0.063766308 -6.032377720 -0.999742687 -0.020308636 0.010104954 -41.639068604
0.015239716 0.071996346 0.997288465 152.402847290 -0.024260961 0.997137249 -0.071614698 -6.090708733 -0.999589503 -0.023103787 0.016942799 -41.617553711
0.017986238 0.074920118 0.997027397 153.156951904 -0.027277760 0.996854246 -0.074415021 -6.147157669 -0.999466121 -0.025858218 0.019973338 -41.591377258
0.018203020 0.070205875 0.997366488 153.913864136 -0.029739261 0.997128367 -0.069646344 -6.208985806 -0.999391973 -0.028393162 0.020238638 -41.570930481
0.016388595 0.066026680 0.997683287 154.673522949 -0.031438924 0.997357905 -0.065488711 -6.276713371 -0.999371290 -0.030292822 0.018421113 -41.552528381
0.013360083 0.062913448 0.997929633 155.429901123 -0.029736651 0.997602224 -0.062494695 -6.336892605 -0.999468505 -0.028840145 0.015198886 -41.538772583
0.010620117 0.063527323 0.997923732 156.179046631 -0.028080547 0.997605264 -0.063208215 -6.389296055 -0.999549389 -0.027350951 0.012378573 -41.530181885
0.006866276 0.063294321 0.997971356 156.924957275 -0.026520314 0.997655272 -0.063091807 -6.450956345 -0.999624729 -0.026033301 0.008528769 -41.521850586
0.002467990 0.061982471 0.998074353 157.670791626 -0.027063105 0.997715771 -0.061893288 -6.509528637 -0.999630868 -0.026858227 0.004139781 -41.518035889
-0.003210068 0.062053602 0.998067796 158.417083740 -0.027611759 0.997686744 -0.062118728 -6.563900948 -0.999613702 -0.027757807 -0.001489282 -41.515762329
-0.008322477 0.060479924 0.998134851 159.160919189 -0.027936881 0.997765601 -0.060690489 -6.620395184 -0.999575198 -0.028389852 -0.006614208 -41.527137756
-0.014110446 0.057508618 0.998245358 159.902862549 -0.025516775 0.997998834 -0.057855103 -6.681695461 -0.999574900 -0.026288357 -0.012614727 -41.538658142
-0.019773006 0.057777133 0.998133659 160.629470825 -0.026829951 0.997938633 -0.058297344 -6.733219147 -0.999444425 -0.027932590 -0.018182039 -41.544143677
-0.025220394 0.059095796 0.997933745 161.360397339 -0.028778419 0.997794569 -0.059814863 -6.786579132 -0.999267638 -0.030227505 -0.023464084 -41.558883667
-0.028854609 0.061191648 0.997708857 162.089340210 -0.027984977 0.997683764 -0.061999459 -6.849559307 -0.999191761 -0.029709829 -0.027075291 -41.577598572
-0.031512022 0.063529707 0.997482359 162.811248779 -0.027462365 0.997546136 -0.064401351 -6.906665802 -0.999126077 -0.029422643 -0.029690027 -41.597312927
-0.032864690 0.065244541 0.997327983 163.539642334 -0.026289683 0.997465312 -0.066119842 -6.954875946 -0.999114037 -0.028392442 -0.031066179 -41.624374390
-0.031921268 0.063354544 0.997480631 164.255126953 -0.023276070 0.997671247 -0.064111538 -7.012842655 -0.999219477 -0.025263941 -0.030372381 -41.649169922
-0.028404713 0.059567317 0.997820258 164.963729858 -0.021062749 0.997965574 -0.060175586 -7.072146416 -0.999374747 -0.022726094 -0.027092218 -41.663650513
-0.020388961 0.059621725 0.998012781 165.682250977 -0.019279784 0.998011231 -0.060015511 -7.131098747 -0.999606192 -0.020465123 -0.019198895 -41.682998657
-0.008852720 0.059974410 0.998160660 166.382690430 -0.016534647 0.998054504 -0.060114678 -7.187085152 -0.999824107 -0.017036412 -0.007843852 -41.688926697
0.005393922 0.060710058 0.998140812 167.076980591 -0.014656380 0.998052955 -0.060625508 -7.235996246 -0.999877989 -0.014302125 0.006273210 -41.681526184
0.020702362 0.058592189 0.998067379 167.770568848 -0.015766377 0.998176277 -0.058271550 -7.283993244 -0.999661446 -0.014529540 0.021588385 -41.660049438
0.036753476 0.053576116 0.997887194 168.455902100 -0.020397935 0.998394012 -0.052852046 -7.336199284 -0.999116182 -0.018412340 0.037787259 -41.618392944
0.053128958 0.046823997 0.997489274 169.142288208 -0.021753021 0.998717308 -0.045723017 -7.383762360 -0.998350739 -0.019269187 0.054079354 -41.570968628
0.069745839 0.039657746 0.996776223 169.821914673 -0.021952393 0.999028504 -0.038211316 -7.423144341 -0.997323275 -0.019216539 0.070548654 -41.510894775
0.086966515 0.032224171 0.995690048 170.495590210 -0.022217378 0.999290884 -0.030400176 -7.459636211 -0.995963573 -0.019477818 0.087620795 -41.437919617
0.104125440 0.026399158 0.994213760 171.158691406 -0.023697739 0.999429703 -0.024055757 -7.494807243 -0.994281828 -0.021055803 0.104691684 -41.357551575
0.121749640 0.024238722 0.992264867 171.812438965 -0.024965266 0.999460280 -0.021351285 -7.526299477 -0.992246866 -0.022172645 0.122289002 -41.260993958
0.139712036 0.022650382 0.989933193 172.454956055 -0.023166709 0.999539435 -0.019600598 -7.550374985 -0.989921212 -0.020195050 0.140172422 -41.160705566
0.157381773 0.022551209 0.987280428 173.093109131 -0.024683418 0.999516726 -0.018895939 -7.570678711 -0.987229407 -0.021395575 0.157862306 -41.047599792
0.173022985 0.021524573 0.984682560 173.727233887 -0.029868016 0.999416053 -0.016598396 -7.593219280 -0.984464765 -0.026538610 0.173564851 -40.915679932
0.187452912 0.017640680 0.982115269 174.355957031 -0.032014642 0.999417245 -0.011840932 -7.617197990 -0.981751800 -0.029222444 0.187908471 -40.779586792
0.199601769 0.014034295 0.979776680 174.983551025 -0.028773978 0.999550164 -0.008455643 -7.634958267 -0.979454637 -0.026504306 0.199915826 -40.645874023
0.210262775 0.012929749 0.977559388 175.598495483 -0.026673891 0.999616146 -0.007484210 -7.653280735 -0.977280974 -0.024501661 0.210526943 -40.506584167
0.220255971 0.016620684 0.975300550 176.204956055 -0.031170053 0.999464154 -0.009993213 -7.673637390 -0.974943995 -0.028199103 0.220656037 -40.357788086
0.228955269 0.023855625 0.973144710 176.804855347 -0.035932355 0.999225497 -0.016041031 -7.695939064 -0.972773671 -0.031294692 0.229635119 -40.198249817
0.238057554 0.033502411 0.970673084 177.387069702 -0.035922155 0.999024808 -0.025671052 -7.718811989 -0.970586538 -0.028757481 0.239028871 -40.046813965
0.246132433 0.039075572 0.968448162 177.984985352 -0.029972374 0.999015987 -0.032691423 -7.737236023 -0.968772650 -0.020980274 0.247061372 -39.894592285
0.252878308 0.037237532 0.966781259 178.587066650 -0.029607626 0.999088883 -0.030737540 -7.757402420 -0.967045009 -0.020851238 0.253750443 -39.734863281
0.258503020 0.029695921 0.965553939 179.197982788 -0.031995118 0.999242187 -0.022166118 -7.776833534 -0.965480506 -0.025163002 0.259257257 -39.554016113
0.262618482 0.019525506 0.964702189 179.804290771 -0.036705337 0.999273717 -0.010233029 -7.801438808 -0.964201331 -0.032722335 0.263144433 -39.375465393
0.264598131 0.011103001 0.964294851 180.411651611 -0.037029080 0.999313295 -0.001345597 -7.827068806 -0.963647604 -0.035350908 0.264827549 -39.203063965
0.265715361 0.010551282 0.963993788 181.028305054 -0.033226285 0.999446273 -0.001780826 -7.841415405 -0.963478804 -0.031556740 0.265918851 -39.035850525
0.266994417 0.012330488 0.963619173 181.635345459 -0.029907422 0.999542534 -0.004503578 -7.856386662 -0.963233888 -0.027616937 0.267241001 -38.869972229
0.268675148 0.011812949 0.963158488 182.243789673 -0.026723465 0.999631286 -0.004805709 -7.865190029 -0.962860167 -0.024447754 0.268891752 -38.701957703
0.270321310 0.009640438 0.962721884 182.863082886 -0.028303197 0.999597251 -0.002062485 -7.871479034 -0.962354064 -0.026690574 0.270485282 -38.523338318
0.273087442 0.006134436 0.961969674 183.482299805 -0.028695624 0.999586642 0.001771900 -7.881167412 -0.961561143 -0.028088203 0.273150563 -38.342933655
0.275915623 0.001005886 0.961181402 184.103546143 -0.028235573 0.999576390 0.007059207 -7.891902924 -0.960767150 -0.029087251 0.275827110 -38.156166077
0.280525625 -0.001692787 0.959845066 184.726104736 -0.026813563 0.999594331 0.009599457 -7.898076057 -0.959472001 -0.028429760 0.280366421 -37.976119995
0.286898494 -0.003644804 0.957954109 185.351730347 -0.025295431 0.999615252 0.011379066 -7.895142555 -0.957626998 -0.027496498 0.286695898 -37.786499023
0.294671476 -0.007320534 0.955570579 185.967300415 -0.023235520 0.999620140 0.014823184 -7.904436588 -0.955316067 -0.026571149 0.294389427 -37.594055176
0.304717183 -0.009287589 0.952397704 186.597305298 -0.020693306 0.999651849 0.016369175 -7.909082413 -0.952218175 -0.024696225 0.304418862 -37.391983032
0.315584242 -0.007246462 0.948870003 187.212738037 -0.022326168 0.999637306 0.015059623 -7.913993835 -0.948634982 -0.025937209 0.315307975 -37.175979614
0.327181578 -0.003247075 0.944956005 187.834442139 -0.023714848 0.999650955 0.011646050 -7.912596703 -0.944664001 -0.026219860 0.326990366 -36.951828003
0.338624477 0.000030567 0.940921605 188.452651978 -0.024705626 0.999655545 0.008858734 -7.909391880 -0.940597236 -0.026245840 0.338508606 -36.716125488
0.350239515 0.000246096 0.936660171 189.078689575 -0.023561534 0.999685824 0.008547565 -7.910284042 -0.936363816 -0.025062844 0.350135267 -36.473236084
0.361606002 -0.002828153 0.932326794 189.706512451 -0.022739401 0.999671161 0.011851991 -7.913475513 -0.932053685 -0.025486302 0.361422777 -36.222282410
0.372835159 -0.004353505 0.927887499 190.330642700 -0.023781484 0.999615669 0.014245701 -7.918355465 -0.927592933 -0.027377836 0.372588336 -35.961692810
