1.000000000 0.000000000 0.000000000 0.000000000 0.000000000 1.000000000 0.000000000 0.000000000 0.000000000 0.000000000 1.000000000 0.000000000
0.999998808 0.000473930 0.001461428 -0.003039626 -0.000467430 0.999989986 -0.004445156 -0.003002846 -0.001463520 0.004444468 0.999989033 0.976222336
0.999995947 -0.002056325 0.001957014 0.006066168 0.002066563 0.999984145 -0.005243793 0.000145015 -0.001946200 0.005247816 0.999984324 1.948045731
0.999992371 -0.003321682 0.002059662 0.003861559 0.003324573 0.999993503 -0.001402079 -0.001741157 -0.002054991 0.001408916 0.999996901 2.922116995
0.999983370 -0.005636112 0.001225010 0.010638268 0.005630341 0.999973297 0.004663819 -0.004046396 -0.001251263 -0.004656844 0.999988377 3.897413254
0.999953032 -0.009673514 -0.000550378 0.022136532 0.009675994 0.999942183 0.004695310 0.000815866 0.000504926 -0.004700415 0.999988854 4.862087250
0.999922812 -0.012325706 -0.001555118 0.025051398 0.012328358 0.999922574 0.001707853 0.003733303 0.001533948 -0.001726893 0.999997318 5.818707943
0.999914765 -0.012761422 -0.002767948 0.026558453 0.012756647 0.999917150 -0.001735667 0.005972838 0.002789868 0.001700209 0.999994636 6.771537304
0.999915183 -0.012522667 -0.003574881 0.019987352 0.012515360 0.999919534 -0.002058931 0.003127534 0.003600377 0.002014016 0.999991477 7.723355293
0.999918818 -0.012130147 -0.003905958 0.003828316 0.012128593 0.999926329 -0.000421104 0.004148336 0.003910779 0.000373696 0.999992311 8.684252739
0.999921441 -0.011750962 -0.004357863 -0.011904077 0.011762484 0.999927342 0.002627753 0.005253444 0.004326668 -0.002678806 0.999987066 9.635984421
0.999909639 -0.012218404 -0.005603659 -0.011821329 0.012241337 0.999916792 0.004076536 0.007276955 0.005553383 -0.004144764 0.999975979 10.583560944
0.999886394 -0.013617501 -0.006462908 -0.016874898 0.013649063 0.999895036 0.004865027 0.012568844 0.006395980 -0.004952688 0.999967277 11.527243614
0.999880433 -0.013756468 -0.007063073 -0.025892148 0.013790461 0.999893427 0.004786937 0.017553989 0.006996469 -0.004883769 0.999963582 12.460395813
0.999868631 -0.014093918 -0.008005939 -0.030493837 0.014123875 0.999893427 0.003697729 0.016435547 0.007952970 -0.003810318 0.999961138 13.380402565
0.999855757 -0.014287450 -0.009182342 -0.048060089 0.014300593 0.999896824 0.001367263 0.024716105 0.009161861 -0.001498379 0.999956906 14.319107056
0.999827147 -0.015382545 -0.010441302 -0.068378963 0.015382602 0.999881685 -0.000074863 0.028506778 0.010441218 -0.000085764 0.999945462 15.261427879
0.999808967 -0.015016147 -0.012513162 -0.073798560 0.015010312 0.999887168 -0.000560049 0.029597333 0.012520160 0.000372116 0.999921560 16.187181473
0.999817789 -0.013550409 -0.013445859 -0.109027334 0.013532646 0.999907434 -0.001411226 0.028295096 0.013463737 0.001229011 0.999908626 17.116006851
0.999813616 -0.012172250 -0.014984634 -0.131882891 0.012154880 0.999925375 -0.001249722 0.024768379 0.014998727 0.001067353 0.999886930 18.043174744
0.999774516 -0.013077245 -0.016729290 -0.144984245 0.013063602 0.999914229 -0.000924522 0.030520944 0.016739944 0.000705769 0.999859631 18.954973221
0.999753237 -0.012437888 -0.018405624 -0.160633102 0.012450481 0.999922335 0.000569721 0.029713888 0.018397110 -0.000798739 0.999830425 19.867673874
0.999721348 -0.011906188 -0.020381885 -0.172622234 0.011930509 0.999928236 0.001072080 0.032020167 0.020367660 -0.001314947 0.999791682 20.776250839
0.999700725 -0.013152952 -0.020626307 -0.214559689 0.013176748 0.999912679 0.001018122 0.027682655 0.020611115 -0.001289605 0.999786735 21.692123413
0.999659240 -0.013339287 -0.022438042 -0.235316426 0.013354306 0.999910712 0.000519675 0.029192755 0.022429105 -0.000819142 0.999748111 22.589460373
0.999636948 -0.012946910 -0.023630247 -0.252584070 0.012969517 0.999915540 0.000803719 0.030256148 0.023617845 -0.001109900 0.999720454 23.432039261
0.999597847 -0.012659998 -0.025375230 -0.267624617 0.012730063 0.999915600 0.002601516 0.034214649 0.025340153 -0.002923498 0.999674618 24.312671661
0.999573469 -0.013899106 -0.025684938 -0.296434700 0.014043828 0.999886453 0.005462722 0.036406267 0.025606094 -0.005821106 0.999655187 25.179250717
0.999556959 -0.014577831 -0.025949322 -0.328408450 0.014769892 0.999864817 0.007225175 0.037112817 0.025840487 -0.007605243 0.999637127 26.035905838
0.999548376 -0.013606296 -0.026793096 -0.351619482 0.013772721 0.999886930 0.006036784 0.036262035 0.026707929 -0.006403072 0.999622762 26.887645721
0.999537468 -0.012280276 -0.027820764 -0.375627011 0.012371320 0.999918640 0.003102771 0.044318475 0.027780399 -0.003445516 0.999608099 27.717678070
0.999520421 -0.011814861 -0.028623553 -0.401377052 0.011871123 0.999927938 0.001796451 0.043940317 0.028600266 -0.002135383 0.999588668 28.538703918
0.999507487 -0.010480484 -0.029579367 -0.428289831 0.010528627 0.999943495 0.001472293 0.046391353 0.029562265 -0.001782998 0.999561369 29.337162018
0.999468565 -0.010469791 -0.030869989 -0.453242302 0.010513419 0.999943972 0.001251334 0.044020467 0.030855156 -0.001575218 0.999522626 30.134298325
0.999409139 -0.009800780 -0.032943577 -0.482820243 0.009812387 0.999951839 0.000190654 0.046895139 0.032940123 -0.000513797 0.999457181 30.913312912
0.999342620 -0.009882003 -0.034880359 -0.517255187 0.009903906 0.999950826 0.000455226 0.041855469 0.034874145 -0.000800378 0.999391377 31.685466766
0.999265492 -0.010251573 -0.036923792 -0.540824234 0.010298805 0.999946356 0.001089212 0.048128087 0.036910649 -0.001468683 0.999317467 32.510215759
0.999189556 -0.010613300 -0.038827445 -0.573425710 0.010747831 0.999936938 0.003257749 0.051429100 0.038790420 -0.003672419 0.999240637 33.275165558
0.999112248 -0.008777581 -0.041202866 -0.600107193 0.008970284 0.999949694 0.004494387 0.058263838 0.041161340 -0.004859998 0.999140680 34.023765564
0.999052227 -0.008022618 -0.042782098 -0.642320871 0.008245940 0.999953270 0.005046055 0.053455677 0.042739615 -0.005394051 0.999071658 34.765968323
0.998982489 -0.005369276 -0.044779476 -0.679026961 0.005568064 0.999975204 0.004315726 0.056621261 0.044755191 -0.004560669 0.998987556 35.493877411
0.998911142 -0.003866285 -0.046492703 -0.718383610 0.004040385 0.999985158 0.003651271 0.057083976 0.046477895 -0.003835143 0.998911977 36.225383759
0.998818636 -0.003666625 -0.048455518 -0.748470187 0.003892957 0.999981940 0.004577393 0.063528784 0.048437860 -0.004760620 0.998814881 36.942832947
0.998779714 -0.001820910 -0.049353793 -0.790602267 0.002120509 0.999979615 0.006018753 0.074112877 0.049341828 -0.006116064 0.998763204 37.660236359
0.998783767 0.000281457 -0.049304198 -0.834653914 0.000051064 0.999977291 0.006742869 0.073068559 0.049304973 -0.006737186 0.998761058 38.359550476
0.998812437 0.003563867 -0.048590280 -0.868448377 -0.003324346 0.999981940 0.005009330 0.074169733 0.048607253 -0.004841850 0.998806238 39.039382935
0.998897910 0.005254031 -0.046640866 -0.908167183 -0.005173818 0.999984920 0.001840362 0.077085868 0.046649832 -0.001597022 0.998910010 39.702312469
0.999000728 0.005761025 -0.044321664 -0.940084755 -0.005772654 0.999983311 -0.000134374 0.079888545 0.044320147 0.000390093 0.999017298 40.367092133
0.999118090 0.007227506 -0.041361906 -0.969418168 -0.007209462 0.999973834 0.000585408 0.085263774 0.041365054 -0.000286695 0.999144077 41.023620605
0.999208450 0.011477445 -0.038088880 -1.001454234 -0.011354553 0.999929607 0.003441222 0.082665771 0.038125694 -0.003006016 0.999268413 41.677490234
0.999301255 0.015834911 -0.033856884 -1.035348177 -0.015617820 0.999855816 0.006666924 0.084505349 0.033957575 -0.006133495 0.999404430 42.296356201
0.999324441 0.020644808 -0.030404640 -1.049263000 -0.020410271 0.999759674 0.008004145 0.080050319 0.030562578 -0.007378171 0.999505639 42.938362122
0.999394596 0.024271475 -0.024927674 -1.069856286 -0.024074426 0.999676764 0.008174843 0.087307878 0.025118031 -0.007569775 0.999655843 43.539569855
0.999425292 0.027972192 -0.019147946 -1.086598992 -0.027781997 0.999562681 0.010127964 0.093544096 0.019422874 -0.009590176 0.999765337 44.118865967
0.999374270 0.032991119 -0.012752349 -1.098593712 -0.032844115 0.999393523 0.011570083 0.092493169 0.013126325 -0.011144004 0.999851763 44.688827515
0.999313951 0.036645174 -0.005368309 -1.115649462 -0.036583904 0.999268949 0.011098226 0.095520303 0.005771080 -0.010894218 0.999924004 45.251438141
0.999191463 0.040157042 0.001943455 -1.116749644 -0.040176410 0.999129355 0.011243030 0.097869396 -0.001490276 -0.011312021 0.999934912 45.779201508
0.998980284 0.044148799 0.009448642 -1.115288854 -0.044247206 0.998965740 0.010472363 0.107747875 -0.008976527 -0.010879760 0.999900520 46.283718109
0.998689473 0.048327256 0.016847940 -1.109752536 -0.048459794 0.998796582 0.007549057 0.112396821 -0.016462840 -0.008355611 0.999829590 46.751506805
0.998408437 0.050470326 0.025166225 -1.109214664 -0.050605655 0.998707354 0.004769451 0.107873857 -0.024892978 -0.006035414 0.999671876 47.210674286
0.998163104 0.050770715 0.033055950 -1.093520284 -0.050945614 0.998691440 0.004469859 0.111968070 -0.032785755 -0.006145705 0.999443531 47.648437500
0.997902095 0.050244305 0.040828619 -1.069858074 -0.050526045 0.998705328 0.005897565 0.111700863 -0.040479440 -0.007948101 0.999148786 48.046977997
0.997462273 0.051688991 0.048962180 -1.044174433 -0.052070774 0.998621881 0.006553468 0.115225449 -0.048555963 -0.009086335 0.998779118 48.453781128
0.996843755 0.054903764 0.057342149 -1.022842050 -0.055377882 0.998442888 0.006711001 0.112941816 -0.056884401 -0.009865306 0.998332024 48.816825867
0.996039689 0.059677463 0.065905526 -0.998409867 -0.060196828 0.998168945 0.005921206 0.117923051 -0.065431483 -0.009865059 0.997808278 49.150688171
0.995175481 0.063309751 0.074950524 -0.974188924 -0.063935094 0.997936189 0.005971250 0.115989059 -0.074417800 -0.010734411 0.997169375 49.461006165
0.994462132 0.062777415 0.084285647 -0.949971616 -0.063558646 0.997956157 0.006615079 0.113594860 -0.083698109 -0.011935527 0.996419668 49.756919861
0.993563354 0.061597779 0.095065922 -0.913166404 -0.062337328 0.998043478 0.004826400 0.112550780 -0.094582625 -0.010721490 0.995459259 50.030563354
0.992471218 0.060425892 0.106534705 -0.867927909 -0.060829528 0.998148024 0.000540391 0.107707277 -0.106304750 -0.007016778 0.994308829 50.298675537
0.990908682 0.061426822 0.119694255 -0.822690427 -0.061457589 0.998103797 -0.003437816 0.106774613 -0.119678468 -0.003949558 0.992804825 50.566196442
0.988831520 0.063056901 0.135041103 -0.776609898 -0.062858641 0.998005986 -0.005735746 0.105605781 -0.135133490 -0.002816812 0.990823388 50.833667755
0.986289442 0.064828224 0.151758015 -0.741595626 -0.064497888 0.997892559 -0.007103507 0.109018385 -0.151898697 -0.002781956 0.988392174 51.126880646
0.983564675 0.065407775 0.168292478 -0.677357614 -0.064919114 0.997855067 -0.008409966 0.105324626 -0.168481588 -0.002653654 0.985701203 51.381835938
0.980339587 0.064558975 0.186457619 -0.618498385 -0.063876070 0.997910917 -0.009674402 0.106381625 -0.186692655 -0.002425980 0.982415378 51.638256073
0.976581812 0.063547648 0.205547348 -0.543363094 -0.062833704 0.997973859 -0.010005678 0.102761447 -0.205766723 -0.003143937 0.978596032 51.887725830
0.972053528 0.063726045 0.225944534 -0.473017842 -0.062803678 0.997962177 -0.011275529 0.102875799 -0.226202637 -0.003229730 0.974074900 52.145870209
0.966800451 0.065579981 0.246974051 -0.397605270 -0.064229034 0.997843444 -0.013531369 0.100089818 -0.247328818 -0.002780770 0.968927622 52.397968292
0.960564315 0.067467764 0.269748569 -0.316552699 -0.065716773 0.997717500 -0.015527718 0.093651175 -0.270180464 -0.002811633 0.962805569 52.636360168
0.953435540 0.068401061 0.293738037 -0.216784656 -0.066467196 0.997650981 -0.016573250 0.083298981 -0.294181645 -0.003722417 0.955742300 52.878852844
0.944869101 0.071452118 0.319557548 -0.115229666 -0.069487184 0.997428238 -0.017561994 0.078575909 -0.319990575 -0.005611370 0.947404087 53.134731293
0.935089827 0.073404111 0.346725941 -0.002758980 -0.071380340 0.997275293 -0.018623009 0.071473658 -0.347148210 -0.007335226 0.937781572 53.384090424
0.924084067 0.073998891 0.374957174 0.124430418 -0.071741134 0.997222781 -0.019998401 0.061537266 -0.375395715 -0.008419644 0.926826417 53.623680115
0.911552072 0.072035372 0.404825568 0.264753699 -0.068956524 0.997372568 -0.022203736 0.056227744 -0.405361354 -0.007675500 0.914124310 53.866325378
0.896753490 0.069521241 0.437035412 0.424208999 -0.065184109 0.997561634 -0.024935395 0.048756957 -0.437703311 -0.006126857 0.899098635 54.109252930
0.879639328 0.068537608 0.470677435 0.590736151 -0.062180839 0.997641683 -0.029062917 0.037014723 -0.471559316 -0.003702233 0.881826580 54.334186554
0.860217690 0.070375696 0.505047381 0.743690014 -0.061421517 0.997519493 -0.034383427 0.031339526 -0.506214321 -0.001443543 0.862406492 54.553241730
0.838279009 0.072223656 0.540436983 0.927545547 -0.060901128 0.997388422 -0.038825810 0.021124125 -0.541829765 -0.000366355 0.840488195 54.792877197
0.813906908 0.075225353 0.576104760 1.136825562 -0.062094193 0.997165859 -0.042480569 0.010426283 -0.577667654 -0.001197530 0.816271245 55.027790070
0.786660075 0.079273239 0.612275839 1.347944736 -0.065096818 0.996844411 -0.045427259 -0.003665209 -0.613944888 -0.004121394 0.789338112 55.260585785
0.756842315 0.083109520 0.648292065 1.585114956 -0.068221696 0.996509731 -0.048105456 -0.019978762 -0.650027335 -0.007819332 0.759870589 55.500114441
0.723865151 0.084594317 0.684735775 1.844594955 -0.068276271 0.996366322 -0.050916169 -0.035261273 -0.686554849 -0.009894760 0.727010608 55.735088348
0.687367857 0.081911445 0.721675813 2.119798660 -0.064474963 0.996578991 -0.051703557 -0.061855435 -0.723442078 -0.010990649 0.690297604 55.951892853
0.648296952 0.080642782 0.757104933 2.438064575 -0.061748706 0.996668339 -0.053285364 -0.081570387 -0.758879602 -0.012205500 0.651116610 56.179008484
0.605979323 0.080338880 0.791413188 2.784555435 -0.059821401 0.996672213 -0.055370569 -0.098685741 -0.793227911 -0.013790010 0.608768821 56.410179138
0.559798896 0.080099843 0.824747980 3.145738602 -0.056246143 0.996694446 -0.058622204 -0.118541598 -0.826717377 -0.013572247 0.562453747 56.621871948
0.511815429 0.079009652 0.855454504 3.543447495 -0.053032901 0.996768534 -0.060332000 -0.142246246 -0.857456982 -0.014488384 0.514351606 56.827526093
0.463374794 0.077096730 0.882802308 3.959589005 -0.051154282 0.996874213 -0.060208425 -0.164690614 -0.884684741 -0.017260045 0.465870202 57.009437561
0.413564324 0.075142041 0.907368839 4.396936417 -0.050992537 0.996935904 -0.059317779 -0.187470317 -0.909045815 -0.021737320 0.416128814 57.182762146
0.363698125 0.074839778 0.928505659 4.859125137 -0.053450447 0.996801734 -0.059407935 -0.207381129 -0.929982126 -0.028022485 0.366535127 57.341133118
0.313794613 0.075614080 0.946475387 5.351068497 -0.051846065 0.996701300 -0.062437594 -0.227516055 -0.948074400 -0.029478433 0.316679776 57.491764069
0.266925335 0.072234042 0.961006403 5.846008301 -0.040423248 0.997148633 -0.063722879 -0.256730676 -0.962869108 -0.021837743 0.269084156 57.585128784
0.223348916 0.066416264 0.972473323 6.356479645 -0.026780341 0.997717440 -0.061989684 -0.284995317 -0.974370718 -0.012197827 0.224617720 57.653160095
0.181092560 0.065196000 0.981302857 6.898319244 -0.018089497 0.997852266 -0.062957235 -0.318573356 -0.983299851 -0.006350175 0.181882977 57.726119995
0.142497599 0.067005783 0.987524509 7.419414520 -0.014476351 0.997740328 -0.065610051 -0.339379191 -0.989689291 -0.004946480 0.143145561 57.773803711
0.110071421 0.067321904 0.991641104 7.971668243 -0.005772801 0.997729897 -0.067094490 -0.378448367 -0.993906915 0.001660641 0.110210180 57.804374695
0.081579626 0.065820217 0.994491100 8.535583496 0.001761726 0.997805893 -0.066184126 -0.409431458 -0.996665299 0.007151296 0.081284642 57.822753906
0.056238472 0.064158820 0.996353805 9.115558624 0.008948198 0.997860670 -0.064760931 -0.444443703 -0.998377264 0.012557626 0.055544078 57.841667175
0.036295235 0.063298263 0.997334540 9.700801849 0.013127751 0.997875690 -0.063810363 -0.473222494 -0.999254942 0.015408774 0.035387218 57.840858459
0.020624340 0.064940646 0.997676015 10.301368713 0.015566236 0.997746408 -0.065267026 -0.505710125 -0.999666154 0.016876157 0.019567013 57.841072083
0.007155240 0.064646512 0.997882664 10.913337708 0.016561614 0.997763574 -0.064757556 -0.540341139 -0.999837339 0.016989905 0.006068587 57.841522217
-0.004685044 0.065490201 0.997842312 11.535095215 0.017202837 0.997710764 -0.065400809 -0.576323986 -0.999841154 0.016859308 -0.005800962 57.838630676
-0.013326287 0.068654545 0.997551620 12.183471680 0.022547871 0.997407019 -0.068343386 -0.610191822 -0.999657094 0.021581914 -0.014839768 57.807422638
-0.019603372 0.070587456 0.997313023 12.827308655 0.027209658 0.997172832 -0.070042700 -0.643892765 -0.999437571 0.025763482 -0.021468520 57.782897949
-0.024325728 0.069771916 0.997266412 13.486946106 0.027148508 0.997239709 -0.069107838 -0.683509350 -0.999335468 0.025393194 -0.026152849 57.766819000
-0.028083563 0.067272156 0.997339427 14.170207977 0.025217045 0.997463048 -0.066570416 -0.718569040 -0.999287486 0.023280419 -0.029708743 57.758388519
-0.030640125 0.060359925 0.997706234 14.882217407 0.023180254 0.997949421 -0.059662752 -0.760602713 -0.999261618 0.021299014 -0.031976461 57.739963531
-0.031650543 0.054432590 0.998015761 15.576992035 0.024197707 0.998265028 -0.053678799 -0.798580408 -0.999206126 0.022450732 -0.032912731 57.711540222
-0.032010794 0.052104801 0.998128593 16.276073456 0.026661279 0.998329401 -0.051260244 -0.828410864 -0.999131978 0.024970509 -0.033346415 57.688407898
-0.031977177 0.054010667 0.998028338 16.999534607 0.029793106 0.998146653 -0.053062499 -0.873273969 -0.999044597 0.028037576 -0.033527017 57.663063049
-0.031503797 0.061784036 0.997592270 17.751705170 0.030529395 0.997681439 -0.060825448 -0.907112598 -0.999037325 0.028539659 -0.033316970 57.645370483
-0.029259086 0.069668114 0.997141242 18.478034973 0.031048162 0.997150123 -0.068757705 -0.941915035 -0.999089718 0.028947618 -0.031338811 57.624687195
-0.027001262 0.070548125 0.997143030 19.221172333 0.032075893 0.997054040 -0.069673277 -0.976677179 -0.999120831 0.030102994 -0.029184580 57.602775574
-0.024707079 0.066053316 0.997510195 19.979454041 0.031348325 0.997375250 -0.065267920 -1.020251274 -0.999203146 0.029657695 -0.026712894 57.579986572
-0.022160888 0.059559405 0.997978866 20.766746521 0.031163199 0.997779965 -0.058855545 -1.068980575 -0.999268711 0.029795926 -0.023967743 57.570831299
-0.019497514 0.057800584 0.998137772 21.520774841 0.029460313 0.997927248 -0.057212919 -1.114068985 -0.999375820 0.028289940 -0.021159887 57.561866760
-0.015898466 0.063355334 0.997864544 22.275520325 0.037036985 0.997342944 -0.062732138 -1.155283451 -0.999187529 0.035960551 -0.018202662 57.535652161
-0.012720585 0.068541229 0.997567296 23.024085999 0.039035872 0.996921420 -0.067999095 -1.200913191 -0.999156952 0.038075931 -0.015356898 57.527175903
-0.010293484 0.069346525 0.997539699 23.782672882 0.032854225 0.997077227 -0.068975374 -1.241449594 -0.999407351 0.032063402 -0.012541771 57.530979156
-0.007103324 0.065825358 0.997805893 24.580448151 0.028567785 0.997437119 -0.065597653 -1.293638825 -0.999566674 0.028039137 -0.008965611 57.546375275
-0.002299666 0.062333610 0.998052895 25.347518921 0.032637279 0.997528315 -0.062225662 -1.341213584 -0.999464750 0.032430634 -0.004328370 57.539474487
0.000788629 0.063123576 0.998005569 26.119256973 0.036892641 0.997324467 -0.063109666 -1.395235181 -0.999319077 0.036868833 -0.001542330 57.548797607
0.004265308 0.067556858 0.997706354 26.869558334 0.036998004 0.997021616 -0.067668669 -1.438026667 -0.999306321 0.037201777 0.001753151 57.538646698
0.007550001 0.068396904 0.997629702 27.635160446 0.032627631 0.997110009 -0.068608209 -1.484939933 -0.999439120 0.033068292 0.005296588 57.561840057
0.011055112 0.068218037 0.997609198 28.441625595 0.032269675 0.997126162 -0.068542607 -1.533077359 -0.999418020 0.032950271 0.008822024 57.568176270
0.015088677 0.064833984 0.997782111 29.208787918 0.036291681 0.997202575 -0.065345146 -1.584518433 -0.999227464 0.037197165 0.012693524 57.572597504
0.018243849 0.064984873 0.997719586 29.969671249 0.040439382 0.997021019 -0.065678842 -1.639980197 -0.999015570 0.041545402 0.015561581 57.588691711
0.021682680 0.065816335 0.997596204 30.739805222 0.043222047 0.996836126 -0.066705622 -1.690976501 -0.998830199 0.044564512 0.018769383 57.610374451
0.024588883 0.065853924 0.997526228 31.527542114 0.044095676 0.996785343 -0.066891968 -1.737533092 -0.998724639 0.045631398 0.021605968 57.621799469
0.028241515 0.064298384 0.997531116 32.294212341 0.045604452 0.996807098 -0.065542854 -1.785626054 -0.998560369 0.047342893 0.025219083 57.641395569
0.031947255 0.063134089 0.997493565 33.060581207 0.047691565 0.996769965 -0.064615726 -1.833835006 -0.998351038 0.049636323 0.028833091 57.659999847
0.034040332 0.063242607 0.997417629 33.841598511 0.046159081 0.996831357 -0.064780787 -1.884296536 -0.998354077 0.048245039 0.031013250 57.706134796
0.037612677 0.065611973 0.997136056 34.640045166 0.043109350 0.996806681 -0.067216411 -1.919361115 -0.998362124 0.045514077 0.034664094 57.735031128
0.040310979 0.065952227 0.997008204 35.427413940 0.044781547 0.996697366 -0.067742266 -1.968077421 -0.998183191 0.047378328 0.037224412 57.770980835
0.043400049 0.065446623 0.996911883 36.203559875 0.042651776 0.996820867 -0.067297474 -2.016278744 -0.998146951 0.045440774 0.040470660 57.802265167
0.045360327 0.065642968 0.996811807 36.976860046 0.041096024 0.996871412 -0.067517005 -2.065852642 -0.998125196 0.044027600 0.042520761 57.845386505
0.048392653 0.065648034 0.996668756 37.758876801 0.038106542 0.996989965 -0.067519434 -2.114417553 -0.998101294 0.041247047 0.045745373 57.885452271
0.051604331 0.067894675 0.996357143 38.552524567 0.036540568 0.996889889 -0.069823533 -2.160564423 -0.997999012 0.040010657 0.048962951 57.933021545
0.054197311 0.070389271 0.996046245 39.335422516 0.035140108 0.996759951 -0.072351769 -2.231385708 -0.997911811 0.038922444 0.051548183 57.993320465
0.057858706 0.073564768 0.995610654 40.152893066 0.035499625 0.996499002 -0.075693421 -2.272385836 -0.997693419 0.039723326 0.055044591 58.043594360
0.061455846 0.075332753 0.995262921 40.946475983 0.029398929 0.996578395 -0.077247672 -2.326813698 -0.997676790 0.034006990 0.059030831 58.089729309
0.063624680 0.074583173 0.995183110 41.742115021 0.025846127 0.996745825 -0.076352708 -2.380947590 -0.997639239 0.030579548 0.061489999 58.154029846
0.067128599 0.074834019 0.994934082 42.544223785 0.028087772 0.996646345 -0.076857910 -2.441259384 -0.997349024 0.033104852 0.064801574 58.210781097
0.070432663 0.076801918 0.994555593 43.343807220 0.027599892 0.996499896 -0.078906648 -2.489651680 -0.997134686 0.033007234 0.068066418 58.280536652
0.074491084 0.077834047 0.994179547 44.163333893 0.023323724 0.996540666 -0.079766482 -2.546989441 -0.996948898 0.029129863 0.072418034 58.354679108
0.079129517 0.075957067 0.993966341 44.973381042 0.022529744 0.996701896 -0.077959701 -2.601713657 -0.996609688 0.028562721 0.077157259 58.413677216
0.083655417 0.075565927 0.993625581 45.785717010 0.023015609 0.996708095 -0.077738099 -2.665734768 -0.996229053 0.029372118 0.081640840 58.486537933
0.088795960 0.079138562 0.992901146 46.592784882 0.019660188 0.996505201 -0.081184067 -2.724429131 -0.995855987 0.026729453 0.086929798 58.567642212
0.094286203 0.087790325 0.991666734 47.426166534 0.017617760 0.995801151 -0.089831412 -2.789921761 -0.995389223 0.025940809 0.092343628 58.663162231
0.102157712 0.092555664 0.990453124 48.242084503 0.016113581 0.995377541 -0.094677843 -2.853204966 -0.994637787 0.025631826 0.100194097 58.743598938
0.109086990 0.095191859 0.989463866 49.063796997 0.011550584 0.995215535 -0.097018652 -2.925041199 -0.993965209 0.022012366 0.107465506 58.848056793
0.116286695 0.093636550 0.988792002 49.885471344 0.008063094 0.995424271 -0.095212869 -2.996707201 -0.993183017 0.019044712 0.114999592 58.954059601
0.123106420 0.091964021 0.988123178 50.748508453 0.007114294 0.995589614 -0.093545258 -3.081486702 -0.992367983 0.018545821 0.121909201 59.081115723
0.130759358 0.088219918 0.987481296 51.587303162 0.006775117 0.995930314 -0.089871883 -3.153883219 -0.991391063 0.018441893 0.129629493 59.193077087
0.137554824 0.083091587 0.987002850 52.433460236 0.004806978 0.996407390 -0.084553257 -3.217654705 -0.990482569 0.016375219 0.136661232 59.332614899
0.144651771 0.075922340 0.986565650 53.260013580 0.001970573 0.997027874 -0.077016406 -3.280686617 -0.989480734 0.013084658 0.144072235 59.462947845
0.152524710 0.072711982 0.985621214 54.116817474 0.001594931 0.997270465 -0.073818192 -3.364662886 -0.988298416 0.012831099 0.151992440 59.591670990
0.159433603 0.075033911 0.984353065 54.942264557 0.001270011 0.997090936 -0.076210581 -3.421222687 -0.987207890 0.013400674 0.158874512 59.739997864
0.164765179 0.081389278 0.982969224 55.751335144 0.001610551 0.996566117 -0.082785070 -3.483999014 -0.986331642 0.015223231 0.164068341 59.890037537
0.169592977 0.084770523 0.981861711 56.543819427 -0.000033511 0.996294200 -0.086010791 -3.552011728 -0.985514343 0.014553930 0.168967307 60.033649445
0.175334573 0.087891288 0.980577946 57.334262848 -0.001497938 0.996029735 -0.089008436 -3.616934776 -0.984507859 0.014137421 0.174770117 60.166328430
0.180357218 0.086871445 0.979757428 58.141479492 -0.003687240 0.996144891 -0.087645702 -3.695616722 -0.983594298 0.012194937 0.179982185 60.332477570
0.185677230 0.083657421 0.979043186 58.923919678 0.000511632 0.996360838 -0.085234217 -3.761272430 -0.982610762 0.016326966 0.184958696 60.480018616
0.190119147 0.077279143 0.978714883 59.698356628 0.001020856 0.996881068 -0.078911856 -3.819353104 -0.981760561 0.016001785 0.189447284 60.632976532
0.192947865 0.070983559 0.978638172 60.468475342 -0.000715061 0.997389734 -0.072202697 -3.879906893 -0.981208861 0.013231575 0.192494929 60.798835754
0.196251631 0.067330748 0.978239298 61.226531982 -0.004763670 0.997693419 -0.067714080 -3.944801092 -0.980542123 0.008628992 0.196119666 60.963626862
0.199658632 0.068102427 0.977496028 61.981781006 -0.006229693 0.997649908 -0.068234108 -3.989272833 -0.979845703 0.007534028 0.199613690 61.120277405
0.201625705 0.069846489 0.976969123 62.710834503 -0.007798581 0.997537017 -0.069707498 -4.041817188 -0.979431689 0.006435853 0.201673806 61.279895782
0.203154802 0.074233919 0.976328552 63.427242279 -0.012432711 0.997237086 -0.073236674 -4.095186710 -0.979067683 0.002739973 0.203516483 61.437023163
0.205713332 0.078280605 0.975476444 64.153160095 -0.013297353 0.996927142 -0.077197790 -4.150845051 -0.978522003 0.002909367 0.206122100 61.589183807
0.207478344 0.084052823 0.974621952 64.856185913 -0.013790072 0.996454120 -0.083000027 -4.199945450 -0.978142440 0.003780605 0.207901776 61.747917175
0.209011078 0.085459054 0.974172175 65.550720215 -0.012996648 0.996329010 -0.084614307 -4.261917114 -0.977827013 0.005024367 0.209354460 61.900970459
0.210609555 0.085257784 0.973845422 66.229682922 -0.015143692 0.996354580 -0.083953351 -4.317780018 -0.977453053 0.002933772 0.211132944 62.051097870
0.211651921 0.082942292 0.973819435 66.927398682 -0.014782914 0.996550143 -0.081665382 -4.366103172 -0.977233410 0.002888761 0.212147892 62.205162048
0.212301910 0.080487043 0.973883867 67.591209412 -0.014860524 0.996752918 -0.079137541 -4.419823647 -0.977091134 0.002328628 0.212808609 62.350414276
0.212039471 0.079471342 0.974024355 68.261535645 -0.013383411 0.996830702 -0.078418627 -4.466486454 -0.977169394 0.003592076 0.212431073 62.504470825
0.210313439 0.078887403 0.974446118 68.916587830 -0.014566653 0.996881306 -0.077559777 -4.522853374 -0.977525592 0.002117454 0.210806668 62.656753540
0.208962083 0.079418346 0.974693537 69.529067993 -0.015733132 0.996840954 -0.077849939 -4.575906277 -0.977797151 0.000932700 0.209551454 62.770835876
0.206687331 0.082325391 0.974937439 70.169982910 -0.016583892 0.996605396 -0.080639280 -4.630179405 -0.978266597 0.000498872 0.207350969 62.921005249
0.204572797 0.085970424 0.975068867 70.780685425 -0.014796609 0.996293426 -0.084737398 -4.681632519 -0.978739619 0.002907269 0.205086589 63.044700623
0.202675045 0.087302051 0.975346863 71.402084351 -0.012169612 0.996165633 -0.086636707 -4.720001221 -0.979170620 0.005689521 0.202960312 63.179153442
0.200229645 0.085595742 0.976002753 71.999908447 -0.013105748 0.996321261 -0.084688991 -4.775529385 -0.979661286 0.004165993 0.200614870 63.307624817
0.197766542 0.082747608 0.976750314 72.594451904 -0.013612163 0.996566415 -0.081670262 -4.823045254 -0.980154634 0.002855957 0.198213875 63.427482605
0.195764840 0.078966387 0.977466345 73.203132629 -0.013208509 0.996874511 -0.077888943 -4.876889229 -0.980561912 0.002337038 0.196196020 63.553726196
0.194190860 0.077949896 0.977861881 73.777053833 -0.009570211 0.996940970 -0.077570267 -4.925737381 -0.980917156 0.005705100 0.194342852 63.658607483
0.192227423 0.079324991 0.978139281 74.338165283 -0.005654366 0.996800661 -0.079727188 -4.970285892 -0.981334269 0.009795000 0.192060947 63.769470215
0.189451277 0.081521198 0.978500247 74.918960571 -0.001712055 0.996573389 -0.082695447 -5.010420322 -0.981888711 0.013991524 0.188941717 63.887794495
0.187963426 0.083519310 0.978618622 75.475051880 -0.002459590 0.996414840 -0.084565707 -5.049967766 -0.982173026 0.013488269 0.187494993 63.991783142
0.186944306 0.086244427 0.978577554 76.028457642 -0.003009792 0.996184409 -0.087221198 -5.093097687 -0.982366025 0.013360196 0.186490595 64.086929321
0.185981691 0.084609717 0.978903592 76.594085693 -0.001206736 0.996304393 -0.085884467 -5.139049530 -0.982552588 0.014791669 0.185396492 64.189460754
0.186247766 0.082910091 0.978998482 77.152641296 0.004822775 0.996343911 -0.085296571 -5.185135365 -0.982491136 0.020607797 0.185166955 64.292350769
0.188697875 0.081140719 0.978677392 77.729423523 0.009947372 0.996371627 -0.084525675 -5.223698616 -0.981984854 0.025685085 0.187206089 64.392768860
0.190630198 0.080639258 0.978344381 78.306655884 0.012186935 0.996349096 -0.084497929 -5.272800446 -0.981586397 0.028030889 0.188951492 64.510742188
0.193230808 0.080572441 0.977839470 78.864555359 0.009988604 0.996409237 -0.084076419 -5.313208580 -0.981102526 0.026013410 0.191732168 64.643653870
0.199106872 0.081129424 0.976613820 79.444061279 0.008439109 0.996388376 -0.084492661 -5.365620136 -0.979941487 0.025064822 0.197703123 64.743675232
0.205629408 0.080141984 0.975343049 80.024017334 0.009917938 0.996419370 -0.083964773 -5.404691696 -0.978579760 0.026939025 0.204098284 64.868408203
0.212881446 0.080494463 0.973756731 80.610466003 0.007771479 0.996429741 -0.084067695 -5.447726727 -0.977047145 0.025463982 0.211495817 65.010528564
0.221365094 0.078014500 0.972065508 81.199455261 0.008639524 0.996598899 -0.081950918 -5.494997978 -0.975152850 0.026539266 0.219938219 65.151359558
0.229963064 0.077985995 0.970069766 81.789939880 0.004927269 0.996678054 -0.081293158 -5.540202141 -0.973187029 0.023474229 0.228814900 65.305412292
0.238940775 0.077478558 0.967938244 82.379615784 0.003777735 0.996730030 -0.080715753 -5.588958263 -0.971026838 0.022942897 0.237866759 65.472633362
0.248639822 0.080742061 0.965224922 82.986083984 -0.001534303 0.996551096 -0.082967304 -5.642570496 -0.968594909 0.019148037 0.247906148 65.638259888
0.259206057 0.083069429 0.962243140 83.614013672 -0.004774843 0.996392429 -0.084731273 -5.687014103 -0.965810359 0.017368307 0.258667588 65.800811768
0.269579887 0.086409003 0.959093451 84.229049683 -0.009496803 0.996156156 -0.087078810 -5.727284431 -0.962931216 0.014366384 0.269364297 65.999725342
0.279788077 0.088096596 0.956011474 84.855728149 -0.010883355 0.996008098 -0.088597164 -5.778759480 -0.960000217 0.014383828 0.279629946 66.191665649
0.289025247 0.088930659 0.953181982 85.484008789 -0.014085962 0.995963156 -0.088650927 -5.829620361 -0.957217932 0.012195878 0.289111137 66.401115417
0.299426436 0.089576028 0.949905336 86.137054443 -0.014795212 0.995899379 -0.089249566 -5.877273083 -0.954004765 0.012669642 0.299523890 66.623313904
0.309900641 0.090629846 0.946439624 86.794120789 -0.018986510 0.995837808 -0.089143254 -5.928966999 -0.950579464 0.009655975 0.310331523 66.846687317
0.320712268 0.085670307 0.943294346 87.455787659 -0.019220179 0.996284723 -0.083948202 -5.984876633 -0.946981668 0.008792932 0.321167350 67.076385498
0.331242561 0.078768380 0.940252185 88.137161255 -0.015680740 0.996831298 -0.077984042 -6.034157276 -0.943415463 0.011087793 0.331428051 67.323928833
0.342049181 0.074199080 0.936748147 88.826797485 -0.014149532 0.997171283 -0.073818535 -6.090285301 -0.939575613 0.011995029 0.342131495 67.580947876
0.352361441 0.070952341 0.933170557 89.521759033 -0.014774503 0.997419417 -0.070258625 -6.138030052 -0.935747385 0.010969305 0.352500439 67.852401733
0.361757576 0.068184167 0.929775476 90.224639893 -0.008574973 0.997523010 -0.069816016 -6.183708191 -0.932232797 0.017283680 0.361446202 68.124794006
0.370397925 0.062856324 0.926744103 90.940879822 -0.001569130 0.997748733 -0.067045070 -6.222535133 -0.928871989 0.023379175 0.369662642 68.406654358
0.377407849 0.053730663 0.924487174 91.689308167 0.007693956 0.998098969 -0.061149888 -6.267972469 -0.926015258 0.030191416 0.376276970 68.703506470
0.384544075 0.049111914 0.921799302 92.423774719 0.013162738 0.998190463 -0.058672965 -6.313945770 -0.923012853 0.034695741 0.383201778 69.004997253
0.391615987 0.049169153 0.918814063 93.154975891 0.014888166 0.998101890 -0.059757758 -6.362751484 -0.920008302 0.037081547 0.390140593 69.315582275
0.399463892 0.055083547 0.915092587 93.898269653 0.017659228 0.997545660 -0.067755528 -6.408995628 -0.916578829 0.043225717 0.397510707 69.634513855
0.406427503 0.059631210 0.911735177 94.623619080 0.021295276 0.996978700 -0.074699365 -6.450325012 -0.913434923 0.049775526 0.403929651 69.958541870
0.411632180 0.061388548 0.909280241 95.339439392 0.019414609 0.996911645 -0.076093860 -6.507814407 -0.911143363 0.048976004 0.409169078 70.287673950
0.416126907 0.063291408 0.907101274 96.058906555 0.011898022 0.997110307 -0.075029783 -6.565227985 -0.909228802 0.042014621 0.414171338 70.634078979
0.420048416 0.066532671 0.905059576 96.785690308 0.006011447 0.997083008 -0.076087482 -6.627392769 -0.907481849 0.037401147 0.418423176 70.989295959
0.424035966 0.069750160 0.902955472 97.483551025 0.004991480 0.996834636 -0.079346053 -6.684466362 -0.905631661 0.038152665 0.422345579 71.322616577
0.428278208 0.073064804 0.900688291 98.171417236 0.002589402 0.996622503 -0.082078360 -6.749997139 -0.903643310 0.037484623 0.426642478 71.653182983
0.431484520 0.076529428 0.898868382 98.847877502 -0.001475481 0.996453762 -0.084129542 -6.808669090 -0.902119100 0.034974333 0.430067301 71.986648560
0.435704231 0.075321890 0.896932781 99.545227051 -0.002689014 0.996596932 -0.082385160 -6.867092133 -0.900085866 0.033483703 0.434424043 72.327445984
0.439841807 0.072136730 0.895173550 100.213775635 -0.001764849 0.996836364 -0.079461992 -6.925482273 -0.898073614 0.033370867 0.438577592 72.657028198
0.443313420 0.069231234 0.893689156 100.866409302 -0.001708138 0.997076333 -0.076392993 -6.984098911 -0.896365047 0.032339498 0.442135572 72.982154846
0.446839511 0.068136320 0.892015696 101.525207520 -0.002636004 0.997191370 -0.074849680 -7.043641567 -0.894610345 0.031094439 0.445764124 73.326248169
0.450140059 0.070490353 0.890171349 102.150260925 -0.005225292 0.997070193 -0.076313078 -7.091281414 -0.892942667 0.029700169 0.449189603 73.641227722
0.453252137 0.070644170 0.888578653 102.798492432 -0.003835900 0.996999919 -0.077307291 -7.149724007 -0.891374171 0.031631205 0.452163339 73.977249146
0.455258965 0.068790369 0.887697697 103.414093018 -0.001849080 0.997081757 -0.076318569 -7.200493813 -0.890357196 0.033103291 0.454057574 74.293655396
0.457065761 0.067354821 0.886878967 104.024192810 0.000720334 0.997100174 -0.076096915 -7.249760151 -0.889432609 0.035420146 0.455691814 74.605087280
0.458978772 0.067439221 0.885883987 104.630722046 -0.000913310 0.997150183 -0.075436339 -7.302438736 -0.888446748 0.033814590 0.457732379 74.926231384
0.460966587 0.066932902 0.884889722 105.219039917 0.000686474 0.997124314 -0.075779922 -7.348622322 -0.887417197 0.035539467 0.459595084 75.233406067
0.463511288 0.068539530 0.883436382 105.807472229 0.000669976 0.996976554 -0.077699840 -7.392897606 -0.886090875 0.036606636 0.462063968 75.550285339
0.466103554 0.068434730 0.882079482 106.375450134 0.003105298 0.996871233 -0.078981549 -7.451660156 -0.884724736 0.039552700 0.464432716 75.851486206
0.469099343 0.067703404 0.880546570 106.936752319 0.005051855 0.996835113 -0.079335921 -7.499160767 -0.883131027 0.041664828 0.467272699 76.147872925
0.472354233 0.065925315 0.878939927 107.491416931 0.008343780 0.996819794 -0.079251014 -7.544388771 -0.881369352 0.044768233 0.470301986 76.444038391
0.475850701 0.064912252 0.877127469 108.027481079 0.009950102 0.996811688 -0.079167575 -7.589725494 -0.879469812 0.046399459 0.473687649 76.729957581
0.478982031 0.064346984 0.875463188 108.554595947 0.011113511 0.996785283 -0.079344630 -7.634356022 -0.877754450 0.047734130 0.476727128 77.017204285
0.482274950 0.063928492 0.873684168 109.090728760 0.010907441 0.996818185 -0.078959271 -7.687273502 -0.875952005 0.047609735 0.480043113 77.328109741
0.485791206 0.063266180 0.871782243 109.612503052 0.012652093 0.996763647 -0.079386458 -7.732150078 -0.873983324 0.049595114 0.483418524 77.615791321
0.489862442 0.064607389 0.869402468 110.122520447 0.011881956 0.996662796 -0.080759265 -7.778765678 -0.871718764 0.049891129 0.487460017 77.896232605
0.494129062 0.065179534 0.866941869 110.637313843 0.013827989 0.996470273 -0.082799427 -7.820740700 -0.869278669 0.052901674 0.491483629 78.187171936
0.499059618 0.068055652 0.863891244 111.140838623 0.011589537 0.996298015 -0.085181542 -7.877530098 -0.866490245 0.052522771 0.496423364 78.485794067
0.504801273 0.073842198 0.860071540 111.639938354 0.008137171 0.995883346 -0.090278387 -7.925605774 -0.863197267 0.052571196 0.502122283 78.775154114
0.510072470 0.080722518 0.856335163 112.138320923 0.002760668 0.995427668 -0.095478468 -7.985216141 -0.860126972 0.051064998 0.507517457 79.110122681
0.516261816 0.087038435 0.851996601 112.632003784 -0.002535423 0.994973302 -0.100108370 -8.035067558 -0.856427133 0.049521964 0.513887405 79.422279358
0.522935867 0.091419093 0.847455442 113.125831604 -0.006084931 0.994606853 -0.103538223 -8.086228371 -0.852350354 0.048987150 0.520671904 79.730056763
0.527989030 0.091758423 0.844279587 113.617591858 -0.010420454 0.994771004 -0.101597548 -8.140955925 -0.849187255 0.044844616 0.526184320 80.059249878
0.533557534 0.091085568 0.840844691 114.135322571 -0.016755046 0.995127082 -0.097166501 -8.189103127 -0.845597804 0.037755523 0.532483697 80.403656006
0.539441228 0.088480555 0.837361634 114.645858765 -0.022784054 0.995633364 -0.090526648 -8.242347717 -0.841715038 0.029755328 0.539101660 80.751022339
0.545502722 0.087067902 0.833574295 115.162635803 -0.029732775 0.995973587 -0.084573172 -8.298900604 -0.837581575 0.021350430 0.545895100 81.103752136
0.551263213 0.084646702 0.830026388 115.677047729 -0.032364268 0.996260881 -0.080104649 -8.354832649 -0.833703399 0.017295554 0.551941574 81.465545654
0.557018399 0.088597812 0.825760782 116.218566895 -0.036920886 0.995952070 -0.081952989 -8.392812729 -0.829679072 0.015161505 0.558034778 81.872375488
0.563192844 0.092568778 0.821124196 116.745964050 -0.040407512 0.995601833 -0.084523670 -8.434224129 -0.825336993 0.014423543 0.564456284 82.250122070
0.569317698 0.095852442 0.816510677 117.288536072 -0.043661602 0.995303512 -0.086398080 -8.486196518 -0.820957422 0.013537798 0.570828974 82.651809692
0.575987816 0.098225512 0.811535478 117.832283020 -0.046247460 0.995080113 -0.087616973 -8.535095215 -0.816149056 0.012934856 0.577696681 83.038383484
