1.000000000 0.000000000 0.000000000 0.000000000 0.000000000 1.000000000 0.000000000 0.000000000 0.000000000 0.000000000 1.000000000 0.000000000
0.999871492 0.001673273 0.015942318 0.011228248 -0.001655272 0.999997973 -0.001142248 0.001230507 -0.015944196 0.001115712 0.999872267 0.127048016
0.999290287 0.004457657 0.037403248 0.027400851 -0.004442187 0.999989986 -0.000496692 -0.002620454 -0.037405089 0.000330187 0.999300122 0.278620303
0.997921169 0.006124612 0.064154699 0.062446591 -0.006183906 0.999980628 0.000725700 -0.000912192 -0.064149007 -0.001120918 0.997939706 0.449605942
0.995133042 0.005856299 0.098366328 0.106615379 -0.006178683 0.999976516 0.002973076 -0.000177813 -0.098346606 -0.003566380 0.995145857 0.634503126
0.990649343 0.002780164 0.136404470 0.168340757 -0.003494361 0.999981403 0.004996717 -0.001009651 -0.136388034 -0.005426641 0.990640640 0.822667181
0.984440863 -0.000071181 0.175716177 0.246618405 -0.000853053 0.999986172 0.005184270 0.001816277 -0.175714120 -0.005253502 0.984427214 1.020591259
0.975598574 -0.000110843 0.219561830 0.328886569 -0.001326511 0.999978662 0.006399031 0.002678704 -0.219557852 -0.006534136 0.975577593 1.233335018
0.963526070 0.000330747 0.267614245 0.424887151 -0.002912384 0.999952972 0.009249981 0.005703366 -0.267598599 -0.009691993 0.963481724 1.452539563
0.949070692 -0.003829630 0.315039933 0.546318948 -0.001406325 0.999864697 0.016390981 0.002498434 -0.315060049 -0.015999248 0.948936880 1.678967357
0.932153761 -0.012962117 0.361830503 0.693189621 0.004489770 0.999695957 0.024246216 -0.000091537 -0.362034768 -0.020976666 0.931928515 1.903420448
0.910762072 -0.017601404 0.412556320 0.842276931 0.006480651 0.999577343 0.028339490 0.004073706 -0.412880778 -0.023136899 0.910491168 2.120362043
0.885366201 -0.018986331 0.464506418 1.013095379 0.004417268 0.999464154 0.032432832 0.006685534 -0.464873284 -0.026663084 0.884975672 2.357100487
0.856815875 -0.021046093 0.515192747 1.203364730 0.002412817 0.999319375 0.036810350 0.011627004 -0.515616834 -0.030296627 0.856283486 2.588946342
0.824353755 -0.025543241 0.565498412 1.409454107 0.003008387 0.999164999 0.040746242 0.021494731 -0.566067040 -0.031888079 0.823742270 2.812216043
0.788176060 -0.031120215 0.614662528 1.652526379 0.005242700 0.999024034 0.043857679 0.028423244 -0.615427494 -0.031345084 0.787570000 3.039691210
0.749939978 -0.034708660 0.660594702 1.882401466 0.005237639 0.998902798 0.046537861 0.030668765 -0.661485136 -0.031440645 0.749298930 3.245293140
0.709878743 -0.037895523 0.703303695 2.165131330 0.006356595 0.998855531 0.047404476 0.043704703 -0.704295218 -0.029180814 0.709307194 3.464251041
0.667697072 -0.039485663 0.743385196 2.463815451 0.005421347 0.998823762 0.048184171 0.059463449 -0.744413376 -0.028142279 0.667125702 3.680483341
0.624947011 -0.039448425 0.779669821 2.783549309 0.000479370 0.998741686 0.050148413 0.075195290 -0.780667007 -0.030966349 0.624179482 3.896986485
0.582916617 -0.039928284 0.811550319 3.138649225 -0.002616069 0.998694479 0.051014837 0.094164945 -0.812527776 -0.031860467 0.582051158 4.114402294
0.542946994 -0.040937971 0.838768542 3.521358013 -0.004571949 0.998652160 0.051700938 0.115287915 -0.839754522 -0.031905673 0.542028010 4.318890572
0.504118979 -0.043044772 0.862560868 3.939450502 -0.006139982 0.998553276 0.053419743 0.132414475 -0.863612413 -0.032226015 0.503125370 4.528059006
0.467028320 -0.042479910 0.883221447 4.377847672 -0.009186700 0.998558342 0.052884951 0.155367687 -0.884194672 -0.032812662 0.465964794 4.732589722
0.430723906 -0.041530333 0.901527762 4.862779140 -0.010044965 0.998658121 0.050804000 0.184945926 -0.902427912 -0.030938316 0.429728806 4.925093651
0.397297442 -0.040170100 0.916810274 5.355968475 -0.008864901 0.998826861 0.047605246 0.201299846 -0.917647064 -0.027040876 0.396475255 5.113243580
0.367809474 -0.038434081 0.929106593 5.886280060 -0.006755500 0.999008715 0.044000030 0.224770129 -0.929876626 -0.022460207 0.367185235 5.293345928
0.342568934 -0.036484301 0.938784003 6.443972111 -0.005317290 0.999154389 0.040770810 0.250178665 -0.939477623 -0.018958598 0.342085242 5.480008602
0.322878182 -0.036076937 0.945752680 7.036272049 -0.003916753 0.999213755 0.039453447 0.274978071 -0.946432412 -0.016442936 0.322483003 5.655141354
0.308497667 -0.036115061 0.950539291 7.657621384 -0.002946410 0.999237895 0.038921591 0.305191904 -0.951220572 -0.014807901 0.308156133 5.842411041
0.296435475 -0.037898380 0.954300702 8.302530289 -0.002157030 0.999183238 0.040350854 0.318801194 -0.955050528 -0.014019882 0.296111643 6.053514481
0.285447299 -0.040056977 0.957557023 8.958429337 -0.003083935 0.999082625 0.042713422 0.344263971 -0.958389521 -0.015145481 0.285061896 6.248291492
0.275811970 -0.040917233 0.960340321 9.666740417 -0.004387902 0.999029577 0.043825880 0.382688463 -0.961201549 -0.016301580 0.275364757 6.426193237
0.266352117 -0.042796060 0.962925315 10.385360718 -0.005001099 0.998939037 0.045779988 0.410269678 -0.963862896 -0.017009284 0.265855491 6.612329483
0.255410790 -0.044385381 0.965813279 11.123501778 -0.006019415 0.998853326 0.047495626 0.441840231 -0.966813862 -0.017944526 0.254850745 6.820281982
0.245211303 -0.046130344 0.968371570 11.874949455 -0.005916004 0.998777509 0.049076848 0.471105725 -0.969451666 -0.017763088 0.244638622 7.005297661
0.234727859 -0.046720278 0.970937788 12.661479950 -0.006683374 0.998743117 0.049673971 0.514806271 -0.972038209 -0.018149007 0.234120548 7.195054054
0.224144101 -0.050051615 0.973269999 13.469230652 -0.007630361 0.998559535 0.053109441 0.536010385 -0.974526227 -0.019330572 0.223439276 7.385625839
0.212830544 -0.053485751 0.975624144 14.272312164 -0.008947472 0.998352110 0.056683619 0.575049758 -0.977048159 -0.020793375 0.212001264 7.560678482
0.200329244 -0.057138540 0.978061020 15.092695236 -0.010212391 0.998121858 0.060402229 0.613908947 -0.979675412 -0.022088673 0.199369490 7.737842560
0.187301815 -0.059653677 0.980489373 15.902906418 -0.010229387 0.997981727 0.062672026 0.647691846 -0.982249141 -0.021768387 0.186313570 7.886708260
0.174044609 -0.060266994 0.982891977 16.723512650 -0.010874987 0.997946978 0.063115790 0.683831453 -0.984677851 -0.021673905 0.173031867 8.017619133
0.159228384 -0.059485991 0.985448062 17.549606323 -0.011930292 0.997994184 0.062171031 0.720772088 -0.987169802 -0.021656079 0.158199310 8.154190063
0.142141998 -0.058104176 0.988139451 18.366012573 -0.012789425 0.998084545 0.060528699 0.755581379 -0.989763677 -0.021241412 0.141126633 8.279645920
0.121870041 -0.056767765 0.990921378 19.208797455 -0.015479442 0.998132944 0.059084669 0.792244971 -0.992425382 -0.022539563 0.120763779 8.376306534
0.096032858 -0.055214077 0.993845701 20.039567947 -0.020034788 0.998150826 0.057389174 0.823170424 -0.995176554 -0.025422737 0.094749093 8.463882446
0.065370083 -0.054173276 0.996389508 20.868167877 -0.024061501 0.998149335 0.055847559 0.863914490 -0.997570932 -0.027625386 0.063945591 8.522266388
0.032221317 -0.054014899 0.998020291 21.723974228 -0.026943756 0.998128772 0.054890670 0.897672176 -0.999117672 -0.028659066 0.030705690 8.543497086
-0.003093362 -0.053522225 0.998561859 22.587625504 -0.028419223 0.998167992 0.053413078 0.925746083 -0.999591291 -0.028213127 -0.004608750 8.542177200
-0.036653399 -0.052023243 0.997972965 23.440338135 -0.030189585 0.998245895 0.050928675 0.958734751 -0.998871922 -0.028261688 -0.038159609 8.499639511
-0.069673181 -0.050367821 0.996297657 24.303199768 -0.032403301 0.998311818 0.048203629 0.985976219 -0.997043610 -0.028924838 -0.071187615 8.434057236
-0.102113605 -0.047405832 0.993642569 25.165683746 -0.034191981 0.998440921 0.044120956 1.009904146 -0.994184971 -0.029469259 -0.103575230 8.338911057
-0.134032249 -0.042911842 0.990047574 25.983203888 -0.031768002 0.998734593 0.038987637 1.025025249 -0.990467787 -0.026226234 -0.135225892 8.217134476
-0.165813804 -0.037024282 0.985461891 26.826343536 -0.026351623 0.999104500 0.033102922 1.039119482 -0.985804975 -0.020479599 -0.166640878 8.063619614
-0.196276069 -0.030776845 0.980065584 27.656440735 -0.019539541 0.999431610 0.027471844 1.047912598 -0.980354011 -0.013757969 -0.196765780 7.884490967
-0.224900723 -0.025275193 0.974053860 28.483966827 -0.013724524 0.999646485 0.022770409 1.054311156 -0.974285066 -0.008247342 -0.225168109 7.673725128
-0.252207994 -0.018959755 0.967487335 29.287605286 -0.004807360 0.999820232 0.018340183 1.050564885 -0.967661142 -0.000025519 -0.252253771 7.443313599
-0.278191090 -0.008572096 0.960487604 30.101856232 0.001561069 0.999954820 0.009376471 1.042510867 -0.960524619 0.004107837 -0.278165221 7.188446045
-0.303349495 0.007040673 0.952853322 30.903682709 0.005989660 0.999967039 -0.005481936 1.027742982 -0.952860534 0.004044325 -0.303381681 6.916858673
-0.328291535 0.024341701 0.944262743 31.698001862 0.007229582 0.999703348 -0.023257371 1.003973484 -0.944548786 -0.000808575 -0.328370214 6.636184692
-0.353564024 0.039162535 0.934590161 32.478752136 0.007505233 0.999209821 -0.039031021 0.972164869 -0.935380220 -0.006785649 -0.353578568 6.339080811
-0.377707601 0.049742475 0.924587846 33.246356964 0.011335209 0.998729527 -0.049100671 0.926042080 -0.925855517 -0.008065301 -0.377791524 6.011371613
-0.401017785 0.053447574 0.914509773 34.007545471 0.014173991 0.998539031 -0.052143201 0.869666934 -0.915960610 -0.007948097 -0.401189446 5.662956238
-0.423567533 0.053085100 0.904307783 34.766716003 0.017770017 0.998576283 -0.050295621 0.814174891 -0.905690253 -0.005234025 -0.423907876 5.300727844
-0.443641424 0.048587739 0.894886553 35.517055511 0.021047719 0.998818755 -0.043796297 0.757854104 -0.895957470 -0.000594523 -0.444140077 4.914985657
-0.461383343 0.047716685 0.885916829 36.251392365 0.028758405 0.998832226 -0.038821161 0.711119533 -0.886734724 0.007566119 -0.462216854 4.517951965
-0.475121140 0.047895633 0.878615975 36.973693848 0.031078195 0.998807907 -0.037641741 0.657673359 -0.879371464 0.009421414 -0.476043344 4.115840912
-0.486324072 0.052115370 0.872223079 37.682441711 0.034886476 0.998581886 -0.040213723 0.612787962 -0.873081923 0.010871889 -0.487452507 3.713241577
-0.496090055 0.054447170 0.866562307 38.383819580 0.035398562 0.998470426 -0.042470135 0.567111611 -0.867549181 0.009606045 -0.497258663 3.304965973
-0.506767035 0.053608667 0.860414565 39.087421417 0.029060589 0.998559713 -0.045099780 0.517770171 -0.861593008 0.002149071 -0.507595062 2.898601532
-0.517863274 0.052470524 0.853852928 39.778522491 0.029196303 0.998619795 -0.043659061 0.466403484 -0.854965270 0.002319933 -0.518680453 2.479347229
-0.526504397 0.053564500 0.848483562 40.458530426 0.030837152 0.998559713 -0.043903586 0.422180176 -0.849613190 0.003049391 -0.527397871 2.054306030
-0.533683419 0.056876604 0.843769610 41.157363892 0.034196060 0.998371184 -0.045668978 0.370741963 -0.844992757 0.004480823 -0.534759164 1.605144501
-0.537106395 0.059708703 0.841398776 41.858703613 0.035178859 0.998209298 -0.048380155 0.322733879 -0.842780769 0.003614162 -0.538245082 1.159053802
-0.536760569 0.061991662 0.841454327 42.565322876 0.035081811 0.998074532 -0.051151644 0.273615599 -0.843005121 0.002063562 -0.537901878 0.706493378
-0.533661962 0.061855946 0.843432665 43.292072296 0.036091197 0.998078704 -0.050361581 0.228180766 -0.844927371 0.003564435 -0.534869194 0.257358551
-0.527836919 0.060779821 0.847168267 44.041336060 0.034124259 0.998148501 -0.050350379 0.178073883 -0.848659992 0.002332206 -0.528933644 -0.201343536
-0.520678163 0.059450202 0.851680636 44.813575745 0.032219626 0.998230278 -0.049982272 0.122467160 -0.853144825 0.001416157 -0.521672130 -0.668289185
-0.513491511 0.059084415 0.856058300 45.578960419 0.031433292 0.998252273 -0.050043821 0.061894655 -0.857518911 0.001211656 -0.514451265 -1.129817963
-0.507207036 0.057553418 0.859900475 46.381305695 0.028242437 0.998341739 -0.050160717 0.005866408 -0.861361444 -0.001156178 -0.507991433 -1.592613220
-0.503000140 0.055459078 0.862505138 47.199684143 0.023874315 0.998449922 -0.050277181 -0.045724750 -0.863956511 -0.004697713 -0.503544569 -2.059043884
-0.501636028 0.052516133 0.863483310 48.035823822 0.019492477 0.998588383 -0.049409032 -0.104609132 -0.864859164 -0.007953924 -0.501951575 -2.531475067
-0.502047181 0.049947541 0.863396883 48.887390137 0.016504612 0.998702407 -0.048177890 -0.163222194 -0.864682913 -0.009937539 -0.502220154 -3.018318176
-0.503179669 0.048820794 0.862801611 49.745437622 0.015357865 0.998750448 -0.047556732 -0.220875621 -0.864045262 -0.010678794 -0.503300786 -3.505653381
-0.503627896 0.048006751 0.862585962 50.611831665 0.015086309 0.998791337 -0.046778925 -0.277571678 -0.863789141 -0.010545928 -0.503743410 -4.009063721
-0.503738284 0.047797553 0.862533033 51.491783142 0.015529127 0.998807788 -0.046279911 -0.336682558 -0.863716781 -0.009918577 -0.503880024 -4.523269653
-0.503714204 0.046804182 0.862601519 52.383636475 0.015082433 0.998855472 -0.045389879 -0.391793489 -0.863738716 -0.009853395 -0.503843546 -5.041488647
-0.503780603 0.046495035 0.862579644 53.288368225 0.014609379 0.998866200 -0.045308746 -0.452749372 -0.863708317 -0.010223909 -0.503888726 -5.568214417
-0.503947258 0.044778541 0.862573087 54.185592651 0.013152326 0.998937309 -0.044173513 -0.516871572 -0.863634408 -0.010916275 -0.504000664 -6.086158752
-0.504208088 0.044013947 0.862459838 55.075061798 0.012359598 0.998965859 -0.043754641 -0.576538205 -0.863493741 -0.011401786 -0.504230618 -6.592773438
-0.503639698 0.043341987 0.862826109 55.973556519 0.011413999 0.998987377 -0.043519270 -0.638688445 -0.863838553 -0.012069729 -0.503624439 -7.109436035
-0.502458811 0.041719966 0.863594174 56.871223450 0.010867091 0.999060988 -0.041941606 -0.700549245 -0.864533007 -0.011689170 -0.502440333 -7.625862122
-0.500092864 0.039750181 0.865058959 57.768249512 0.011366338 0.999161184 -0.039341379 -0.759978533 -0.865897119 -0.009841792 -0.500125170 -8.148971558
-0.497674227 0.038382180 0.866514623 58.671306610 0.011706318 0.999226689 -0.037537247 -0.818833411 -0.867285252 -0.008537619 -0.497738719 -8.659431458
-0.495172381 0.038231745 0.867953420 59.567295074 0.012097467 0.999237835 -0.037112918 -0.876439810 -0.868710756 -0.007877247 -0.495257497 -9.169967651
-0.493251562 0.038377747 0.869039893 60.463424683 0.012052377 0.999231935 -0.037286460 -0.932542920 -0.869803369 -0.007917606 -0.493335366 -9.673355103
-0.492747545 0.038630426 0.869314551 61.357440948 0.011753157 0.999218404 -0.037741113 -0.991745472 -0.870093107 -0.008379648 -0.492816448 -10.168472290
-0.493079305 0.040454339 0.869043171 62.243110657 0.011479881 0.999133885 -0.039996639 -1.048485994 -0.869908512 -0.009745006 -0.493116617 -10.675651550
-0.495894194 0.042603407 0.867337406 63.128559113 0.010701315 0.999019742 -0.042953216 -1.104979157 -0.868317187 -0.012018592 -0.495864034 -11.177581787
-0.500323772 0.042698175 0.864785135 64.018722534 0.008871416 0.998983681 -0.044191558 -1.171222091 -0.865793169 -0.014438211 -0.500194073 -11.684814453
-0.505593181 0.041446179 0.861776054 64.891662598 0.010582586 0.999068260 -0.041840430 -1.231626987 -0.862707257 -0.012034412 -0.505560756 -12.203651428
-0.511287332 0.039049856 0.858522177 65.782897949 0.011942283 0.999193549 -0.038336135 -1.298922539 -0.859326839 -0.009348067 -0.511341333 -12.721649170
-0.516395688 0.036600217 0.855567753 66.642158508 0.009164654 0.999265194 -0.037215918 -1.355876207 -0.856301248 -0.011377155 -0.516351700 -13.237297058
-0.521034122 0.040021956 0.852597058 67.504791260 0.011501473 0.999138594 -0.039872080 -1.412681580 -0.853458345 -0.010968591 -0.521045566 -13.772293091
-0.526100039 0.041476682 0.849410713 68.342483521 0.011359597 0.999063551 -0.041748423 -1.469681263 -0.850346863 -0.012314882 -0.526078463 -14.289443970
-0.531175017 0.042274859 0.846206784 69.191184998 0.010421988 0.999004900 -0.043366339 -1.532847762 -0.847198009 -0.014215961 -0.531087041 -14.806335449
-0.534803867 0.042673487 0.843898118 70.024032593 0.009648214 0.998967230 -0.044400521 -1.591843843 -0.844921291 -0.015603455 -0.534663200 -15.331237793
-0.538243055 0.041821871 0.841751337 70.867858887 0.010271067 0.999019325 -0.043067977 -1.653343678 -0.842727065 -0.014535357 -0.538144827 -15.861381531
-0.540789843 0.035220824 0.840420127 71.697547913 0.011112470 0.999334931 -0.034730118 -1.702444434 -0.841084421 -0.009442551 -0.540821671 -16.392684937
-0.542749047 0.025957480 0.839493811 72.528930664 0.009997979 0.999651134 -0.024445724 -1.757156849 -0.839835465 -0.004874650 -0.542819262 -16.927795410
-0.544639945 0.023921326 0.838328838 73.352325439 0.010420196 0.999709010 -0.021756511 -1.802832961 -0.838605344 -0.003113912 -0.544730663 -17.453735352
-0.546147823 0.028906219 0.837190032 74.162414551 0.010727388 0.999563813 -0.027514510 -1.841976881 -0.837620199 -0.006046127 -0.546219707 -17.968879700
-0.547228336 0.035702743 0.836221516 74.972419739 0.013304384 0.999334633 -0.033960436 -1.886907458 -0.836877584 -0.007458700 -0.547339201 -18.500778198
-0.547353268 0.039708417 0.835959136 75.773376465 0.018669637 0.999204516 -0.035238497 -1.930563450 -0.836693406 -0.003680855 -0.547659278 -19.033866882
-0.546778083 0.040859658 0.836280167 76.579856873 0.021921927 0.999164760 -0.034484986 -1.981100321 -0.836990714 -0.000522756 -0.547217131 -19.580688477
-0.546375751 0.037432831 0.836703360 77.395210266 0.020211557 0.999299109 -0.031508770 -2.024216890 -0.837296426 -0.000304544 -0.546749353 -20.116668701
-0.545637012 0.032869495 0.837376833 78.205566406 0.019479426 0.999457955 -0.026538810 -2.066397667 -0.837795258 0.001831061 -0.545981526 -20.637344360
-0.545160413 0.025699141 0.837937653 79.017707825 0.016442863 0.999665499 -0.019961560 -2.119374037 -0.838170350 0.002895840 -0.545400620 -21.155052185
-0.544887543 0.020007897 0.838270366 79.822418213 0.006873918 0.999788284 -0.019394875 -2.143048525 -0.838480949 -0.004805823 -0.544909716 -21.654144287
-0.543836474 0.014777787 0.839061141 80.630393982 -0.000474814 0.999839365 -0.017917210 -2.176215649 -0.839191139 -0.010142430 -0.543742061 -22.151832581
-0.541121483 0.015921008 0.840793729 81.424888611 0.003511928 0.999854803 -0.016672717 -2.210166216 -0.840937078 -0.006069159 -0.541098833 -22.678863525
-0.538262248 0.018710800 0.842569649 82.234634399 0.007621990 0.999820709 -0.017333660 -2.257920742 -0.842742920 -0.002907997 -0.538308263 -23.194229126
-0.532352924 0.021920083 0.846238792 83.031578064 0.010018157 0.999757826 -0.019594446 -2.291970730 -0.846463323 -0.001953407 -0.532443643 -23.706077576
-0.526075244 0.024384322 0.850088537 83.834960938 0.014989047 0.999699414 -0.019399896 -2.318961620 -0.850306094 0.002536215 -0.526282549 -24.174415588
-0.516644955 0.027849512 0.855746746 84.634048462 0.022208313 0.999570489 -0.019122176 -2.359460115 -0.855911672 0.009125314 -0.517041564 -24.691062927
-0.506805897 0.026694581 0.861647010 85.444305420 0.019516300 0.999619544 -0.019489946 -2.392072678 -0.861839473 0.006938545 -0.507134080 -25.162719727
-0.496266961 0.024779804 0.867816448 86.260520935 0.016594514 0.999680698 -0.019055396 -2.413246155 -0.868011594 0.004944431 -0.496519685 -25.613662720
-0.484574318 0.021274228 0.874491453 87.084175110 0.017013159 0.999744356 -0.014893971 -2.449603081 -0.874584675 0.007660626 -0.484812379 -26.071540833
-0.473250270 0.020401256 0.880691826 87.912818909 0.015940933 0.999766409 -0.014593574 -2.477783680 -0.880783856 0.007132636 -0.473464966 -26.516067505
-0.462093472 0.019165585 0.886623979 88.733390808 0.016782103 0.999776423 -0.012864975 -2.510840893 -0.886672318 0.008934595 -0.462311864 -26.927719116
-0.449310064 0.021198485 0.893124342 89.576263428 0.016872175 0.999741495 -0.015241064 -2.525969267 -0.893216550 0.008220986 -0.449551582 -27.361900330
-0.437774777 0.024695210 0.898745716 90.405349731 0.016672160 0.999673784 -0.019347530 -2.565812111 -0.898930311 0.006514173 -0.438043714 -27.751716614
-0.425990582 0.034233935 0.904079676 91.231407166 0.019088766 0.999401510 -0.028849021 -2.598516703 -0.904526234 0.004968354 -0.426389098 -28.141639709
-0.413252354 0.038933583 0.909783840 92.069572449 0.018191090 0.999239147 -0.034498796 -2.631663799 -0.910434783 0.002293249 -0.413646221 -28.521965027
-0.401764512 0.035155311 0.915067911 92.913566589 0.017582290 0.999374747 -0.030674653 -2.684738159 -0.915574193 0.003765002 -0.402131438 -28.887329102
-0.389977694 0.031369217 0.920290112 93.760910034 0.016058778 0.999499261 -0.027264178 -2.729272842 -0.920684516 0.004146317 -0.390286207 -29.241859436
-0.380298853 0.031900823 0.924313366 94.601951599 0.013389849 0.999490142 -0.028986288 -2.775806904 -0.924766779 0.001352963 -0.380532146 -29.578437805
-0.373357892 0.036019679 0.926987886 95.444992065 0.008175197 0.999334872 -0.035538167 -2.822171211 -0.927651405 -0.005690146 -0.373404026 -29.905906677
-0.368462920 0.040962014 0.928739548 96.283798218 0.001611226 0.999055445 -0.043424062 -2.865691900 -0.929641008 -0.014503747 -0.368180871 -30.226104736
-0.365082741 0.042771760 0.929992139 97.124984741 -0.002588445 0.998893559 -0.046956781 -2.914340258 -0.930971563 -0.019550342 -0.364568114 -30.542999268
-0.361862540 0.042242445 0.931273937 97.963760376 -0.004116208 0.998890698 -0.046908956 -2.972758293 -0.932222426 -0.020807911 -0.361287236 -30.855094910
-0.356819034 0.042363998 0.933212459 98.807739258 -0.004592539 0.998879552 -0.047100998 -3.028769732 -0.934162199 -0.021092348 -0.356224775 -31.171287537
-0.351215243 0.037830811 0.935530245 99.665039062 -0.007492142 0.999037862 -0.043211605 -3.085838318 -0.936264873 -0.022185694 -0.350593805 -31.485511780
-0.345792294 0.034485843 0.937677264 100.507469177 -0.007122273 0.999199092 -0.039375011 -3.138329029 -0.938284218 -0.020293964 -0.345269680 -31.786521912
-0.339790702 0.031339426 0.939978719 101.363357544 -0.008590641 0.999299526 -0.036422629 -3.192685366 -0.940461814 -0.020451093 -0.339283466 -32.094123840
-0.334084153 0.029790452 0.942072272 102.215927124 -0.016479693 0.999162972 -0.037439927 -3.240753412 -0.942399085 -0.028033150 -0.333313584 -32.378387451
-0.328039527 0.029882869 0.944191217 103.071418762 -0.025176032 0.998867989 -0.040360231 -3.285158157 -0.944328427 -0.037010740 -0.326915860 -32.655303955
-0.321318507 0.033978708 0.946361482 103.911514282 -0.023326389 0.998768806 -0.043780390 -3.338184834 -0.946683943 -0.036142636 -0.320130229 -32.932823181
-0.314529061 0.037134424 0.948521256 104.763648987 -0.021084756 0.998714685 -0.046091177 -3.392696619 -0.949013710 -0.034496352 -0.313341737 -33.211868286
-0.308118939 0.035391461 0.950689435 105.624870300 -0.022190530 0.998768568 -0.044373270 -3.442518234 -0.951089144 -0.034768540 -0.306954145 -33.484024048
-0.300644040 0.030731913 0.953241169 106.495002747 -0.022310978 0.998980582 -0.039243214 -3.496483803 -0.953475416 -0.033065982 -0.299651861 -33.755378723
-0.293618321 0.028047219 0.955511212 107.361427307 -0.023556491 0.999053657 -0.036563981 -3.544416428 -0.955632448 -0.033244345 -0.292679787 -34.016510010
-0.287127852 0.031198811 0.957384050 108.223159790 -0.025561636 0.998863935 -0.040216699 -3.593687057 -0.957551181 -0.036019638 -0.286004186 -34.271400452
-0.280653834 0.034096096 0.959203243 109.078186035 -0.024613112 0.998784542 -0.042704627 -3.643446684 -0.959493399 -0.035594195 -0.279473424 -34.515060425
-0.273869395 0.034804035 0.961137116 109.938201904 -0.026970720 0.998674095 -0.043848418 -3.691280842 -0.961388826 -0.037931286 -0.272567511 -34.753730774
-0.266839743 0.034492608 0.963123679 110.797103882 -0.026089221 0.998734534 -0.042996146 -3.742360592 -0.963387907 -0.036600217 -0.265602231 -34.983230591
-0.258764744 0.033857711 0.965346873 111.657135010 -0.022578113 0.998900473 -0.041086681 -3.802175045 -0.965676546 -0.032427490 -0.257715702 -35.214721680
-0.251160145 0.035320695 0.967300951 112.533180237 -0.019542702 0.998945236 -0.041550450 -3.849718809 -0.967748284 -0.029339487 -0.250205040 -35.442283630
-0.244397402 0.035905957 0.969010293 113.404571533 -0.018604977 0.998956621 -0.041708026 -3.902217388 -0.969496787 -0.028221739 -0.243474364 -35.660018921
-0.237983704 0.034502596 0.970656157 114.275833130 -0.025103306 0.998816490 -0.041658357 -3.951514482 -0.970944703 -0.034280688 -0.236835957 -35.854354858
-0.232215643 0.032864522 0.972108960 115.137542725 -0.029152200 0.998744845 -0.040728841 -4.001399994 -0.972227395 -0.037796985 -0.230966091 -36.045967102
-0.227653265 0.032866806 0.973187387 116.009918213 -0.026683455 0.998844326 -0.039975237 -4.052717686 -0.973376572 -0.035068501 -0.226513147 -36.241523743
-0.222954988 0.033508871 0.974252641 116.881149292 -0.024416570 0.998903513 -0.039944388 -4.101545811 -0.974522889 -0.032693706 -0.221892357 -36.436340332
-0.218317509 0.034285028 0.975275338 117.757522583 -0.023935214 0.998893917 -0.040473271 -4.154855251 -0.975584209 -0.032179449 -0.217255473 -36.626480103
-0.212356925 0.033411495 0.976620853 118.638076782 -0.018001894 0.999111950 -0.038095284 -4.203011990 -0.977026403 -0.025670821 -0.211566925 -36.816238403
-0.206698895 0.032404464 0.977867723 119.507675171 -0.009961694 0.999329865 -0.035221346 -4.253054142 -0.978353798 -0.017021436 -0.206237555 -37.009689331
-0.202349782 0.031632666 0.978802443 120.383316040 -0.008503607 0.999383748 -0.034055777 -4.298612118 -0.979276538 -0.015214522 -0.201956034 -37.185249329
-0.197696805 0.033189852 0.979701281 121.252769470 -0.010626792 0.999295354 -0.035998065 -4.344555855 -0.980205715 -0.017527781 -0.197204828 -37.358551025
-0.194346189 0.034664784 0.980320275 122.127120972 -0.012353785 0.999209642 -0.037781835 -4.392548084 -0.980855167 -0.019453425 -0.193764448 -37.524810791
-0.192701578 0.034677684 0.980644524 123.013969421 -0.014366128 0.999168515 -0.038155749 -4.437239647 -0.981152296 -0.021440735 -0.192043185 -37.682128906
-0.191778302 0.033947110 0.980851114 123.890937805 -0.014735530 0.999189377 -0.037462924 -4.479209423 -0.981327772 -0.021637931 -0.191122651 -37.847312927
-0.190924525 0.029260729 0.981168509 124.783447266 -0.014582771 0.999360740 -0.032640908 -4.521843910 -0.981496394 -0.020540103 -0.190375805 -38.022109985
-0.189540625 0.024371339 0.981570482 125.659515381 -0.015426924 0.999494612 -0.027795302 -4.563094139 -0.981751800 -0.020410946 -0.189068794 -38.190574646
-0.188747883 0.022028830 0.981778443 126.524894714 -0.015023593 0.999566615 -0.025316255 -4.609331131 -0.981910646 -0.019528231 -0.188335180 -38.356300354
-0.187591195 0.026502738 0.981889725 127.383026123 -0.015268440 0.999436498 -0.029893408 -4.649494648 -0.982128620 -0.020599661 -0.187080860 -38.515960693
-0.187446833 0.030274369 0.981808126 128.240341187 -0.014353217 0.999333799 -0.033555094 -4.695252895 -0.982169867 -0.020381898 -0.186887383 -38.676300049
-0.187445879 0.029147517 0.981842518 129.100021362 -0.017970588 0.999290586 -0.033096302 -4.735885143 -0.982110679 -0.023848047 -0.186789155 -38.831214905
-0.186632156 0.028764883 0.982008696 129.953109741 -0.019291129 0.999271214 -0.032936841 -4.778671265 -0.982240498 -0.025091125 -0.185941219 -38.990592957
-0.186106443 0.029167274 0.982096791 130.808029175 -0.014859365 0.999361396 -0.032495853 -4.826391220 -0.982417405 -0.020641014 -0.185554147 -39.153022766
-0.185446858 0.032108508 0.982129633 131.664062500 -0.016833320 0.999215543 -0.035845581 -4.862039566 -0.982510149 -0.023179952 -0.184760928 -39.308090210
-0.185872555 0.032838251 0.982024908 132.506591797 -0.025036367 0.998958588 -0.038143259 -4.911112309 -0.982254803 -0.031676125 -0.184856892 -39.448127747
-0.185474515 0.034268748 0.982051492 133.341796875 -0.030828774 0.998696864 -0.040672041 -4.959008694 -0.982165515 -0.037819058 -0.184176326 -39.588119507
-0.185145378 0.037900664 0.981980026 134.178314209 -0.027481772 0.998665512 -0.043726157 -5.008105755 -0.982326806 -0.035082247 -0.183856726 -39.741897583
-0.184739351 0.038781784 0.982022107 135.002655029 -0.026067767 0.998676181 -0.044343390 -5.061272144 -0.982441843 -0.033791095 -0.183483839 -39.892791748
-0.183217883 0.039889999 0.982262731 135.828506470 -0.027130727 0.998590648 -0.045613676 -5.112492561 -0.982697904 -0.035006739 -0.181877494 -40.038688660
-0.181075335 0.039196122 0.982687831 136.652023315 -0.018818291 0.998884439 -0.043309707 -5.162613869 -0.983289182 -0.026334826 -0.180135727 -40.199165344
-0.177341580 0.036216259 0.983482897 137.467300415 -0.013508102 0.999138951 -0.039228570 -5.211266041 -0.984056771 -0.020241838 -0.176699638 -40.352783203
-0.175342202 0.031330034 0.984008908 138.282348633 -0.009064599 0.999399781 -0.033435304 -5.262784958 -0.984465837 -0.014782266 -0.174952984 -40.501853943
-0.171435118 0.031157693 0.984702587 139.096862793 -0.007261120 0.999432683 -0.032887928 -5.305075645 -0.985168636 -0.012788191 -0.171111703 -40.641754150
-0.166265488 0.036245830 0.985414624 139.894714355 -0.006245223 0.999265492 -0.037809029 -5.351355553 -0.986061215 -0.012440469 -0.165916920 -40.777359009
-0.159914970 0.039275672 0.986349165 140.693908691 -0.005164444 0.999161184 -0.040623140 -5.396180153 -0.987117350 -0.011590187 -0.159577966 -40.901100159
-0.151531935 0.040179774 0.987635374 141.500061035 -0.005583636 0.999122739 -0.041503806 -5.434958935 -0.988436580 -0.011803747 -0.151174664 -41.023391724
-0.141916037 0.035832349 0.989230037 142.300048828 -0.003370265 0.999321342 -0.036681384 -5.481648922 -0.989873052 -0.008539640 -0.141698956 -41.134315491
-0.130106330 0.034037795 0.990915656 143.095947266 -0.000144378 0.999409914 -0.034348529 -5.529282570 -0.991500020 -0.004612028 -0.130024552 -41.238868713
-0.116160393 0.036680110 0.992553055 143.892120361 0.003999017 0.999327004 -0.036462437 -5.569968224 -0.993222535 -0.000266251 -0.116228938 -41.334831238
-0.101766825 0.037274104 0.994109929 144.684722900 0.002869057 0.999304652 -0.037175182 -5.612969875 -0.994804323 -0.000931036 -0.101802945 -41.413879395
-0.088185668 0.037554178 0.995395958 145.475845337 0.004454451 0.999293923 -0.037306607 -5.653805733 -0.996094167 0.001144035 -0.088290691 -41.479560852
-0.074742913 0.039400201 0.996424139 146.256576538 0.004809445 0.999221742 -0.039150063 -5.698331833 -0.997191191 0.001866058 -0.074874282 -41.532066345
-0.060563564 0.045231808 0.997139037 147.031890869 0.001572272 0.998975813 -0.045219637 -5.751069069 -0.998163164 -0.001170885 -0.060572624 -41.574539185
-0.048086047 0.054629084 0.997348189 147.798553467 -0.005195367 0.998476088 -0.054941352 -5.798060417 -0.998829722 -0.007823502 -0.047728896 -41.593673706
-0.034550548 0.062468331 0.997448742 148.560043335 -0.009315796 0.997981131 -0.062824361 -5.849190235 -0.999359548 -0.011462644 -0.033898830 -41.604774475
-0.021344185 0.062905163 0.997791290 149.326110840 -0.010137275 0.997953713 -0.063132256 -5.903334618 -0.999720812 -0.011462386 -0.020662785 -41.614761353
-0.009432077 0.059251845 0.998198509 150.093963623 -0.014063016 0.998136342 -0.059381042 -5.960047722 -0.999856591 -0.014597772 -0.008581281 -41.611160278
0.001063883 0.056687377 0.998391390 150.860748291 -0.018232651 0.998227119 -0.056658622 -6.022225380 -0.999833167 -0.018143049 0.002095520 -41.596092224
0.010175884 0.063264079 0.997944951 151.613906860 -0.021812553 0.997773170 -0.063030772 -6.082890987 -0.999710262 -0.021126332 0.011533201 -41.577720642
0.016614079 0.071209908 0.997323096 152.365097046 -0.025387863 0.997169077 -0.070775993 -6.140157223 -0.999539733 -0.024144016 0.018374920 -41.554595947
0.019294262 0.074282825 0.997050583 153.117919922 -0.027992735 0.996885359 -0.073728822 -6.195231915 -0.999421895 -0.026487628 0.021313548 -41.526306152
0.019565284 0.069431908 0.997394800 153.875061035 -0.030318437 0.997168183 -0.068821393 -6.258011818 -0.999348760 -0.028892940 0.021614969 -41.505195618
0.017780066 0.065235473 0.997711599 154.634902954 -0.032374479 0.997383535 -0.064637087 -6.325575829 -0.999317765 -0.031151131 0.019845545 -41.486297607
0.014681101 0.062220242 0.997954488 155.388839722 -0.030557243 0.997623742 -0.061750088 -6.384325504 -0.999425232 -0.029588176 0.016547501 -41.471038818
0.012076676 0.062951684 0.997943521 156.137939453 -0.028644191 0.997628510 -0.062585175 -6.436089516 -0.999516726 -0.027829463 0.013851225 -41.461547852
0.008374333 0.062632971 0.998001575 156.885009766 -0.027375948 0.997676790 -0.062382877 -6.497291565 -0.999590218 -0.026798816 0.010069549 -41.453117371
0.003876805 0.061232314 0.998116195 157.631896973 -0.027883405 0.997742057 -0.061101064 -6.556828022 -0.999603868 -0.027593985 0.005575418 -41.447311401
-0.001793385 0.061464991 0.998107612 158.376617432 -0.028352968 0.997704864 -0.061491132 -6.609890938 -0.999596357 -0.028409593 -0.000046492 -41.442924500
-0.007105112 0.059646465 0.998194277 159.120239258 -0.029228406 0.997780561 -0.059829794 -6.666555882 -0.999547541 -0.029600726 -0.005346060 -41.452713013
-0.012830496 0.056478411 0.998321474 159.862655640 -0.026804047 0.998025358 -0.056806147 -6.728090763 -0.999558508 -0.027487896 -0.011291265 -41.463943481
-0.018417954 0.056873608 0.998211443 160.590484619 -0.028250260 0.997952640 -0.057380106 -6.777967930 -0.999431193 -0.029256562 -0.016773582 -41.469612122
-0.024004221 0.058210704 0.998015702 161.320770264 -0.030133463 0.997807622 -0.058923338 -6.830906391 -0.999257624 -0.031488080 -0.022197604 -41.482429504
-0.027532220 0.060383730 0.997795463 162.052627563 -0.029763568 0.997681797 -0.061198119 -6.892234802 -0.999177754 -0.031382877 -0.025671124 -41.501091003
-0.030183554 0.062710389 0.997575283 162.774795532 -0.029258190 0.997546852 -0.063593864 -6.948716164 -0.999116063 -0.031106737 -0.028274775 -41.519981384
-0.031492591 0.064611599 0.997413456 163.503448486 -0.028215138 0.997453272 -0.065505043 -6.995085239 -0.999105692 -0.030205077 -0.029589295 -41.546051025
-0.030639529 0.062781565 0.997556925 164.218719482 -0.025209961 0.997659385 -0.063562334 -7.052311420 -0.999212563 -0.027095888 -0.028985143 -41.569183350
-0.027198553 0.058915257 0.997892499 164.928283691 -0.022919392 0.997962534 -0.059544086 -7.111665726 -0.999367356 -0.024490597 -0.025792837 -41.582534790
-0.019215226 0.058995906 0.998073220 165.645843506 -0.021365322 0.998005390 -0.059403226 -7.169980049 -0.999587059 -0.022465607 -0.017916441 -41.599746704
-0.007806659 0.059501391 0.998197854 166.345901489 -0.018650305 0.998045802 -0.059638195 -7.224853992 -0.999795735 -0.019082256 -0.006681681 -41.603721619
0.006702185 0.059945613 0.998179138 167.042419434 -0.016433358 0.998073339 -0.059828922 -7.275417328 -0.999842465 -0.016002454 0.007674396 -41.595779419
0.021825075 0.057730701 0.998093724 167.732635498 -0.017768543 0.998196125 -0.057348087 -7.325217247 -0.999604046 -0.016483037 0.022811532 -41.572326660
0.037473500 0.052979507 0.997892380 168.420257568 -0.022783903 0.998379350 -0.052149769 -7.373781204 -0.999038041 -0.020781640 0.038619816 -41.527259827
0.053922296 0.046172064 0.997477233 169.104980469 -0.024568465 0.998689353 -0.044900034 -7.423609734 -0.998242974 -0.022085357 0.054986000 -41.478675842
0.071382642 0.038879462 0.996690989 169.784942627 -0.024115555 0.999015212 -0.037242979 -7.463444710 -0.997157454 -0.021377254 0.072249889 -41.426055908
0.088606715 0.031291988 0.995575011 170.458374023 -0.024145033 0.999280214 -0.029259523 -7.499794960 -0.995773971 -0.021445600 0.089298487 -41.351539612
0.105573297 0.025629040 0.994081318 171.121215820 -0.025865825 0.999400377 -0.023019176 -7.533292294 -0.994075179 -0.023282517 0.106172919 -41.269157410
0.123500705 0.023363408 0.992069542 171.775680542 -0.026993012 0.999431968 -0.020176489 -7.564557076 -0.991977394 -0.024287127 0.124061227 -41.173225403
0.141270161 0.021876946 0.989729345 172.419113159 -0.025320981 0.999508560 -0.018478887 -7.587565422 -0.989647269 -0.022450401 0.141754687 -41.070480347
0.158878326 0.021719065 0.987059355 173.057525635 -0.026869509 0.999482810 -0.017667476 -7.607343197 -0.986932576 -0.023714814 0.159379780 -40.956054688
0.174401283 0.020676939 0.984457552 173.690475464 -0.031996492 0.999370515 -0.015321834 -7.628703117 -0.984154642 -0.028827043 0.174953103 -40.822036743
0.188729823 0.017070144 0.981880665 174.318847656 -0.034309544 0.999353111 -0.010779180 -7.650459290 -0.981429517 -0.031653527 0.189193368 -40.684333801
0.200919509 0.013482540 0.979515016 174.946136475 -0.031167423 0.999487042 -0.007364341 -7.667380810 -0.979111850 -0.029049318 0.201236665 -40.549774170
0.211466432 0.012303355 0.977307796 175.560409546 -0.029102430 0.999556661 -0.006286366 -7.685203075 -0.976951838 -0.027112676 0.211730719 -40.408821106
0.221556127 0.016095031 0.975014746 176.165740967 -0.033669144 0.999393880 -0.008846707 -7.704622269 -0.974566162 -0.030867871 0.221963763 -40.260276794
0.230246246 0.023351733 0.972852170 176.766555786 -0.038432270 0.999150276 -0.014887159 -7.725969315 -0.972373188 -0.033961207 0.230948091 -40.099418640
0.239366353 0.033005085 0.970368266 177.347564697 -0.038393803 0.998962104 -0.024506828 -7.748326302 -0.970169961 -0.031390015 0.240385115 -39.947616577
0.247442603 0.038601547 0.968133390 177.945312500 -0.032341436 0.998978317 -0.031565338 -7.765130043 -0.968362749 -0.023500206 0.248438179 -39.794509888
0.254119575 0.036874291 0.966469646 178.546264648 -0.032110132 0.999043763 -0.029674202 -7.783965111 -0.966639638 -0.023492672 0.255060613 -39.633888245
0.259843707 0.029326567 0.965205371 179.157363892 -0.034475435 0.999183238 -0.021077786 -7.802865982 -0.965035141 -0.027798939 0.260642529 -39.452972412
0.263871670 0.019177470 0.964367151 179.763320923 -0.039101936 0.999193132 -0.009170888 -7.826203346 -0.963764906 -0.035288684 0.264408648 -39.272369385
0.265724003 0.010679666 0.963990033 180.368927002 -0.039479636 0.999220371 -0.000187399 -7.850868702 -0.963240445 -0.038008176 0.265938461 -39.097610474
0.266787469 0.010317134 0.963700175 180.980255127 -0.035875257 0.999355972 -0.000767271 -7.865058899 -0.963087440 -0.034368291 0.266985774 -38.928329468
0.268044174 0.012271626 0.963328481 181.587188721 -0.032638013 0.999460578 -0.003650441 -7.877760410 -0.962853670 -0.030462645 0.268300116 -38.761520386
0.269773006 0.011691941 0.962853014 182.195358276 -0.029373931 0.999560833 -0.003907668 -7.886390686 -0.962475896 -0.027228592 0.269997954 -38.593215942
0.271422446 0.009441638 0.962414086 182.814651489 -0.031017290 0.999518275 -0.001058065 -7.893068314 -0.961960495 -0.029564291 0.271584570 -38.414352417
0.274174869 0.005879653 0.961661935 183.433944702 -0.031394903 0.999503016 0.002839837 -7.902698994 -0.961167336 -0.030969894 0.274223208 -38.233329773
0.277011693 0.000663261 0.960866392 184.054809570 -0.030909346 0.999488354 0.008221051 -7.913194656 -0.960369349 -0.031977080 0.276890457 -38.045616150
0.281750441 -0.002131887 0.959485352 184.679016113 -0.029378481 0.999509513 0.010847733 -7.919663429 -0.959037840 -0.031244576 0.281549633 -37.866851807
0.288047612 -0.004079487 0.957607448 185.303009033 -0.027887315 0.999531090 0.012646569 -7.916140556 -0.957210004 -0.030347914 0.287798762 -37.675888062
0.295868337 -0.007712732 0.955197573 185.923461914 -0.025733782 0.999540091 0.016041702 -7.923706055 -0.954882026 -0.029327078 0.295533776 -37.481681824
0.305876017 -0.009607088 0.952022910 186.552871704 -0.023226682 0.999576151 0.017549478 -7.927326679 -0.951788068 -0.027480297 0.305523217 -37.278297424
0.316822171 -0.007739883 0.948453426 187.169921875 -0.024544630 0.999564946 0.016355893 -7.931516647 -0.948167384 -0.028461348 0.316494346 -37.061813354
0.328419507 -0.003678522 0.944524825 187.791290283 -0.025989575 0.999578595 0.012929738 -7.928884506 -0.944174349 -0.028794177 0.328185499 -36.837112427
0.339861512 -0.000364995 0.940475464 188.410156250 -0.027002545 0.999583900 0.010145901 -7.923998833 -0.940087795 -0.028843431 0.339710236 -36.600433350
0.351524711 -0.000208722 0.936178565 189.036590576 -0.025783626 0.999618471 0.009904332 -7.924766541 -0.935823500 -0.027619697 0.351385176 -36.357261658
0.362743199 -0.003416430 0.931882918 189.663269043 -0.024892408 0.999600947 0.013354277 -7.928293228 -0.931556702 -0.028040983 0.362513423 -36.104324341
