1.000000000 0.000000000 0.000000000 0.000000000 0.000000000 1.000000000 0.000000000 0.000000000 0.000000000 0.000000000 1.000000000 0.000000000
0.999978364 0.000355924 -0.006569229 -0.007311590 -0.000353132 0.999999821 0.000426187 -0.000978967 0.006569379 -0.000423858 0.999978304 0.095136061
0.999904454 0.001074591 -0.013781069 -0.012758507 -0.001070328 0.999999404 0.000316722 -0.001797433 0.013781400 -0.000301941 0.999904990 0.194099262
0.999778211 0.001328965 -0.021018604 -0.030464467 -0.001337413 0.999999046 -0.000387883 -0.003293626 0.021018069 0.000415908 0.999778986 0.288501620
0.999538243 0.001942316 -0.030324021 -0.040840875 -0.001997018 0.999996424 -0.001773737 -0.004187430 0.030320469 0.001833476 0.999538541 0.393190354
0.999117255 0.001814034 -0.041969001 -0.056535680 -0.001964290 0.999991834 -0.003539207 -0.002216854 0.041962236 0.003618522 0.999112666 0.510018468
0.998469889 0.001685095 -0.055272780 -0.081406035 -0.001917377 0.999989569 -0.004149711 -0.005921485 0.055265211 0.004249340 0.998462677 0.632469714
0.997426391 0.001986974 -0.071670726 -0.107642330 -0.002292338 0.999988616 -0.004178659 -0.007737365 0.071661614 0.004332198 0.997419596 0.771781206
0.995924771 0.000330861 -0.090187453 -0.134991497 -0.000722527 0.999990463 -0.004310186 -0.005998532 0.090185165 0.004357784 0.995915473 0.919043720
0.993921578 -0.000655916 -0.110088333 -0.171975315 0.000181846 0.999990642 -0.004316258 -0.009870502 0.110090137 0.004270003 0.993912458 1.077739000
0.991198659 -0.001037252 -0.132378638 -0.221541360 0.000406372 0.999988437 -0.004792647 -0.012895933 0.132382080 0.004696671 0.991187632 1.249947190
0.987749279 0.002503412 -0.156029314 -0.274116755 -0.003503117 0.999975085 -0.006132511 -0.015796492 0.156010062 0.006603972 0.987733364 1.402060151
0.983372211 0.006550662 -0.181483150 -0.336585999 -0.008096128 0.999936998 -0.007776250 -0.019332845 0.181420773 0.009116259 0.983363330 1.574036837
0.977975667 0.009534195 -0.208500966 -0.408374310 -0.011596320 0.999895155 -0.008670099 -0.024646550 0.208396450 0.010896990 0.977983713 1.758251667
0.971263051 0.010390228 -0.237781629 -0.488897353 -0.012835043 0.999879479 -0.008735864 -0.028981496 0.237662196 0.011536759 0.971279383 1.947858930
0.963245273 0.012587075 -0.268328398 -0.575150430 -0.015342084 0.999848902 -0.008172879 -0.034069426 0.268184990 0.011989204 0.963292837 2.135177612
0.953861952 0.014603645 -0.299890190 -0.674230337 -0.017558467 0.999820173 -0.007160402 -0.036698293 0.299731702 0.012095646 0.953946888 2.325019121
0.942592680 0.016564144 -0.333533525 -0.764318168 -0.019659549 0.999789298 -0.005907338 -0.041583639 0.333365411 0.012125333 0.942719698 2.498293877
0.930041015 0.018970273 -0.366965711 -0.874671042 -0.022523593 0.999731719 -0.005402908 -0.042649940 0.366764754 0.013290311 0.930218816 2.688966274
0.916178107 0.021638995 -0.400186747 -0.991720319 -0.025629777 0.999660790 -0.004622307 -0.045266375 0.399951011 0.014491552 0.916421950 2.867896318
0.900072753 0.022289995 -0.435169190 -1.116472244 -0.026642472 0.999637425 -0.003902506 -0.044656642 0.434924394 0.015106521 0.900340259 3.051182032
0.881837010 0.017833935 -0.471217006 -1.239889622 -0.022665281 0.999732614 -0.004579455 -0.046061195 0.471009344 0.014718597 0.882005453 3.225294828
0.860609829 0.012942338 -0.509100437 -1.370579362 -0.018061375 0.999823809 -0.005114394 -0.049359854 0.508944511 0.013596551 0.860691965 3.396716595
0.835578918 0.014636487 -0.549175501 -1.530925035 -0.018540233 0.999826908 -0.001562116 -0.056045316 0.549057543 0.011487112 0.835705638 3.576009512
0.806554258 0.020155804 -0.590816319 -1.712783575 -0.023336504 0.999725163 0.002247920 -0.061487660 0.590699255 0.011974518 0.806802928 3.745099068
0.774127185 0.023417693 -0.632596791 -1.908285737 -0.026653269 0.999635100 0.004388464 -0.065989137 0.632468760 0.013463543 0.774468899 3.905524731
0.738245368 0.022251820 -0.674165189 -2.118466139 -0.025486339 0.999662220 0.005086486 -0.067636579 0.674050689 0.013426927 0.738563061 4.077146530
0.697917223 0.018036939 -0.715951324 -2.332102537 -0.019502716 0.999790728 0.006176234 -0.066764012 0.715912879 0.009652493 0.698122978 4.248736382
0.655509830 0.014641407 -0.755044758 -2.571683407 -0.014437320 0.999872267 0.006854868 -0.066608801 0.755048692 0.006407387 0.655637503 4.403743744
0.611117244 0.014101934 -0.791414499 -2.832740068 -0.011721673 0.999892890 0.008765453 -0.067356482 0.791453362 0.003919983 0.611217022 4.548065186
0.563918889 0.014375227 -0.825705111 -3.100633144 -0.009523863 0.999895215 0.010903449 -0.058885798 0.825775266 0.001715241 0.563996673 4.667821884
0.512680292 0.014813725 -0.858451903 -3.393947601 -0.007229779 0.999890208 0.012936699 -0.057006769 0.858549237 -0.000425975 0.512731075 4.796525002
0.461015165 0.016482074 -0.887239158 -3.712067604 -0.006616702 0.999863565 0.015136193 -0.052006092 0.887367606 -0.001107418 0.461061299 4.895732880
0.406386375 0.018594863 -0.913512170 -4.031254768 -0.005256134 0.999823928 0.018013518 -0.050470784 0.913686275 -0.002518909 0.406412601 4.989869595
0.349648178 0.020386595 -0.936659276 -4.365819931 -0.003302620 0.999783814 0.020527674 -0.051320523 0.936875284 -0.004084035 0.349639893 5.086415768
0.294390917 0.023571217 -0.955394387 -4.738255501 -0.000792838 0.999701500 0.024420049 -0.050303005 0.955684781 -0.006431569 0.294321716 5.159738541
0.240243196 0.025596708 -0.970375180 -5.120263577 0.004109213 0.999616504 0.027385389 -0.050967097 0.970704019 -0.010566633 0.240045905 5.223722935
0.189418256 0.025558798 -0.981563807 -5.506886959 0.006380117 0.999608040 0.027259856 -0.040442742 0.981875777 -0.011426006 0.189180911 5.263607502
0.141946733 0.026576083 -0.989517570 -5.931386471 0.004149569 0.999614775 0.027442532 -0.032047108 0.989865720 -0.008001452 0.141781807 5.281750202
0.099605501 0.027079752 -0.994658530 -6.361753464 0.001244055 0.999625444 0.027339559 -0.023681030 0.995026290 -0.003960583 0.099534512 5.284229279
0.061686337 0.025539812 -0.997768819 -6.793726921 0.001149519 0.999670088 0.025659546 -0.015187606 0.998094976 -0.002729798 0.061636627 5.280678749
0.027160108 0.022856098 -0.999369800 -7.253776550 0.001961790 0.999735415 0.022917777 -0.005878523 0.999629200 -0.002583004 0.027108073 5.266107082
-0.004168868 0.020040167 -0.999790609 -7.730703354 0.002035781 0.999797285 0.020031814 -0.000927359 0.999989331 -0.001951846 -0.004208803 5.243122101
-0.030456543 0.018316753 -0.999368370 -8.227428436 0.001142482 0.999832034 0.018290438 0.003853649 0.999535561 -0.000584699 -0.030472398 5.204810143
-0.051359773 0.015709521 -0.998556733 -8.730976105 0.000845301 0.999876618 0.015686810 0.016780637 0.998679936 -0.000038411 -0.051366806 5.160459518
-0.067650199 0.015006444 -0.997596264 -9.257873535 0.001412391 0.999887347 0.014945129 0.025736168 0.997708142 -0.000397955 -0.067663789 5.112441063
-0.080780149 0.015508783 -0.996611297 -9.804134369 0.002889079 0.999878407 0.015325450 0.035028160 0.996727765 -0.001641295 -0.080815196 5.058214188
-0.090420723 0.016509293 -0.995766819 -10.362171173 0.002327171 0.999863386 0.016365893 0.040712886 0.995900929 -0.000837506 -0.090446711 4.996795654
-0.097040653 0.018037621 -0.995116949 -10.933128357 0.000087548 0.999835908 0.018114621 0.037716351 0.995280385 0.001670734 -0.097026348 4.929683685
-0.101404428 0.019004507 -0.994663954 -11.530990601 -0.000155928 0.999817193 0.019118868 0.042837113 0.994845450 0.002093829 -0.101382971 4.862329483
-0.102999926 0.019754887 -0.994485259 -12.133586884 0.001967907 0.999804854 0.019656740 0.052751899 0.994679511 0.000067586 -0.103018641 4.801869392
-0.101736546 0.021922069 -0.994569778 -12.761421204 0.004297572 0.999757528 0.021596808 0.060637534 0.994802058 -0.002077051 -0.101806164 4.734232903
-0.100500584 0.024499429 -0.994635344 -13.402770996 0.003760504 0.999698997 0.024244184 0.065927401 0.994929910 -0.001303777 -0.100562453 4.671248436
-0.098762155 0.024229495 -0.994816124 -14.061332703 0.001294417 0.999705791 0.024220085 0.072041452 0.995110333 0.001104320 -0.098764539 4.601495743
-0.097122312 0.021761701 -0.995034516 -14.731674194 -0.000411362 0.999759972 0.021905201 0.079516038 0.995272338 0.002536805 -0.097090006 4.532608032
-0.095677972 0.021318683 -0.995184004 -15.422830582 -0.000831927 0.999768555 0.021496875 0.094328001 0.995411992 0.002884699 -0.095638037 4.463901520
-0.093813300 0.024037350 -0.995299637 -16.126947403 -0.000562863 0.999707043 0.024196846 0.108880907 0.995589733 0.002830201 -0.093772292 4.393968582
-0.091874003 0.027715733 -0.995384872 -16.841804504 -0.002070574 0.999605119 0.028024359 0.113208756 0.995768487 0.004635728 -0.091780305 4.323896408
-0.090053678 0.029666178 -0.995494962 -17.580007553 -0.002624829 0.999545693 0.030024337 0.122410327 0.995933414 0.005316806 -0.089934826 4.251232147
-0.088000178 0.029109973 -0.995695233 -18.325462341 -0.005005299 0.999547362 0.029664971 0.131027043 0.996108055 0.007594266 -0.087814569 4.177968979
-0.086662412 0.025865614 -0.995901942 -19.086368561 -0.006592353 0.999626100 0.026535999 0.151032180 0.996215940 0.008865010 -0.086459517 4.107271194
-0.085144281 0.025321247 -0.996046901 -19.859924316 -0.007209893 0.999635220 0.026028786 0.167824149 0.996342659 0.009397591 -0.084930658 4.035554886
-0.083595514 0.027737927 -0.996113718 -20.644081116 -0.004089246 0.999594569 0.028178032 0.183164299 0.996491432 0.006428911 -0.083448291 3.972332001
-0.082438231 0.029902937 -0.996147633 -21.438764572 -0.002745590 0.999539137 0.030231966 0.190047413 0.996592581 0.005227277 -0.082318068 3.906013489
-0.081153154 0.031831436 -0.996193230 -22.245166779 -0.001683400 0.999484062 0.032073725 0.200670570 0.996700227 0.004279877 -0.081057787 3.836706161
-0.080705404 0.026946792 -0.996373773 -23.056993484 -0.001772237 0.999629021 0.027178381 0.214094669 0.996736467 0.003959251 -0.080627680 3.770410538
-0.080166221 0.020423606 -0.996572375 -23.861480713 0.000003162 0.999790072 0.020489296 0.216356903 0.996781647 0.001639395 -0.080149412 3.698341370
-0.080330133 0.015821541 -0.996642888 -24.679122925 0.003082825 0.999873161 0.015624346 0.228683218 0.996763706 -0.001817372 -0.080368757 3.633104324
-0.080718756 0.016973823 -0.996592343 -25.513774872 0.004148974 0.999852061 0.016693296 0.231509909 0.996728241 -0.002787374 -0.080777287 3.560113907
-0.080985546 0.024085078 -0.996424317 -26.363023758 0.002941791 0.999709427 0.023925388 0.237879828 0.996711016 -0.000993662 -0.081032872 3.495395660
-0.081257105 0.030890662 -0.996214390 -27.215900421 0.001539097 0.999522269 0.030867696 0.252791941 0.996692061 0.000974949 -0.081265807 3.421730042
-0.081436276 0.036165643 -0.996022284 -28.065700531 -0.000610462 0.999339461 0.036336005 0.262293935 0.996678472 0.003567096 -0.081360340 3.342662811
-0.081685305 0.036882326 -0.995975673 -28.911466599 -0.002084141 0.999306560 0.037176613 0.269795060 0.996656179 0.005112526 -0.081551790 3.265436172
-0.082021236 0.033341132 -0.996072769 -29.755317688 -0.002488941 0.999430299 0.033658471 0.283756733 0.996627510 0.005239871 -0.081891418 3.189390182
-0.082862735 0.030575482 -0.996091902 -30.598127365 -0.001914122 0.999522507 0.030840021 0.302179813 0.996559203 0.004462128 -0.082764626 3.123310089
-0.082319021 0.031701546 -0.996101856 -31.446660995 -0.004104619 0.999474704 0.032148104 0.314015806 0.996597707 0.006735016 -0.082145691 3.036777496
-0.082632184 0.033992544 -0.996000409 -32.295791626 -0.005623978 0.999386311 0.034574691 0.322023690 0.996564448 0.008458457 -0.082390308 2.963569641
-0.082454801 0.032878168 -0.996052384 -33.124462128 -0.005744291 0.999423385 0.033464961 0.327255279 0.996578336 0.008480958 -0.082218409 2.895420074
-0.081949830 0.027496897 -0.996257067 -33.966819763 -0.006540982 0.999582946 0.028126739 0.341005385 0.996614993 0.008821481 -0.081735730 2.815109253
-0.081604242 0.023345560 -0.996391296 -34.809226990 -0.008143932 0.999676645 0.024089521 0.351304144 0.996631503 0.010080351 -0.081387758 2.734230042
-0.081113219 0.024209175 -0.996410847 -35.646316528 -0.007419746 0.999662578 0.024892189 0.360829860 0.996677339 0.009412200 -0.080906272 2.661281586
-0.080454588 0.026661972 -0.996401608 -36.486873627 -0.006707954 0.999605060 0.027289325 0.363444448 0.996735692 0.008879368 -0.080243945 2.590259552
-0.079653978 0.031938236 -0.996310830 -37.333557129 -0.006639028 0.999447405 0.032569569 0.370313793 0.996800482 0.009208830 -0.079397917 2.509239197
-0.079730630 0.037329212 -0.996117353 -38.185527802 -0.005873418 0.999263644 0.037917238 0.385651648 0.996799290 0.008873777 -0.079452753 2.452453613
-0.079634190 0.040526100 -0.996000051 -39.034622192 -0.006118882 0.999134541 0.041142866 0.402792633 0.996805429 0.009370784 -0.079317331 2.375190735
-0.079548717 0.040275041 -0.996017158 -39.881843567 -0.005260803 0.999152601 0.040821992 0.424187064 0.996817231 0.008487182 -0.079269409 2.302955627
-0.079019308 0.036029365 -0.996221900 -40.716117859 -0.005554714 0.999315202 0.036581837 0.434383154 0.996857762 0.008424391 -0.078765035 2.233596802
-0.078800678 0.031707767 -0.996386051 -41.556915283 -0.006736159 0.999454260 0.032338146 0.449294835 0.996867657 0.009260080 -0.078544140 2.162666321
-0.078603625 0.029087000 -0.996481538 -42.393295288 -0.011411748 0.999482512 0.030074770 0.457534075 0.996840656 0.013735583 -0.078231096 2.081466675
-0.078611612 0.027032135 -0.996538818 -43.246730804 -0.014143861 0.999501407 0.028228233 0.476494372 0.996805072 0.016313972 -0.078190088 1.989212036
-0.079714060 0.025189826 -0.996499479 -44.069000244 -0.011885982 0.999585569 0.026218645 0.480189443 0.996746957 0.013934366 -0.079381585 1.936836243
-0.081397295 0.021732382 -0.996444881 -44.900447845 -0.008141048 0.999714375 0.022468716 0.486484349 0.996648610 0.009940997 -0.081197143 1.877773285
-0.081835032 0.020252706 -0.996440172 -45.735946655 -0.004242328 0.999777377 0.020668946 0.493159890 0.996636927 0.005918668 -0.081730843 1.801872253
-0.083747745 0.023847831 -0.996201694 -46.557952881 -0.003450475 0.999700665 0.024221664 0.499430001 0.996481121 0.005465874 -0.083640337 1.731018066
-0.085109115 0.030135369 -0.995915830 -47.396194458 -0.001509800 0.999537468 0.030373981 0.498997688 0.996370494 0.004088736 -0.085024238 1.656658173
-0.087063670 0.033714958 -0.995632172 -48.224872589 0.000438403 0.999428332 0.033805173 0.510175467 0.996202707 0.002506714 -0.087028742 1.582122803
-0.088899016 0.032900605 -0.995497227 -49.035545349 0.000615569 0.999455929 0.032976471 0.520719171 0.996040583 0.002318776 -0.088870883 1.512817383
-0.090073109 0.029047709 -0.995511472 -49.845455170 -0.003089380 0.999561608 0.029445414 0.529677868 0.995930374 0.005727754 -0.089943886 1.429290771
-0.090932488 0.025532378 -0.995529652 -50.652763367 -0.007888830 0.999621451 0.026357893 0.535184860 0.995825768 0.010250353 -0.090696692 1.342414856
-0.092703104 0.023892773 -0.995407224 -51.456291199 -0.012000502 0.999612629 0.025111334 0.545264602 0.995621622 0.014273281 -0.092380524 1.260250092
-0.093642712 0.025088292 -0.995289862 -52.254714966 -0.013489640 0.999558747 0.026465083 0.549610615 0.995514631 0.015904358 -0.093262911 1.174404144
-0.094095230 0.026663493 -0.995206118 -53.048454285 -0.013924705 0.999508262 0.028095316 0.553160608 0.995465875 0.016501587 -0.093677640 1.092617035
-0.094866633 0.026398038 -0.995139956 -53.837089539 -0.016026545 0.999478281 0.028040932 0.556139112 0.995360970 0.018608803 -0.094394088 1.007583618
-0.095604658 0.026307926 -0.995071709 -54.623100281 -0.016156690 0.999477983 0.027976725 0.562394798 0.995288312 0.018751767 -0.095129609 0.926815033
-0.096210003 0.028042715 -0.994965971 -55.408531189 -0.014762440 0.999452889 0.029596658 0.572066426 0.995251596 0.017535618 -0.095743418 0.848297119
-0.096546769 0.030861562 -0.994849980 -56.188140869 -0.013663820 0.999383926 0.032328241 0.583682001 0.995234728 0.016714636 -0.096065640 0.770210266
-0.096886516 0.035085741 -0.994676948 -56.969707489 -0.013882273 0.999233603 0.036598675 0.595761538 0.995198727 0.017354291 -0.096325159 0.690826416
-0.097294450 0.037269790 -0.994557559 -57.739280701 -0.013868707 0.999150813 0.038798645 0.604012847 0.995159030 0.017568121 -0.096694946 0.610923767
-0.098057985 0.037285611 -0.994481981 -58.502407074 -0.013368628 0.999158382 0.038779113 0.614781380 0.995090902 0.017097458 -0.097476959 0.533252716
-0.098351598 0.035091761 -0.994532764 -59.252967834 -0.012742111 0.999251723 0.036518365 0.630336940 0.995070100 0.016264085 -0.097830772 0.455169678
-0.098476171 0.031723779 -0.994633615 -59.997753143 -0.013018821 0.999365151 0.033163652 0.635614634 0.995054185 0.016214790 -0.098000646 0.374687195
-0.098025680 0.028674459 -0.994770646 -60.726493835 -0.013154164 0.999460161 0.030105859 0.649303734 0.995096922 0.016036525 -0.097595572 0.297004700
-0.096857309 0.026523272 -0.994945049 -61.440517426 -0.013683688 0.999514878 0.027977195 0.653092146 0.995204449 0.016324304 -0.096447349 0.223594666
-0.094502449 0.025659913 -0.995194018 -62.137496948 -0.015998753 0.999499500 0.027290151 0.660976708 0.995396197 0.018500846 -0.094044685 0.148628235
-0.090369344 0.027034257 -0.995541394 -62.824386597 -0.016758908 0.999448657 0.028661635 0.659496546 0.995767355 0.019274317 -0.089866400 0.084373474
-0.084650755 0.028538318 -0.996002018 -63.496070862 -0.016138906 0.999419391 0.030007891 0.664541245 0.996280074 0.018614572 -0.084141016 0.028221130
-0.077429056 0.030213967 -0.996540010 -64.149276733 -0.015328657 0.999386489 0.031491272 0.668086231 0.996880114 0.017713957 -0.076918483 -0.021186829
-0.068891525 0.031435717 -0.997128844 -64.788284302 -0.016181361 0.999336720 0.032623291 0.675199151 0.997492969 0.018382367 -0.068337202 -0.063606262
-0.057272196 0.033232100 -0.997805476 -65.410247803 -0.018510733 0.999238670 0.034342315 0.679480195 0.998187125 0.020436963 -0.056613445 -0.095619202
-0.041880131 0.034546118 -0.998525262 -66.035758972 -0.021470733 0.999140143 0.035467919 0.689868212 0.998891950 0.022924468 -0.041102290 -0.128364563
-0.023355603 0.035684761 -0.999090195 -66.629798889 -0.023224793 0.999073684 0.036227096 0.699517608 0.999457479 0.024049768 -0.022505164 -0.141616821
-0.000990510 0.036676090 -0.999326706 -67.204315186 -0.024101084 0.999036074 0.036689311 0.707146645 0.999709010 0.024121197 -0.000105619 -0.135009766
0.024295509 0.037307352 -0.999008536 -67.747108459 -0.023813233 0.999041498 0.036729455 0.709173083 0.999421239 0.022897257 0.025160670 -0.104217529
0.053768694 0.036645819 -0.997880876 -68.277481079 -0.022301499 0.999121189 0.035489701 0.721924663 0.998304486 0.020345997 0.054538667 -0.055206299
0.087833107 0.036063615 -0.995482206 -68.761940002 -0.021300467 0.999183953 0.034318343 0.733599544 0.995907485 0.018189948 0.088529587 0.011184692
0.125595033 0.035965849 -0.991429508 -69.252090454 -0.020675689 0.999220490 0.033629268 0.744904160 0.991866171 0.016274815 0.126240790 0.097049713
0.166790247 0.035442971 -0.985355198 -69.725685120 -0.020364003 0.999264359 0.032496281 0.754093945 0.985782087 0.014645713 0.167389274 0.199527740
0.211779237 0.037436694 -0.976600289 -70.161590576 -0.019781064 0.999225557 0.034014411 0.741925538 0.977117360 0.012114644 0.212355793 0.319858551
0.260082304 0.035802547 -0.964922488 -70.556571960 -0.016653290 0.999330044 0.032590531 0.748020887 0.965442836 0.007592914 0.260504305 0.448589325
0.310033202 0.031571224 -0.950201452 -70.966796875 -0.009213493 0.999501348 0.030203063 0.737070680 0.950681150 -0.000609279 0.310169458 0.621124268
0.360623062 0.026283272 -0.932341278 -71.347091675 -0.003142084 0.999631464 0.026964890 0.735538960 0.932706356 -0.006794668 0.360572755 0.823665619
0.412544727 0.021538386 -0.910682738 -71.732192993 0.001869628 0.999698341 0.024490632 0.741988540 0.910935521 -0.011806123 0.412379980 1.046680450
0.463620782 0.020632070 -0.885793507 -72.114089966 0.001944554 0.999702752 0.024303040 0.753625810 0.886031628 -0.012989868 0.463442862 1.284320831
0.512135208 0.019369543 -0.858686388 -72.508300781 0.003044968 0.999698460 0.024366448 0.763701856 0.858899415 -0.015093588 0.511921823 1.547904968
0.556766629 0.015823167 -0.830518246 -72.836921692 0.010470008 0.999605477 0.026063574 0.758845329 0.830603004 -0.023206862 0.556381345 1.832132339
0.600060821 0.008682339 -0.799907267 -73.168098450 0.021357259 0.999410808 0.026869213 0.765024245 0.799669206 -0.033206988 0.599521875 2.146221161
0.641684234 0.003303789 -0.766961813 -73.442268372 0.023065850 0.999455273 0.023603499 0.763119340 0.766622007 -0.032836620 0.641258478 2.446802139
0.683391094 -0.001751748 -0.730050385 -73.752899170 0.020382715 0.999653101 0.016681349 0.770143747 0.729767919 -0.026280293 0.683189690 2.768608093
0.724024415 -0.007990506 -0.689728022 -74.045867920 0.016211459 0.999853790 0.005434252 0.772897601 0.689583778 -0.015116029 0.724048138 3.115504265
0.762975574 -0.010909874 -0.646335244 -74.308990479 0.011957407 0.999924719 -0.002763030 0.777418315 0.646316767 -0.005620370 0.763048530 3.477444649
0.800306916 -0.012215472 -0.599466145 -74.577865601 0.010847884 0.999923766 -0.005893418 0.778092980 0.599492431 -0.001786396 0.800378442 3.880889893
0.834252656 -0.013519914 -0.551216602 -74.826011658 0.011060597 0.999908507 -0.007785224 0.776257157 0.551271439 0.000398059 0.834325850 4.315704346
0.865041554 -0.011556379 -0.501567125 -75.068733215 0.007688688 0.999922633 -0.009778254 0.770003974 0.501641273 0.004602203 0.865063488 4.775469303
0.891053796 -0.010050817 -0.453786463 -75.280784607 0.007156374 0.999941647 -0.008095253 0.759002268 0.453841329 0.003965842 0.891073704 5.257335186
0.912215531 -0.003864245 -0.409692407 -75.475730896 0.001251220 0.999977112 -0.006645900 0.745029092 0.409708709 0.005549878 0.912199497 5.752483368
0.929859519 0.000883133 -0.367913753 -75.676277161 -0.004408867 0.999952078 -0.008742636 0.739405394 0.367888391 0.009751506 0.929818809 6.272282124
0.943289518 0.005570896 -0.331924468 -75.846000671 -0.008483632 0.999937177 -0.007326892 0.730871558 0.331862807 0.009727306 0.943277538 6.818916321
0.953426242 0.006387972 -0.301558644 -76.014030457 -0.008319238 0.999952257 -0.005120440 0.716246903 0.301511556 0.007390700 0.953433871 7.373068810
0.960779488 0.005851545 -0.277251750 -76.167938232 -0.007150528 0.999967694 -0.003674366 0.708750904 0.277221262 0.005512751 0.960790277 7.959973335
0.966709912 0.006821918 -0.255784005 -76.331352234 -0.007468136 0.999970913 -0.001555227 0.700869024 0.255765945 0.003413683 0.966732740 8.566678047
0.971284926 0.008576367 -0.237764627 -76.482131958 -0.008618919 0.999962509 0.000860592 0.699367404 0.237763077 0.001213394 0.971322417 9.205438614
0.974872887 0.013733624 -0.222338066 -76.628517151 -0.013530520 0.999905467 0.002436786 0.693077385 0.222350523 0.000632793 0.974966586 9.842395782
0.977811813 0.017948212 -0.208714947 -76.777595520 -0.017481312 0.999838889 0.004081585 0.682635903 0.208754569 -0.000342411 0.977967978 10.492967606
0.980523229 0.016018752 -0.195748672 -76.914070129 -0.015699059 0.999871671 0.003184719 0.684324920 0.195774570 -0.000049621 0.980648935 11.177238464
0.983140528 0.015853656 -0.182163149 -77.037078857 -0.015580759 0.999874294 0.002929182 0.678191960 0.182186693 -0.000041557 0.983263969 11.865499496
0.985711992 0.016140381 -0.167664558 -77.155441284 -0.015778780 0.999869406 0.003488760 0.675147355 0.167698964 -0.000793370 0.985837936 12.567430496
0.987984061 0.018296588 -0.153469145 -77.269363403 -0.017894501 0.999831855 0.004001001 0.667842686 0.153516546 -0.001206672 0.988145351 13.290387154
0.989873528 0.018159520 -0.140785888 -77.367965698 -0.018156065 0.999834299 0.001309103 0.653418064 0.140786335 0.001260271 0.990039229 14.027515411
0.991369784 0.019309536 -0.129665226 -77.463615417 -0.019994756 0.999792159 -0.003984685 0.641499341 0.129561335 0.006542921 0.991549850 14.764745712
0.992601871 0.017339783 -0.120170102 -77.557418823 -0.018701516 0.999772966 -0.010213139 0.635018587 0.119965725 0.012384945 0.992700756 15.524894714
0.993552685 0.017133033 -0.112069532 -77.649063110 -0.018399687 0.999777913 -0.010277821 0.622126639 0.111868553 0.012273600 0.993647218 16.293294907
0.994295955 0.019199394 -0.104914084 -77.739166260 -0.019763755 0.999795258 -0.004342193 0.611661911 0.104809240 0.006390921 0.994471788 17.070934296
0.994674742 0.023740852 -0.100291990 -77.819587708 -0.023434825 0.999716401 0.004228564 0.591500401 0.100363940 -0.001855720 0.994949043 17.857276917
0.995107472 0.024437390 -0.095728651 -77.903884888 -0.023805808 0.999686658 0.007734339 0.583416522 0.095887661 -0.005417601 0.995377421 18.626111984
0.995466828 0.023443319 -0.092174992 -77.988464355 -0.022924418 0.999714851 0.006684419 0.569588780 0.092305414 -0.004541059 0.995720387 19.429334641
0.995726049 0.023244228 -0.089383371 -78.053749084 -0.022780748 0.999721229 0.006202101 0.556585073 0.089502618 -0.004139374 0.995977998 20.203022003
0.996032000 0.021618081 -0.086329974 -78.128166199 -0.020989129 0.999746203 0.008186609 0.552592635 0.086485043 -0.006342134 0.996232986 20.984880447
0.996299505 0.020141283 -0.083555952 -78.199394226 -0.019303000 0.999755025 0.010828439 0.540746093 0.083753578 -0.009175489 0.996444225 21.767057419
0.996556282 0.018157071 -0.080906883 -78.258377075 -0.017176824 0.999770582 0.012795360 0.529786944 0.081120647 -0.011361573 0.996639550 22.546073914
0.996786594 0.017115233 -0.078253441 -78.319198608 -0.016445665 0.999822497 0.009192925 0.522227526 0.078396887 -0.007876455 0.996891141 23.308965683
0.996846259 0.020545965 -0.076650821 -78.384407043 -0.020472504 0.999788880 0.001744121 0.515288770 0.076670475 -0.000169386 0.997056484 24.071056366
0.996980190 0.021209471 -0.074703790 -78.450370789 -0.021694524 0.999748468 -0.005687447 0.503377676 0.074564375 0.007290935 0.997189522 24.829963684
0.997039199 0.022382323 -0.073565140 -78.507751465 -0.023151621 0.999685645 -0.009621243 0.486379385 0.073326670 0.011295909 0.997244000 25.590211868
0.997168601 0.023757862 -0.071346477 -78.568466187 -0.024408426 0.999667943 -0.008260311 0.472080708 0.071126543 0.009978377 0.997417390 26.366683960
0.997285485 0.027252827 -0.068403035 -78.637550354 -0.027608570 0.999609709 -0.004260559 0.453732729 0.068260230 0.006137503 0.997648656 27.136293411
0.997312367 0.030627286 -0.066558629 -78.692787170 -0.030638719 0.999530137 0.000849220 0.433118224 0.066553362 0.001192333 0.997782171 27.904495239
0.997559428 0.028434070 -0.063770704 -78.750648499 -0.028292729 0.999594808 0.003118549 0.418714046 0.063833542 -0.001306691 0.997959733 28.673254013
0.997710407 0.025416354 -0.062673293 -78.794029236 -0.025297031 0.999676347 0.002696802 0.406644255 0.062721550 -0.001105180 0.998030424 29.423337936
0.997805238 0.023569576 -0.061880536 -78.837387085 -0.023436846 0.999721229 0.002869989 0.392419308 0.061930928 -0.001413405 0.998079419 30.177873611
0.997879446 0.023718815 -0.060614061 -78.891296387 -0.023682250 0.999718666 0.001321678 0.379194885 0.060628358 0.000116602 0.998160422 30.939638138
0.997968018 0.021034094 -0.060145132 -78.928581238 -0.021077821 0.999777853 -0.000092614 0.368705213 0.060129821 0.001360154 0.998189628 31.689792633
0.998028994 0.020151623 -0.059430610 -78.977508545 -0.020185081 0.999796271 0.000037377 0.357252806 0.059419256 0.001162308 0.998232424 32.460884094
0.998018444 0.023783751 -0.058254272 -79.038414001 -0.023765361 0.999717057 0.001008554 0.347135574 0.058261778 0.000377878 0.998301268 33.238292694
0.998026669 0.023629464 -0.058175597 -79.088340759 -0.023679294 0.999719620 -0.000167225 0.339747429 0.058155335 0.001544452 0.998306334 34.022247314
0.997945786 0.023183053 -0.059722189 -79.140029907 -0.023238251 0.999729931 -0.000229798 0.327195495 0.059700731 0.001617165 0.998215020 34.799598694
0.997886002 0.020170674 -0.061779164 -79.192977905 -0.020177726 0.999796271 0.000509762 0.315643132 0.061776862 0.000737879 0.998089731 35.588554382
0.997617066 0.022987248 -0.065051757 -79.247879028 -0.022999847 0.999735296 0.000555285 0.300181985 0.065047309 0.000942219 0.997881711 36.396526337
0.997318208 0.026611060 -0.068177894 -79.310043335 -0.026648596 0.999644816 0.000359037 0.287260950 0.068163231 0.001458771 0.997673094 37.187309265
0.997129858 0.027664306 -0.070475318 -79.378341675 -0.028060386 0.999595463 -0.004636125 0.274846077 0.070318550 0.006600383 0.997502744 37.995826721
0.996951640 0.028481847 -0.072637640 -79.448631287 -0.029147519 0.999542117 -0.008120584 0.268596977 0.072373092 0.010213037 0.997325361 38.835872650
0.996828318 0.027472785 -0.074689873 -79.512130737 -0.028274072 0.999553204 -0.009691887 0.254214793 0.074390240 0.011772933 0.997159719 39.666267395
0.996680558 0.028113164 -0.076403379 -79.589797974 -0.028825203 0.999550581 -0.008232504 0.237524390 0.076137602 0.010407520 0.997043014 40.504379272
0.996522605 0.026736494 -0.078916416 -79.652770996 -0.027404115 0.999597132 -0.007388801 0.218988806 0.078687072 0.009525741 0.996853828 41.328250885
0.996368229 0.026162321 -0.081030495 -79.722274780 -0.026722033 0.999625921 -0.005830520 0.207898453 0.080847643 0.007974644 0.996694565 42.176616669
0.996301949 0.025598759 -0.082019404 -79.797775269 -0.025832603 0.999664664 -0.001790999 0.189754605 0.081946053 0.003903151 0.996629119 43.025859833
0.996245503 0.025995942 -0.082577653 -79.873474121 -0.025842216 0.999661744 0.002930031 0.178077221 0.082625896 -0.000785040 0.996580303 43.876220703
0.996289074 0.026187191 -0.081989676 -79.946632385 -0.025872411 0.999653220 0.004899516 0.168568343 0.082089551 -0.002760064 0.996621132 44.745220184
0.996377826 0.028535932 -0.080105893 -80.023086548 -0.028229350 0.999589205 0.004957319 0.161324084 0.080214441 -0.002678026 0.996774018 45.608280182
0.996512771 0.028334731 -0.078482121 -80.093154907 -0.028137524 0.999597490 0.003617707 0.154843062 0.078553036 -0.001396800 0.996908963 46.482959747
0.996696234 0.026623748 -0.076732069 -80.163825989 -0.026623325 0.999644995 0.001028642 0.149583325 0.076732218 0.001017619 0.997051239 47.357131958
0.996907651 0.022731824 -0.075222164 -80.224617004 -0.022839664 0.999738991 -0.000573562 0.138308361 0.075189494 0.002289837 0.997166634 48.235195160
0.997092426 0.021846386 -0.073002778 -80.298286438 -0.021968562 0.999758303 -0.000870951 0.127016068 0.072966106 0.002472185 0.997331381 49.120376587
0.997232318 0.019303475 -0.071799152 -80.365783691 -0.019223806 0.999813557 0.001800527 0.112681054 0.071820527 -0.000415291 0.997417510 50.005233765
0.997330427 0.016815485 -0.071057834 -80.428924561 -0.016550099 0.999853671 0.004321941 0.094943225 0.071120113 -0.003134389 0.997462809 50.886329651
0.997400641 0.016281970 -0.070191927 -80.492156982 -0.016013728 0.999862194 0.004382605 0.084991872 0.070253611 -0.003247179 0.997523904 51.763046265
0.997428358 0.018449930 -0.069255419 -80.557197571 -0.018389653 0.999829769 0.001507855 0.069714248 0.069271453 -0.000230394 0.997597814 52.650474548
0.997427166 0.020683322 -0.068638556 -80.625213623 -0.021007102 0.999771357 -0.003998667 0.048327386 0.068540156 0.005430277 0.997633576 53.519763947
0.997468650 0.022368319 -0.067497760 -80.691528320 -0.023075070 0.999686599 -0.009709230 0.035920471 0.067259423 0.011242168 0.997672200 54.386943817
0.997373044 0.027433820 -0.067040004 -80.757484436 -0.028536860 0.999471784 -0.015551400 0.011178434 0.066577956 0.017423660 0.997629106 55.257942200
0.997422874 0.027612308 -0.066220500 -80.815490723 -0.028758951 0.999451399 -0.016425030 -0.015118584 0.065730639 0.018287133 0.997669816 56.127677917
0.997528791 0.024707286 -0.065771274 -80.875083923 -0.025466356 0.999618113 -0.010727664 -0.035296239 0.065481104 0.012376108 0.997777045 56.990642548
0.997561693 0.023635263 -0.065665886 -80.939826965 -0.023785511 0.999715924 -0.001507117 -0.062804922 0.065611616 0.003065339 0.997840524 57.863872528
0.997467697 0.023737131 -0.067043141 -81.008308411 -0.023389034 0.999708593 0.005972391 -0.079606742 0.067165367 -0.004389192 0.997732222 58.744812012
0.997331083 0.021701358 -0.069711618 -81.065048218 -0.021472778 0.999761343 0.004026718 -0.093848854 0.069782361 -0.002519069 0.997559071 59.593223572
0.997265399 0.017001526 -0.071921684 -81.122657776 -0.017016301 0.999855101 0.000407335 -0.107179180 0.071918190 0.000817620 0.997410178 60.438591003
0.997121155 0.015430604 -0.074238002 -81.193557739 -0.015556477 0.999878347 -0.001117557 -0.121174321 0.074211732 0.002269221 0.997239947 61.274753571
0.996892989 0.017401112 -0.076821327 -81.269599915 -0.017723951 0.999836683 -0.003522635 -0.137701124 0.076747485 0.004873267 0.997038662 62.105972290
0.996584237 0.019217432 -0.080315158 -81.344924927 -0.019806560 0.999782383 -0.006544920 -0.158496588 0.080171905 0.008113330 0.996748030 62.934570312
0.996242583 0.019503584 -0.084381767 -81.422538757 -0.020439373 0.999738634 -0.010240205 -0.174303398 0.084159993 0.011926439 0.996380866 63.759880066
0.995923817 0.021785865 -0.087528110 -81.500411987 -0.023073541 0.999639511 -0.013726763 -0.202959150 0.087197505 0.015690394 0.996067464 64.575630188
0.995534778 0.026683491 -0.090545490 -81.588363647 -0.028027177 0.999514639 -0.013600793 -0.227697119 0.090138629 0.016077798 0.995799422 65.388473511
0.995148897 0.029810077 -0.093755044 -81.682464600 -0.031061357 0.999446452 -0.011915095 -0.249413088 0.093347959 0.014769453 0.995523989 66.199882507
0.994669199 0.032939117 -0.097714894 -81.770027161 -0.033669673 0.999415994 -0.005836427 -0.272991359 0.097465582 0.009095343 0.995197356 67.008857727
0.994267046 0.034002956 -0.101374671 -81.861747742 -0.034196954 0.999415100 -0.000175941 -0.293184638 0.101309396 0.003641638 0.994848311 67.816833496
0.993785024 0.033343617 -0.106205359 -81.954223633 -0.033141721 0.999443948 0.003665842 -0.309254527 0.106268533 -0.000123231 0.994337440 68.616577148
0.993011534 0.033734288 -0.113093480 -82.040412903 -0.033463992 0.999430716 0.004288095 -0.313597918 0.113173760 -0.000473568 0.993575096 69.430068970
0.992378652 0.031241292 -0.119199887 -82.136375427 -0.030459119 0.999500871 0.008378535 -0.325593352 0.119402148 -0.004683956 0.992834926 70.222412109
0.991611540 0.032119915 -0.125199452 -82.248374939 -0.031404920 0.999477208 0.007680897 -0.334697157 0.125380710 -0.003684588 0.992101848 71.003166199
0.990653217 0.037042931 -0.131278396 -82.364242554 -0.036434449 0.999311268 0.007034750 -0.344171226 0.131448567 -0.002185941 0.991320610 71.785171509
0.989826918 0.038595665 -0.136941969 -82.485420227 -0.038484890 0.999253213 0.003457401 -0.354584217 0.136973143 0.001847967 0.990573049 72.558021545
0.988983631 0.037409361 -0.143219724 -82.602386475 -0.037678346 0.999289572 0.000834512 -0.369466782 0.143149197 0.004570963 0.989690542 73.335998535
0.988175392 0.038448688 -0.148428902 -82.727256775 -0.038889669 0.999243498 -0.000068788 -0.381594390 0.148313969 0.005840325 0.988923073 74.108634949
0.987432480 0.040783439 -0.152688757 -82.863510132 -0.040588681 0.999166250 0.004393613 -0.383966476 0.152740642 0.001859039 0.988264561 74.880348206
0.986489534 0.042140324 -0.158311680 -83.002220154 -0.041236471 0.999108970 0.008991296 -0.396057963 0.158549517 -0.002341606 0.987348258 75.649505615
0.985482872 0.040845320 -0.164788276 -83.128631592 -0.039550077 0.999155521 0.011134921 -0.406883597 0.165103927 -0.004455884 0.986266136 76.413452148
0.984356999 0.038608599 -0.171903238 -83.266159058 -0.037917938 0.999254167 0.007300713 -0.413019061 0.172056898 -0.000668292 0.985086799 77.166809082
0.982875347 0.036734015 -0.180573195 -83.402687073 -0.037293799 0.999304295 0.000295191 -0.419855893 0.180458412 0.006444124 0.983561516 77.912414551
0.981292665 0.034183141 -0.189462960 -83.553085327 -0.035098214 0.999382794 -0.001475626 -0.428480446 0.189295575 0.008097832 0.981886744 78.655776978
0.979145408 0.033918411 -0.200309277 -83.709938049 -0.034258235 0.999411464 0.001770530 -0.444302946 0.200251445 0.005128635 0.979731143 79.393074036
0.976860046 0.033704743 -0.211207241 -83.883827209 -0.032741111 0.999431372 0.008058893 -0.449750125 0.211358756 -0.000957251 0.977408051 80.136466980
0.974259138 0.035093572 -0.222682610 -84.061134338 -0.032374125 0.999350131 0.015852068 -0.456338227 0.223094195 -0.008234869 0.974762082 80.868698120
0.971694946 0.036324531 -0.233429819 -84.254585266 -0.032657534 0.999275267 0.019556396 -0.462243915 0.233971015 -0.011379608 0.972176969 81.602516174
0.968659580 0.039634597 -0.245209634 -84.450057983 -0.037006821 0.999197602 0.015316627 -0.468671024 0.245619953 -0.005762169 0.969349086 82.319847107
0.965514719 0.038951904 -0.257418185 -84.643341064 -0.038671806 0.999233007 0.006152758 -0.467313588 0.257460415 0.004014248 0.966280520 83.033859253
0.962194383 0.036509216 -0.269905627 -84.849960327 -0.037576914 0.999293029 0.001211936 -0.465578139 0.269759059 0.008976103 0.962886035 83.746665955
0.958826303 0.035569537 -0.281756848 -85.071128845 -0.035279345 0.999358833 0.006104442 -0.466154039 0.281793326 0.004087096 0.959466457 84.467910767
0.955585003 0.036845353 -0.292403311 -85.311546326 -0.034273870 0.999315619 0.013914143 -0.475085735 0.292715877 -0.003274354 0.956193864 85.187828064
0.951795995 0.036481388 -0.304554552 -85.541816711 -0.032224409 0.999300182 0.018994272 -0.470966935 0.305034339 -0.008264583 0.952305496 85.912651062
0.947700739 0.034041040 -0.317339689 -85.787254333 -0.030211529 0.999399245 0.016982123 -0.467633754 0.317727149 -0.006506654 0.948159873 86.631744385
0.943888962 0.032203969 -0.328689158 -86.043457031 -0.029622240 0.999478459 0.012860384 -0.471320748 0.328931898 -0.002402265 0.944350600 87.335945129
0.940893948 0.028399838 -0.337508589 -86.313735962 -0.028043600 0.999589086 0.005932044 -0.477435768 0.337538362 0.003883531 0.941303790 88.051040649
0.938270032 0.023814719 -0.345082939 -86.573684692 -0.025245244 0.999681234 0.000348532 -0.485796213 0.344981253 0.008384685 0.938572109 88.746719360
0.935485363 0.023951979 -0.352552712 -86.850967407 -0.026065566 0.999659479 -0.001248416 -0.494377613 0.352402776 0.010357359 0.935791135 89.454345703
0.932550251 0.029154222 -0.359861165 -87.144653320 -0.031694669 0.999496937 -0.001159664 -0.506266415 0.359646320 0.012487124 0.933005154 90.157363892
0.929328799 0.029511914 -0.368072003 -87.430458069 -0.031183418 0.999512672 0.001407012 -0.521250486 0.367934167 0.010170166 0.929796219 90.883552551
0.925933123 0.029990293 -0.376494884 -87.717880249 -0.029115237 0.999543905 0.008015651 -0.522840381 0.376563579 0.003539780 0.926384032 91.603240967
0.923208237 0.031859204 -0.382977158 -88.017616272 -0.027790202 0.999483228 0.016153960 -0.523211241 0.383293897 -0.004270457 0.923616588 92.317687988
0.920682251 0.042125951 -0.388032943 -88.343460083 -0.035808709 0.999082327 0.023500191 -0.539182246 0.388666809 -0.007741250 0.921345830 93.020812988
0.917852640 0.049006641 -0.393884331 -88.662857056 -0.044548739 0.998797715 0.020459158 -0.535610914 0.394413412 -0.001231445 0.918932319 93.718276978
0.915802598 0.045766462 -0.399012536 -88.985992432 -0.044229019 0.998935997 0.013064031 -0.533753633 0.399185866 0.005683860 0.916852415 94.412277222
0.913819671 0.038393375 -0.404301345 -89.296401978 -0.039564710 0.999202073 0.005460598 -0.532989740 0.404188395 0.011006063 0.914609551 95.112838745
0.912063777 0.038902037 -0.408198833 -89.623237610 -0.040577028 0.999166012 0.004558452 -0.530597925 0.408035725 0.012405894 0.912881672 95.819885254
0.909925461 0.045358513 -0.412284166 -89.964607239 -0.045163982 0.998927295 0.010221109 -0.542304039 0.412305534 0.009319944 0.910997987 96.529220581
0.907485127 0.048347533 -0.417292774 -90.296722412 -0.046277657 0.998814762 0.015082801 -0.551955462 0.417527378 0.005623912 0.908646941 97.224281311
0.905152559 0.044423770 -0.422759265 -90.622299194 -0.043065809 0.998990655 0.012768034 -0.552959561 0.422899753 0.006649451 0.906152070 97.932670593
0.902841568 0.043464396 -0.427770942 -90.964149475 -0.044691935 0.998975039 0.007177005 -0.564246535 0.427644461 0.012638213 0.903858662 98.631637573
0.900671482 0.041136190 -0.432549030 -91.304428101 -0.045017235 0.998985410 0.001268555 -0.574230313 0.432162344 0.018329609 0.901609540 99.325233459
