1.000000000 0.000000000 0.000000000 0.000000000 0.000000000 1.000000000 0.000000000 0.000000000 0.000000000 0.000000000 1.000000000 0.000000000
0.999999940 -0.000270390 0.000235072 -0.012067952 0.000269948 0.999998212 0.001878557 -0.018737517 -0.000235579 -0.001878493 0.999998212 1.339700580
0.999998689 -0.001515866 -0.000587742 -0.005917213 0.001516968 0.999997079 0.001879647 -0.040816650 0.000584891 -0.001880536 0.999998033 2.677249432
0.999994814 -0.003168454 -0.000533237 -0.014238563 0.003168823 0.999994755 0.000692964 -0.056414191 0.000531038 -0.000694650 0.999999642 4.008817196
0.999993086 -0.003677841 -0.000597265 -0.011512469 0.003678350 0.999992847 0.000852497 -0.074900255 0.000594125 -0.000854688 0.999999464 5.363140106
0.999991536 -0.004050016 -0.000690732 -0.014414350 0.004051241 0.999990225 0.001781456 -0.096872859 0.000683511 -0.001784239 0.999998152 6.698722363
0.999984682 -0.005502984 -0.000579622 -0.016756915 0.005504736 0.999980152 0.003065006 -0.116783820 0.000562743 -0.003068150 0.999995112 8.049542427
0.999987483 -0.004971458 -0.000613441 -0.025394309 0.004973514 0.999981880 0.003397075 -0.133586675 0.000596542 -0.003400083 0.999994040 9.405748367
0.999990344 -0.004269826 -0.001045060 -0.024299458 0.004271459 0.999989629 0.001565318 -0.149608105 0.001038365 -0.001569766 0.999998212 10.763214111
0.999998152 -0.001462900 -0.001228351 -0.031781025 0.001462285 0.999998808 -0.000501803 -0.176290736 0.001229084 0.000500006 0.999999106 12.127443314
0.999997258 0.002137048 -0.000981850 -0.043604672 -0.002138349 0.999996841 -0.001325478 -0.198133498 0.000979015 0.001327574 0.999998629 13.473459244
0.999989808 0.004443496 -0.000769809 -0.057706185 -0.004444580 0.999989152 -0.001412271 -0.220511854 0.000763525 0.001415678 0.999998689 14.839421272
0.999985039 0.005381910 -0.000956321 -0.058293201 -0.005382464 0.999985337 -0.000578500 -0.241675600 0.000953194 0.000583639 0.999999404 16.207134247
0.999995708 0.002874280 -0.000515499 -0.060300685 -0.002873106 0.999993324 0.002263866 -0.264777035 0.000522002 -0.002262375 0.999997318 17.576658249
0.999999106 -0.001278826 -0.000410103 -0.056268021 0.001280442 0.999991298 0.003965304 -0.281706989 0.000405029 -0.003965825 0.999992073 18.948154449
0.999991059 -0.004192472 -0.000596233 -0.064618401 0.004193619 0.999989331 0.001935555 -0.307664365 0.000588112 -0.001938038 0.999997973 20.318138123
0.999987781 -0.004942849 -0.000216270 -0.072925948 0.004942863 0.999987781 0.000066465 -0.326525122 0.000215939 -0.000067533 1.000000000 21.684793472
0.999996662 -0.002574775 0.000041785 -0.078806683 0.002574836 0.999995470 -0.001544765 -0.354535341 -0.000037807 0.001544867 0.999998808 23.063503265
0.999999464 0.000217296 0.001022623 -0.084417745 -0.000218146 0.999999642 0.000830951 -0.378046036 -0.001022442 -0.000831173 0.999999106 24.457597733
0.999999106 -0.000302798 0.001316720 -0.095146790 0.000297230 0.999991000 0.004226704 -0.398317546 -0.001317988 -0.004226308 0.999990225 25.834650040
0.999994397 -0.002673456 0.002017470 -0.096270502 0.002661317 0.999978483 0.005996283 -0.409571379 -0.002033457 -0.005990881 0.999979973 27.229881287
0.999977112 -0.006642400 0.001265910 -0.088501871 0.006637134 0.999969482 0.004119927 -0.423197299 -0.001293238 -0.004111431 0.999990702 28.630874634
0.999977112 -0.006602415 0.001497291 -0.098321781 0.006599899 0.999976814 0.001678820 -0.439691961 -0.001508341 -0.001668900 0.999997497 30.013353348
0.999972641 -0.007131657 0.001972022 -0.100014627 0.007132906 0.999974370 -0.000626926 -0.461224735 -0.001967501 0.000640975 0.999997854 31.403652191
0.999989867 -0.003681912 0.002601453 -0.103866465 0.003685156 0.999992430 -0.001243411 -0.486723781 -0.002596855 0.001252985 0.999995828 32.801574707
0.999992549 -0.002429167 0.002995251 -0.107504643 0.002440721 0.999989569 -0.003859808 -0.503865957 -0.002985843 0.003867090 0.999988079 34.202434540
0.999993801 -0.001660928 0.003101591 -0.109829083 0.001670100 0.999994218 -0.002956964 -0.535596192 -0.003096662 0.002962125 0.999990821 35.594272614
0.999994576 -0.001749214 0.002797435 -0.111046337 0.001753675 0.999997199 -0.001592978 -0.563617229 -0.002794640 0.001597875 0.999994814 37.012939453
0.999996603 -0.000347767 0.002572058 -0.115192287 0.000348146 0.999999940 -0.000146990 -0.585349381 -0.002572007 0.000147885 0.999996662 38.417896271
0.999993742 0.002423728 0.002573641 -0.121954590 -0.002424217 0.999997020 0.000187168 -0.612712979 -0.002573180 -0.000193406 0.999996662 39.837451935
0.999984801 0.004720509 0.002839867 -0.128473133 -0.004719757 0.999988854 -0.000271377 -0.632540703 -0.002841117 0.000257970 0.999995947 41.258342743
0.999973178 0.006759054 0.002816328 -0.138791233 -0.006759695 0.999977112 0.000217938 -0.654175282 -0.002814791 -0.000236970 0.999996006 42.679260254
0.999965072 0.007970678 0.002524131 -0.138697445 -0.007971276 0.999968231 0.000227208 -0.675438225 -0.002522240 -0.000247320 0.999996781 44.102592468
0.999974728 0.006847553 0.001898761 -0.136950254 -0.006847434 0.999976575 -0.000069285 -0.697928965 -0.001899190 0.000056282 0.999998212 45.538646698
0.999981582 0.005908165 0.001396676 -0.141692176 -0.005907676 0.999982476 -0.000353657 -0.722531736 -0.001398741 0.000345400 0.999998987 46.966991425
0.999985933 0.005300631 0.000183032 -0.140415162 -0.005300630 0.999985933 -0.000007989 -0.750680566 -0.000183072 0.000007018 1.000000000 48.407165527
0.999983847 0.005659406 -0.000491728 -0.148982093 -0.005658860 0.999983370 0.001104653 -0.769523203 0.000497972 -0.001101852 0.999999285 49.838047028
0.999980211 0.006091994 -0.001586238 -0.158014283 -0.006090853 0.999981165 0.000722983 -0.792735577 0.001590613 -0.000713307 0.999998510 51.279212952
0.999977589 0.006134182 -0.002682551 -0.165591300 -0.006130609 0.999980330 0.001338322 -0.815977037 0.002690708 -0.001321846 0.999995530 52.732032776
0.999971330 0.006575207 -0.003750677 -0.179203346 -0.006567280 0.999976158 0.002121897 -0.835811615 0.003764539 -0.002097204 0.999990702 54.173198700
0.999977469 0.005050279 -0.004416145 -0.189374223 -0.005036158 0.999982178 0.003202910 -0.858183503 0.004432242 -0.003180597 0.999985099 55.617313385
0.999981701 0.003612133 -0.004857749 -0.202145666 -0.003595778 0.999987841 0.003371442 -0.877266347 0.004869869 -0.003353913 0.999982536 57.053382874
0.999985933 0.001208978 -0.005166403 -0.213466167 -0.001194700 0.999995470 0.002765852 -0.900622785 0.005169724 -0.002759640 0.999982834 58.497585297
0.999985218 0.000397430 -0.005420497 -0.222924367 -0.000379357 0.999994397 0.003334768 -0.924284816 0.005421791 -0.003332663 0.999979734 59.941764832
0.999987245 -0.001290681 -0.004882341 -0.232480898 0.001310263 0.999991119 0.004009714 -0.944443524 0.004877122 -0.004016060 0.999980032 61.384475708
0.999985218 -0.002958057 -0.004562265 -0.243105739 0.002979868 0.999984145 0.004781583 -0.965661526 0.004548048 -0.004795107 0.999978185 62.827663422
0.999981225 -0.004587810 -0.004067428 -0.254132897 0.004606168 0.999979198 0.004515410 -0.985930026 0.004046628 -0.004534060 0.999981523 64.269920349
0.999969840 -0.006680461 -0.003961113 -0.253271401 0.006695869 0.999970019 0.003889438 -1.010153413 0.003935011 -0.003915844 0.999984562 65.723464966
0.999972463 -0.006653403 -0.003286364 -0.264532089 0.006664775 0.999971807 0.003461483 -1.026474237 0.003263241 -0.003483290 0.999988616 67.153633118
0.999984205 -0.004960565 -0.002644898 -0.276574314 0.004969172 0.999982357 0.003257842 -1.045608044 0.002628691 -0.003270933 0.999991179 68.582695007
0.999996126 -0.001942490 -0.002007280 -0.295364588 0.001952316 0.999986053 0.004905029 -1.073605657 0.001997724 -0.004908929 0.999985933 70.007530212
0.999997973 0.001697440 -0.001067567 -0.312600344 -0.001691039 0.999980748 0.005968112 -1.090978146 0.001077677 -0.005966294 0.999981642 71.425056458
0.999983788 0.005684610 -0.000296411 -0.331111342 -0.005682596 0.999963343 0.006401151 -1.108345866 0.000332788 -0.006399363 0.999979496 72.852653503
0.999949038 0.010069452 0.000710166 -0.353489757 -0.010073385 0.999932587 0.005770639 -1.121650100 -0.000652011 -0.005777498 0.999983072 74.266494751
0.999901772 0.013931240 0.001557037 -0.369492739 -0.013939021 0.999889851 0.005103827 -1.139750957 -0.001485763 -0.005125029 0.999985754 75.674728394
0.999882340 0.015225654 0.001880758 -0.371905744 -0.015235054 0.999871016 0.005088854 -1.160852194 -0.001803034 -0.005116908 0.999985278 77.095657349
0.999876440 0.015553538 0.002276837 -0.376198083 -0.015565832 0.999863803 0.005485476 -1.182277203 -0.002191208 -0.005520240 0.999982357 78.512496948
0.999887228 0.014772519 0.002696790 -0.393833816 -0.014786473 0.999876976 0.005229473 -1.203933358 -0.002619206 -0.005268760 0.999982715 79.904808044
0.999911010 0.013086554 0.002595360 -0.399291933 -0.013098676 0.999903142 0.004710320 -1.228003144 -0.002533467 -0.004743896 0.999985516 81.309783936
0.999919474 0.012496468 0.002222337 -0.397004068 -0.012506665 0.999911070 0.004635422 -1.250587463 -0.002164213 -0.004662843 0.999986768 82.707008362
0.999918997 0.012544426 0.002142778 -0.405407041 -0.012553993 0.999911010 0.004511027 -1.262333393 -0.002085999 -0.004537562 0.999987543 84.107872009
0.999925077 0.012137592 0.001577088 -0.409716994 -0.012144084 0.999917567 0.004174507 -1.284500837 -0.001526289 -0.004193346 0.999990046 85.514167786
0.999924660 0.012234855 0.000969879 -0.420243859 -0.012239021 0.999915361 0.004412913 -1.297580361 -0.000915806 -0.004424451 0.999989808 86.919288635
0.999928534 0.011947716 -0.000449219 -0.419307679 -0.011945150 0.999914408 0.005336187 -1.323436141 0.000512935 -0.005330440 0.999985635 88.334480286
0.999951601 0.009665891 -0.001837100 -0.415483236 -0.009653732 0.999932170 0.006516076 -1.343884706 0.001899959 -0.006498026 0.999977112 89.725051880
0.999970555 0.007161391 -0.002756603 -0.427901566 -0.007141896 0.999949872 0.007018007 -1.363322377 0.002806724 -0.006998113 0.999971569 91.101951599
0.999980390 0.005168519 -0.003532775 -0.432251692 -0.005143422 0.999961734 0.007076513 -1.383944511 0.003569215 -0.007058204 0.999968708 92.498115540
0.999983728 0.003984157 -0.004082429 -0.433301181 -0.003956478 0.999969304 0.006765878 -1.403643966 0.004109260 -0.006749616 0.999968767 93.880126953
0.999987245 0.002301838 -0.004499506 -0.445013344 -0.002272939 0.999976814 0.006417285 -1.418701887 0.004514174 -0.006406976 0.999969304 95.273658752
0.999983966 0.003148168 -0.004702426 -0.452905357 -0.003121748 0.999979377 0.005615302 -1.433967829 0.004720007 -0.005600533 0.999973178 96.665290833
0.999985456 0.002849571 -0.004574662 -0.464824319 -0.002826432 0.999983191 0.005056523 -1.452276468 0.004588994 -0.005043519 0.999976754 98.042282104
0.999982774 0.004106428 -0.004195919 -0.484632671 -0.004087911 0.999981940 0.004412053 -1.471289635 0.004213960 -0.004394825 0.999981463 99.400016785
0.999978304 0.005375965 -0.003809999 -0.502138436 -0.005358607 0.999975264 0.004551617 -1.490356207 0.003834374 -0.004531102 0.999982357 100.769554138
0.999975502 0.005814058 -0.003901447 -0.506278694 -0.005791112 0.999966025 0.005867114 -1.509279132 0.003935426 -0.005844376 0.999975204 102.150100708
0.999966323 0.007441081 -0.003467186 -0.530194163 -0.007416139 0.999946952 0.007151765 -1.526634932 0.003520219 -0.007125811 0.999968410 103.496116638
0.999969542 0.006969853 -0.003516120 -0.538713157 -0.006949796 0.999959707 0.005684735 -1.545880795 0.003555600 -0.005660125 0.999977648 104.850418091
0.999972522 0.006554396 -0.003464701 -0.547098219 -0.006542232 0.999972463 0.003510654 -1.566575766 0.003487615 -0.003487890 0.999987841 106.214698792
0.999978483 0.005519365 -0.003539908 -0.562736034 -0.005510441 0.999981642 0.002525943 -1.589976907 0.003553785 -0.002506383 0.999990523 107.572479248
0.999988556 0.003211651 -0.003541426 -0.565561295 -0.003198936 0.999988437 0.003590334 -1.608103275 0.003552916 -0.003578964 0.999987304 108.937286377
0.999995232 0.000912793 -0.002942617 -0.573524654 -0.000897167 0.999985516 0.005307390 -1.621585369 0.002947419 -0.005304725 0.999981582 110.306549072
0.999998033 -0.000537474 -0.001920238 -0.579171062 0.000548882 0.999982178 0.005945601 -1.639190793 0.001917008 -0.005946643 0.999980509 111.651855469
0.999998689 -0.001167562 -0.001108364 -0.589363694 0.001172693 0.999988556 0.004640011 -1.659873128 0.001102934 -0.004641305 0.999988616 113.001472473
0.999999583 0.000810552 -0.000354104 -0.598220587 -0.000809642 0.999996364 0.002561660 -1.679284692 0.000356179 -0.002561372 0.999996662 114.346824646
0.999995589 0.002850113 0.000861868 -0.606958330 -0.002850238 0.999995947 0.000144741 -1.701634884 -0.000861452 -0.000147197 0.999999642 115.707214355
0.999980748 0.005766632 0.002287303 -0.616092801 -0.005767050 0.999983370 0.000176551 -1.720218778 -0.002286247 -0.000189739 0.999997377 117.056709290
0.999967754 0.007135608 0.003677192 -0.617517591 -0.007142931 0.999972522 0.001982282 -1.740250230 -0.003662946 -0.002008484 0.999991298 118.407745361
0.999959528 0.007700662 0.004647858 -0.621680140 -0.007720130 0.999961436 0.004185355 -1.757088542 -0.004615449 -0.004221068 0.999980450 119.767738342
0.999962389 0.006836404 0.005342228 -0.617669046 -0.006862497 0.999964535 0.004881462 -1.777983069 -0.005308667 -0.004917939 0.999973834 121.123260498
0.999955118 0.007171366 0.006194208 -0.610559285 -0.007197285 0.999965370 0.004172222 -1.791225195 -0.006164073 -0.004216617 0.999972105 122.487411499
0.999934971 0.008668834 0.007410176 -0.605514169 -0.008697783 0.999954641 0.003883271 -1.812751412 -0.007376177 -0.003947470 0.999965012 123.850036621
0.999903738 0.010876318 0.008612121 -0.600469649 -0.010906405 0.999934554 0.003454287 -1.833287716 -0.008573988 -0.003547881 0.999956965 125.208183289
0.999887526 0.011421352 0.009720286 -0.596356809 -0.011447255 0.999931037 0.002613412 -1.854145408 -0.009689767 -0.002724388 0.999949336 126.580131531
0.999857247 0.013054691 0.010726058 -0.589078426 -0.013074044 0.999913037 0.001736123 -1.870229006 -0.010702461 -0.001876108 0.999940991 127.944389343
0.999855518 0.012081273 0.011959892 -0.581152022 -0.012100507 0.999925613 0.001537133 -1.893436193 -0.011940432 -0.001681631 0.999927282 129.295196533
0.999850750 0.011786029 0.012634339 -0.570769310 -0.011818943 0.999926925 0.002533563 -1.912942886 -0.012603555 -0.002682510 0.999916971 130.685897827
0.999857605 0.010231288 0.013419765 -0.558591187 -0.010278055 0.999941349 0.003420617 -1.934856892 -0.013383981 -0.003558059 0.999904096 132.039443970
0.999868631 0.009025309 0.013465460 -0.538459241 -0.009075360 0.999952137 0.003660512 -1.951206088 -0.013431778 -0.003782235 0.999902666 133.418746948
0.999883950 0.006989512 0.013537402 -0.524994016 -0.007042897 0.999967575 0.003899886 -1.971138000 -0.013509706 -0.003994776 0.999900758 134.783828735
0.999894857 0.005583006 0.013383994 -0.513353944 -0.005646874 0.999972820 0.004738936 -1.993955731 -0.013357173 -0.004814016 0.999899209 136.148284912
0.999910533 0.003974646 0.012774227 -0.500279725 -0.004030359 0.999982476 0.004338592 -2.009803534 -0.012756759 -0.004389689 0.999908984 137.524627686
0.999926805 0.002781400 0.011774228 -0.492175996 -0.002832079 0.999986768 0.004289723 -2.029397011 -0.011762140 -0.004322754 0.999921501 138.874710083
0.999941468 0.001278603 0.010745515 -0.481905550 -0.001333911 0.999985874 0.005141533 -2.048585892 -0.010738789 -0.005155566 0.999929070 140.240463257
0.999953926 -0.000538340 0.009587227 -0.469033122 0.000485196 0.999984503 0.005544712 -2.067884207 -0.009590063 -0.005539805 0.999938667 141.615432739
0.999965012 -0.000942835 0.008313438 -0.462433755 0.000897312 0.999984622 0.005477808 -2.086308002 -0.008318475 -0.005470157 0.999950469 142.983840942
0.999973893 -0.000890246 0.007171525 -0.455407739 0.000856134 0.999988317 0.004758299 -2.102993965 -0.007175677 -0.004752035 0.999962986 144.342575073
0.999980390 -0.001063311 0.006168500 -0.448296607 0.001034566 0.999988616 0.004661283 -2.124335051 -0.006173385 -0.004654810 0.999970138 145.714813232
0.999982595 -0.003414263 0.004811639 -0.436005384 0.003403738 0.999991775 0.002193867 -2.143167734 -0.004819090 -0.002177451 0.999985993 147.083145142
0.999951899 -0.008943814 0.004031091 -0.429319233 0.008936208 0.999958277 0.001900845 -2.166605473 -0.004047924 -0.001864731 0.999990046 148.464065552
0.999856830 -0.016687648 0.002796862 -0.415681303 0.016675659 0.999851882 0.004256216 -2.186508417 -0.002867474 -0.004208968 0.999987006 149.826828003
0.999725759 -0.023368642 0.001531671 -0.403077841 0.023359703 0.999711335 0.005615733 -2.201308966 -0.001662461 -0.005578414 0.999983072 151.195388794
0.999649942 -0.026453821 0.000423579 -0.400204241 0.026452899 0.999647975 0.002052432 -2.219043970 -0.000477725 -0.002040508 0.999997795 152.570968628
0.999663889 -0.025922781 0.000358470 -0.391872823 0.025923207 0.999663174 -0.001242919 -2.237390757 -0.000326129 0.001251794 0.999999166 153.945968628
0.999750614 -0.022275971 0.001576627 -0.404716462 0.022280427 0.999747634 -0.002866700 -2.273352623 -0.001512371 0.002901113 0.999994636 155.290100098
0.999759614 -0.021790918 0.002415332 -0.406151831 0.021798937 0.999756753 -0.003344912 -2.291114092 -0.002341856 0.003396760 0.999991477 156.654342651
0.999671102 -0.025431721 0.003307543 -0.409001559 0.025429478 0.999676347 0.000718215 -2.328825712 -0.003324738 -0.000633870 0.999994278 158.008697510
0.999527633 -0.030486368 0.003886347 -0.404015839 0.030471900 0.999528646 0.003728903 -2.352098227 -0.003998196 -0.003608717 0.999985516 159.366653442
0.999405265 -0.034233928 0.004147990 -0.396728009 0.034212865 0.999401808 0.005046554 -2.372007132 -0.004318272 -0.004901638 0.999978662 160.736083984
0.999339819 -0.036126472 0.003851198 -0.378942221 0.036107663 0.999336123 0.004846994 -2.387332678 -0.004023746 -0.004704737 0.999980867 162.122833252
0.999410868 -0.034037232 0.004398500 -0.370390892 0.034012288 0.999405563 0.005626637 -2.406100512 -0.004587400 -0.005473719 0.999974489 163.495468140
0.999532461 -0.030008333 0.005860754 -0.374809355 0.029981399 0.999539733 0.004630810 -2.419136286 -0.005997019 -0.004452931 0.999972105 164.857208252
0.999629617 -0.026391523 0.006644550 -0.375183612 0.026375696 0.999649048 0.002458559 -2.436504841 -0.006707103 -0.002282393 0.999974906 166.218917847
0.999698400 -0.023383401 0.007503764 -0.376403242 0.023369977 0.999725103 0.001871655 -2.454388618 -0.007545467 -0.001695728 0.999970078 167.582275391
0.999744177 -0.021229623 0.007801050 -0.369618803 0.021205887 0.999770284 0.003113016 -2.470873594 -0.007865346 -0.002946791 0.999964714 168.959655762
0.999776781 -0.019843031 0.007255081 -0.360797256 0.019824106 0.999799907 0.002670959 -2.493731260 -0.007306629 -0.002526538 0.999970138 170.346221924
0.999810815 -0.018186877 0.006897737 -0.357973367 0.018184910 0.999834597 0.000347606 -2.515122175 -0.006902918 -0.000222105 0.999976158 171.722366333
0.999871314 -0.014707130 0.006411492 -0.355949193 0.014722754 0.999888718 -0.002396405 -2.537380695 -0.006375535 0.002490491 0.999976575 173.099044800
0.999937713 -0.009255039 0.006238809 -0.358249009 0.009278364 0.999950051 -0.003720467 -2.559664726 -0.006204064 0.003778121 0.999973595 174.483932495
0.999965549 -0.004803504 0.006767814 -0.365860343 0.004821908 0.999984741 -0.002705630 -2.581125975 -0.006754714 0.002738171 0.999973416 175.872879028
0.999972761 -0.002121577 0.007067267 -0.359900445 0.002125985 0.999997556 -0.000616312 -2.609210491 -0.007065942 0.000631320 0.999974847 177.269088745
0.999972522 -0.001614374 0.007238348 -0.361935437 0.001602422 0.999997318 0.001656680 -2.633532047 -0.007241003 -0.001645036 0.999972403 178.652938843
0.999970675 -0.004553290 0.006162281 -0.347876281 0.004538345 0.999986708 0.002437026 -2.648807049 -0.006173295 -0.002408988 0.999978065 180.062637329
0.999965429 -0.006983055 0.004514760 -0.340300232 0.006971444 0.999972343 0.002582486 -2.671629190 -0.004532669 -0.002550922 0.999986470 181.476562500
0.999970376 -0.007313778 0.002393696 -0.334183991 0.007317738 0.999971867 -0.001649603 -2.692918062 -0.002381564 0.001667071 0.999995768 182.885208130
0.999984145 -0.005546242 0.000957692 -0.338974357 0.005551755 0.999967456 -0.005853771 -2.717201471 -0.000925195 0.005858995 0.999982417 184.297912598
0.999999702 -0.000787933 0.000134874 -0.344654351 0.000788789 0.999978781 -0.006469443 -2.746397257 -0.000129774 0.006469547 0.999979079 185.715530396
0.999996424 0.002664097 0.000105642 -0.358476043 -0.002663466 0.999980927 -0.005577079 -2.772884846 -0.000120498 0.005576778 0.999984443 187.127349854
0.999989331 0.004612734 0.000301891 -0.365761220 -0.004612056 0.999986947 -0.002209169 -2.793751001 -0.000312077 0.002207753 0.999997497 188.545227051
0.999985099 0.005398330 0.000807747 -0.377838045 -0.005398077 0.999985397 -0.000315023 -2.815707207 -0.000809436 0.000310658 0.999999642 189.975326538
0.999987543 0.004928904 0.000800441 -0.382800609 -0.004929448 0.999987602 0.000678924 -2.838953257 -0.000797085 -0.000682862 0.999999464 191.399032593
0.999996841 0.002466148 0.000512571 -0.375199467 -0.002466917 0.999995828 0.001504612 -2.862857103 -0.000508858 -0.001505872 0.999998748 192.842727661
0.999999642 0.000101291 0.000808049 -0.382728606 -0.000102837 0.999998152 0.001912574 -2.881942511 -0.000807854 -0.001912656 0.999997854 194.277130127
0.999996662 -0.002441623 0.000875819 -0.379086733 0.002440008 0.999995351 0.001840049 -2.900191545 -0.000880308 -0.001837906 0.999997914 195.732711792
0.999982238 -0.005811388 0.001327810 -0.375905126 0.005807147 0.999978125 0.003175596 -2.926185608 -0.001346236 -0.003167829 0.999994099 197.172836304
0.999952555 -0.009601434 0.001638218 -0.364467591 0.009594131 0.999944270 0.004408510 -2.939630032 -0.001680455 -0.004392583 0.999988914 198.631820679
0.999920547 -0.012488700 0.001727604 -0.359002322 0.012480802 0.999911964 0.004509022 -2.958140850 -0.001783763 -0.004487102 0.999988317 200.085556030
0.999939084 -0.010840951 0.002086170 -0.364401281 0.010840450 0.999941230 0.000251215 -2.980770826 -0.002088771 -0.000228585 0.999997795 201.528274536
0.999990344 -0.003641185 0.002460985 -0.372596443 0.003653675 0.999980390 -0.005089604 -2.998301506 -0.002442404 0.005098547 0.999984026 202.984786987
0.999978125 0.005435423 0.003763865 -0.386416942 -0.005416770 0.999973059 -0.004948560 -3.028470516 -0.003790662 0.004928064 0.999980688 204.440399170
0.999901175 0.013125068 0.005038034 -0.399352789 -0.013118254 0.999912977 -0.001383170 -3.053613901 -0.005055750 0.001316943 0.999986351 205.902023315
0.999890625 0.013764295 0.005415652 -0.394838661 -0.013768618 0.999904931 0.000761774 -3.076869488 -0.005404652 -0.000836257 0.999985039 207.365005493
0.999918103 0.011831214 0.004880046 -0.387422740 -0.011837344 0.999929190 0.001229240 -3.094689131 -0.004865157 -0.001286906 0.999987364 208.838623047
0.999952376 0.008825635 0.004166357 -0.384174973 -0.008830271 0.999960423 0.001095719 -3.111443520 -0.004156522 -0.001132457 0.999990702 210.317840576
0.999974489 0.006666948 0.002573502 -0.375518143 -0.006668716 0.999977529 0.000678812 -3.139146328 -0.002568919 -0.000695956 0.999996483 211.789794922
0.999968588 0.007596787 0.002253928 -0.378378481 -0.007596787 0.999971151 -0.000008880 -3.158526421 -0.002253931 -0.000008243 0.999997437 213.267486572
0.999960244 0.008670613 0.002077268 -0.387686849 -0.008670231 0.999962389 -0.000192680 -3.178682804 -0.002078860 0.000174662 0.999997795 214.728378296
0.999947190 0.010010323 0.002335609 -0.398320049 -0.010012348 0.999949515 0.000856858 -3.204304457 -0.002326913 -0.000880198 0.999996901 216.198211670
0.999954820 0.009308912 0.001921519 -0.399803489 -0.009309354 0.999956667 0.000221096 -3.228771687 -0.001919378 -0.000238974 0.999998152 217.692214966
0.999959052 0.008944531 0.001381900 -0.402553767 -0.008943477 0.999959707 -0.000767504 -3.252723932 -0.001388710 0.000755113 0.999998748 219.177062988
0.999965787 0.008182899 0.001193425 -0.401748002 -0.008181430 0.999965787 -0.001229744 -3.272461414 -0.001203447 0.001219938 0.999998510 220.665878296
0.999964356 0.008401413 0.000866651 -0.410527825 -0.008400424 0.999964058 -0.001137392 -3.300697565 -0.000876175 0.001130071 0.999998987 222.153503418
0.999961495 0.008760495 0.000471198 -0.410316765 -0.008759874 0.999960780 -0.001304493 -3.328485012 -0.000482608 0.001300315 0.999999046 223.654281616
0.999962389 0.008664362 0.000311756 -0.419333428 -0.008663888 0.999961376 -0.001490793 -3.352140188 -0.000324661 0.001488036 0.999998868 225.151168823
0.999955535 0.009424649 -0.000322939 -0.420454144 -0.009425202 0.999954045 -0.001756245 -3.379240274 0.000306372 0.001759211 0.999998391 226.656463623
0.999959946 0.008935364 -0.000556342 -0.429407716 -0.008936300 0.999958634 -0.001704025 -3.408249617 0.000541093 0.001708929 0.999998391 228.159362793
0.999954104 0.009551248 -0.000752924 -0.440417677 -0.009552537 0.999952853 -0.001727024 -3.431778431 0.000736393 0.001734137 0.999998212 229.665069580
0.999960363 0.008844987 -0.001046014 -0.442003369 -0.008847140 0.999958694 -0.002071964 -3.453611135 0.001027645 0.002081136 0.999997318 231.178817749
0.999972999 0.007273381 -0.001041181 -0.449049294 -0.007275625 0.999971211 -0.002168110 -3.483834982 0.001025382 0.002175627 0.999997079 232.716903687
0.999981582 0.006023420 -0.000755250 -0.462056637 -0.006024675 0.999980450 -0.001671475 -3.517053843 0.000745167 0.001675994 0.999998331 234.223190308
0.999989510 0.004506754 -0.000846017 -0.460053831 -0.004507393 0.999989569 -0.000754479 -3.547087193 0.000842608 0.000758285 0.999999344 235.754821777
0.999989331 0.004539781 -0.000886288 -0.469368458 -0.004540456 0.999989390 -0.000761185 -3.570047617 0.000882823 0.000765201 0.999999344 237.284393311
0.999986708 0.004989270 -0.001288380 -0.462931752 -0.004990724 0.999986887 -0.001127925 -3.594683886 0.001282735 0.001134340 0.999998510 238.821243286
0.999983490 0.005696583 -0.000725969 -0.476931155 -0.005697958 0.999981940 -0.001905858 -3.620058775 0.000715099 0.001909963 0.999997914 240.339141846
0.999973834 0.007225538 -0.000303587 -0.482522517 -0.007225940 0.999972999 -0.001346264 -3.641521931 0.000293851 0.001348422 0.999999046 241.866577148
0.999977469 0.006710246 0.000250194 -0.484588146 -0.006710515 0.999976873 0.001091077 -3.671396255 -0.000242867 -0.001092732 0.999999344 243.406967163
0.999978364 0.006535436 0.000749958 -0.489359230 -0.006536667 0.999977291 0.001650747 -3.699024677 -0.000739152 -0.001655614 0.999998331 244.940826416
0.999973297 0.007227223 0.001091835 -0.489104658 -0.007227259 0.999973893 0.000028492 -3.723506927 -0.001091601 -0.000036382 0.999999404 246.483581543
0.999970555 0.007502910 0.001596384 -0.492156386 -0.007500346 0.999970555 -0.001605936 -3.745793819 -0.001608386 0.001593916 0.999997437 248.021224976
0.999967098 0.007943415 0.001645875 -0.492821217 -0.007941795 0.999967992 -0.000988642 -3.772684336 -0.001653676 0.000975538 0.999998152 249.569824219
0.999969721 0.007594417 0.001712345 -0.500387907 -0.007594162 0.999971151 -0.000155196 -3.798256397 -0.001713474 0.000142188 0.999998510 251.128799438
0.999967635 0.007878006 0.001623436 -0.507299840 -0.007878727 0.999968886 0.000438239 -3.828006744 -0.001619933 -0.000451015 0.999998569 252.673660278
0.999964654 0.008317948 0.001224136 -0.507132411 -0.008318448 0.999965310 0.000403085 -3.850147486 -0.001220741 -0.000413254 0.999999166 254.221450806
0.999954820 0.009390552 0.001486618 -0.515713036 -0.009391535 0.999955654 0.000656235 -3.876204014 -0.001480390 -0.000670167 0.999998689 255.772338867
0.999938250 0.010976886 0.001738680 -0.524482489 -0.010978092 0.999939501 0.000685575 -3.904045343 -0.001731050 -0.000704620 0.999998271 257.327209473
0.999932766 0.011448492 0.001834907 -0.535433352 -0.011450121 0.999934077 0.000879386 -3.926649094 -0.001824718 -0.000900336 0.999997914 258.873901367
0.999942601 0.010611479 0.001478502 -0.532209218 -0.010612986 0.999943137 0.001015184 -3.950942278 -0.001467645 -0.001030818 0.999998391 260.431335449
0.999963343 0.008345833 0.001923475 -0.537140548 -0.008349360 0.999963462 0.001833403 -3.978787661 -0.001908103 -0.001849396 0.999996483 261.998107910
0.999980807 0.006037007 0.001383003 -0.524301231 -0.006040143 0.999979198 0.002274903 -4.000880718 -0.001369241 -0.002283213 0.999996483 263.567687988
0.999989569 0.004386369 0.001294937 -0.535452187 -0.004388692 0.999988735 0.001797285 -4.021572590 -0.001287039 -0.001802949 0.999997556 265.131896973
0.999994457 0.003258785 0.000722696 -0.524369180 -0.003259587 0.999994099 0.001111268 -4.048570633 -0.000719070 -0.001113618 0.999999106 266.702758789
0.999997616 0.001234830 0.001786979 -0.540256023 -0.001239757 0.999995410 0.002758570 -4.074449062 -0.001783565 -0.002760778 0.999994576 268.240539551
0.999997258 -0.000734808 0.002230670 -0.544018984 0.000724435 0.999988914 0.004647630 -4.096340656 -0.002234061 -0.004646001 0.999986708 269.803375244
0.999995828 -0.001682959 0.002337151 -0.542814910 0.001674689 0.999992371 0.003536128 -4.114306927 -0.002343084 -0.003532199 0.999991000 271.367797852
0.999994457 -0.001820714 0.002797459 -0.542555332 0.001813928 0.999995410 0.002426542 -4.134874821 -0.002801864 -0.002421454 0.999993145 272.931549072
0.999992967 -0.001627564 0.003384695 -0.543213487 0.001619188 0.999995649 0.002476099 -4.162452221 -0.003388711 -0.002470601 0.999991179 274.488067627
0.999989331 0.000476286 0.004599421 -0.548483551 -0.000487471 0.999996901 0.002430983 -4.185284138 -0.004598249 -0.002433200 0.999986470 276.041748047
0.999981701 0.001865238 0.005752475 -0.552703977 -0.001879029 0.999995351 0.002393041 -4.212817669 -0.005747984 -0.002403806 0.999980569 277.608215332
0.999974847 0.003214482 0.006326910 -0.547678053 -0.003227186 0.999992788 0.001998692 -4.236703873 -0.006320439 -0.002019059 0.999978006 279.170989990
0.999967396 0.004066044 0.006975719 -0.536634147 -0.004077109 0.999990463 0.001572646 -4.258075714 -0.006969258 -0.001601035 0.999974430 280.742614746
0.999961257 0.004339489 0.007660088 -0.535619676 -0.004346486 0.999990165 0.000896992 -4.279113770 -0.007656120 -0.000930252 0.999970257 282.307739258
0.999954343 0.003858652 0.008739661 -0.526990473 -0.003860038 0.999992549 0.000141734 -4.301172256 -0.008739050 -0.000175463 0.999961793 283.876861572
0.999951601 0.002759940 0.009446028 -0.517865121 -0.002766520 0.999995947 0.000683561 -4.324947357 -0.009444103 -0.000709661 0.999955177 285.452026367
0.999949872 0.001188947 0.009944192 -0.498713106 -0.001205939 0.999997795 0.001702917 -4.351484776 -0.009942146 -0.001714824 0.999949098 287.031066895
0.999947906 0.000484196 0.010197200 -0.485211641 -0.000503912 0.999998033 0.001930963 -4.377045155 -0.010196245 -0.001936001 0.999946117 288.607147217
0.999945819 0.000293336 0.010404882 -0.479370207 -0.000287104 0.999999762 -0.000600462 -4.400861263 -0.010405055 0.000597443 0.999945700 290.184204102
0.999949455 -0.001486011 0.009946071 -0.462990135 0.001512339 0.999995351 -0.002640045 -4.429998398 -0.009942102 0.002654953 0.999947071 291.763916016
0.999957561 -0.001181172 0.009139048 -0.452915490 0.001205424 0.999995768 -0.002648692 -4.457742691 -0.009135881 0.002659596 0.999954700 293.343994141
0.999963820 -0.002199693 0.008214169 -0.440718144 0.002224226 0.999993086 -0.002978783 -4.479124069 -0.008207560 0.002996946 0.999961853 294.935699463
0.999970019 -0.002400934 0.007364369 -0.440471798 0.002425960 0.999991298 -0.003391167 -4.512406826 -0.007356163 0.003408930 0.999967158 296.520355225
0.999976158 -0.002227158 0.006536797 -0.432161212 0.002251600 0.999990463 -0.003734181 -4.539635181 -0.006528419 0.003748811 0.999971688 298.118438721
0.999979973 -0.002271693 0.005905318 -0.431325257 0.002291623 0.999991715 -0.003370382 -4.562249660 -0.005897613 0.003383847 0.999976873 299.720123291
0.999983847 -0.002711574 0.004991471 -0.427937388 0.002727729 0.999991059 -0.003232675 -4.592279911 -0.004982661 0.003246239 0.999982297 301.326141357
0.999987185 -0.003137172 0.003970701 -0.430024236 0.003144488 0.999993384 -0.001837844 -4.624655247 -0.003964909 0.001850306 0.999990404 302.925170898
0.999993980 -0.001120733 0.003279960 -0.424903572 0.001122595 0.999999225 -0.000565970 -4.652456760 -0.003279323 0.000569649 0.999994457 304.550811768
0.999992013 -0.001056846 0.003854228 -0.421401531 0.001058511 0.999999344 -0.000429790 -4.680025578 -0.003853771 0.000433867 0.999992490 306.157897949
0.999989450 -0.000720231 0.004530283 -0.412897974 0.000723343 0.999999523 -0.000685275 -4.702735901 -0.004529787 0.000688545 0.999989510 307.784423828
0.999986053 -0.002109315 0.004837186 -0.411166191 0.002113381 0.999997437 -0.000835626 -4.732969284 -0.004835411 0.000845837 0.999987960 309.412506104
0.999979496 -0.003919955 0.005067484 -0.393834829 0.003930408 0.999990165 -0.002054399 -4.760127068 -0.005059381 0.002074274 0.999985039 311.098205566
0.999972641 -0.005067470 0.005388905 -0.402105689 0.005088467 0.999979496 -0.003889712 -4.786432266 -0.005369083 0.003917026 0.999977887 312.645263672
0.999970675 -0.005566953 0.005261004 -0.403662592 0.005592886 0.999972224 -0.004927566 -4.816730499 -0.005233427 0.004956846 0.999974012 314.290130615
0.999983191 -0.004968131 0.002982901 -0.399714857 0.004985632 0.999970257 -0.005888570 -4.851952553 -0.002953558 0.005903342 0.999978185 315.937011719
0.999993026 -0.003648101 0.000832679 -0.399778843 0.003652440 0.999979436 -0.005269859 -4.876021862 -0.000813437 0.005272864 0.999985754 317.591583252
0.999996305 -0.002716938 0.000227776 -0.402084947 0.002717368 0.999994457 -0.001910815 -4.912404060 -0.000222584 0.001911426 0.999998152 319.248474121
0.999991834 -0.003982588 0.000649209 -0.403136522 0.003981781 0.999991298 0.001240656 -4.936672688 -0.000654144 -0.001238061 0.999999046 320.909515381
0.999987900 -0.004816466 0.000978694 -0.404400229 0.004814805 0.999986947 0.001693038 -4.959400177 -0.000986835 -0.001688306 0.999998093 322.562713623
0.999983728 -0.005617699 0.001017608 -0.397896767 0.005617419 0.999984205 0.000278315 -4.977928638 -0.001019156 -0.000272594 0.999999464 324.227966309
0.999975324 -0.006905953 0.001273068 -0.401457578 0.006905455 0.999976099 0.000395650 -5.005016327 -0.001275770 -0.000386850 0.999999106 325.871856689
0.999973834 -0.007053350 0.001612639 -0.405354530 0.007052358 0.999974966 0.000619980 -5.031344891 -0.001616972 -0.000608591 0.999998510 327.517211914
0.999974370 -0.006831551 0.002145878 -0.403895885 0.006830555 0.999976575 0.000470579 -5.057889938 -0.002149042 -0.000455909 0.999997616 329.161346436
0.999982715 -0.005273699 0.002609373 -0.408871889 0.005275277 0.999985933 -0.000598359 -5.082195759 -0.002606180 0.000612114 0.999996424 330.801208496
0.999984384 -0.004528097 0.003268965 -0.410067886 0.004531516 0.999989212 -0.001039222 -5.117285252 -0.003264224 0.001054019 0.999994099 332.439025879
0.999975204 -0.005867654 0.003897221 -0.410319149 0.005864634 0.999982476 0.000786015 -5.144891262 -0.003901765 -0.000763140 0.999992073 334.075469971
0.999968171 -0.006865472 0.004071820 -0.404633164 0.006858137 0.999974847 0.001812367 -5.174145699 -0.004084160 -0.001784385 0.999990046 335.724487305
0.999958038 -0.008319463 0.003830097 -0.403490424 0.008317189 0.999965250 0.000609073 -5.194979191 -0.003835031 -0.000577192 0.999992490 337.353637695
0.999970794 -0.006582972 0.003876261 -0.401447803 0.006581027 0.999978185 0.000514329 -5.217586040 -0.003879563 -0.000488804 0.999992371 338.988555908
0.999981880 -0.004676707 0.003787770 -0.404018551 0.004683098 0.999987602 -0.001680375 -5.241807461 -0.003779864 0.001698083 0.999991417 340.632141113
0.999989927 -0.003094428 0.003251794 -0.408938915 0.003109785 0.999983966 -0.004728224 -5.271433353 -0.003237111 0.004738289 0.999983549 342.255432129
0.999996305 -0.001376852 0.002333550 -0.407945186 0.001386807 0.999989927 -0.004269667 -5.307524681 -0.002327648 0.004272887 0.999988139 343.898345947
0.999999046 -0.000826007 0.001130419 -0.409804910 0.000826798 0.999999404 -0.000699509 -5.342979908 -0.001129841 0.000700443 0.999999106 345.521484375
1.000000000 -0.000043101 -0.000158839 -0.409519464 0.000043423 0.999997914 0.002029716 -5.369180679 0.000158751 -0.002029723 0.999997914 347.159393311
0.999998987 0.000164150 -0.001415258 -0.415868223 -0.000162932 0.999999642 0.000860700 -5.397360802 0.001415399 -0.000860469 0.999998629 348.776214600
0.999995291 -0.000406444 -0.003042757 -0.426960588 0.000403873 0.999999583 -0.000845702 -5.423517227 0.003043099 0.000844469 0.999994993 350.390167236
0.999986827 -0.001299413 -0.004960964 -0.440046072 0.001301949 0.999999046 0.000507922 -5.457529068 0.004960299 -0.000514374 0.999987543 352.020141602
0.999977112 -0.003007782 -0.006056003 -0.444972605 0.003014169 0.999994934 0.001045893 -5.484294415 0.006052826 -0.001064123 0.999981105 353.638397217
0.999971867 -0.003224669 -0.006773887 -0.456188202 0.003224576 0.999994814 -0.000024668 -5.510648251 0.006773931 0.000002825 0.999977052 355.258056641
0.999967396 -0.004308715 -0.006831843 -0.474850744 0.004302932 0.999990344 -0.000860819 -5.539042950 0.006835487 0.000831394 0.999976277 356.878356934
0.999968529 -0.003937288 -0.006886897 -0.496064395 0.003931222 0.999991894 -0.000894083 -5.571439743 0.006890361 0.000866981 0.999975860 358.487640381
0.999966562 -0.004646526 -0.006728069 -0.514311850 0.004638667 0.999988556 -0.001183189 -5.599524975 0.006733490 0.001151940 0.999976695 360.112243652
0.999962091 -0.005268469 -0.006928281 -0.530804455 0.005256915 0.999984741 -0.001684845 -5.630717754 0.006937052 0.001648360 0.999974608 361.720520020
0.999962628 -0.005420530 -0.006731881 -0.551446915 0.005404280 0.999982417 -0.002429813 -5.660709858 0.006744934 0.002393341 0.999974370 363.326049805
0.999957144 -0.006148434 -0.006924631 -0.561308026 0.006133671 0.999978900 -0.002151133 -5.692464828 0.006937711 0.002108568 0.999973714 364.947326660
0.999959707 -0.005891461 -0.006776143 -0.578789055 0.005871779 0.999978483 -0.002920808 -5.723906517 0.006793206 0.002880902 0.999972761 366.559295654
0.999949753 -0.007282176 -0.006885169 -0.593866825 0.007252426 0.999964297 -0.004336003 -5.755928993 0.006916498 0.004285851 0.999966919 368.158752441
0.999943554 -0.008220027 -0.006734657 -0.606454372 0.008203121 0.999963164 -0.002534126 -5.787405968 0.006755239 0.002478738 0.999974132 369.780944824
0.999921083 -0.010367312 -0.007093433 -0.613243520 0.010354135 0.999944627 -0.001891737 -5.817842007 0.007112653 0.001818141 0.999973059 371.411254883
0.999920547 -0.010683067 -0.006690600 -0.632770240 0.010663160 0.999938607 -0.003003998 -5.848467827 0.006722282 0.002932416 0.999973118 373.037506104
0.999925196 -0.009775870 -0.007348335 -0.633191884 0.009751846 0.999947011 -0.003298016 -5.884215832 0.007380187 0.003226109 0.999967575 374.659606934
0.999942601 -0.008088181 -0.007023625 -0.642242968 0.008070982 0.999964356 -0.002473565 -5.912733555 0.007043381 0.002416735 0.999972284 376.308380127
0.999957681 -0.006606927 -0.006398603 -0.669308484 0.006595781 0.999976695 -0.001761561 -5.944766521 0.006410093 0.001719282 0.999978006 377.908538818
0.999958277 -0.006482050 -0.006437206 -0.678731799 0.006469812 0.999977231 -0.001920146 -5.974479198 0.006449506 0.001878418 0.999977410 379.537780762
0.999961674 -0.006351232 -0.006029652 -0.700942039 0.006334554 0.999976099 -0.002780996 -6.003507614 0.006047170 0.002742694 0.999977946 381.156951904
0.999960721 -0.006572935 -0.005950430 -0.716120541 0.006555010 0.999973953 -0.003027032 -6.033859253 0.005970172 0.002987908 0.999977708 382.790039062
0.999964058 -0.005939387 -0.006047853 -0.717731893 0.005922601 0.999978542 -0.002789704 -6.073318481 0.006064292 0.002753785 0.999977827 384.432952881
0.999971628 -0.004940924 -0.005682547 -0.739853263 0.004924345 0.999983609 -0.002927841 -6.101703167 0.005696920 0.002899775 0.999979556 386.071197510
0.999981701 -0.003365492 -0.005031411 -0.757122159 0.003353653 0.999991596 -0.002359606 -6.131144047 0.005039310 0.002342689 0.999984562 387.709075928
0.999984443 -0.002410684 -0.005025671 -0.774179697 0.002393129 0.999991000 -0.003496145 -6.152967453 0.005034054 0.003484063 0.999981284 389.343963623
