1.000000000 0.000000000 0.000000000 0.000000000 0.000000000 1.000000000 0.000000000 0.000000000 0.000000000 0.000000000 1.000000000 0.000000000
0.999034286 -0.000359757 0.043935828 0.042094588 0.000472326 0.999996662 -0.002551761 -0.018191541 -0.043934759 0.002570049 0.999031067 1.019176483
0.996023476 -0.004361557 0.088984266 0.135302037 0.005039766 0.999959946 -0.007398415 -0.040406588 -0.088948436 0.007817455 0.996005535 2.025064707
0.990869999 -0.003731080 0.134769246 0.263734579 0.005319769 0.999920547 -0.011430032 -0.061770517 -0.134715900 0.012042616 0.990811110 3.035660505
0.983481288 -0.001213066 0.181005776 0.435080320 0.003816702 0.999894202 -0.014036666 -0.085185498 -0.180969596 0.014495643 0.983381867 4.030187607
0.973922789 -0.003366607 0.226854667 0.658939779 0.006708186 0.999880016 -0.013960710 -0.115912929 -0.226780444 0.015118436 0.973828554 5.016368866
0.962279737 -0.004045301 0.272031933 0.936455190 0.008534512 0.999846220 -0.015321393 -0.145824343 -0.271928132 0.017065126 0.962166250 5.998263359
0.948705733 -0.006294085 0.316097796 1.250664949 0.012633685 0.999758005 -0.018010525 -0.177150309 -0.315907955 0.021080170 0.948555648 6.951259136
0.933513343 -0.008006359 0.358453244 1.615390182 0.016179437 0.999672890 -0.019807268 -0.209960192 -0.358177423 0.024289921 0.933337510 7.898708820
0.916111767 -0.007540344 0.400852054 2.015895844 0.017243991 0.999638975 -0.020605613 -0.241666451 -0.400551945 0.025789332 0.915911078 8.824049950
0.896354377 -0.007933631 0.443267256 2.452228308 0.018407850 0.999643624 -0.019331798 -0.275409132 -0.442955941 0.025487740 0.896180987 9.724318504
0.874331295 -0.007862980 0.485265881 2.936010838 0.019208523 0.999645948 -0.018411381 -0.312147468 -0.484949291 0.025418887 0.874172807 10.609422684
0.850291133 -0.008046167 0.526251137 3.450711012 0.020196004 0.999645531 -0.017347554 -0.345818430 -0.525924981 0.025378641 0.850152254 11.455954552
0.824626863 -0.007983148 0.565620780 4.003324509 0.021662481 0.999612629 -0.017473562 -0.377913743 -0.565262198 0.026661916 0.824480355 12.267152786
0.797044873 -0.009377666 0.603847265 4.595128536 0.024859760 0.999541402 -0.017290764 -0.411483049 -0.603408158 0.028793013 0.796912491 13.057579994
0.768155217 -0.008181877 0.640211403 5.225373268 0.025468629 0.999517441 -0.017784646 -0.444701970 -0.639756918 0.029966673 0.767992914 13.818691254
0.737483084 -0.011568675 0.675266504 5.896729946 0.030635051 0.999397159 -0.016335966 -0.478321850 -0.674670458 0.032734323 0.737392902 14.545720100
0.705598414 -0.010839726 0.708529055 6.596190453 0.031204907 0.999388337 -0.015786285 -0.511071324 -0.707924545 0.033248357 0.705505073 15.230343819
0.670983315 -0.009161634 0.741415918 7.306815147 0.032118078 0.999344230 -0.016718103 -0.539567232 -0.740776539 0.035030421 0.670837522 15.898947716
0.635367155 -0.010095559 0.772144198 8.071142197 0.036621537 0.999183416 -0.017070398 -0.567939878 -0.771341324 0.039123077 0.635218024 16.518833160
0.598749399 -0.008362588 0.800892830 8.856019020 0.036896285 0.999171913 -0.017150814 -0.598362386 -0.800086200 0.039819006 0.598562121 17.100152969
0.560831666 -0.007248261 0.827898145 9.659624100 0.040104669 0.999025643 -0.018421071 -0.633088768 -0.826958001 0.043533701 0.560575902 17.653528214
0.521881223 -0.005596363 0.852999806 10.496047974 0.045040879 0.998764336 -0.021004157 -0.660710454 -0.851828218 0.049381536 0.521488428 18.164516449
0.482768416 -0.004374891 0.875737190 11.357266426 0.046736564 0.998691201 -0.020775383 -0.684989452 -0.874500096 0.050958641 0.482341051 18.645904541
0.444202125 -0.006120947 0.895905674 12.242854118 0.052114598 0.998459995 -0.019017510 -0.712303162 -0.894409597 0.055137385 0.443837047 19.082714081
0.407125294 -0.006612589 0.913348436 13.149572372 0.056202564 0.998260260 -0.017824968 -0.739744484 -0.911641598 0.058589518 0.406788647 19.480447769
0.371887207 -0.004213342 0.928268433 14.063117981 0.057911362 0.998147130 -0.018670212 -0.766157985 -0.926469803 0.060700499 0.371442199 19.842453003
0.338288963 -0.004762478 0.941030204 15.017345428 0.058475859 0.998161077 -0.015969751 -0.788792372 -0.939223647 0.060429942 0.337945402 20.188882828
0.304925859 -0.006211502 0.952355862 15.974172592 0.061130427 0.998044312 -0.013063284 -0.809118509 -0.950412154 0.062201254 0.304709196 20.492919922
0.272058904 -0.006148417 0.962261021 16.950906754 0.061859701 0.998022974 -0.011112601 -0.833365321 -0.960290253 0.062548459 0.271901369 20.771438599
0.239744842 -0.002908744 0.970831633 17.947803497 0.059433356 0.998163879 -0.011686310 -0.850812554 -0.969015062 0.060501512 0.239477515 21.015550613
0.208764791 -0.001245667 0.977965117 18.963687897 0.059332557 0.998173237 -0.011394229 -0.870525777 -0.976164401 0.060403883 0.208457351 21.238937378
0.178334713 -0.000982144 0.983969510 19.979614258 0.061516725 0.998054385 -0.010153101 -0.891023874 -0.982045114 0.062341224 0.178048134 21.417636871
0.147703171 -0.001129249 0.989031076 21.023624420 0.063244000 0.997963548 -0.008305492 -0.910337329 -0.987007618 0.063777030 0.147473812 21.568725586
0.117206395 -0.001882507 0.993105769 22.088443756 0.061840352 0.998071432 -0.005406484 -0.929591298 -0.991180301 0.062047686 0.117096782 21.699321747
0.087673485 -0.002038268 0.996147215 23.172925949 0.062453777 0.998041868 -0.003454578 -0.940260947 -0.994189620 0.062516034 0.087629139 21.799163818
0.060559154 -0.001743511 0.998163223 24.267833710 0.065448441 0.997853458 -0.002227834 -0.951167107 -0.996016741 0.065463133 0.060543239 21.861635208
0.035489738 -0.001182016 0.999369383 25.376594543 0.069645621 0.997570932 -0.001293380 -0.960173786 -0.996940374 0.069647603 0.035485864 21.893556595
0.012620807 -0.000514494 0.999920368 26.504539490 0.074052975 0.997254193 -0.000421572 -0.966419876 -0.997174561 0.074052386 0.012624264 21.905050278
-0.007676840 -0.000671536 0.999970436 27.652811050 0.079775922 0.996811986 0.001281849 -0.973110080 -0.996783376 0.079783395 -0.007598758 21.890573502
-0.025350332 -0.001360427 0.999677837 28.809511185 0.083629176 0.996490896 0.003476781 -0.976643264 -0.996174574 0.083690360 -0.025147557 21.859134674
-0.040780306 -0.001225344 0.999167442 29.990383148 0.086929642 0.996203065 0.004769670 -0.978482366 -0.995379508 0.087051772 -0.040518880 21.807241440
-0.055329680 -0.001751853 0.998466730 31.166055679 0.089679308 0.995948017 0.006716969 -0.985868216 -0.994432747 0.089913443 -0.054948449 21.744871140
-0.068466902 -0.002741512 0.997649610 32.352409363 0.089908533 0.995910227 0.008906996 -0.984129906 -0.993593872 0.090307042 -0.067940474 21.660285950
-0.080521703 -0.002578791 0.996749580 33.546333313 0.089516647 0.995937049 0.009808214 -0.983819246 -0.992725134 0.090015449 -0.079963684 21.562118530
-0.091713071 0.000198262 0.995785534 34.762359619 0.089575678 0.995947480 0.008051725 -0.985246539 -0.991748452 0.089936607 -0.091359138 21.451644897
-0.101634741 0.003872432 0.994814336 35.970558167 0.090220101 0.995907545 0.005340604 -0.981484234 -0.990722418 0.090295032 -0.101568222 21.317276001
-0.111131549 0.006045029 0.993787289 37.228885651 0.091105625 0.995832682 0.004130531 -0.985084951 -0.989620864 0.090998650 -0.111219168 21.185440063
-0.118440151 0.007212386 0.992935061 38.495632172 0.090508759 0.995889306 0.003562287 -0.979452133 -0.988827705 0.090291232 -0.118605971 21.033100128
-0.124293923 0.008026134 0.992213011 39.788551331 0.090495355 0.995891452 0.003280404 -0.978947520 -0.988110125 0.090198405 -0.124509573 20.876895905
-0.129285216 0.009888429 0.991558194 41.096698761 0.091822609 0.995773315 0.002041906 -0.976068139 -0.987346947 0.091311447 -0.129646659 20.707767487
-0.134144902 0.011456293 0.990895510 42.427715302 0.090662807 0.995881379 0.000759759 -0.978398740 -0.986805677 0.089939289 -0.134631038 20.541156769
-0.138315201 0.012328874 0.990311503 43.781768799 0.091050014 0.995846272 0.000319031 -0.980180860 -0.986194134 0.090212002 -0.138863325 20.349018097
-0.140996099 0.011276197 0.989945889 45.156845093 0.090817139 0.995866299 0.001591286 -0.983749986 -0.985835850 0.090128414 -0.141437411 20.153644562
-0.143715858 0.009156880 0.989576757 46.544792175 0.091331147 0.995812356 0.004049398 -0.986832023 -0.985395670 0.090961136 -0.143950343 19.965343475
-0.145657659 0.007957119 0.989303112 47.950450897 0.090966083 0.995839417 0.005383468 -0.984334707 -0.985144198 0.090777166 -0.145775437 19.750831604
-0.148133397 0.008935404 0.988927007 49.406738281 0.093552031 0.995601773 0.005017635 -0.982137322 -0.984532654 0.093259409 -0.148317814 19.547039032
-0.149058700 0.008791357 0.988789320 50.844360352 0.093570963 0.995598733 0.005253792 -0.978704870 -0.984391212 0.093305089 -0.149225235 19.336055756
-0.149925828 0.010125477 0.988645375 52.312049866 0.095379509 0.995431840 0.004269113 -0.974839449 -0.984085858 0.094936565 -0.150206685 19.119750977
-0.149790645 0.010251991 0.988664627 53.801101685 0.095279992 0.995442033 0.004113415 -0.975716472 -0.984116137 0.094816104 -0.150084734 18.889846802
-0.149451494 0.011997860 0.988696277 55.313980103 0.094585590 0.995514274 0.002216970 -0.969932675 -0.984234631 0.093847744 -0.149915814 18.670818329
-0.148125887 0.011817606 0.988897920 56.838783264 0.095671520 0.995409966 0.002435101 -0.974632502 -0.984330058 0.094970062 -0.148576498 18.441741943
-0.146748424 0.010564746 0.989117444 58.376033783 0.094694681 0.995500505 0.003416262 -0.979455113 -0.984630823 0.094165489 -0.147088528 18.221511841
-0.145641804 0.011257146 0.989273369 59.949989319 0.095617607 0.995414317 0.002749896 -0.981244802 -0.984705925 0.094992451 -0.146050334 17.990425110
-0.144619942 0.011991350 0.989414573 61.544052124 0.095486142 0.995428979 0.001892694 -0.979922533 -0.984869242 0.094749108 -0.145103812 17.762161255
-0.143751264 0.012740758 0.989531934 63.169250488 0.096462429 0.995335877 0.001197794 -0.977861643 -0.984901428 0.095624834 -0.144309759 17.526908875
-0.142681003 0.012945842 0.989684045 64.818016052 0.096127994 0.995368600 0.000838411 -0.972136021 -0.985089600 0.095255971 -0.143264651 17.292587280
-0.141456962 0.011323123 0.989879787 66.474105835 0.098281287 0.995155096 0.002661220 -0.976426840 -0.985053778 0.097663097 -0.141884446 17.046142578
-0.140404224 0.009398854 0.990049720 68.142028809 0.100256473 0.994950175 0.004772527 -0.977214813 -0.985005260 0.099928968 -0.140637517 16.797164917
-0.140413165 0.010077515 0.990041673 69.840682983 0.101159491 0.994861245 0.004220425 -0.986487627 -0.984911561 0.100744717 -0.140711069 16.575500488
-0.139217138 0.012110735 0.990187824 71.542533875 0.103298008 0.994647682 0.002358072 -0.987516880 -0.984859407 0.102612711 -0.139722943 16.328201294
-0.139058828 0.011952720 0.990211964 73.263908386 0.102616973 0.994718015 0.002403741 -0.988753319 -0.984952986 0.101946816 -0.139550924 16.096656799
-0.138842821 0.011667795 0.990245819 75.011283875 0.103030860 0.994674444 0.002726014 -0.996334076 -0.984940410 0.102404356 -0.139305592 15.853134155
-0.138640523 0.010564707 0.990286589 76.763259888 0.103099518 0.994663715 0.003822551 -1.001994133 -0.984961689 0.102628015 -0.138989925 15.612922668
-0.138555169 0.010853495 0.990295291 78.530059814 0.104222447 0.994547188 0.003681974 -1.000415802 -0.984855413 0.103721149 -0.138930798 15.369270325
-0.138439178 0.010930060 0.990310609 80.314514160 0.105277859 0.994435787 0.003741596 -0.996942282 -0.984759450 0.104775771 -0.138819575 15.120048523
-0.139209032 0.011957024 0.990190983 82.124061584 0.105128944 0.994454741 0.002771354 -0.998027086 -0.984667003 0.104483515 -0.139694095 14.891906738
-0.139783263 0.012694689 0.990100920 83.934509277 0.105020724 0.994467854 0.002076221 -1.005963087 -0.984597147 0.104271315 -0.140343189 14.638015747
-0.140626550 0.013299260 0.989973426 85.749404907 0.104036078 0.994572520 0.001417359 -1.014009237 -0.984581530 0.103192270 -0.141246796 14.377944946
-0.142076015 0.013688247 0.989761114 87.587730408 0.103251852 0.994654655 0.001065443 -1.024867058 -0.984455884 0.102346040 -0.142729998 14.124824524
-0.143280149 0.012837714 0.989598930 89.451187134 0.102552094 0.994725764 0.001943887 -1.032822132 -0.984354556 0.101763964 -0.143840909 13.861366272
-0.144140482 0.012404728 0.989479482 91.311386108 0.102538563 0.994725943 0.002466613 -1.046750546 -0.984230340 0.101815343 -0.144652247 13.595619202
-0.144763350 0.011352791 0.989401162 93.215270996 0.099876568 0.994994700 0.003196374 -1.046374083 -0.984412611 0.099280715 -0.145172596 13.318534851
-0.146536827 0.012166617 0.989130318 95.114135742 0.099321038 0.995052338 0.002474679 -1.049618959 -0.984206378 0.098604091 -0.147020221 13.042510986
-0.148943782 0.013359150 0.988755465 97.037094116 0.098714173 0.995114803 0.001424985 -1.051561356 -0.983906150 0.097816423 -0.149534822 12.753601074
-0.152861953 0.014296648 0.988144159 98.971595764 0.098971531 0.995089829 0.000913354 -1.051590204 -0.983279169 0.097937763 -0.153526306 12.456825256
-0.157429814 0.013554601 0.987437189 100.918876648 0.096679941 0.995314002 0.001751221 -1.058039188 -0.982786298 0.095741063 -0.158002615 12.152236938
-0.162557602 0.012734337 0.986616910 102.875358582 0.095192574 0.995454848 0.002835770 -1.065513849 -0.982096493 0.094379574 -0.163030982 11.850784302
-0.167096972 0.013305322 0.985850692 104.838531494 0.093752965 0.995592475 0.002453873 -1.078175306 -0.981472909 0.092836462 -0.167607903 11.530143738
-0.171939254 0.015196676 0.984990418 106.793609619 0.094491638 0.995525002 0.001135185 -1.086296082 -0.980565310 0.093268529 -0.172605753 11.196205139
-0.176626801 0.016795406 0.984134614 108.776206970 0.093995050 0.995572686 -0.000120925 -1.101250887 -0.979779541 0.092482418 -0.177423477 10.855346680
-0.181120396 0.016869238 0.983316302 110.755012512 0.093184143 0.995648861 0.000083095 -1.117577314 -0.979036391 0.091644533 -0.181904316 10.493469238
-0.186169624 0.016777059 0.982374370 112.761856079 0.091499984 0.995805025 0.000333720 -1.125134230 -0.978247702 0.089949369 -0.186923742 10.126678467
-0.191961408 0.016246462 0.981267989 114.762046814 0.089723319 0.995966136 0.001062386 -1.134704351 -0.977292478 0.088246554 -0.192644715 9.752349854
-0.197523236 0.015591098 0.980174243 116.759315491 0.089127302 0.996017992 0.002117686 -1.148268938 -0.976238191 0.087778576 -0.198126316 9.367141724
-0.202794909 0.015232788 0.979102731 118.779190063 0.089865223 0.995949030 0.003118297 -1.161256790 -0.975088954 0.088619657 -0.203342319 8.954299927
-0.207985997 0.016992413 0.977984369 120.779144287 0.090455189 0.995898664 0.001933243 -1.169701576 -0.973940432 0.088865839 -0.208670020 8.528152466
-0.213760138 0.018021042 0.976719916 122.811706543 0.090131454 0.995928943 0.001350262 -1.172320843 -0.972719312 0.088321820 -0.214514136 8.097976685
-0.219659925 0.018052004 0.975409508 124.844284058 0.090926901 0.995855451 0.002046124 -1.182158232 -0.971329927 0.089140415 -0.220391035 7.648757935
-0.225424409 0.017878514 0.974096596 126.897811890 0.090025648 0.995936155 0.002554289 -1.188846350 -0.970092416 0.088269472 -0.226117849 7.189071655
-0.230450869 0.018584475 0.972906649 128.942749023 0.089403652 0.995993137 0.002151409 -1.201632023 -0.968968391 0.087477192 -0.231189013 6.714675903
-0.235448360 0.019046640 0.971700191 130.985473633 0.088274077 0.996094465 0.001864496 -1.205182076 -0.967869699 0.086214937 -0.236210108 6.222473145
-0.239761114 0.018359069 0.970658481 133.056808472 0.089379795 0.995992362 0.003239341 -1.209929943 -0.966708958 0.087533914 -0.240441203 5.716003418
-0.243786216 0.018118221 0.969659746 135.140319824 0.091270551 0.995816648 0.004339740 -1.215528488 -0.965524733 0.089559354 -0.244420052 5.194717407
-0.247085094 0.019359548 0.968800426 137.211334229 0.093114398 0.995647967 0.003852065 -1.218312263 -0.964509606 0.091161057 -0.247812390 4.667755127
-0.250403404 0.019739654 0.967940390 139.298812866 0.093381919 0.995622933 0.003853433 -1.227847576 -0.963627577 0.091353036 -0.251150608 4.141067505
-0.253549814 0.019478343 0.967126250 141.402847290 0.092798382 0.995675743 0.004275437 -1.240319252 -0.962860882 0.090831786 -0.254260898 3.593368530
-0.257406712 0.019987006 0.966096401 143.509399414 0.091343239 0.995812476 0.003735714 -1.245939255 -0.961976171 0.089207970 -0.258154511 3.036956787
-0.261717677 0.020536419 0.964926183 145.627243042 0.090436347 0.995896637 0.003333541 -1.260089397 -0.960898280 0.088136829 -0.262501001 2.477584839
-0.266043305 0.020294582 0.963747501 147.738388062 0.089679979 0.995963454 0.003783241 -1.267656326 -0.959780514 0.087435357 -0.266789436 1.903350830
-0.270820856 0.020712292 0.962407053 149.850555420 0.089441054 0.995985091 0.003733720 -1.273263454 -0.958465815 0.087089866 -0.271586061 1.341278076
-0.275225997 0.021377003 0.961141884 151.957092285 0.089251630 0.996003270 0.003405113 -1.281187534 -0.957227707 0.086720653 -0.276033878 0.738311768
-0.279642940 0.020699235 0.959881008 154.079956055 0.088163167 0.996097147 0.004204429 -1.310058594 -0.956047714 0.085801877 -0.280376434 0.126388550
-0.283834577 0.020391818 0.958656609 156.209838867 0.088290378 0.996082485 0.004952675 -1.312799454 -0.954800010 0.086045876 -0.284523010 -0.493759155
-0.288220644 0.020424198 0.957346082 158.338973999 0.088852055 0.996029675 0.005500517 -1.322945118 -0.953432739 0.086647540 -0.288891077 -1.122024536
-0.291960597 0.021038167 0.956198990 160.475402832 0.089894630 0.995935917 0.005535475 -1.331338406 -0.952196419 0.087573290 -0.292665243 -1.773452759
-0.295808673 0.022153320 0.954990268 162.626998901 0.089960761 0.995933950 0.004762287 -1.341071129 -0.951001704 0.087320380 -0.296598792 -2.423599243
-0.299244642 0.023763243 0.953880489 164.782485962 0.089748688 0.995958805 0.003343816 -1.348341942 -0.949946225 0.086610146 -0.300168037 -3.093780518
-0.302818537 0.024658220 0.952729166 166.933151245 0.090475827 0.995894194 0.002981738 -1.356391430 -0.948743880 0.087101884 -0.303806305 -3.765106201
-0.306021690 0.025311835 0.951688051 169.088317871 0.089849651 0.995952427 0.002402626 -1.366248131 -0.947775245 0.086244091 -0.307057261 -4.448257446
-0.309573889 0.025252623 0.950540066 171.265548706 0.089932799 0.995943785 0.002830658 -1.379952431 -0.946613014 0.086361021 -0.310589314 -5.149291992
-0.313348889 0.025426827 0.949297607 173.430175781 0.089745492 0.995960355 0.002946959 -1.390599728 -0.945387840 0.086118609 -0.314365029 -5.865615845
-0.317015529 0.026086399 0.948061526 175.593353271 0.091829985 0.995769203 0.003307272 -1.401669979 -0.943964183 0.088108927 -0.318069816 -6.579818726
-0.320268989 0.026392292 0.946958959 177.766754150 0.093756452 0.995587289 0.003961576 -1.407101154 -0.942675769 0.090052277 -0.321330190 -7.305145264
-0.322745204 0.025985366 0.946129024 179.945739746 0.094560035 0.995507002 0.004914964 -1.414531231 -0.941750407 0.091052286 -0.323752284 -8.044006348
-0.325689793 0.025394499 0.945135653 182.149108887 0.093930528 0.995562911 0.005618654 -1.417917728 -0.940799296 0.090607025 -0.326629996 -8.793777466
-0.328088045 0.025817357 0.944294274 184.330795288 0.093062460 0.995647132 0.005112497 -1.426966667 -0.940051913 0.089555696 -0.329062581 -9.546875000
-0.331223249 0.027676830 0.943146467 186.551025391 0.092039242 0.995750546 0.003102713 -1.432086945 -0.939052701 0.087834172 -0.332363009 -10.318481445
-0.334328175 0.029442169 0.941996813 188.768341064 0.091361538 0.995816946 0.001301186 -1.442901134 -0.938018084 0.086497299 -0.335619450 -11.096069336
-0.337301016 0.030150453 0.940913916 190.982513428 0.090568416 0.995890081 0.000555081 -1.463156700 -0.937030077 0.085404307 -0.338645458 -11.885208130
-0.340815663 0.030950643 0.939620614 193.216796875 0.089017726 0.996029913 -0.000520567 -1.483919621 -0.935906351 0.083465464 -0.342217803 -12.682205200
-0.344732642 0.031337380 0.938177645 195.453567505 0.089690730 0.995969594 -0.000310982 -1.498830795 -0.934406221 0.084038630 -0.346153975 -13.499038696
-0.348576665 0.030544516 0.936782420 197.713973999 0.089508995 0.995985687 0.000831407 -1.522574902 -0.932996511 0.084140263 -0.349911332 -14.322479248
-0.351972818 0.029708944 0.935538650 199.931961060 0.089279771 0.996004641 0.001960155 -1.545067787 -0.931742609 0.084214590 -0.353218913 -15.153610229
-0.356144190 0.029330531 0.933970809 202.169189453 0.088833600 0.996043086 0.002594379 -1.559150696 -0.930199087 0.083891943 -0.357340455 -15.991378784
-0.359605074 0.029610233 0.932634830 204.396850586 0.088216394 0.996098459 0.002389299 -1.574484825 -0.928925335 0.083132878 -0.360814214 -16.840850830
-0.363427162 0.029973432 0.931140304 206.637023926 0.087391168 0.996171951 0.002042269 -1.592558384 -0.927514672 0.082115650 -0.364655375 -17.706893921
-0.366740108 0.030595025 0.929820478 208.872680664 0.087441191 0.996168196 0.001710413 -1.607462883 -0.926205277 0.081931874 -0.368010044 -18.577880859
-0.369500041 0.031355523 0.928701580 211.091583252 0.088262692 0.996096134 0.001485896 -1.626153946 -0.925029457 0.082518734 -0.370825171 -19.459350586
-0.371835351 0.030973507 0.927781761 213.299438477 0.089068905 0.996022463 0.002445253 -1.644384861 -0.924015760 0.083545744 -0.373115182 -20.348175049
-0.374218345 0.030392790 0.926842630 215.520507812 0.090840511 0.995857358 0.004021486 -1.664584160 -0.922880828 0.085699759 -0.375428915 -21.246246338
-0.376828074 0.031102456 0.925761044 217.744750977 0.091667980 0.995782137 0.003858214 -1.675199509 -0.921736360 0.086316518 -0.378089786 -22.150878906
-0.379444957 0.032100886 0.924657226 219.963790894 0.091742404 0.995778024 0.003077728 -1.685485840 -0.920654535 0.085998103 -0.380787969 -23.056884766
-0.382038355 0.032054499 0.923590541 222.179016113 0.090752229 0.995869040 0.002976144 -1.695364475 -0.919679821 0.084954895 -0.383369207 -23.965240479
-0.384766102 0.033496495 0.922406137 224.399612427 0.090774223 0.995870054 0.001700645 -1.712428570 -0.918539643 0.084385052 -0.386217713 -24.881958008
-0.387672782 0.034778595 0.921140730 226.605285645 0.090686426 0.995879352 0.000566010 -1.732086658 -0.917325377 0.083754383 -0.389229298 -25.804962158
-0.390473723 0.034270734 0.919975936 228.868759155 0.088523388 0.996073961 0.000467272 -1.779568672 -0.916348100 0.081621848 -0.391974568 -26.731048584
-0.393560410 0.035053674 0.918630183 231.109130859 0.089115344 0.996021271 0.000172068 -1.806316853 -0.914969206 0.081931762 -0.395118356 -27.677764893
-0.395982027 0.034864619 0.917596281 233.345397949 0.091128871 0.995837986 0.001488529 -1.824747562 -0.913725376 0.084208935 -0.397511125 -28.641387939
-0.398467302 0.034023847 0.916551232 235.569091797 0.091271557 0.995822370 0.002713465 -1.840246677 -0.912629902 0.084736280 -0.399908066 -29.607421875
-0.401390553 0.033315416 0.915301085 237.795669556 0.090325437 0.995906651 0.003361423 -1.856905460 -0.911442399 0.084024198 -0.402756691 -30.584594727
-0.404365301 0.033696134 0.913976610 240.024505615 0.089152008 0.996014297 0.002722326 -1.877739429 -0.910242081 0.082583673 -0.405757666 -31.561950684
-0.407920480 0.032758001 0.912429690 242.261932373 0.087168872 0.996188402 0.003205532 -1.896471977 -0.908846855 0.080843069 -0.409221053 -32.552978516
-0.411328077 0.032260239 0.910916328 244.491897583 0.086619131 0.996234119 0.003831447 -1.909851074 -0.907362342 0.080478765 -0.412573457 -33.549957275
-0.414894342 0.032587081 0.909285963 246.709228516 0.086024106 0.996286750 0.003546546 -1.930027962 -0.905793965 0.079691954 -0.416157007 -34.545349121
-0.418764830 0.032113787 0.907526731 248.922332764 0.085477330 0.996331334 0.004186018 -1.946211815 -0.904062867 0.079325914 -0.419973493 -35.552703857
-0.422600508 0.031744994 0.905759931 251.127044678 0.084859014 0.996381998 0.004671568 -1.963223934 -0.902334630 0.078836106 -0.423765421 -36.566436768
-0.426397681 0.031742096 0.903978765 253.349441528 0.084103264 0.996446073 0.004681681 -1.978240490 -0.900617480 0.078023814 -0.427551866 -37.602416992
-0.430315971 0.032196704 0.902104139 255.564453125 0.083998129 0.996455729 0.004504065 -1.998753548 -0.898761809 0.077713221 -0.431495309 -38.640625000
-0.433656931 0.032819331 0.900480211 257.754394531 0.084597878 0.996405363 0.004425529 -2.014389992 -0.897098064 0.078097880 -0.434874535 -39.683410645
-0.437373161 0.032789316 0.898682296 259.949127197 0.084512070 0.996411026 0.004775507 -2.029711246 -0.895300388 0.078038171 -0.438574553 -40.740142822
-0.441022396 0.033185787 0.896882355 262.145568848 0.083519027 0.996497333 0.004196999 -2.046881199 -0.893601596 0.076757707 -0.442249298 -41.803588867
-0.444535017 0.033410475 0.895138323 264.339263916 0.084041141 0.996451914 0.004543749 -2.059037685 -0.891810477 0.077248290 -0.445765615 -42.884155273
-0.447909594 0.034301460 0.893420815 266.519073486 0.084790580 0.996389687 0.004254295 -2.068787575 -0.890049398 0.077659197 -0.449200988 -43.979492188
-0.451327085 0.035364758 0.891657770 268.718139648 0.086075813 0.996280313 0.004054378 -2.080353260 -0.888197720 0.078580007 -0.452692389 -45.088836670
-0.454527378 0.037430130 0.889945984 270.918212891 0.088262297 0.996092200 0.003184204 -2.093371391 -0.886349022 0.079995982 -0.456054807 -46.207183838
-0.457360387 0.038325749 0.888455451 273.095550537 0.089886360 0.995946527 0.003309166 -2.110473633 -0.884727299 0.081373490 -0.458951473 -47.322265625
-0.459919333 0.040052202 0.887057245 275.289611816 0.091095708 0.995839536 0.002267143 -2.122585773 -0.883275867 0.081849791 -0.461654425 -48.453674316
-0.462754846 0.042811945 0.885451853 277.502105713 0.092768624 0.995687664 0.000340864 -2.128308773 -0.881618857 0.082299888 -0.464730859 -49.598510742
-0.465621233 0.043511126 0.883914053 279.695739746 0.093880296 0.995583415 0.000445381 -2.139397144 -0.879990816 0.083189480 -0.467649579 -50.754486084
-0.468696117 0.044383693 0.882243752 281.892852783 0.094174258 0.995555699 -0.000053649 -2.153244019 -0.878325224 0.083059512 -0.470792890 -51.916595459
-0.472061753 0.044577416 0.880437791 284.106964111 0.093607545 0.995609164 -0.000219376 -2.164574623 -0.876581728 0.082312055 -0.474161863 -53.097564697
-0.475262642 0.045745652 0.878654242 286.320190430 0.094065584 0.995565534 -0.000952550 -2.171225548 -0.874801457 0.082198396 -0.477458119 -54.286712646
-0.478621006 0.045980547 0.876816988 288.531646729 0.093388438 0.995629013 -0.001233912 -2.186406612 -0.873041153 0.081293985 -0.480822921 -55.482086182
-0.481445789 0.045594323 0.875289440 290.759521484 0.091640651 0.995791078 -0.001465159 -2.204333305 -0.871672213 0.079506680 -0.483597636 -56.697113037
-0.483931303 0.046331450 0.873878658 292.984252930 0.093207583 0.995646000 -0.001171403 -2.215202332 -0.870128095 0.080885239 -0.486142635 -57.929809570
-0.486058950 0.046634890 0.872680843 295.214752197 0.095050327 0.995472431 -0.000256316 -2.233336926 -0.868741691 0.082824014 -0.488291025 -59.159606934
-0.488050461 0.046670713 0.871567011 297.448638916 0.095730640 0.995407224 0.000304044 -2.240481853 -0.867549896 0.083584048 -0.490276694 -60.406585693
-0.490678430 0.045981344 0.870126545 299.675109863 0.095010445 0.995475829 0.000972584 -2.251458645 -0.866145194 0.083148345 -0.492827296 -61.641571045
-0.493030310 0.045310780 0.868831575 301.915740967 0.094373912 0.995535493 0.001635191 -2.260265350 -0.864878535 0.082801223 -0.495105386 -62.898040771
-0.495400071 0.045466099 0.867474318 304.175842285 0.095777094 0.995399594 0.002525764 -2.265235424 -0.863368750 0.084335431 -0.497475624 -64.179809570
-0.497875452 0.045100022 0.866075039 306.427886963 0.095522933 0.995422482 0.003077042 -2.269331455 -0.861971796 0.084262013 -0.499904513 -65.454711914
-0.499629378 0.045847122 0.865025282 308.651184082 0.095122233 0.995463192 0.002181129 -2.278127670 -0.861000836 0.083372883 -0.501723766 -66.737884521
-0.502520561 0.047856480 0.863239884 310.894226074 0.094263002 0.995547295 -0.000317762 -2.291520596 -0.859411299 0.081211895 -0.504794121 -68.019836426
-0.505421758 0.047538698 0.861562014 313.152770996 0.093073815 0.995659173 -0.000337552 -2.305325985 -0.857838154 0.080018252 -0.507652402 -69.333435059
-0.509950399 0.045810230 0.858983219 315.432373047 0.091094904 0.995841742 0.000971080 -2.322315216 -0.855366826 0.078744188 -0.512002945 -70.665985107
-0.514766932 0.043504953 0.856225669 317.692321777 0.089241982 0.996005297 0.003045514 -2.333384037 -0.852672815 0.077979006 -0.516592979 -72.006561279
-0.519557238 0.041684493 0.853418231 319.972351074 0.087454408 0.996157944 0.004585363 -2.339838505 -0.849948227 0.077017546 -0.521206498 -73.364868164
-0.523891926 0.041947465 0.850751281 322.275756836 0.087945141 0.996112585 0.005041834 -2.342133045 -0.847232521 0.077460818 -0.525544405 -74.767395020
-0.528024554 0.043307703 0.848124206 324.548095703 0.090443514 0.995886624 0.005455359 -2.343975067 -0.844399333 0.079587892 -0.529769540 -76.174194336
-0.531772256 0.044553325 0.845714629 326.833129883 0.091593385 0.995783269 0.005133372 -2.338166714 -0.841919720 0.080191642 -0.533610702 -77.585937500
-0.535472989 0.044587430 0.843374610 329.123199463 0.092514187 0.995692670 0.006098675 -2.341182232 -0.839470029 0.081289791 -0.537291527 -79.020263672
-0.539472461 0.043400034 0.840883911 331.409545898 0.092962220 0.995635450 0.008253154 -2.344369411 -0.836855650 0.082622789 -0.541152477 -80.461608887
-0.543478489 0.041495610 0.838396847 333.702545166 0.091217116 0.995782375 0.009844912 -2.345892906 -0.834452271 0.081826635 -0.544971466 -81.927246094
-0.547686458 0.041266922 0.835665584 335.989868164 0.090398133 0.995854795 0.010068560 -2.346931458 -0.831786096 0.081057012 -0.549146652 -83.392028809
-0.551851988 0.040913984 0.832937896 338.264465332 0.089817762 0.995901942 0.010588773 -2.337089539 -0.829091251 0.080656052 -0.553265214 -84.872222900
-0.555750489 0.041058637 0.830334663 340.528564453 0.091070183 0.995775580 0.011714681 -2.333262920 -0.826345980 0.082129166 -0.557142019 -86.375518799
-0.559841871 0.040331855 0.827617407 342.782714844 0.091219828 0.995743573 0.013180594 -2.321274757 -0.823563099 0.082874164 -0.561137915 -87.883209229
-0.563790798 0.039623838 0.824966550 345.042175293 0.090295836 0.995818257 0.013879141 -2.313502312 -0.820966840 0.082315974 -0.565011144 -89.393737793
-0.567130089 0.038657382 0.822720587 347.302581787 0.090127453 0.995812118 0.015337526 -2.297079086 -0.818682253 0.082848080 -0.568239093 -90.933868408
-0.569855928 0.038317066 0.820850909 349.571960449 0.090525448 0.995759726 0.016363338 -2.276458740 -0.816743314 0.083632641 -0.570908308 -92.492065430
-0.572681904 0.037424143 0.818923056 351.859741211 0.088222243 0.995969415 0.016179757 -2.260650635 -0.815016747 0.081513077 -0.573675275 -94.078460693
-0.575857162 0.036310229 0.816743553 354.136779785 0.084549047 0.996301532 0.015319668 -2.249138832 -0.813166618 0.077876836 -0.576797366 -95.639495850
-0.579182863 0.035507482 0.814423978 356.398193359 0.080855571 0.996626794 0.014049747 -2.227267265 -0.811177909 0.073988087 -0.580100179 -97.225250244
-0.581603527 0.033054855 0.812800586 358.625854492 0.078780189 0.996766210 0.015835207 -2.211500168 -0.809648752 0.073242389 -0.582326770 -98.817443848
-0.584769249 0.032388341 0.810552895 360.841796875 0.079594426 0.996671975 0.017597636 -2.192809105 -0.807285428 0.074806049 -0.585401058 -100.400665283
-0.587787509 0.032288868 0.808371007 363.039978027 0.078839265 0.996733487 0.017513391 -2.177565575 -0.805164993 0.074025512 -0.588413119 -101.989044189
-0.590775847 0.031346291 0.806226552 365.238281250 0.077105522 0.996865094 0.017741993 -2.157435417 -0.803142905 0.072646059 -0.591340780 -103.570617676
-0.594345450 0.027462253 0.803740859 367.435913086 0.074846268 0.996967971 0.021282416 -2.140520096 -0.800719440 0.072806112 -0.594598770 -105.160614014
-0.597902894 0.025001580 0.801178515 369.642089844 0.072239310 0.997126818 0.022794349 -2.111886024 -0.798306704 0.071505390 -0.597991109 -106.761566162
-0.601211309 0.024279214 0.798721433 371.839904785 0.070936143 0.997213781 0.023081930 -2.074577332 -0.795935571 0.070535325 -0.601258397 -108.379882812
-0.603954673 0.024530597 0.796641111 374.038696289 0.070716128 0.997233510 0.022904417 -2.044318199 -0.793875337 0.070168599 -0.604018450 -110.018402100
-0.606815815 0.024147440 0.794475734 376.234558105 0.070785888 0.997208595 0.023756491 -2.012834549 -0.791684389 0.070653476 -0.606831312 -111.667205811
-0.609673142 0.023343213 0.792309225 378.428955078 0.070362143 0.997214079 0.024762707 -1.980808258 -0.789523900 0.070845731 -0.609617114 -113.335266113
-0.612535000 0.021426827 0.790153205 380.581756592 0.066662803 0.997471571 0.024628948 -1.951990128 -0.787627578 0.067759909 -0.612414598 -114.964416504
-0.615544677 0.017888745 0.787898898 382.754058838 0.056805365 0.998149037 0.021716757 -1.921135902 -0.786052108 0.058124520 -0.615421534 -116.620788574
-0.618949413 0.020420467 0.785165489 384.929748535 0.049098846 0.998712778 0.012730456 -1.901623249 -0.783894837 0.046430223 -0.619155407 -118.286682129
-0.620949030 0.030631065 0.783252358 387.072570801 0.059406795 0.998201311 0.008059495 -1.903127670 -0.781596661 0.051535040 -0.621651888 -119.977020264
-0.621892333 0.031914819 0.782452404 389.204589844 0.067010440 0.997673154 0.012566529 -1.898043633 -0.780230701 0.060247496 -0.622583866 -121.669830322
-0.624018192 0.022794325 0.781077325 391.341064453 0.066199861 0.997523010 0.023777485 -1.874468803 -0.778600633 0.066544794 -0.623981476 -123.369079590
-0.627245545 0.012512653 0.778721273 393.506469727 0.060215153 0.997657120 0.032471627 -1.819385529 -0.776490510 0.067258492 -0.626529455 -125.069213867
-0.630301118 0.006334812 0.776324868 395.644409180 0.054381564 0.997870684 0.036009975 -1.755418777 -0.774443746 0.064914890 -0.629303575 -126.770477295
-0.633234382 0.005874619 0.773938000 397.761901855 0.052922111 0.997959375 0.035725687 -1.691409111 -0.772148788 0.063581154 -0.632253051 -128.476776123
-0.635760784 0.011199336 0.771804988 399.885681152 0.058614243 0.997708142 0.033805128 -1.634160995 -0.769657552 0.066730738 -0.634960175 -130.203674316
-0.637867928 0.017595751 0.769944787 401.977355957 0.062917344 0.997587800 0.029326320 -1.583740234 -0.767571509 0.067149200 -0.637436271 -131.928161621
-0.640358210 0.020596361 0.767800212 404.075439453 0.064208902 0.997576773 0.026791146 -1.539475441 -0.765387833 0.066455536 -0.640128970 -133.656799316
-0.643392920 0.020724405 0.765255690 406.164489746 0.064059392 0.997585058 0.026842007 -1.493645668 -0.762851298 0.066291764 -0.643166661 -135.382385254
-0.646020293 0.020118874 0.763055205 408.240173340 0.064844638 0.997485459 0.028599057 -1.448653221 -0.760561109 0.067955598 -0.645700455 -137.126647949
-0.648420930 0.019330231 0.761036634 410.317474365 0.065240920 0.997410834 0.030252673 -1.400747299 -0.758481383 0.069267191 -0.648003221 -138.874572754
-0.649950743 0.019812588 0.759718180 412.381835938 0.065933973 0.997360885 0.030397495 -1.349655151 -0.757110894 0.069848105 -0.649541736 -140.632019043
-0.651614308 0.020252833 0.758280337 414.455780029 0.066619240 0.997308791 0.030610984 -1.295912743 -0.755619705 0.070462599 -0.651209950 -142.393066406
-0.653069973 0.020691223 0.757015109 416.523681641 0.067111626 0.997274935 0.030638402 -1.244135857 -0.754318297 0.070813522 -0.652678967 -144.156982422
-0.654233217 0.019948311 0.756029904 418.571868896 0.068286262 0.997127056 0.032781947 -1.191241264 -0.753203928 0.073073484 -0.653715849 -145.926269531
-0.655072927 0.019091351 0.755324483 420.626190186 0.069689482 0.996946037 0.035241339 -1.131391525 -0.752344906 0.075723819 -0.654402852 -147.702636719
-0.656170845 0.018581573 0.754383564 422.675201416 0.071131460 0.996768594 0.037319027 -1.066474915 -0.751252413 0.078148060 -0.655372262 -149.478271484
-0.656921864 0.019141106 0.753715813 424.714904785 0.070418283 0.996865571 0.036058940 -0.999490738 -0.750663161 0.076763272 -0.656210661 -151.261291504
-0.658158422 0.019519512 0.752626479 426.763824463 0.066885605 0.997227073 0.032626994 -0.936097145 -0.749902606 0.071813606 -0.657639027 -153.044250488
-0.659264326 0.018859001 0.751674950 428.816406250 0.063835323 0.997480035 0.030961337 -0.877903938 -0.749196887 0.068395108 -0.658806920 -154.833923340
-0.660546899 0.018380452 0.750559688 430.840942383 0.063630424 0.997474015 0.031572256 -0.823772430 -0.748083472 0.068613395 -0.660047889 -156.610656738
-0.661121726 0.016830841 0.750089884 432.872863770 0.061094195 0.997636020 0.031462420 -0.768301010 -0.747787178 0.066626623 -0.660587072 -158.385192871
-0.662342072 0.016024826 0.749030232 434.919799805 0.058781605 0.997800827 0.030631533 -0.713993073 -0.746892095 0.064317748 -0.661827326 -160.179748535
-0.663628459 0.015560220 0.747900426 436.958892822 0.057881568 0.997854412 0.030599024 -0.658278465 -0.745819628 0.063596033 -0.663105249 -161.963684082
-0.664346457 0.013835991 0.747296929 438.994628906 0.057924166 0.997774720 0.033021014 -0.605760574 -0.745177150 0.065223932 -0.663669467 -163.751831055
-0.664145708 0.012951395 0.747491062 441.022552490 0.060663253 0.997486472 0.036616351 -0.545572281 -0.745137990 0.069663830 -0.663262010 -165.556823730
-0.663128018 0.011429366 0.748418748 443.037719727 0.065112419 0.996973872 0.042466983 -0.475877762 -0.745668590 0.076892398 -0.661865473 -167.352172852
-0.661902547 0.011335297 0.749504209 445.068908691 0.069370016 0.996521056 0.046190970 -0.378093719 -0.746373117 0.082567044 -0.660386205 -169.166015625
-0.660444379 0.008643287 0.750825286 447.085388184 0.063207343 0.997024655 0.044121262 -0.289171219 -0.748209953 0.076597303 -0.659025669 -170.926452637
-0.660339713 0.008151217 0.750922918 449.106872559 0.056243837 0.997669458 0.038629554 -0.206840515 -0.748857975 0.067743406 -0.659259200 -172.661437988
-0.659099460 0.006103973 0.752030969 451.140136719 0.051669724 0.997971714 0.037184499 -0.137605667 -0.750278652 0.063365519 -0.658078074 -174.416564941
-0.657099247 0.006140494 0.753779054 453.178955078 0.050175395 0.998105407 0.035609048 -0.070020676 -0.752132297 0.061219838 -0.656162381 -176.169250488
-0.654006958 0.007265245 0.756453693 455.213928223 0.052703854 0.997961760 0.035981376 -0.000673294 -0.754650474 0.063400090 -0.653056860 -177.940368652
-0.650917172 0.007141907 0.759115398 457.252807617 0.053038124 0.997940123 0.036089670 0.073057175 -0.757293940 0.063753434 -0.649955153 -179.708984375
-0.648642778 0.008469316 0.761046112 459.285736084 0.051746812 0.998115003 0.032996476 0.132335663 -0.759332061 0.060784623 -0.647858262 -181.445434570
-0.647427917 0.003210953 0.762120008 461.323669434 0.044607051 0.998436451 0.033687495 0.188486099 -0.760820270 0.055806145 -0.646558881 -183.159851074
-0.646508574 -0.003103298 0.762900352 463.377075195 0.035634674 0.998777449 0.034260865 0.250886917 -0.762073994 0.049335655 -0.645607591 -184.888061523
-0.646890998 -0.006529399 0.762554467 465.434814453 0.028579369 0.999053299 0.032798912 0.307703972 -0.762046695 0.043010648 -0.646091938 -186.583312988
-0.647095084 -0.007007413 0.762377322 467.499938965 0.027125917 0.999113023 0.032207467 0.359343529 -0.761926830 0.041521467 -0.646331072 -188.298950195
-0.646546245 -0.006888126 0.762843668 469.548187256 0.029135544 0.999006748 0.033714324 0.414821625 -0.762318194 0.044023737 -0.645703435 -190.005798340
-0.646250606 -0.007731350 0.763086081 471.602539062 0.031163273 0.998847187 0.036511898 0.476026535 -0.762488663 0.047376096 -0.645264745 -191.709533691
-0.645714164 -0.010110039 0.763512373 473.689819336 0.029384578 0.998842657 0.038077150 0.545383453 -0.763013721 0.047022436 -0.644669771 -193.441040039
-0.645295978 -0.010306023 0.763863266 475.733306885 0.027477689 0.998948872 0.036690373 0.609020233 -0.763438463 0.044665340 -0.644334435 -195.142395020
-0.644988537 -0.009665063 0.764131069 477.797302246 0.026132040 0.999056280 0.034694057 0.675418854 -0.763745248 0.042345572 -0.644127250 -196.871459961
-0.644699693 -0.007923429 0.764395058 479.881347656 0.027239447 0.999073148 0.033330079 0.740236282 -0.763950646 0.042309586 -0.643886328 -198.594421387
-0.644012332 -0.007542438 0.764978111 481.953582764 0.029104976 0.998985887 0.034352295 0.803052902 -0.764461398 0.044387966 -0.643139720 -200.326843262
