1.000000000 0.000000000 0.000000000 0.000000000 0.000000000 1.000000000 0.000000000 0.000000000 0.000000000 0.000000000 1.000000000 0.000000000
0.999990344 -0.002785339 -0.003401566 -0.000391087 0.002778180 0.999993920 -0.002107442 -0.004162574 0.003407416 0.002097972 0.999992013 0.694121599
0.999971807 -0.001341297 -0.007385429 -0.009237939 0.001313199 0.999991894 -0.003808006 -0.004514609 0.007390476 0.003798200 0.999965489 1.404044271
0.999936521 -0.001452903 -0.011175839 -0.023566365 0.001395611 0.999985874 -0.005132496 -0.010238512 0.011183138 0.005116573 0.999924362 2.127375603
0.999870837 -0.000266745 -0.016068107 -0.038447268 0.000175195 0.999983728 -0.005698774 -0.015639931 0.016069366 0.005695222 0.999854684 2.872265816
0.999797046 -0.001079351 -0.020118114 -0.068065330 0.000957121 0.999981046 -0.006084257 -0.021930786 0.020124299 0.006063766 0.999779105 3.645669460
0.999699712 0.000317468 -0.024502901 -0.095248736 -0.000497523 0.999972939 -0.007342577 -0.029296203 0.024499906 0.007352564 0.999672771 4.415504456
0.999558151 0.003286443 -0.029541509 -0.122429125 -0.003542681 0.999956548 -0.008625682 -0.025982004 0.029511876 0.008726527 0.999526322 5.210293770
0.999417782 0.003475011 -0.033941623 -0.149669081 -0.003709923 0.999969602 -0.006860525 -0.036783341 0.033916749 0.006982451 0.999400258 6.011940956
0.999274552 0.002880469 -0.037974957 -0.191543952 -0.003044964 0.999986231 -0.004274557 -0.046533197 0.037962124 0.004387088 0.999269545 6.833433628
0.999125779 0.002272652 -0.041743334 -0.224219188 -0.002330889 0.999996364 -0.001346519 -0.056234494 0.041740123 0.001442641 0.999127448 7.673916340
0.999017835 0.004089520 -0.044120848 -0.270888686 -0.004188263 0.999988914 -0.002145811 -0.067307010 0.044111587 0.002328493 0.999023914 8.505370140
0.998909354 0.003358888 -0.046570942 -0.306145251 -0.003452914 0.999992132 -0.001938685 -0.079338714 0.046564065 0.002097375 0.998913109 9.353083611
0.998862505 0.000226216 -0.047682468 -0.351987392 -0.000346637 0.999996781 -0.002517222 -0.088064760 0.047681745 0.002530888 0.998859346 10.191460609
0.998726726 0.000156466 -0.050447296 -0.390179962 -0.000253598 0.999998152 -0.001919021 -0.087071985 0.050446901 0.001929371 0.998724878 11.074831963
0.998649895 -0.001375040 -0.051927913 -0.435313255 0.001260582 0.999996722 -0.002236870 -0.095594488 0.051930819 0.002168391 0.998648345 11.949819565
0.998585165 0.000709065 -0.053171638 -0.494596183 -0.000933444 0.999990761 -0.004195184 -0.107695185 0.053168174 0.004238881 0.998576581 12.817754745
0.998495698 0.001453628 -0.054811351 -0.544338882 -0.001844404 0.999973238 -0.007079572 -0.119675145 0.054799594 0.007170016 0.998471618 13.708219528
0.998409390 0.005280045 -0.056132428 -0.605642855 -0.005785816 0.999944091 -0.008851622 -0.128926069 0.056082550 0.009162314 0.998384118 14.599989891
0.998319864 0.005879977 -0.057643965 -0.657571316 -0.006343715 0.999948919 -0.007865177 -0.146677002 0.057594776 0.008217639 0.998306215 15.511287689
0.998229504 0.005358829 -0.059238046 -0.713038504 -0.005756755 0.999961972 -0.006548800 -0.162657350 0.059200700 0.006878224 0.998222411 16.431499481
0.998177886 0.006055411 -0.060035486 -0.774156213 -0.006369323 0.999967039 -0.005038792 -0.175208539 0.060002994 0.005411997 0.998183548 17.351566315
0.998089790 0.005395613 -0.061543722 -0.830560148 -0.005732756 0.999969482 -0.005302846 -0.184006840 0.061513234 0.005645532 0.998090327 18.278205872
0.998003006 0.005427803 -0.062932551 -0.890240610 -0.005844946 0.999962151 -0.006446190 -0.195756733 0.062895179 0.006801154 0.997996986 19.203456879
0.997912169 0.003847668 -0.064470842 -0.947522998 -0.004312598 0.999965668 -0.007073871 -0.208248138 0.064441413 0.007337139 0.997894526 20.142234802
0.997878909 0.003895966 -0.064980924 -1.010235667 -0.004220417 0.999979317 -0.004856501 -0.225338250 0.064960659 0.005120446 0.997874677 21.084104538
0.997876704 0.005274344 -0.064917654 -1.079962134 -0.005400840 0.999983847 -0.001773216 -0.236717075 0.064907253 0.002120060 0.997889042 22.043399811
0.997922957 0.006511175 -0.064088434 -1.144549131 -0.006429307 0.999978244 0.001483574 -0.243087336 0.064096704 -0.001068448 0.997943103 22.998933792
0.998027444 0.005209291 -0.062562205 -1.206039071 -0.004925068 0.999976814 0.004696403 -0.251701444 0.062585227 -0.004379016 0.998030007 23.967199326
0.998144925 0.005677565 -0.060617872 -1.272435546 -0.005376448 0.999972403 0.005129423 -0.255189091 0.060645323 -0.004793999 0.998147845 24.936916351
0.998215437 0.005706505 -0.059441894 -1.331329465 -0.005563217 0.999981225 0.002575773 -0.266597509 0.059455477 -0.002240489 0.998228431 25.905281067
0.998281419 0.006768334 -0.058209684 -1.393189192 -0.006916101 0.999973357 -0.002337432 -0.271949023 0.058192313 0.002735999 0.998301625 26.875543594
0.998330891 0.005997192 -0.057440773 -1.449504972 -0.006306295 0.999966562 -0.005201489 -0.283429295 0.057407659 0.005555045 0.998335361 27.871557236
0.998404860 0.003757320 -0.056334734 -1.507298231 -0.004004919 0.999982834 -0.004282896 -0.293699682 0.056317676 0.004501681 0.998402774 28.858381271
0.998374224 0.002146391 -0.056959286 -1.555850506 -0.002105133 0.999997497 0.000784337 -0.310915381 0.056960829 -0.000663155 0.998376191 29.862106323
0.998337865 -0.001363684 -0.057616156 -1.610775828 0.001604395 0.999990165 0.004131799 -0.322443277 0.057609953 -0.004217371 0.998330235 30.860479355
0.998241246 -0.008617126 -0.058653235 -1.656581402 0.008845273 0.999954283 0.003631253 -0.334108204 0.058619261 -0.004143670 0.998271823 31.864870071
0.998118937 -0.011252281 -0.060265467 -1.712254286 0.011262425 0.999936581 -0.000171363 -0.339684516 0.060263570 -0.000507694 0.998182356 32.874481201
0.998042047 -0.010702480 -0.061624125 -1.774375200 0.010456243 0.999935985 -0.004316899 -0.346245617 0.061666384 0.003664090 0.998090088 33.875843048
0.997913599 -0.009794749 -0.063815802 -1.839067936 0.009490060 0.999942064 -0.005075905 -0.356466860 0.063861825 0.004459699 0.997948766 34.901721954
0.997853279 -0.009739499 -0.064760931 -1.902303815 0.009520685 0.999947906 -0.003686544 -0.370149851 0.064793460 0.003062061 0.997893989 35.926746368
0.997805715 -0.006836642 -0.065856025 -1.975519419 0.006783380 0.999976456 -0.001032350 -0.380361110 0.065861531 0.000583358 0.997828603 36.957420349
0.997740805 -0.006142216 -0.066899210 -2.049701452 0.006190966 0.999980688 0.000521407 -0.400674611 0.066894718 -0.000934400 0.997759581 37.985595703
0.997670472 -0.004196352 -0.068088010 -2.117616415 0.004408867 0.999985874 0.002971203 -0.413379312 0.068074577 -0.003264473 0.997674882 39.025558472
0.997675359 -0.005339337 -0.067936346 -2.191677570 0.005780644 0.999963462 0.006300976 -0.422090977 0.067900218 -0.006679045 0.997669756 40.057788849
0.997677326 0.001004655 -0.068110123 -2.276221037 -0.000440979 0.999965549 0.008290485 -0.426049650 0.068116106 -0.008241194 0.997643352 41.087356567
0.997644484 0.000387563 -0.068595521 -2.348087549 0.000158513 0.999968350 0.007955192 -0.434713930 0.068596430 -0.007947327 0.997612834 42.131313324
0.997645795 0.000357057 -0.068576790 -2.416625261 0.000069816 0.999980628 0.006222247 -0.440641373 0.068577684 -0.006212386 0.997626424 43.162410736
0.997637808 0.002667635 -0.068642065 -2.493655205 -0.002419087 0.999990225 0.003703811 -0.439251542 0.068651274 -0.003529010 0.997634470 44.192565918
0.997571945 0.002550503 -0.069596462 -2.569004059 -0.002289734 0.999990046 0.003826387 -0.450329632 0.069605529 -0.003657739 0.997567892 45.223705292
0.997472942 -0.000571015 -0.071044765 -2.632863760 0.000944197 0.999985933 0.005219305 -0.459245920 0.071040787 -0.005273196 0.997459471 46.239376068
0.997408092 -0.000081346 -0.071951821 -2.704527855 0.000534079 0.999980211 0.006272964 -0.471357048 0.071949884 -0.006295133 0.997388363 47.251979828
0.997384667 0.001883199 -0.072251163 -2.784500360 -0.001675379 0.999994278 0.002936850 -0.479554296 0.072256282 -0.002808121 0.997382164 48.270248413
0.997324824 0.002494893 -0.073054910 -2.859164000 -0.002612288 0.999995470 -0.001511441 -0.484463155 0.073050804 0.001698238 0.997326791 49.261325836
0.997272670 0.002998986 -0.073744282 -2.938828945 -0.003190070 0.999991834 -0.002473512 -0.497746706 0.073736265 0.002702015 0.997274101 50.278106689
0.997281492 0.001617429 -0.073668450 -3.012562275 -0.001533601 0.999998093 0.001194452 -0.512389660 0.073670238 -0.001078227 0.997282088 51.277481079
0.997247100 -0.000768676 -0.074146047 -3.083801985 0.001072378 0.999991179 0.004056284 -0.518224180 0.074142277 -0.004124630 0.997239172 52.279418945
0.997226596 -0.002674033 -0.074377187 -3.154857159 0.003031401 0.999984384 0.004692333 -0.529603541 0.074363478 -0.004904787 0.997219145 53.267620087
0.997198880 -0.006035586 -0.074551687 -3.225947380 0.006331568 0.999972999 0.003734450 -0.541256726 0.074527130 -0.004196018 0.997210145 54.255950928
0.997143567 -0.008868740 -0.075007379 -3.293717623 0.009081638 0.999955654 0.002497750 -0.550048888 0.074981898 -0.003171805 0.997179866 55.228061676
0.997045636 -0.010660906 -0.076067761 -3.366266966 0.010965875 0.999933422 0.003592614 -0.556679547 0.076024391 -0.004416150 0.997096181 56.204776764
0.996919155 -0.013572660 -0.077252336 -3.437655449 0.014220010 0.999868214 0.007835740 -0.568623483 0.077135801 -0.008910129 0.996980786 57.192298889
0.996856153 -0.014173154 -0.077954568 -3.508829832 0.015182492 0.999808192 0.012370357 -0.568666697 0.077764288 -0.013515011 0.996880174 58.165641785
0.996836662 -0.012464601 -0.078493819 -3.587378979 0.013677455 0.999794960 0.014932933 -0.576547384 0.078291588 -0.015959291 0.996802747 59.144588470
0.996728897 -0.011048222 -0.080059290 -3.664254904 0.011981695 0.999865592 0.011188754 -0.581517756 0.079924911 -0.012111399 0.996727288 60.105346680
0.996655524 -0.009756951 -0.081133306 -3.747961283 0.010066619 0.999943495 0.003408612 -0.587653041 0.081095472 -0.004213950 0.996697426 61.053127289
0.996577859 -0.007988687 -0.082272261 -3.826813936 0.007901249 0.999967813 -0.001388317 -0.596406460 0.082280703 0.000733513 0.996608913 61.991790771
0.996568561 -0.003214963 -0.082709022 -3.917333841 0.003187783 0.999994814 -0.000460681 -0.609821975 0.082710072 0.000195442 0.996573627 62.920227051
0.996498287 -0.000398168 -0.083612457 -3.999373674 0.000555196 0.999998152 0.001854801 -0.623836517 0.083611563 -0.001894728 0.996496618 63.838554382
0.996377409 0.001927516 -0.085019626 -4.080067158 -0.001637097 0.999992609 0.003485499 -0.640565932 0.085025713 -0.003333688 0.996373177 64.749023438
0.996315300 0.002611283 -0.085726023 -4.160115242 -0.002353001 0.999992371 0.003113776 -0.647070467 0.085733496 -0.002900589 0.996313870 65.634315491
0.996172905 0.004621606 -0.087282442 -4.254023552 -0.004286235 0.999982715 0.004029396 -0.660318255 0.087299548 -0.003639861 0.996175468 66.522621155
0.996042550 0.005387150 -0.088714443 -4.333407402 -0.004999528 0.999976993 0.004590952 -0.671010315 0.088737130 -0.004129253 0.996046543 67.387931824
0.995899796 0.005087825 -0.090319879 -4.408792973 -0.004630465 0.999975383 0.005272596 -0.685176909 0.090344481 -0.004832754 0.995898843 68.232139587
0.995786965 0.004684002 -0.091576971 -4.487641811 -0.004130247 0.999972045 0.006235472 -0.689506114 0.091603614 -0.005830966 0.995778501 69.073783875
0.995634556 0.007825248 -0.093008853 -4.566205502 -0.007026092 0.999935567 0.008916609 -0.698461235 0.093072630 -0.008224195 0.995625377 69.895950317
0.995534420 0.009106953 -0.093959242 -4.652963638 -0.007920408 0.999884188 0.012993504 -0.704259813 0.094066694 -0.012191284 0.995491266 70.706581116
0.995325208 0.012306201 -0.095792808 -4.733660221 -0.010940970 0.999831140 0.014764162 -0.708533168 0.095958322 -0.013647076 0.995291770 71.498664856
0.995167673 0.015102862 -0.097021416 -4.816339970 -0.014140135 0.999843836 0.010602795 -0.715848625 0.097166389 -0.009179663 0.995225787 72.271919250
0.995045781 0.014653304 -0.098332018 -4.895156860 -0.014376982 0.999890447 0.003518110 -0.726978183 0.098372795 -0.002086963 0.995147467 73.020484924
0.994905293 0.014026678 -0.099833682 -4.971670628 -0.014343584 0.999894083 -0.002457228 -0.733230948 0.099788643 0.003876682 0.995001078 73.750244141
0.994847000 0.014992720 -0.100273199 -5.046315193 -0.015417968 0.999875128 -0.003467237 -0.743810415 0.100208692 0.004995379 0.994953871 74.464431763
0.994746268 0.017672865 -0.100833930 -5.132205486 -0.017739676 0.999842584 0.000234125 -0.758841574 0.100822195 0.001555867 0.994903266 75.159431458
0.994613826 0.017834025 -0.102104113 -5.204254150 -0.017665798 0.999840677 0.002551672 -0.775807977 0.102133349 -0.000734178 0.994770467 75.833145142
0.994574666 0.014637146 -0.102990046 -5.274085045 -0.014814228 0.999889791 -0.000954677 -0.784029484 0.102964722 0.002475216 0.994681954 76.485870361
0.994655967 0.006922589 -0.103012845 -5.329983234 -0.007589393 0.999952674 -0.006082480 -0.799766660 0.102965862 0.006831780 0.994661450 77.119415283
0.994791687 0.002825255 -0.101889603 -5.391175270 -0.003943826 0.999934137 -0.010778496 -0.813671410 0.101852439 0.011124194 0.994737327 77.744125366
0.995073617 0.004851757 -0.099020198 -5.443060875 -0.005965893 0.999922156 -0.010958610 -0.827265859 0.098959319 0.011495368 0.995025098 78.332626343
0.995445073 0.009858882 -0.094825856 -5.508607388 -0.010648554 0.999912679 -0.007825179 -0.841446042 0.094740428 0.008799294 0.995463133 78.919494629
0.995919168 0.008435577 -0.089854874 -5.563982964 -0.008943977 0.999946177 -0.005256855 -0.844222665 0.089805692 0.006039062 0.995940983 79.502784729
0.996421695 0.004832365 -0.084383048 -5.596275806 -0.004911894 0.999987662 -0.000734891 -0.864366174 0.084378451 0.001146741 0.996433139 80.053253174
0.997084022 0.000504075 -0.076309659 -5.625635624 -0.000296516 0.999996245 0.002731269 -0.874155283 0.076310746 -0.002700678 0.997080445 80.598297119
0.997828364 0.004083528 -0.065741219 -5.653599739 -0.003928352 0.999989212 0.002489513 -0.884611905 0.065750681 -0.002225853 0.997833610 81.134101868
0.998676479 0.009166528 -0.050608363 -5.682864666 -0.009048907 0.999955773 0.002552767 -0.901039898 0.050629523 -0.002091438 0.998715341 81.649810791
0.999373972 0.014199330 -0.032403827 -5.695264816 -0.014110710 0.999896049 0.002961945 -0.903154612 0.032442518 -0.002502849 0.999470472 82.158363342
0.999868572 0.012618726 -0.010179616 -5.682057858 -0.012581029 0.999913812 0.003758785 -0.912607670 0.010226169 -0.003630221 0.999941111 82.654220581
0.999824047 0.009344352 0.016264606 -5.656601906 -0.009412454 0.999947250 0.004115579 -0.909948885 -0.016225291 -0.004267945 0.999859273 83.136367798
0.998935342 0.008151050 0.045406941 -5.612563133 -0.008446652 0.999944329 0.006321991 -0.927795768 -0.045352884 -0.006698797 0.998948574 83.586135864
0.996868193 0.007765800 0.078698769 -5.557990551 -0.008374532 0.999937475 0.007407864 -0.929023147 -0.078636326 -0.008043729 0.996870935 84.054580688
0.993184805 0.007836781 0.116286293 -5.478971481 -0.008803193 0.999930859 0.007799364 -0.932310522 -0.116217129 -0.008769901 0.993185103 84.502197266
0.987441421 0.007863144 0.157789737 -5.380303860 -0.009248236 0.999924839 0.008045761 -0.941239655 -0.157714620 -0.009403994 0.987439930 84.943580627
0.979235590 0.007540446 0.202585369 -5.269754410 -0.009469889 0.999918580 0.008556494 -0.950082123 -0.202504352 -0.010297284 0.979227245 85.344306946
0.967844605 0.009653391 0.251363516 -5.125024796 -0.011538318 0.999915302 0.006026037 -0.950891733 -0.251284033 -0.008732579 0.967873991 85.765075684
0.952548683 0.010627490 0.304200679 -4.965413094 -0.012146650 0.999921441 0.003101968 -0.956879258 -0.304143816 -0.006649795 0.952602923 86.152214050
0.932836711 0.011195273 0.360125482 -4.787290573 -0.012498946 0.999921024 0.001291458 -0.966352820 -0.360082597 -0.005705908 0.932902992 86.526733398
0.908494234 0.011877141 0.417728543 -4.602268696 -0.012781691 0.999918103 -0.000632172 -0.969414055 -0.417701840 -0.004764952 0.908571661 86.866165161
0.879870653 0.011830699 0.475065917 -4.373368263 -0.011918945 0.999924958 -0.002826303 -0.973251820 -0.475063711 -0.003175503 0.879945695 87.198486328
0.845961511 0.011229594 0.533125758 -4.134889603 -0.009970876 0.999936581 -0.005240611 -0.974716723 -0.533150792 -0.000882375 0.846019804 87.518615723
0.809123337 0.010652123 0.587542355 -3.870210648 -0.008856343 0.999943197 -0.005932584 -0.989078999 -0.587572157 -0.000403284 0.809171677 87.811355591
0.768909752 0.009588026 0.639285386 -3.588140488 -0.008142063 0.999953330 -0.005204351 -0.995993078 -0.639305472 -0.001203426 0.768951893 88.093002319
0.726013780 0.008984062 0.687621474 -3.296146393 -0.009779907 0.999948442 -0.002738791 -1.006560326 -0.687610567 -0.004736473 0.726064205 88.348007202
0.681151271 0.007642934 0.732102871 -2.980175018 -0.008233380 0.999962270 -0.002778937 -1.008507848 -0.732096493 -0.004134803 0.681188524 88.577438354
0.636481702 0.006626785 0.771263361 -2.650096893 -0.004615087 0.999977887 -0.004783347 -1.009787917 -0.771278024 -0.000514934 0.636498213 88.758728027
0.590009093 0.004051716 0.807386458 -2.303941727 0.001132695 0.999982297 -0.005845955 -1.017218709 -0.807395816 0.004363690 0.589994073 88.948509216
0.544158101 0.006795631 0.838955283 -1.959426880 -0.000648062 0.999970317 -0.007679530 -1.020004749 -0.838982522 0.003635184 0.544146299 89.111984253
0.496550143 0.009678795 0.867954135 -1.613910675 -0.004421297 0.999953032 -0.008621359 -1.027388573 -0.867996812 0.000443455 0.496569633 89.279129028
0.450858951 0.011391080 0.892522573 -1.263290405 -0.004701081 0.999934971 -0.010387206 -1.038865089 -0.892582893 0.000487345 0.450883210 89.421646118
0.408803225 0.009180479 0.912576377 -0.898174286 0.002249748 0.999936223 -0.011067126 -1.043848634 -0.912619770 0.006577344 0.408756495 89.536956787
0.368090153 0.001554446 0.929788828 -0.529953003 0.017088355 0.999818385 -0.008436560 -1.049223781 -0.929633081 0.018993977 0.367996752 89.641616821
0.334169507 -0.001724881 0.942511380 -0.157615662 0.020490980 0.999775290 -0.005435443 -1.054967523 -0.942290187 0.021129340 0.334129751 89.722297668
0.300801456 0.002356504 0.953683853 0.211811066 0.017604562 0.999812841 -0.008023143 -1.061480641 -0.953524292 0.019202560 0.300703704 89.821914673
0.269689977 0.009861923 0.962896705 0.584327698 0.007200698 0.999898970 -0.012257684 -1.075984955 -0.962920308 0.010239304 0.269591689 89.924102783
0.241560459 0.014105152 0.970283329 0.979904175 0.002012573 0.999884903 -0.015036524 -1.093542933 -0.970383763 0.005584998 0.241504252 90.013473511
0.215808451 0.015851805 0.976307154 1.378242493 0.003194053 0.999851406 -0.016940115 -1.109074831 -0.976430595 0.006774199 0.215725780 90.079971313
0.192025900 0.017150952 0.981239974 1.796333313 0.010527150 0.999753773 -0.019534685 -1.119671822 -0.981333375 0.014080825 0.191798031 90.141731262
0.172729254 0.023545574 0.984687984 2.217208862 0.018299185 0.999464989 -0.027108878 -1.116109848 -0.984799445 0.022701483 0.172205925 90.183685303
0.153060496 0.030354792 0.987750649 2.644104004 0.020117396 0.999225259 -0.033824794 -1.117679000 -0.988012135 0.025048211 0.152331233 90.233070374
0.135248482 0.031059127 0.990324795 3.096191406 0.017448664 0.999278903 -0.033722911 -1.131763220 -0.990658045 0.021840816 0.134609044 90.294441223
0.119841874 0.026552251 0.992437959 3.558731079 0.015520367 0.999469995 -0.028614556 -1.154587746 -0.992671728 0.018832223 0.119366229 90.343788147
0.105363786 0.023373527 0.994159162 4.033493042 0.016425533 0.999546468 -0.025241017 -1.175198436 -0.994298220 0.018989082 0.104932070 90.387527466
0.092315614 0.020937718 0.995509624 4.524795532 0.019038871 0.999558985 -0.022788400 -1.191103697 -0.995547771 0.021057105 0.091876268 90.418724060
0.080851138 0.020274553 0.996519983 5.036956787 0.022442296 0.999502599 -0.022156058 -1.204423666 -0.996473551 0.024155540 0.080355883 90.446006775
0.070765853 0.020964075 0.997272670 5.557777405 0.025783420 0.999406636 -0.022838511 -1.218385220 -0.997159719 0.027329285 0.070183337 90.472045898
0.062733769 0.021592505 0.997796774 6.100189209 0.027565148 0.999347031 -0.023359140 -1.231919527 -0.997649610 0.028969821 0.062097609 90.502258301
0.057236195 0.021865183 0.998121202 6.658248901 0.029742559 0.999279022 -0.023596102 -1.244232655 -0.997917533 0.031037230 0.056544602 90.526504517
0.051593781 0.022813544 0.998407602 7.241203308 0.029811878 0.999258339 -0.024373544 -1.264273167 -0.998223126 0.031021928 0.050875366 90.554054260
0.045470536 0.023471316 0.998690009 7.838035583 0.030712990 0.999218464 -0.024882114 -1.280087948 -0.998493552 0.031804159 0.044714153 90.582031250
0.041445494 0.023420012 0.998866379 8.455474854 0.033083070 0.999144912 -0.024799250 -1.301428914 -0.998593032 0.034073383 0.040635228 90.597564697
0.038537264 0.023330908 0.998984814 9.088279724 0.034470435 0.999101341 -0.024663381 -1.319762230 -0.998662531 0.035385903 0.037698448 90.617385864
0.035485268 0.022691378 0.999112666 9.740211487 0.035169717 0.999094546 -0.023940090 -1.340487242 -0.998751283 0.035988029 0.034655094 90.639053345
0.033070564 0.022232868 0.999205709 10.408256531 0.037308279 0.999028325 -0.023463709 -1.358430743 -0.998756468 0.038054604 0.032208979 90.658332825
0.032254100 0.021822551 0.999241471 11.098320007 0.041575521 0.998866975 -0.023156373 -1.376624584 -0.998614669 0.042290870 0.031310260 90.676361084
0.033502638 0.021230113 0.999213219 11.801704407 0.045414176 0.998709321 -0.022742108 -1.399485588 -0.998406410 0.046140362 0.032495260 90.693138123
0.035916150 0.021461878 0.999124348 12.537895203 0.046749372 0.998638749 -0.023131976 -1.414861798 -0.998260736 0.047539249 0.034863949 90.713226318
0.039701581 0.021385912 0.998982787 13.279457092 0.049303878 0.998511195 -0.023335256 -1.437540174 -0.997994542 0.050180167 0.038588047 90.741577148
0.044118762 0.020794777 0.998809993 14.041252136 0.049701307 0.998499632 -0.022983698 -1.456198573 -0.997789323 0.050656166 0.043019056 90.772094727
0.048013568 0.019261273 0.998661101 14.824134827 0.051235415 0.998450398 -0.021720512 -1.477754951 -0.997531891 0.052209686 0.046952307 90.811668396
0.052043259 0.017467458 0.998492181 15.615280151 0.051090609 0.998491108 -0.020130387 -1.500057340 -0.997337222 0.052061222 0.051072299 90.851211548
0.056107700 0.015581612 0.998303175 16.424057007 0.048093561 0.998675346 -0.018290430 -1.517910719 -0.997265756 0.049038187 0.055283964 90.903518677
0.060193419 0.014368880 0.998083293 17.245338440 0.047406349 0.998726964 -0.017237177 -1.543480754 -0.997060418 0.048353054 0.059435606 90.957702637
0.064255357 0.015429626 0.997814357 18.068511963 0.044470660 0.998842895 -0.018309277 -1.561795473 -0.996942282 0.045549925 0.063494861 91.014434814
0.067822993 0.019307641 0.997510612 18.906242371 0.042520288 0.998848379 -0.022224588 -1.592751980 -0.996790946 0.043921772 0.066923916 91.074325562
0.069328845 0.024247801 0.997299314 19.745014191 0.037018884 0.998953462 -0.026861455 -1.620232940 -0.996906936 0.038781177 0.068358660 91.138015747
0.068785310 0.027519509 0.997251868 20.580051422 0.034236077 0.998965561 -0.029928228 -1.648496866 -0.997043848 0.036200613 0.067771971 91.211730957
0.068898141 0.027066294 0.997256577 21.417640686 0.031753685 0.999065876 -0.029309195 -1.679932714 -0.997118354 0.033685923 0.067974329 91.271919250
0.068989873 0.025515087 0.997291088 22.264472961 0.029022638 0.999198437 -0.027571594 -1.710882545 -0.997195125 0.030846177 0.068194032 91.333221436
0.068777144 0.024183711 0.997338951 23.103580475 0.029719440 0.999212801 -0.026278624 -1.746047616 -0.997189343 0.031447724 0.068004251 91.393585205
0.068971574 0.023464683 0.997342825 23.951148987 0.027263906 0.999305606 -0.025396317 -1.778941393 -0.997246146 0.028943084 0.068283975 91.464431763
0.069292724 0.023776963 0.997312963 24.796123505 0.026050739 0.999331892 -0.025635088 -1.810576916 -0.997256160 0.027757065 0.068627000 91.528839111
0.069264948 0.023997365 0.997309625 25.629127502 0.023022907 0.999405921 -0.025646789 -1.847728252 -0.997332633 0.024737390 0.068671346 91.594741821
0.067942977 0.025413923 0.997365594 26.457553864 0.019904122 0.999442041 -0.026822753 -1.880418420 -0.997490764 0.021674104 0.067399204 91.656539917
0.065389037 0.025575168 0.997532070 27.283866882 0.017278522 0.999492586 -0.026758054 -1.906537294 -0.997710228 0.018985564 0.064913929 91.704109192
0.062170088 0.024293987 0.997770011 28.121509552 0.014813947 0.999571145 -0.025260890 -1.937381268 -0.997955799 0.016351385 0.061783552 91.754196167
0.056865633 0.021870136 0.998142302 28.947490692 0.012530196 0.999665678 -0.022617379 -1.968285203 -0.998303235 0.013793070 0.056572556 91.808731079
0.050809264 0.019610234 0.998515844 29.774166107 0.010425664 0.999742329 -0.020164829 -1.999771595 -0.998654008 0.011434752 0.050591707 91.850418091
0.043555856 0.019784216 0.998855233 30.599529266 0.010426293 0.999740481 -0.020256402 -2.029902458 -0.998996735 0.011296644 0.043338299 91.883956909
0.035053432 0.020916253 0.999166548 31.411983490 0.009691967 0.999726832 -0.021268003 -2.055469513 -0.999338448 0.010429407 0.034841180 91.907684326
0.024623454 0.021030247 0.999475598 32.238265991 0.011040576 0.999711990 -0.021307223 -2.084200382 -0.999635875 0.011559444 0.024384201 91.936408997
0.014499545 0.020200782 0.999690831 33.052921295 0.012302395 0.999716640 -0.020379739 -2.108303547 -0.999819219 0.012594091 0.014246941 91.944557190
0.003867865 0.019087916 0.999810338 33.861953735 0.011157775 0.999754727 -0.019130019 -2.140126228 -0.999930322 0.011229652 0.003653944 91.944030762
-0.007417679 0.018294578 0.999805093 34.665767670 0.012587715 0.999755144 -0.018200275 -2.165377378 -0.999893188 0.012450259 -0.007646084 91.937255859
-0.018159628 0.018476207 0.999664366 35.464141846 0.012720310 0.999752581 -0.018246766 -2.192472458 -0.999754190 0.012384688 -0.018390179 91.919250488
-0.029387236 0.019186240 0.999383986 36.262313843 0.012801234 0.999741018 -0.018816672 -2.220853329 -0.999486148 0.012240379 -0.029625297 91.898666382
-0.040237784 0.020346358 0.998982966 37.056987762 0.012192675 0.999728203 -0.019870430 -2.246617317 -0.999115765 0.011380733 -0.040475011 91.869888306
-0.050395131 0.021457626 0.998498797 37.839015961 0.013010407 0.999698460 -0.020826759 -2.270421028 -0.998644590 0.011941308 -0.050659060 91.825584412
-0.059675574 0.021955235 0.997976482 38.605705261 0.014193172 0.999675691 -0.021143919 -2.297813177 -0.998117030 0.012902677 -0.059967875 91.771057129
-0.069475770 0.022629762 0.997327089 39.398323059 0.014376750 0.999661565 -0.021681225 -2.322852373 -0.997480154 0.012832004 -0.069777489 91.721389771
-0.078707218 0.023280010 0.996625960 40.165378571 0.014787483 0.999644578 -0.022182699 -2.345844269 -0.996788144 0.012991651 -0.079023480 91.656463623
-0.087850094 0.022488685 0.995880008 40.910430908 0.015678680 0.999652505 -0.021190809 -2.376721621 -0.996010482 0.013752470 -0.088172078 91.594573975
-0.095090389 0.021428887 0.995238006 41.664653778 0.017628655 0.999647737 -0.019839499 -2.401540041 -0.995312572 0.015658163 -0.095434666 91.519989014
-0.100033522 0.020067148 0.994781733 42.402400970 0.020089369 0.999633551 -0.018144870 -2.424457312 -0.994781315 0.018169442 -0.100399971 91.436218262
-0.103701830 0.018268088 0.994440675 43.128643036 0.023535451 0.999596417 -0.015908487 -2.453679085 -0.994329929 0.021754870 -0.104089975 91.352577209
-0.106629133 0.016964126 0.994154155 43.852813721 0.024907436 0.999586284 -0.014385347 -2.475432158 -0.993986905 0.023227934 -0.107007623 91.278205872
-0.108461261 0.016188730 0.993968964 44.554214478 0.024884786 0.999598265 -0.013565004 -2.497066975 -0.993789256 0.023263426 -0.108820558 91.201492310
-0.109026074 0.016316431 0.993905008 45.237937927 0.025973761 0.999570668 -0.013560261 -2.523978472 -0.993699551 0.024337031 -0.109403014 91.124099731
-0.108208418 0.017261371 0.993978381 45.907749176 0.026660837 0.999540031 -0.014455548 -2.545865059 -0.993770659 0.024936084 -0.108618855 91.052932739
-0.105396390 0.018852893 0.994251668 46.556251526 0.027917482 0.999482274 -0.015992668 -2.570016623 -0.994038403 0.026071433 -0.105868101 90.985916138
-0.099874139 0.019728843 0.994804621 47.198871613 0.027691416 0.999471247 -0.017041298 -2.583920956 -0.994614840 0.025845563 -0.100367665 90.924194336
-0.091903329 0.020414662 0.995558739 47.811340332 0.027696088 0.999455452 -0.017937856 -2.605963707 -0.995382786 0.025924535 -0.092418671 90.869651794
-0.080507517 0.020270264 0.996548057 48.396366119 0.026817759 0.999475300 -0.018163305 -2.626975775 -0.996393323 0.025262905 -0.081008911 90.826271057
-0.066875339 0.020643516 0.997547805 48.973239899 0.026541235 0.999468982 -0.018903958 -2.643903971 -0.997408330 0.025211941 -0.067387700 90.799636841
-0.049640059 0.022068681 0.998523474 49.524452209 0.025424158 0.999459803 -0.020825459 -2.668063164 -0.998443663 0.024352841 -0.050174356 90.784530640
-0.028094649 0.024433039 0.999306679 50.071079254 0.023525055 0.999440491 -0.023774929 -2.694543839 -0.999328494 0.022840798 -0.028653741 90.782272339
-0.003907204 0.026953604 0.999629200 50.592586517 0.021057881 0.999417245 -0.026865589 -2.721816778 -0.999770761 0.020945106 -0.004472494 90.803344727
0.024427354 0.029145662 0.999276638 51.125919342 0.019299015 0.999374926 -0.029620292 -2.740880013 -0.999515295 0.020008601 0.023849607 90.829261780
0.057699502 0.028812079 0.997918189 51.643280029 0.017150538 0.999407351 -0.029846717 -2.759939432 -0.998186707 0.018836977 0.057171166 90.880752563
0.096014440 0.025930751 0.995042145 52.177028656 0.016454112 0.999482691 -0.027634174 -2.783586740 -0.995243967 0.019025814 0.095538139 90.946060181
0.138513505 0.022469768 0.990105748 52.686511993 0.014496459 0.999589503 -0.024713021 -2.801473141 -0.990254581 0.017776113 0.138130903 91.035995483
0.183724642 0.017708723 0.982818186 53.188934326 0.011588243 0.999729216 -0.020179696 -2.830461025 -0.982909381 0.015096644 0.183469713 91.152755737
0.231719494 0.014629424 0.972672641 53.677875519 0.006721464 0.999838948 -0.016639270 -2.847853184 -0.972759426 0.010393427 0.231583834 91.305419922
0.283361971 0.013149809 0.958922863 54.150485992 0.003243608 0.999887109 -0.014670044 -2.862304688 -0.959007561 0.007267304 0.283287346 91.475524902
0.338074565 0.012667357 0.941034019 54.610534668 0.002608764 0.999892950 -0.014396883 -2.880200148 -0.941115677 0.007322155 0.338005304 91.668502808
0.396452069 0.013125653 0.917961597 55.056484222 0.004979953 0.999852359 -0.016447341 -2.893824100 -0.918041945 0.011091987 0.396328151 91.883468628
0.454877138 0.016832566 0.890395105 55.464611053 0.005471651 0.999749660 -0.021695178 -2.908643007 -0.890537441 0.014740571 0.454671144 92.146682739
0.514397264 0.019746630 0.857324719 55.866584778 0.006934886 0.999606371 -0.027184736 -2.926227570 -0.857524037 0.019929204 0.514057875 92.421737671
0.572156310 0.024304718 0.819784343 56.210769653 0.002728732 0.999498844 -0.031537317 -2.938385963 -0.820140004 0.020281246 0.571803272 92.712951660
0.628295302 0.027522117 0.777487993 56.563941956 -0.000856987 0.999397933 -0.034684919 -2.946621895 -0.777974486 0.021126078 0.627940655 93.043136597
0.679732919 0.026990550 0.732962906 56.863666534 -0.002074658 0.999389470 -0.034877423 -2.981697798 -0.733456790 0.022186685 0.679373860 93.387977600
0.728371978 0.025882727 0.684692919 57.159393311 -0.003142150 0.999401927 -0.034436744 -2.995307922 -0.685174704 0.022931352 0.728017688 93.757034302
0.773350596 0.021326540 0.633619785 57.417907715 -0.004069936 0.999580443 -0.028676668 -3.016293287 -0.633965492 0.019598328 0.773112953 94.132514954
0.814503193 0.017222697 0.579903424 57.658977509 -0.005421805 0.999741614 -0.022076381 -3.027168751 -0.580133736 0.014837159 0.814386070 94.540954590
0.850869656 0.013453430 0.525204539 57.877525330 -0.006228390 0.999860108 -0.015521575 -3.042177916 -0.525339901 0.009935659 0.850834489 94.966110229
0.881689787 0.010281151 0.471717566 58.066650391 -0.006934056 0.999936938 -0.008833288 -3.048605204 -0.471778631 0.004517304 0.881705463 95.406753540
0.906942368 0.010509103 0.421123624 58.227474213 -0.010168875 0.999943614 -0.003053562 -3.063951254 -0.421131968 -0.001512948 0.906998098 95.852714539
0.926761985 0.012526678 0.375440061 58.364749908 -0.013605894 0.999907434 0.000223491 -3.074364901 -0.375402510 -0.005315321 0.926846623 96.297378540
0.941820145 0.018997394 0.335579991 58.477691650 -0.021061916 0.999774992 0.002513309 -3.080817938 -0.335456759 -0.009435044 0.942008376 96.729743958
0.953531623 0.023048142 0.300410002 58.588554382 -0.024722576 0.999692798 0.001773237 -3.087179899 -0.300276846 -0.009117747 0.953808546 97.199340820
0.962710381 0.025036279 0.269373268 58.700828552 -0.026490472 0.999647498 0.001764090 -3.085440636 -0.269234151 -0.008834133 0.963034213 97.676948547
0.968730628 0.019511789 0.247346401 58.815010071 -0.020610023 0.999785900 0.001851454 -3.089406967 -0.247257307 -0.006891376 0.968925357 98.169609070
0.972724438 0.015646424 0.231435403 58.934024811 -0.016734950 0.999856234 0.002740810 -3.100496531 -0.231359243 -0.006539113 0.972846389 98.658370972
0.975400925 0.020506565 0.219482347 59.016223907 -0.021453692 0.999767959 0.001932472 -3.098513126 -0.219391793 -0.006593641 0.975614548 99.168273926
0.977328002 0.026520519 0.210063532 59.105354309 -0.027591523 0.999616921 0.002168910 -3.097937822 -0.209925532 -0.007915708 0.977685332 99.684486389
0.978511333 0.033520915 0.203449920 59.207237244 -0.034428932 0.999406695 0.000924432 -3.094918489 -0.203298226 -0.007909129 0.979084909 100.212448120
0.978919625 0.037972078 0.200685143 59.300434113 -0.038170751 0.999267101 -0.002880886 -3.091454744 -0.200647458 -0.004840147 0.979651570 100.748451233
0.978930473 0.040095981 0.200218394 59.402225494 -0.039871901 0.999191523 -0.005153104 -3.112088919 -0.200263143 -0.002938557 0.979737759 101.293075562
0.978516161 0.038264647 0.202587992 59.519805908 -0.037261143 0.999267101 -0.008766426 -3.116633892 -0.202774972 0.001029431 0.979224801 101.846321106
0.977764249 0.037584726 0.206311673 59.648056030 -0.035302754 0.999268055 -0.014732315 -3.133985758 -0.206714377 0.007121361 0.978375435 102.406303406
0.976872444 0.037342910 0.210536823 59.773200989 -0.033920180 0.999227464 -0.019846285 -3.133923054 -0.211115301 0.012245842 0.977384448 102.984939575
0.975670695 0.042421322 0.215097964 59.895027161 -0.039172925 0.999045193 -0.019344406 -3.146633863 -0.215713203 0.010447754 0.976400852 103.581893921
0.974235475 0.045871243 0.220819086 60.019786835 -0.043576870 0.998933613 -0.015253192 -3.160354137 -0.221283302 0.005237597 0.975195527 104.199501038
0.973271430 0.042720053 0.225649685 60.167171478 -0.041475266 0.999086916 -0.010256411 -3.179406643 -0.225881800 0.000623392 0.974154532 104.809776306
0.972540081 0.038663756 0.229501337 60.319583893 -0.038537338 0.999244452 -0.005034562 -3.187676191 -0.229522601 -0.003948058 0.973295331 105.449859619
0.971762717 0.036445685 0.233128682 60.474697113 -0.037372351 0.999301314 -0.000442532 -3.197689295 -0.232981920 -0.008282531 0.972445786 106.087242126
0.971205592 0.032052241 0.236076891 60.634307861 -0.033079594 0.999452651 0.000391363 -3.205469608 -0.235935122 -0.008189422 0.971734285 106.732864380
0.971215069 0.028498385 0.236493394 60.800041199 -0.028685195 0.999584973 -0.002651509 -3.215671062 -0.236470804 -0.004208673 0.971629500 107.391052246
0.971343637 0.027875731 0.236039177 60.961860657 -0.026365818 0.999606729 -0.009551369 -3.224128723 -0.236212596 0.003054296 0.971696615 108.051994324
0.971527398 0.030233273 0.234990314 61.120876312 -0.027219880 0.999500513 -0.016057311 -3.236266851 -0.235358402 0.009203709 0.971865058 108.723854065
0.972029567 0.033199560 0.232500017 61.281703949 -0.029334290 0.999368250 -0.020063601 -3.244636059 -0.233019248 0.012682192 0.972389400 109.422279358
0.972681761 0.031613503 0.229980052 61.447486877 -0.028753787 0.999462008 -0.015776202 -3.256121635 -0.230355069 0.008732427 0.973067462 110.128059387
0.973070621 0.027550844 0.228854775 61.617595673 -0.026400596 0.999618709 -0.008086765 -3.272948503 -0.228990316 0.001827092 0.973426998 110.854446411
0.973561764 0.028183522 0.226678610 61.781269073 -0.028364835 0.999594629 -0.002458005 -3.282132149 -0.226656005 -0.004036681 0.973966539 111.593292236
0.973968029 0.030763248 0.224588186 61.948623657 -0.030904861 0.999518156 -0.002885626 -3.301099062 -0.224568740 -0.004130358 0.974449515 112.333419800
0.974339664 0.036216225 0.222150058 62.108299255 -0.035456229 0.999343753 -0.007409640 -3.313126564 -0.222272620 -0.000657097 0.974984348 113.079322815
0.975098252 0.037657656 0.218552768 62.270019531 -0.035709668 0.999279499 -0.012857719 -3.319789886 -0.218879476 0.004733094 0.975740433 113.842880249
0.976020634 0.036538124 0.214589551 62.438377380 -0.033947106 0.999299526 -0.015748458 -3.333334208 -0.215014651 0.008086126 0.976577342 114.612312317
0.976942122 0.034112506 0.210761636 62.608070374 -0.031832203 0.999392271 -0.014203526 -3.349753380 -0.211118072 0.007167017 0.977434278 115.397529602
0.977810204 0.030394651 0.207275972 62.777851105 -0.028526455 0.999521017 -0.011996737 -3.368745327 -0.207541332 0.005817683 0.978208959 116.196105957
0.978240073 0.029272556 0.205400810 62.949565887 -0.027997615 0.999566436 -0.009111340 -3.383909941 -0.205578476 0.003162345 0.978635550 117.002922058
0.978542507 0.026007146 0.204397038 63.116550446 -0.025164736 0.999660730 -0.006720047 -3.402908087 -0.204502463 0.001432255 0.978865027 117.813323975
0.978730619 0.021285838 0.204042390 63.288505554 -0.020617329 0.999772847 -0.005401776 -3.418083191 -0.204111010 0.001080076 0.978947163 118.631759644
0.978837729 0.021920957 0.203460619 63.458477020 -0.021523612 0.999759674 -0.004165744 -3.423962593 -0.203503028 -0.000301620 0.979074240 119.465530396
0.978546083 0.027561260 0.204176217 63.618244171 -0.026923733 0.999620080 -0.005900172 -3.438986540 -0.204261258 0.000276404 0.978916347 120.293289185
0.978354752 0.033165198 0.204259843 63.795406342 -0.031914212 0.999446273 -0.009416504 -3.450731277 -0.204459041 0.002693888 0.978871405 121.132965088
0.977823019 0.042270914 0.205122545 63.954250336 -0.040887050 0.999103427 -0.010982289 -3.461828232 -0.205402866 0.002351880 0.978674710 121.981666565
0.976890624 0.048039306 0.208271384 64.114997864 -0.046957504 0.998845458 -0.010138210 -3.485993862 -0.208517954 0.000124019 0.978018522 122.836952209
0.976190984 0.050150253 0.211035952 64.294128418 -0.049565028 0.998738348 -0.008065204 -3.503632307 -0.211174160 -0.002586821 0.977445006 123.692924500
0.975595236 0.050914750 0.213592291 64.475090027 -0.050117627 0.998701394 -0.009148809 -3.515737057 -0.213780746 -0.001779205 0.976880074 124.564208984
0.975213587 0.049307339 0.215701804 64.659080505 -0.047859710 0.998782814 -0.011932592 -3.534790993 -0.216027617 0.001313401 0.976386368 125.414817810
0.975317240 0.042864379 0.216607898 64.856758118 -0.041612744 0.999080300 -0.010338178 -3.555802584 -0.216851830 0.001069354 0.976203918 126.266601562
0.975520074 0.036004882 0.216942847 65.058639526 -0.034273539 0.999343514 -0.011739138 -3.578143835 -0.217223093 0.004016366 0.976113737 127.119705200
0.975142181 0.036167819 0.218608245 65.243431091 -0.034471687 0.999338686 -0.011569127 -3.604016304 -0.218882114 0.003745750 0.975744128 127.982925415
0.974762857 0.038071405 0.219972581 65.433654785 -0.036963705 0.999274731 -0.009150902 -3.614394665 -0.220161423 0.000788958 0.975463152 128.829162598
0.974358737 0.040188324 0.221381932 65.617996216 -0.040467069 0.999175489 -0.003278250 -3.632071018 -0.221331149 -0.005764486 0.975181699 129.687637329
0.973986447 0.043386314 0.222414225 65.806564331 -0.044661254 0.999001920 0.000703387 -3.648174286 -0.222161725 -0.010618387 0.974951982 130.547348022
0.973838449 0.043095980 0.223117530 65.999794006 -0.042999566 0.999061048 -0.005292663 -3.669342995 -0.223136127 -0.004439757 0.974777162 131.387664795
0.974102437 0.038442187 0.222815335 66.197639465 -0.034857225 0.999192119 -0.020001419 -3.686395168 -0.223404229 0.011716707 0.974655449 132.216354370
