1.000000000 0.000000000 0.000000000 0.000000000 0.000000000 1.000000000 0.000000000 0.000000000 0.000000000 0.000000000 1.000000000 0.000000000
0.999998808 0.000473930 0.001461428 -0.003039626 -0.000467430 0.999989986 -0.004445156 -0.003002846 -0.001463520 0.004444468 0.999989033 0.976222336
0.999995947 -0.002056325 0.001957014 0.006066168 0.002066563 0.999984145 -0.005243793 0.000145015 -0.001946200 0.005247816 0.999984324 1.948045731
0.999992311 -0.003342025 0.002053096 0.003866411 0.003344882 0.999993443 -0.001389825 -0.001779026 -0.002048437 0.001396681 0.999996901 2.922315121
0.999983251 -0.005658394 0.001218268 0.010623990 0.005652639 0.999973059 0.004677061 -0.004076315 -0.001244700 -0.004670096 0.999988317 3.897644281
0.999952853 -0.009695796 -0.000557121 0.022115739 0.009698314 0.999941885 0.004708512 0.000798953 0.000511436 -0.004713693 0.999988735 4.862318039
0.999922395 -0.012358070 -0.001560010 0.024966542 0.012360774 0.999922097 0.001735426 0.003653264 0.001538442 -0.001754575 0.999997258 5.819033623
0.999914289 -0.012793801 -0.002772728 0.026468914 0.012789096 0.999916732 -0.001708134 0.005919167 0.002794351 0.001672527 0.999994695 6.771862984
0.999914765 -0.012555050 -0.003579651 0.019893298 0.012547833 0.999919236 -0.002031424 0.003099943 0.003604867 0.001986334 0.999991536 7.723680973
0.999918342 -0.012156138 -0.003940919 0.003982700 0.012154728 0.999926031 -0.000381599 0.003859550 0.003945266 0.000333667 0.999992132 8.685069084
0.999921143 -0.011769847 -0.004383219 -0.011871800 0.011781609 0.999927044 0.002667215 0.004995074 0.004351507 -0.002718646 0.999986827 9.636805534
0.999909461 -0.012235842 -0.005594779 -0.012504120 0.012258703 0.999916553 0.004070266 0.007640568 0.005544509 -0.004138482 0.999976039 10.584964752
0.999886215 -0.013634940 -0.006454037 -0.017549442 0.013666419 0.999894798 0.004858737 0.012926633 0.006387109 -0.004946388 0.999967396 11.528648376
0.999881446 -0.013723665 -0.006981477 -0.028017065 0.013757043 0.999894083 0.004755520 0.018083302 0.006915474 -0.004851000 0.999964297 12.462744713
0.999869287 -0.014091899 -0.007928992 -0.032410454 0.014120896 0.999893785 0.003613143 0.017377028 0.007877233 -0.003724635 0.999962032 13.382619858
0.999857187 -0.014240467 -0.009098234 -0.050109722 0.014252770 0.999897599 0.001288883 0.025640272 0.009078948 -0.001418374 0.999957800 14.321054459
0.999830246 -0.015255129 -0.010331734 -0.070191145 0.015255503 0.999883652 -0.000042621 0.028036406 0.010331182 -0.000115002 0.999946654 15.262416840
0.999812245 -0.014886586 -0.012403755 -0.075572848 0.014881251 0.999889135 -0.000522278 0.029155456 0.012410155 0.000337597 0.999922931 16.188095093
0.999820709 -0.013448033 -0.013329550 -0.110432714 0.013430931 0.999908864 -0.001371749 0.027869092 0.013346782 0.001192475 0.999910235 17.116230011
0.999816597 -0.012084311 -0.014856985 -0.133898392 0.012067058 0.999926388 -0.001250316 0.025049012 0.014871000 0.001070806 0.999888837 18.044351578
0.999778092 -0.012953388 -0.016614236 -0.146542504 0.012937352 0.999915719 -0.001072339 0.032367066 0.016626727 0.000857156 0.999861419 18.953588486
0.999756277 -0.012309418 -0.018327646 -0.161719635 0.012319513 0.999924004 0.000437951 0.031067558 0.018320862 -0.000663632 0.999831915 19.866174698
0.999723256 -0.011759927 -0.020374458 -0.172404766 0.011784197 0.999929965 0.001071570 0.031686671 0.020360429 -0.001311370 0.999791861 20.774740219
0.999702394 -0.013060386 -0.020603186 -0.214843899 0.013082350 0.999913990 0.000931604 0.028765658 0.020589247 -0.001200865 0.999787271 21.690790176
0.999663353 -0.013171484 -0.022354288 -0.234827116 0.013187851 0.999912858 0.000584907 0.029133502 0.022344636 -0.000879515 0.999749959 22.589937210
0.999644160 -0.012935070 -0.023329861 -0.258742422 0.012953734 0.999915898 0.000649029 0.030792218 0.023319503 -0.000951007 0.999727607 23.438507080
0.999605894 -0.012679026 -0.025046222 -0.273792714 0.012742698 0.999915957 0.002384225 0.035401348 0.025013888 -0.002702442 0.999683440 24.318944931
0.999580264 -0.013895432 -0.025419896 -0.301640034 0.014035333 0.999887288 0.005333500 0.036193423 0.025342919 -0.005688038 0.999662638 25.186035156
0.999561071 -0.014512665 -0.025826685 -0.331205904 0.014698737 0.999867260 0.007029452 0.037392870 0.025721241 -0.007405986 0.999641716 26.043567657
0.999551117 -0.013687674 -0.026649605 -0.355655789 0.013848116 0.999887049 0.005845173 0.036985774 0.026566587 -0.006211597 0.999627769 26.896223068
0.999542356 -0.012374564 -0.027602410 -0.380418092 0.012459169 0.999918163 0.002895263 0.045148239 0.027564324 -0.003237841 0.999614775 27.726409912
0.999522567 -0.011934406 -0.028499652 -0.404797554 0.011986439 0.999926805 0.001655578 0.043932389 0.028477807 -0.001996396 0.999592423 28.547437668
0.999516368 -0.010641705 -0.029219501 -0.435260326 0.010681571 0.999942243 0.001208610 0.047563776 0.029204952 -0.001520136 0.999572277 29.341390610
0.999473691 -0.010690535 -0.030628143 -0.458932221 0.010723702 0.999942064 0.000918802 0.045872811 0.030616546 -0.001246765 0.999530435 30.139074326
0.999418378 -0.009972290 -0.032610312 -0.489145815 0.009974214 0.999950230 -0.000103672 0.047629777 0.032609724 -0.000221651 0.999468148 30.918079376
0.999351561 -0.010107919 -0.034558985 -0.521720052 0.010117220 0.999948800 0.000094262 0.043790653 0.034556266 -0.000443842 0.999402642 31.690269470
0.999274909 -0.010560462 -0.036580328 -0.546590745 0.010600430 0.999943435 0.000898832 0.047076531 0.036568768 -0.001285948 0.999330282 32.513912201
0.999200344 -0.010770019 -0.038505368 -0.579167306 0.010898191 0.999935746 0.003120316 0.049763642 0.038469285 -0.003537460 0.999253511 33.278766632
0.999127030 -0.009029840 -0.040787265 -0.606497109 0.009215725 0.999947965 0.004371698 0.056434728 0.040745668 -0.004743766 0.999158263 34.027103424
0.999063790 -0.008195925 -0.042478487 -0.647578359 0.008405178 0.999953389 0.004749835 0.052808855 0.042437576 -0.005102427 0.999086082 34.767463684
0.998998761 -0.005494213 -0.044399858 -0.684718132 0.005671735 0.999976397 0.003873290 0.056948055 0.044377528 -0.004121236 0.999006331 35.495964050
0.998919129 -0.004112595 -0.046299260 -0.721628964 0.004269741 0.999985456 0.003295759 0.056713484 0.046285030 -0.003489883 0.998922169 36.224716187
0.998827219 -0.003840488 -0.048264086 -0.751844406 0.004053767 0.999982417 0.004321889 0.062125500 0.048246641 -0.004512471 0.998825252 36.942123413
0.998792768 -0.001955427 -0.049083233 -0.794219017 0.002241741 0.999980807 0.005778853 0.072367147 0.049070988 -0.005881909 0.998777986 37.662799835
0.998794556 0.000116147 -0.049086295 -0.837109149 0.000204894 0.999978602 0.006535251 0.070310391 0.049086004 -0.006537430 0.998773158 38.363811493
0.998824656 0.003328458 -0.048355162 -0.869902611 -0.003103253 0.999983966 0.004731624 0.072209008 0.048370138 -0.004576004 0.998818994 39.045639038
0.998910189 0.005104118 -0.046393257 -0.910763800 -0.005030339 0.999985874 0.001706918 0.073376641 0.046401314 -0.001471684 0.998921812 39.705329895
0.999013245 0.005425433 -0.044081189 -0.943195105 -0.005448295 0.999985099 -0.000398506 0.076980725 0.044078369 0.000638280 0.999027848 40.371063232
0.999130487 0.006859961 -0.041123759 -0.972894549 -0.006849026 0.999976456 0.000406778 0.081119671 0.041125581 -0.000124767 0.999153972 41.026943207
0.999221325 0.010990799 -0.037894420 -1.003413320 -0.010871384 0.999935269 0.003355878 0.077561803 0.037928853 -0.002941300 0.999276102 41.679782867
0.999310672 0.015362306 -0.033795979 -1.036135435 -0.015142085 0.999862492 0.006762543 0.077476889 0.033895217 -0.006246140 0.999405861 42.302295685
0.999342024 0.020032668 -0.030236086 -1.050411820 -0.019808639 0.999774218 0.007690820 0.077273607 0.030383328 -0.007086825 0.999513209 42.945064545
0.999409437 0.023707548 -0.024874138 -1.069644928 -0.023518533 0.999692500 0.007864117 0.084514692 0.025052927 -0.007274469 0.999659657 43.546955109
0.999444664 0.027392935 -0.018972032 -1.088256121 -0.027209923 0.999581337 0.009838403 0.089532919 0.019233592 -0.009316713 0.999771595 44.124011993
0.999392271 0.032532509 -0.012521310 -1.100608945 -0.032391608 0.999411404 0.011295984 0.089027144 0.012881427 -0.010883533 0.999857783 44.695636749
0.999339044 0.035972510 -0.005236877 -1.116342902 -0.035914481 0.999296665 0.010782831 0.093031719 0.005621080 -0.010587624 0.999928176 45.261745453
0.999218166 0.039484154 0.002009347 -1.116795897 -0.039503817 0.999159634 0.010927942 0.095416151 -0.001576178 -0.010998774 0.999938250 45.789192200
0.999006748 0.043513294 0.009596465 -1.115965843 -0.043610472 0.998996913 0.010160994 0.104756743 -0.009144701 -0.010569408 0.999902308 46.294284821
0.998715341 0.047726765 0.017023664 -1.110432744 -0.047857143 0.998827279 0.007335007 0.107570983 -0.016653623 -0.008140287 0.999828160 46.761318207
0.998439193 0.049820859 0.025239848 -1.107351065 -0.049947821 0.998742044 0.004424502 0.105824918 -0.024987664 -0.005678271 0.999671638 47.229957581
0.998191476 0.050167631 0.033121653 -1.091383219 -0.050332844 0.998723805 0.004172782 0.109769866 -0.032870043 -0.005832342 0.999442637 47.667861938
0.997934759 0.049579803 0.040841695 -1.067106962 -0.049848028 0.998741269 0.005574896 0.108749755 -0.040513884 -0.007599261 0.999150097 48.067314148
0.997488260 0.051095869 0.049054772 -1.043268919 -0.051462114 0.998655498 0.006231518 0.113098308 -0.048670415 -0.008740327 0.998776674 48.471012115
0.996865213 0.054400366 0.057448719 -1.020961761 -0.054857474 0.998473644 0.006408796 0.109290294 -0.057012390 -0.009540197 0.998327911 48.837844849
0.996057987 0.059237164 0.066026121 -0.997070849 -0.059736826 0.998198330 0.005617492 0.114147402 -0.065574400 -0.009539538 0.997802079 49.171749115
0.995185137 0.062978804 0.075101018 -0.977683961 -0.063598417 0.997958243 0.005885229 0.107835680 -0.074577034 -0.010633199 0.997158587 49.481845856
0.994487464 0.062335934 0.084314309 -0.939650357 -0.063103832 0.997986019 0.006470770 0.108308479 -0.083741136 -0.011755655 0.996418178 49.775012970
0.993618488 0.061052639 0.094841592 -0.896894217 -0.061773553 0.998079240 0.004681176 0.106515527 -0.094373621 -0.010510004 0.995481372 50.049434662
0.992512167 0.059862107 0.106471322 -0.860232592 -0.060243979 0.998183608 0.000371033 0.102049530 -0.106255718 -0.006782510 0.994315684 50.314266205
0.990934014 0.060917847 0.119744591 -0.819602609 -0.060923044 0.998135924 -0.003620809 0.101046234 -0.119741954 -0.003707222 0.992798150 50.583492279
0.988855064 0.062506996 0.135124043 -0.773769796 -0.062281109 0.998041213 -0.005902447 0.100716665 -0.135228306 -0.002579009 0.990811110 50.851707458
0.986319244 0.064453416 0.151723877 -0.736195087 -0.064113118 0.997917116 -0.007139057 0.100844845 -0.151867986 -0.002686100 0.988397121 51.140647888
0.983567774 0.065110490 0.168389767 -0.675592422 -0.064604737 0.997874856 -0.008486177 0.099128425 -0.168584451 -0.002532047 0.985683978 51.403610229
0.980363905 0.063903950 0.186555490 -0.615543485 -0.063169345 0.997953832 -0.009885782 0.103284210 -0.186805516 -0.002092924 0.982394695 51.666278839
0.976562500 0.063083097 0.205782026 -0.543315411 -0.062342696 0.998003840 -0.010086564 0.097499520 -0.206007540 -0.002978846 0.978545845 51.913990021
0.972047389 0.063378431 0.226068661 -0.471016049 -0.062431823 0.997984767 -0.011341750 0.097213089 -0.226331905 -0.003089159 0.974045336 52.168292999
0.966810644 0.065161690 0.247044757 -0.394312739 -0.063807607 0.997871041 -0.013491830 0.092753828 -0.247397944 -0.002719288 0.968910158 52.412540436
0.960558236 0.066964991 0.269895405 -0.314640045 -0.065163895 0.997752011 -0.015638428 0.088479638 -0.270335913 -0.002565813 0.962762654 52.656822205
0.953434825 0.067984462 0.293836951 -0.213956654 -0.066014148 0.997680068 -0.016630149 0.076281428 -0.294285893 -0.003541636 0.955710888 52.899612427
0.944868505 0.071097501 0.319638252 -0.111793220 -0.069074288 0.997454882 -0.017677581 0.072200775 -0.320081562 -0.005375795 0.947374761 53.154792786
0.935080469 0.072896533 0.346858174 -0.000071168 -0.070804946 0.997314572 -0.018717878 0.065048337 -0.347291172 -0.007056550 0.937730789 53.405235291
0.923988760 0.073767304 0.375237465 0.124912977 -0.071476482 0.997240901 -0.020041468 0.055106580 -0.375680566 -0.008302560 0.926712036 53.646511078
0.911451697 0.071793854 0.405094415 0.265461087 -0.068697080 0.997390568 -0.022198394 0.048792839 -0.405631036 -0.007596043 0.914005339 53.888004303
0.896754861 0.069153816 0.437090993 0.430339217 -0.064775452 0.997588277 -0.024936074 0.042337835 -0.437761247 -0.005951222 0.899071574 54.134174347
0.879560471 0.068221614 0.470870733 0.592389107 -0.061798748 0.997664094 -0.029108871 0.030441582 -0.471756667 -0.003496207 0.881721854 54.360664368
0.860226333 0.070018075 0.505082309 0.751131535 -0.061038621 0.997544885 -0.034329336 0.023848653 -0.506245911 -0.001298529 0.862388194 54.577445984
0.838327467 0.071835093 0.540413558 0.936113358 -0.060501736 0.997416496 -0.038728192 0.013501406 -0.541799426 -0.000229044 0.840507805 54.816547394
0.813948274 0.074857414 0.576094210 1.144834995 -0.061669812 0.997193754 -0.042443246 0.004258513 -0.577654779 -0.000981015 0.816280603 55.052246094
0.786664963 0.078893445 0.612318635 1.355429173 -0.064713113 0.996875107 -0.045302186 -0.011059403 -0.613979220 -0.003987398 0.789312124 55.284675598
0.756791651 0.082711741 0.648402035 1.595339775 -0.067764841 0.996544600 -0.048028961 -0.027437091 -0.650134146 -0.007590941 0.759781599 55.528430939
0.723806381 0.084241532 0.684841335 1.852061272 -0.067871377 0.996398270 -0.050832767 -0.041141868 -0.686656952 -0.009688043 0.726917028 55.761329651
0.687385917 0.081529662 0.721701860 2.129471779 -0.064044759 0.996612787 -0.051586460 -0.066115975 -0.723463178 -0.010761419 0.690279126 55.976211548
0.648448169 0.080283165 0.757013619 2.444402695 -0.061277691 0.996701300 -0.053212952 -0.084679842 -0.758788526 -0.011882204 0.651228666 56.195945740
0.605865121 0.079924494 0.791542590 2.795924187 -0.059276752 0.996710360 -0.055269118 -0.101899743 -0.793356061 -0.013434436 0.608609676 56.439735413
0.559762955 0.079750620 0.824806273 3.162607193 -0.055735216 0.996727467 -0.058548450 -0.121320486 -0.826776326 -0.013197497 0.562376022 56.656055450
0.511590064 0.078701608 0.855617762 3.554962158 -0.052620903 0.996796906 -0.060224541 -0.145027518 -0.857616901 -0.014213094 0.514092743 56.856719971
0.463404417 0.076783434 0.882814109 3.970172882 -0.050644796 0.996905446 -0.060122285 -0.166870117 -0.884698570 -0.016849000 0.465859056 57.034286499
0.413557172 0.074625067 0.907414854 4.408157349 -0.050586704 0.996979237 -0.058935720 -0.193378448 -0.909071863 -0.021529825 0.416082978 57.208843231
0.363231540 0.074394435 0.928724051 4.871549606 -0.053205840 0.996836603 -0.059041280 -0.212660074 -0.930178523 -0.027967889 0.366040707 57.374343872
0.313720047 0.075179256 0.946534693 5.365314484 -0.051343568 0.996745288 -0.062149931 -0.232268691 -0.948126435 -0.029100778 0.316558957 57.518642426
0.267145991 0.071942776 0.960966945 5.849803925 -0.039919965 0.997179508 -0.063556202 -0.259218812 -0.962828934 -0.021382974 0.269264460 57.604686737
0.223053813 0.065863654 0.972578645 6.372055054 -0.026498571 0.997755826 -0.061491419 -0.291577578 -0.974446058 -0.012056040 0.224298537 57.682842255
0.181017518 0.064863391 0.981338739 6.908386230 -0.017559852 0.997876823 -0.062717438 -0.319746494 -0.983323276 -0.005879195 0.181772172 57.749732971
0.142410636 0.066475764 0.987572908 7.433280945 -0.014197901 0.997776747 -0.065115236 -0.344227910 -0.989705861 -0.004748362 0.143037796 57.798603058
0.109986663 0.066854484 0.991682291 7.985813141 -0.005459089 0.997760892 -0.066658825 -0.381987095 -0.993918240 0.001917914 0.110105395 57.829292297
0.081612229 0.065539591 0.994507015 8.548854828 0.002211621 0.997821152 -0.065939501 -0.409388304 -0.996661842 0.007580954 0.081289470 57.845298767
0.056143761 0.063579902 0.996396303 9.130054474 0.009202097 0.997895002 -0.064194053 -0.448303580 -0.998380303 0.012773036 0.055440545 57.865894318
0.036249161 0.062883884 0.997362316 9.722618103 0.013550363 0.997895539 -0.063409992 -0.475751400 -0.999250948 0.015813181 0.035320759 57.866703033
0.020668209 0.064392023 0.997710764 10.322521210 0.015896328 0.997776508 -0.064725578 -0.509589434 -0.999660134 0.017197702 0.019598663 57.865089417
0.007049501 0.064214773 0.997911334 10.934730530 0.016999345 0.997784078 -0.064326689 -0.541906118 -0.999830782 0.017417315 0.005942285 57.867134094
-0.004737020 0.064916901 0.997879565 11.555374146 0.017471667 0.997743666 -0.064825132 -0.580998421 -0.999836266 0.017127549 -0.005860567 57.862915039
-0.013354778 0.068113990 0.997588217 12.209651947 0.022700842 0.997440636 -0.067800023 -0.612982750 -0.999653161 0.021740641 -0.014866829 57.830505371
-0.019547343 0.070053391 0.997351825 12.853134155 0.027359089 0.997206211 -0.069506958 -0.645980358 -0.999434650 0.025927965 -0.021409392 57.804721832
-0.024312973 0.069270566 0.997301638 13.510387421 0.027401397 0.997267842 -0.068600208 -0.684911489 -0.999328792 0.025659582 -0.026144624 57.788810730
-0.028099656 0.066552259 0.997387171 14.207695007 0.025291914 0.997509062 -0.065847836 -0.724778175 -0.999285102 0.023375528 -0.029712915 57.779312134
-0.030813575 0.059654713 0.997743547 14.891624451 0.023115596 0.997992933 -0.058955755 -0.760613441 -0.999257982 0.021246806 -0.032130718 57.765827179
-0.032104492 0.053829499 0.998033941 15.598915100 0.024110481 0.998299778 -0.053068262 -0.799342394 -0.999193728 0.022359351 -0.033347726 57.749752045
-0.032047272 0.051133763 0.998177588 16.312564850 0.026516387 0.998382449 -0.050292935 -0.836496234 -0.999134660 0.024856316 -0.033351302 57.709350586
-0.032020807 0.053614747 0.998048186 17.080192566 0.030043449 0.998160601 -0.052656893 -0.877092481 -0.999035597 0.028298697 -0.033572674 57.680789948
-0.031614900 0.060947921 0.997640252 17.794937134 0.031185476 0.997713268 -0.059964132 -0.911029816 -0.999013603 0.029216126 -0.033443332 57.663234711
-0.029199839 0.068856567 0.997199297 18.524566650 0.032066874 0.997175574 -0.067915969 -0.943898678 -0.999059260 0.029993931 -0.031325459 57.635276794
-0.027263999 0.069691204 0.997196019 19.270198822 0.032715779 0.997094631 -0.068789653 -0.980178833 -0.999092817 0.030748565 -0.029464841 57.622035980
-0.025010705 0.065138176 0.997562885 20.027458191 0.031919822 0.997418165 -0.064328447 -1.024289131 -0.999177575 0.030233130 -0.027025342 57.600730896
-0.022187471 0.059019692 0.998010397 20.828426361 0.031261690 0.997808754 -0.058312785 -1.069862962 -0.999265134 0.029905682 -0.023983955 57.584053040
-0.019783258 0.057294000 0.998161376 21.581272125 0.029478429 0.997956097 -0.056697965 -1.114155889 -0.999369681 0.028302554 -0.021431804 57.578823090
-0.016290307 0.062603489 0.997905672 22.335029602 0.037163526 0.997386217 -0.061964240 -1.158404827 -0.999176562 0.036076281 -0.018574357 57.555168152
-0.012999773 0.068156682 0.997590005 23.091560364 0.038785320 0.996957779 -0.067608081 -1.200157881 -0.999163091 0.037812956 -0.015603781 57.546577454
-0.010749698 0.068716116 0.997578561 23.849960327 0.032899927 0.997120142 -0.068330035 -1.244915724 -0.999401033 0.032085735 -0.012979507 57.553558350
-0.007253289 0.065207556 0.997845411 24.650802612 0.028579922 0.997477472 -0.064975768 -1.296925306 -0.999565244 0.028047061 -0.009098649 57.557037354
-0.002481341 0.061558757 0.998100460 25.417732239 0.032749277 0.997573078 -0.061444819 -1.345705509 -0.999460578 0.032534607 -0.004491329 57.551021576
0.000339031 0.062364127 0.998053432 26.193540573 0.036711726 0.997379899 -0.062334511 -1.401034117 -0.999325871 0.036661398 -0.001951337 57.565742493
0.003860772 0.066967607 0.997747719 26.946426392 0.036937840 0.997064650 -0.067064695 -1.440580964 -0.999310195 0.037113570 0.001375794 57.553672791
0.007303834 0.067691937 0.997679532 27.732215881 0.032901425 0.997149706 -0.067896858 -1.490807891 -0.999431908 0.033320986 0.005055845 57.569664001
0.011154234 0.067371599 0.997665703 28.501422882 0.032425236 0.997178614 -0.067701243 -1.533961415 -0.999412000 0.033104703 0.008938193 57.577949524
0.014902771 0.063830063 0.997849584 29.273578644 0.036423981 0.997263312 -0.064336553 -1.587813020 -0.999225378 0.037304450 0.012537062 57.592102051
0.018681288 0.064530641 0.997740984 30.049804688 0.040985767 0.997026742 -0.065251857 -1.635903239 -0.998985171 0.042112172 0.015980899 57.597000122
0.021543801 0.065209597 0.997639120 30.804454803 0.043742351 0.996853530 -0.066102870 -1.691966772 -0.998810649 0.045063190 0.018623590 57.619873047
0.024473071 0.065085411 0.997579634 31.567520142 0.044421438 0.996822000 -0.066125751 -1.734199882 -0.998713195 0.045932222 0.021504104 57.636135101
0.027922750 0.063669220 0.997580409 32.333217621 0.045813661 0.996839285 -0.064904265 -1.779712796 -0.998559773 0.047515117 0.024917603 57.658443451
0.031510890 0.062723510 0.997533441 33.111816406 0.047633417 0.996800721 -0.064182132 -1.828369498 -0.998367786 0.049538363 0.028422356 57.684432983
0.034269273 0.062877975 0.997432888 33.907165527 0.045950729 0.996864319 -0.064420909 -1.879691839 -0.998355925 0.048040427 0.031272531 57.713806152
0.037313938 0.064722881 0.997205377 34.700046539 0.042835806 0.996879518 -0.066304579 -1.926138282 -0.998385072 0.045190182 0.034425080 57.752704620
0.040190697 0.064948231 0.997079074 35.477046967 0.044393007 0.996783793 -0.066718429 -1.969345808 -0.998205543 0.046944804 0.037178218 57.782653809
0.042947948 0.064519212 0.996991932 36.256366730 0.042303089 0.996900201 -0.066335596 -2.016030312 -0.998181403 0.045024823 0.040085495 57.818576813
0.045482695 0.065084465 0.996842682 37.036979675 0.040726241 0.996924937 -0.066948041 -2.059825897 -0.998134613 0.043642633 0.042692184 57.852478027
0.048398852 0.064791054 0.996724486 37.825256348 0.037699685 0.997064352 -0.066643767 -2.113150358 -0.998116434 0.040801682 0.045814157 57.897693634
0.051191330 0.066958457 0.996441722 38.613494873 0.035787683 0.996986032 -0.068833597 -2.164531231 -0.998047471 0.039184023 0.048640728 57.948898315
0.053989410 0.070436209 0.996054173 39.416816711 0.034881331 0.996767163 -0.072377317 -2.219514370 -0.997932076 0.038651310 0.051357985 58.013923645
0.058115542 0.072620533 0.995665133 40.204345703 0.034935366 0.996591866 -0.074727267 -2.270407200 -0.997698486 0.039126750 0.055380464 58.049060822
0.060756862 0.074675113 0.995355368 40.991096497 0.028837221 0.996649981 -0.076532476 -2.322558403 -0.997735977 0.033353157 0.058399856 58.107273102
0.063757956 0.073556960 0.995251000 41.783340454 0.025408581 0.996837020 -0.075301923 -2.378320217 -0.997642040 0.030089021 0.061687291 58.160476685
0.067028463 0.074039444 0.995000184 42.593498230 0.027919805 0.996713221 -0.076047741 -2.434289217 -0.997360349 0.032877576 0.064741015 58.228458405
0.070869386 0.075437814 0.994628906 43.393142700 0.027021723 0.996624947 -0.077514559 -2.494025469 -0.997119546 0.032370001 0.068591774 58.282463074
0.075253844 0.076182276 0.994250178 44.200679779 0.023311535 0.996670425 -0.078132167 -2.547600269 -0.996892035 0.029057253 0.073227346 58.342323303
0.079140604 0.074772663 0.994055331 45.005714417 0.022272626 0.996801376 -0.076752439 -2.596954107 -0.996614695 0.028214460 0.077222049 58.412826538
0.083993912 0.074267127 0.993694842 45.820911407 0.022822492 0.996813774 -0.076429345 -2.662877083 -0.996204853 0.029098192 0.082031369 58.481666565
0.088572562 0.077975862 0.993012905 46.633430481 0.019349694 0.996608317 -0.079984099 -2.723507166 -0.995881796 0.026298897 0.086763382 58.566665649
0.094633639 0.086642593 0.991734684 47.452999115 0.017507518 0.995906472 -0.088677682 -2.783095360 -0.995358288 0.025754713 0.092729390 58.651485443
0.102548540 0.091136619 0.990544260 48.269908905 0.016083406 0.995512009 -0.093258753 -2.850133896 -0.994597971 0.025494875 0.100622475 58.731037140
0.109353960 0.093975633 0.989550531 49.084976196 0.011410651 0.995336533 -0.095786095 -2.920818567 -0.993937373 0.021766003 0.107771695 58.835494995
0.116085291 0.092447363 0.988927543 49.930061340 0.007727204 0.995544732 -0.093973011 -2.996161461 -0.993209183 0.018550526 0.114853740 58.954006195
0.124017000 0.090725094 0.988123894 50.765609741 0.007551700 0.995696306 -0.092368156 -3.068531036 -0.992251396 0.018917250 0.122798145 59.058853149
0.131043792 0.087267168 0.987528205 51.613239288 0.007465472 0.996003032 -0.089006744 -3.135605812 -0.991348505 0.019036146 0.129868507 59.190032959
0.138406754 0.081792861 0.986992240 52.418731689 0.004379127 0.996523499 -0.083196819 -3.208347797 -0.990365922 0.015837174 0.137567401 59.295890808
0.145562410 0.074292272 0.986555815 53.275276184 0.002064527 0.997151613 -0.075394802 -3.275831461 -0.989346981 0.013011425 0.144994378 59.434242249
0.152938604 0.071622930 0.985636771 54.106315613 0.001808663 0.997348249 -0.072754607 -3.341019392 -0.988234043 0.012909672 0.152403533 59.572685242
0.159890592 0.073665351 0.984382331 54.929313660 0.001443305 0.997193098 -0.074858472 -3.400404453 -0.987133801 0.013389937 0.159335494 59.716453552
0.165393293 0.080096848 0.982969880 55.737010956 0.002297599 0.996662557 -0.081599191 -3.461686611 -0.986225128 0.015754437 0.164657295 59.860691071
0.170896530 0.083680600 0.981729209 56.551731110 0.001231533 0.996367991 -0.085142784 -3.521737337 -0.985288382 0.015759647 0.170172751 60.007476807
0.176083803 0.086796373 0.980541229 57.342773438 -0.000410787 0.996111453 -0.088100873 -3.591506004 -0.984375179 0.015110352 0.175434768 60.145420074
0.181391358 0.086048514 0.979639113 58.129028320 -0.003041909 0.996208847 -0.086940706 -3.662110090 -0.983406246 0.012790319 0.180965483 60.300651550
0.186186254 0.082919210 0.979009151 58.909351349 0.000899228 0.996417582 -0.084564656 -3.729298115 -0.982513964 0.016625123 0.185444713 60.456222534
0.190631151 0.076682240 0.978662252 59.688495636 0.001558556 0.996919453 -0.078416370 -3.784448147 -0.981660604 0.016473912 0.189924419 60.611660004
0.193759859 0.070287094 0.978528023 60.454147339 -0.000061523 0.997431099 -0.071632713 -3.844808102 -0.981049120 0.013819355 0.193266451 60.773551941
0.197229028 0.066888988 0.978072882 61.219264984 -0.003205833 0.997708321 -0.067585371 -3.903295994 -0.980352163 0.010194258 0.196991503 60.934986115
0.200374365 0.066815525 0.977438509 61.955940247 -0.004887175 0.997727513 -0.067200571 -3.955183744 -0.979707301 0.008688365 0.200245559 61.091835022
0.202785254 0.068538465 0.976821780 62.691085815 -0.006708704 0.997621357 -0.068605155 -4.009041786 -0.979200304 0.007358906 0.202762663 61.247798920
0.203969419 0.073153727 0.976240337 63.403984070 -0.010940749 0.997312248 -0.072446853 -4.057209015 -0.978916228 0.004096150 0.204221547 61.412956238
0.206429541 0.077431358 0.975392938 64.125007629 -0.012641000 0.996991694 -0.076470673 -4.112814426 -0.978379846 0.003455868 0.206787348 61.566436768
0.209208190 0.082367577 0.974396050 64.825942993 -0.012710876 0.996591091 -0.081514679 -4.171687126 -0.977788568 0.004668113 0.209541976 61.710262299
0.210632801 0.084008388 0.973948956 65.516342163 -0.010757210 0.996439517 -0.083621904 -4.224205494 -0.977506161 0.007136550 0.210786521 61.865329742
0.211637199 0.084618337 0.973678291 66.212249756 -0.013646274 0.996403694 -0.083627172 -4.275376320 -0.977253020 0.004411543 0.212030828 62.031852722
0.212761104 0.081663258 0.973685741 66.887275696 -0.013534451 0.996652067 -0.080632024 -4.330406189 -0.977010548 0.003977063 0.213154078 62.175426483
0.213510454 0.078802086 0.973757505 67.551483154 -0.013492757 0.996884286 -0.077715166 -4.388329506 -0.976847708 0.003454337 0.213908434 62.320884705
0.212769210 0.078287706 0.973961294 68.222084045 -0.012698485 0.996922433 -0.077359267 -4.431845188 -0.977020085 0.004091852 0.213108540 62.486629486
0.211430132 0.077237271 0.974336624 68.864593506 -0.013030051 0.997006893 -0.076206878 -4.488945007 -0.977306366 0.003416784 0.211803734 62.628982544
0.209501028 0.078215517 0.974675238 69.503005981 -0.014221136 0.996933937 -0.076944970 -4.537817478 -0.977705121 0.002259072 0.209971011 62.773498535
0.208107293 0.080878146 0.974756420 70.125579834 -0.014652935 0.996721387 -0.079572283 -4.592544556 -0.977996230 0.002276533 0.208610117 62.892936707
0.205958188 0.084680751 0.974890053 70.735870361 -0.013074654 0.996397913 -0.083786786 -4.642861843 -0.978473544 0.004510234 0.206323504 63.017196655
0.203524351 0.085764229 0.975306273 71.352294922 -0.010359887 0.996288836 -0.085447468 -4.682590961 -0.979015052 0.007286576 0.203657568 63.157279968
0.201817274 0.084018119 0.975812852 71.957008362 -0.010951448 0.996445119 -0.083529599 -4.736228466 -0.979361951 0.006171153 0.202019989 63.280723572
0.199227750 0.081424527 0.976564586 72.557632446 -0.011286145 0.996666610 -0.080798127 -4.778738022 -0.979888201 0.005075577 0.199482620 63.407234192
0.196753740 0.077399634 0.977393091 73.152389526 -0.011447423 0.996992528 -0.076647289 -4.837251186 -0.980386078 0.003892008 0.197048008 63.536933899
0.195279181 0.076159261 0.977786183 73.724548340 -0.007856387 0.997069836 -0.076092213 -4.887438774 -0.980716228 0.007177362 0.195305288 63.639221191
0.193289876 0.077645019 0.978064716 74.289482117 -0.003789341 0.996915340 -0.078392647 -4.929832935 -0.981134534 0.011446293 0.192987859 63.754623413
0.190457702 0.079905055 0.978438079 74.866790771 -0.000045393 0.996682644 -0.081386179 -4.969338417 -0.981695414 0.015456207 0.189829469 63.873107910
0.189031303 0.081824124 0.978556216 75.423843384 -0.000728498 0.996533692 -0.083186641 -5.008390903 -0.981970906 0.015012012 0.188435674 63.974861145
0.187927008 0.084562950 0.978535950 75.985198975 -0.001362799 0.996308267 -0.085837074 -5.052686691 -0.982182086 0.014797551 0.187348425 64.074577332
0.186867833 0.082857922 0.978884578 76.550590515 0.000421337 0.996429861 -0.084423482 -5.098867893 -0.982384980 0.016188473 0.186165750 64.179031372
0.187244892 0.081038564 0.978964925 77.109779358 0.006428478 0.996468842 -0.083717115 -5.145644665 -0.982292295 0.021968862 0.186062753 64.280822754
0.189517379 0.079610303 0.978644669 77.684837341 0.011396828 0.996462107 -0.083266735 -5.180631161 -0.981811225 0.026933940 0.187939584 64.383934021
0.191542327 0.078658313 0.978327334 78.263504028 0.013907239 0.996465862 -0.082839496 -5.233305931 -0.981385767 0.029473104 0.189771473 64.501342773
0.193968117 0.078759171 0.977841258 78.825286865 0.011667955 0.996516287 -0.082577839 -5.269998074 -0.980938554 0.027426882 0.192373455 64.636833191
0.199765921 0.079080895 0.976647198 79.405906677 0.010404177 0.996510446 -0.082817353 -5.325232983 -0.979788423 0.026705295 0.198246062 64.740676880
0.206638336 0.078300558 0.975279331 79.987564087 0.011795329 0.996520817 -0.082505092 -5.361354351 -0.978346348 0.028552461 0.204995811 64.860511780
0.213633537 0.078594007 0.973747313 80.572418213 0.009713165 0.996538401 -0.082564555 -5.404010773 -0.976865649 0.027096730 0.212130606 65.006286621
0.222071350 0.076345786 0.972036898 81.163101196 0.010539515 0.996683538 -0.080689445 -5.447758675 -0.974973500 0.028163610 0.220530212 65.148979187
0.231141448 0.076336108 0.969920933 81.754699707 0.006859986 0.996764541 -0.080083609 -5.491302967 -0.972896039 0.025164291 0.229869962 65.295684814
0.239757419 0.075701959 0.967876911 82.341445923 0.005811462 0.996825457 -0.079405740 -5.540508270 -0.970815480 0.024662897 0.238556385 65.470230103
0.250288665 0.079508588 0.964901090 82.957702637 0.000268033 0.996616542 -0.082191497 -5.586997032 -0.968171299 0.020830229 0.249420524 65.625625610
0.259473443 0.081284344 0.962323487 83.572227478 -0.002844865 0.996511698 -0.083405048 -5.639182091 -0.965746105 0.018903717 0.258799553 65.804504395
0.270220160 0.084515229 0.959082067 84.195198059 -0.007548099 0.996295154 -0.085667826 -5.679728031 -0.962769091 0.015909938 0.269856989 65.998321533
0.280773103 0.086361274 0.955880940 84.823715210 -0.008913968 0.996135175 -0.087379828 -5.728323936 -0.959732890 0.016013226 0.280457795 66.185585022
0.290013909 0.087239332 0.953037858 85.452796936 -0.012145776 0.996091843 -0.087484397 -5.778018475 -0.956945360 0.013796309 0.289940119 66.396430969
0.300139964 0.087528303 0.949871004 86.102714539 -0.012776127 0.996060789 -0.087747589 -5.828605175 -0.953809679 0.014200886 0.300075889 66.621864319
0.310621977 0.088925496 0.946364820 86.759811401 -0.016974509 0.995974481 -0.088015608 -5.875875950 -0.950381994 0.011275514 0.310881019 66.845100403
0.321480632 0.083706819 0.943209171 87.422447205 -0.017049190 0.996435344 -0.082619481 -5.933512688 -0.946762741 0.010479621 0.321761787 67.074447632
0.332003713 0.076716088 0.940153301 88.103797913 -0.013478240 0.996971369 -0.076592743 -5.982697010 -0.943181813 0.012757463 0.332032204 67.322532654
0.342751682 0.072015755 0.936661661 88.792884827 -0.011885534 0.997309983 -0.072329476 -6.038696289 -0.939350843 0.013658323 0.342685580 67.580665588
0.353247464 0.069056548 0.932977796 89.490707397 -0.012673225 0.997533619 -0.069036424 -6.084078789 -0.935444176 0.012563107 0.353251398 67.850128174
0.362737477 0.066317774 0.929528654 90.194969177 -0.006351498 0.997617364 -0.068697006 -6.128127098 -0.931869745 0.019015081 0.362294376 68.122314453
0.371167064 0.060911544 0.926566243 90.909179688 0.000570477 0.997831047 -0.065824956 -6.166810513 -0.928566039 0.024960646 0.370327294 68.407768250
0.378333986 0.051646154 0.924227297 91.661277771 0.010125021 0.998151720 -0.059921775 -6.210471630 -0.925613761 0.032028265 0.377111793 68.702003479
0.385456979 0.046978679 0.921529174 92.395683289 0.015547338 0.998230636 -0.057391983 -6.256852150 -0.922594845 0.036449462 0.384044588 69.004013062
0.392599702 0.047089893 0.918503225 93.126495361 0.017383631 0.998130023 -0.058602575 -6.302649498 -0.919545233 0.038974278 0.391046941 69.314331055
0.400268257 0.053074062 0.914859831 93.867408752 0.019773781 0.997588813 -0.066524848 -6.351968765 -0.916184723 0.044718027 0.398253679 69.634513855
0.407148182 0.057744764 0.911535025 94.592514038 0.023444340 0.997009933 -0.073631220 -6.390871048 -0.913061261 0.051349159 0.404577017 69.961738586
0.412323177 0.059534699 0.909090400 95.306709290 0.021411983 0.996953607 -0.075000241 -6.447870255 -0.910786033 0.050389767 0.409792364 70.289833069
0.417038620 0.061099142 0.906832755 96.039123535 0.014333978 0.997171700 -0.073777832 -6.508164406 -0.908775747 0.043766726 0.414983273 70.638893127
0.421062827 0.064401306 0.904742241 96.743873596 0.008061470 0.997171044 -0.074732333 -6.566601753 -0.906995654 0.038760565 0.419352531 70.980072021
0.424838841 0.067705072 0.902733624 97.442596436 0.007039827 0.996922076 -0.078082249 -6.623141766 -0.905241609 0.039527457 0.423054576 71.320571899
0.429078639 0.071044393 0.900468826 98.135757446 0.004187397 0.996734917 -0.080634817 -6.691426754 -0.903257370 0.038369298 0.427380204 71.652679443
0.432501614 0.074908853 0.898515999 98.833641052 0.000126266 0.996537745 -0.083141655 -6.746775627 -0.901633143 0.036072351 0.430994749 71.998725891
0.436420083 0.073191516 0.896761179 99.511024475 -0.000441385 0.996703148 -0.081133738 -6.802391529 -0.899742961 0.035012580 0.435013533 72.333763123
0.440626383 0.070004843 0.894956887 100.179595947 0.000414886 0.996938705 -0.078186281 -6.861475945 -0.897690535 0.034822248 0.439248443 72.662879944
0.444125414 0.066976868 0.893457770 100.836204529 0.000148246 0.997196496 -0.074827194 -6.924944401 -0.895964682 0.033365116 0.442870378 72.990867615
0.447839737 0.065592751 0.891704679 101.483879089 -0.000667718 0.997329712 -0.073027059 -6.986621857 -0.894113600 0.032109011 0.446687698 73.319152832
0.451147735 0.067739338 0.889874876 102.124137878 -0.003116303 0.997228742 -0.074331470 -7.038927078 -0.892443955 0.030761359 0.450108588 73.651290894
0.453670084 0.068000734 0.888571560 102.742340088 -0.001825152 0.997153342 -0.075378448 -7.089033604 -0.891167879 0.032575168 0.452502728 73.972442627
0.455553532 0.066002540 0.887758315 103.360244751 0.000081916 0.997244537 -0.074184604 -7.141566277 -0.890208483 0.033867784 0.454292834 74.293540955
0.457369983 0.064974055 0.886899650 103.978439331 0.002119734 0.997244775 -0.074151047 -7.188995361 -0.889273942 0.035794456 0.455972075 74.609298706
0.459253490 0.065096505 0.885917008 104.573287964 0.000457076 0.997293830 -0.073517352 -7.240755081 -0.888305306 0.034168039 0.457980931 74.921264648
0.461213291 0.063903414 0.884985149 105.173957825 0.002621119 0.997300625 -0.073379554 -7.288308144 -0.887285471 0.036163282 0.459800780 75.242530823
0.464044452 0.066102237 0.883342087 105.750480652 0.002027582 0.997129917 -0.075682342 -7.334285259 -0.885809600 0.036911014 0.462578535 75.541557312
0.466746569 0.066002220 0.881924808 106.316246033 0.004936222 0.997001350 -0.077226847 -7.381509781 -0.884377360 0.040398750 0.465021133 75.837867737
0.470053494 0.065375805 0.880213499 106.884048462 0.006782307 0.996956170 -0.077668503 -7.429187775 -0.882611930 0.042478230 0.468179345 76.137115479
0.473322392 0.063462831 0.878600299 107.433868408 0.009738500 0.996963501 -0.077258781 -7.480306625 -0.880835474 0.045124564 0.471267104 76.430717468
0.477249265 0.062247504 0.876560628 107.971954346 0.011766760 0.996945977 -0.077202968 -7.521439075 -0.878689289 0.047159340 0.475059271 76.706848145
0.479469180 0.062268246 0.875346780 108.504562378 0.011639317 0.996940434 -0.077293284 -7.580360413 -0.877481520 0.047248188 0.477277458 77.029533386
0.483053923 0.061449774 0.873431742 109.028869629 0.012392705 0.996954560 -0.076993987 -7.625492096 -0.875503004 0.048016433 0.480821252 77.320304871
0.486568332 0.060684174 0.871532381 109.547279358 0.013793884 0.996926665 -0.077116288 -7.673367977 -0.873533607 0.049544163 0.484235883 77.606422424
0.490575194 0.062533483 0.869152248 110.056488037 0.012991238 0.996786058 -0.079049073 -7.714343548 -0.871302068 0.050070874 0.488186121 77.892936707
0.495027959 0.062200904 0.866647780 110.568763733 0.015046588 0.996671081 -0.080127507 -7.765033245 -0.868746758 0.052705448 0.492444098 78.179771423
0.499707103 0.065822326 0.863689899 111.082756042 0.012976051 0.996427834 -0.083445951 -7.810525894 -0.866097212 0.052905817 0.497067928 78.486099243
0.504966974 0.071649984 0.860159636 111.575660706 0.009837318 0.996006191 -0.088740900 -7.854861259 -0.863082588 0.053272888 0.502245367 78.787132263
0.510958195 0.078484312 0.856015146 112.068275452 0.004598454 0.995559394 -0.094023354 -7.904358864 -0.859593272 0.051978353 0.508328319 79.091430664
0.516780734 0.085021876 0.851885557 112.560447693 -0.000466553 0.995084286 -0.099030703 -7.951020718 -0.856117725 0.050779711 0.514280021 79.411193848
0.523198962 0.089355141 0.847513139 113.061538696 -0.004073779 0.994738817 -0.102362581 -8.003933907 -0.852200866 0.050103419 0.520810306 79.734390259
0.529078960 0.089540355 0.843835354 113.560157776 -0.008148761 0.994907558 -0.100461595 -8.054367065 -0.848533511 0.046275906 0.527114272 80.048042297
0.534447312 0.089035220 0.840499222 114.070030212 -0.014992767 0.995278299 -0.095897749 -8.104675293 -0.845068932 0.038650893 0.533258677 80.399284363
0.540493488 0.086174861 0.836923361 114.576545715 -0.020912092 0.995809436 -0.089029536 -8.165723801 -0.841088295 0.030618070 0.540030599 80.732727051
0.545895278 0.085105918 0.833519816 115.092849731 -0.027868016 0.996121645 -0.083456717 -8.214548111 -0.837389827 0.022330081 0.546149850 81.097633362
0.551993847 0.083131291 0.829693913 115.611778259 -0.030009177 0.996353865 -0.079864763 -8.258437157 -0.833308041 0.019186430 0.552475929 81.456817627
0.558347285 0.086876944 0.825045943 116.135528564 -0.035677485 0.996096134 -0.080743834 -8.308255196 -0.828839898 0.015647542 0.559267163 81.832427979
0.564036250 0.090793326 0.820743382 116.659225464 -0.039852962 0.995771706 -0.082767539 -8.357430458 -0.824787796 0.013974828 0.565269709 82.225494385
0.569751143 0.094067901 0.816415846 117.218849182 -0.042488232 0.995470583 -0.085047476 -8.405423164 -0.820718229 0.013767821 0.571167231 82.643753052
0.576129138 0.096394219 0.811654747 117.767051697 -0.044884671 0.995254219 -0.086338915 -8.450723648 -0.816125333 0.013311511 0.577721596 83.046752930
