1.000000000 0.000000000 0.000000000 0.000000000 0.000000000 1.000000000 0.000000000 0.000000000 0.000000000 0.000000000 1.000000000 0.000000000
0.999035895 -0.000313045 0.043899577 0.042323001 0.000428191 0.999996483 -0.002613558 -0.017507268 -0.043898605 0.002629836 0.999032557 1.021028519
0.996028423 -0.004521105 0.088920899 0.136318550 0.005201423 0.999958932 -0.007420599 -0.039702136 -0.088883698 0.007853643 0.996011019 2.028781176
0.990881920 -0.003729367 0.134681627 0.264948219 0.005325494 0.999919772 -0.011492790 -0.060712110 -0.134627953 0.012105244 0.990822256 3.041728735
0.983506083 -0.001332458 0.180870205 0.436861902 0.003936158 0.999893725 -0.014037246 -0.084994435 -0.180832282 0.014517650 0.983406782 4.035156727
0.973959923 -0.003442146 0.226694018 0.661249101 0.006765472 0.999880731 -0.013884631 -0.117727146 -0.226619184 0.015056767 0.973867059 5.017386436
0.962318361 -0.004136609 0.271893859 0.939061940 0.008619135 0.999845862 -0.015294132 -0.146212846 -0.271788687 0.017061314 0.962205708 6.001714230
0.948777080 -0.006484332 0.315879673 1.256019235 0.012820798 0.999756038 -0.017985741 -0.175914347 -0.315685987 0.021114288 0.948628783 6.958925247
0.933586836 -0.008145428 0.358258635 1.619757175 0.016315101 0.999671102 -0.019786865 -0.209410384 -0.357979625 0.024317782 0.933412671 7.905750275
0.916169763 -0.007845959 0.400713593 2.020276308 0.017570494 0.999633431 -0.020599430 -0.240068659 -0.400405079 0.025913311 0.915971756 8.836332321
0.896473169 -0.008145258 0.443023145 2.458490133 0.018648397 0.999638736 -0.019356715 -0.273824841 -0.442705423 0.025614448 0.896301150 9.736169815
0.874438643 -0.007942527 0.485071093 2.940175533 0.019311406 0.999643385 -0.018444609 -0.310097516 -0.484751612 0.025496082 0.874280155 10.620193481
0.850332379 -0.008138360 0.526183128 3.453972578 0.020315979 0.999642730 -0.017370155 -0.344041377 -0.525853753 0.025460329 0.850193858 11.467806816
0.824648798 -0.007927088 0.565589547 4.008382797 0.021537418 0.999616742 -0.017392036 -0.377429992 -0.565234900 0.026523659 0.824503481 12.283447266
0.797050714 -0.009493208 0.603837848 4.601648331 0.024917299 0.999541938 -0.017175958 -0.410892844 -0.603398204 0.028736115 0.796922147 13.075685501
0.768249094 -0.008284064 0.640097439 5.237375736 0.025543030 0.999516666 -0.017721286 -0.443725705 -0.639641225 0.029964389 0.768089354 13.841786385
0.737681508 -0.011711370 0.675047278 5.910739899 0.030648796 0.999399662 -0.016153995 -0.478270143 -0.674452841 0.032605890 0.737597585 14.559202194
0.705452323 -0.010898669 0.708673537 6.619531631 0.031268649 0.999386787 -0.015756981 -0.511290133 -0.708067298 0.033275064 0.705360532 15.276557922
0.671308517 -0.009950202 0.741111279 7.339735985 0.032927074 0.999323070 -0.016408820 -0.544867694 -0.740446270 0.035418004 0.671181679 15.924974442
0.635426521 -0.010334807 0.772092164 8.103251457 0.036859192 0.999176562 -0.016960431 -0.569231153 -0.771281123 0.039235801 0.635284245 16.562786102
0.598830521 -0.008560506 0.800830066 8.883900642 0.037100609 0.999165893 -0.017061818 -0.597125709 -0.800016046 0.039928421 0.598648667 17.142574310
0.560913086 -0.007610444 0.827839732 9.700093269 0.040406674 0.999017656 -0.018193943 -0.634681880 -0.826888025 0.043655470 0.560669661 17.699359894
0.521658778 -0.005749180 0.853134811 10.528738022 0.044872243 0.998778105 -0.020706980 -0.663597941 -0.851973355 0.049084052 0.521279335 18.207122803
0.482779145 -0.004551089 0.875730336 11.399686813 0.047139395 0.998671770 -0.020797350 -0.681273282 -0.874472558 0.051321924 0.482352436 18.693561554
0.444310009 -0.006414119 0.895850241 12.283984184 0.052550297 0.998439133 -0.018914454 -0.709820628 -0.894330621 0.055481073 0.443953514 19.126529694
0.407270193 -0.006921101 0.913281500 13.189701080 0.056796677 0.998227715 -0.017763153 -0.736115515 -0.911539972 0.059105758 0.406941533 19.523668289
0.371961951 -0.004563380 0.928236723 14.105921745 0.058496919 0.998115540 -0.018533899 -0.763092995 -0.926402926 0.061192892 0.371527910 19.889379501
0.338417053 -0.005100773 0.940982401 15.065587997 0.059115820 0.998125315 -0.015850021 -0.787656546 -0.939137518 0.060990866 0.338084161 20.235076904
0.305145442 -0.006603196 0.952282846 16.023504257 0.061698418 0.998012125 -0.012850090 -0.810179234 -0.950304985 0.062675491 0.304946303 20.539009094
0.272287250 -0.006537624 0.962193847 17.004718781 0.062622726 0.997977316 -0.010940594 -0.832502127 -0.960176110 0.063234180 0.272145927 20.818502426
0.239915907 -0.003305761 0.970788062 18.004266739 0.060109831 0.998126030 -0.011456399 -0.849294305 -0.968930960 0.061102480 0.239664972 21.065435410
0.208775878 -0.001579376 0.977962196 19.029958725 0.059965819 0.998137712 -0.011189571 -0.867634058 -0.976123273 0.060980417 0.208481789 21.292228699
0.178458214 -0.001327900 0.983946562 20.042118073 0.062259682 0.998010457 -0.009945147 -0.887737334 -0.981975734 0.063034996 0.178185821 21.470483780
0.147875130 -0.001502864 0.989004910 21.088386536 0.063966215 0.997919619 -0.008047758 -0.907160878 -0.986935258 0.064452961 0.147663593 21.622076035
0.117307484 -0.002326688 0.993092895 22.150789261 0.062481016 0.998033404 -0.005042204 -0.927196205 -0.991128206 0.062640943 0.117222130 21.753778458
0.087918103 -0.002423578 0.996124804 23.230461121 0.063290894 0.997990131 -0.003157948 -0.936761856 -0.994115055 0.063323267 0.087894738 21.851402283
0.060802758 -0.002177716 0.998147547 24.331649780 0.066257320 0.997800827 -0.001859152 -0.948238611 -0.995948374 0.066247612 0.060813367 21.912252426
0.035724223 -0.001573904 0.999360383 25.442104340 0.070371851 0.997520387 -0.000944582 -0.956593037 -0.996880889 0.070360593 0.035746396 21.943979263
0.012947023 -0.000918807 0.999915779 26.575073242 0.074734487 0.997203469 -0.000051351 -0.962895274 -0.997119427 0.074728854 0.012979448 21.952192307
-0.007389426 -0.001029570 0.999972224 27.727071762 0.080507718 0.996752679 0.001621169 -0.968072116 -0.996726632 0.080517448 -0.007282495 21.938280106
-0.024933100 -0.001661578 0.999687791 28.880508423 0.084492877 0.996416986 0.003763466 -0.970454812 -0.996112108 0.084560327 -0.024703383 21.904348373
-0.040272474 -0.001533962 0.999187589 30.061029434 0.087790422 0.996126056 0.005067668 -0.970951736 -0.995324612 0.087923184 -0.039981723 21.849411011
-0.054837823 -0.002092742 0.998493135 31.243732452 0.090446673 0.995876312 0.007054639 -0.977275252 -0.994390428 0.090697236 -0.054422498 21.789003372
-0.067930818 -0.003180302 0.997684896 32.426635742 0.090563178 0.995846927 0.009340743 -0.977372110 -0.993571162 0.090988047 -0.067360640 21.705692291
-0.080038428 -0.002966790 0.996787488 33.616916656 0.090156786 0.995875299 0.010203327 -0.976211309 -0.992706358 0.090683803 -0.079440832 21.611633301
-0.091292024 -0.000266029 0.995824158 34.833072662 0.090295449 0.995878398 0.008543861 -0.978032589 -0.991722047 0.090698369 -0.090891719 21.504230499
-0.101281404 0.003223127 0.994852722 36.040454865 0.090893351 0.995842397 0.006027092 -0.975248814 -0.990697086 0.091035917 -0.101153255 21.379093170
-0.110798836 0.005493667 0.993827641 37.297317505 0.091758117 0.995770097 0.004725429 -0.980177522 -0.989597917 0.091715328 -0.110834241 21.240764618
-0.118084788 0.006709557 0.992980897 38.567062378 0.091217384 0.995822489 0.004118759 -0.973321915 -0.988805056 0.091063477 -0.118203521 21.088596344
-0.123915195 0.007604361 0.992263675 39.860725403 0.091054209 0.995838940 0.003739218 -0.969595909 -0.988106310 0.090813130 -0.124091983 20.933193207
-0.128924251 0.009319905 0.991610825 41.162967682 0.092385396 0.995719790 0.002652935 -0.968185723 -0.987341821 0.091952369 -0.129233360 20.765045166
-0.133558631 0.010846686 0.990981579 42.490940094 0.091205485 0.995831132 0.001392362 -0.970370173 -0.986835241 0.090568908 -0.133991122 20.595348358
-0.137641311 0.011687391 0.990413249 43.841110229 0.091771983 0.995779514 0.001003157 -0.972341716 -0.986221552 0.091030262 -0.138132930 20.403667450
-0.140393853 0.010578610 0.990039170 45.212921143 0.091398261 0.995811701 0.002320567 -0.975617528 -0.985868096 0.090813659 -0.140772700 20.210147858
-0.143178105 0.008530840 0.989660203 46.603195190 0.092132635 0.995735407 0.004745986 -0.979106069 -0.985399246 0.091859519 -0.143353462 20.022251129
-0.145369291 0.007403883 0.989349902 48.004806519 0.091828391 0.995756507 0.006040887 -0.974794269 -0.985106885 0.091728553 -0.145432353 19.814865112
-0.147650480 0.008212352 0.989005566 49.453674316 0.094147220 0.995541453 0.005788780 -0.970551431 -0.984548509 0.093966834 -0.147765279 19.607246399
-0.148512721 0.008039581 0.988877892 50.893608093 0.094110005 0.995543480 0.006039951 -0.966893554 -0.984422326 0.093960308 -0.148607373 19.393009186
-0.149239898 0.009229699 0.988757908 52.358654022 0.095922559 0.995375276 0.005186765 -0.964291573 -0.984137356 0.095618263 -0.149435043 19.175945282
-0.149259686 0.009507866 0.988752306 53.847770691 0.095869854 0.995381832 0.004900673 -0.961631060 -0.984139442 0.095523015 -0.149481893 18.949333191
-0.148855329 0.010990876 0.988797963 55.359001160 0.095098764 0.995462537 0.003251378 -0.959717393 -0.984275579 0.094517440 -0.149225235 18.729866028
-0.147634506 0.010953222 0.988981307 56.881210327 0.095925778 0.995383024 0.003295616 -0.959134340 -0.984379113 0.095355354 -0.148003578 18.506465912
-0.146102071 0.009574570 0.989223301 58.412590027 0.095026307 0.995465040 0.004399796 -0.964915037 -0.984695077 0.094645046 -0.146349311 18.286083221
-0.145024896 0.010366211 0.989373684 59.992988586 0.096037708 0.995370984 0.003648412 -0.966450810 -0.984756052 0.095546290 -0.145349145 18.050567627
-0.144080639 0.011030728 0.989504457 61.583053589 0.095834509 0.995393157 0.002857988 -0.964422464 -0.984914482 0.095240451 -0.144474030 17.825988770
-0.143309474 0.011775861 0.989607811 63.206199646 0.096584216 0.995322526 0.002142930 -0.961220980 -0.984953701 0.095887601 -0.143776536 17.593627930
-0.142181039 0.011734422 0.989771128 64.854309082 0.096374102 0.995343089 0.002043703 -0.961177588 -0.985137880 0.095678881 -0.142649889 17.358917236
-0.140948057 0.010246118 0.989963949 66.510299683 0.098565578 0.995123565 0.003733956 -0.959106445 -0.985098183 0.098102666 -0.141270638 17.114059448
-0.139989495 0.008272071 0.990118504 68.174339294 0.100496061 0.994919956 0.005896603 -0.959188461 -0.985039890 0.100328468 -0.140109658 16.869781494
-0.139910936 0.009063922 0.990122557 69.884567261 0.101383485 0.994833708 0.005219126 -0.963904381 -0.984960020 0.101112291 -0.140107036 16.646316528
-0.138848066 0.011082094 0.990251839 71.589027405 0.103434972 0.994630516 0.003372003 -0.962675333 -0.984897316 0.102894850 -0.139248729 16.399650574
-0.138493896 0.010806978 0.990304351 73.310562134 0.102704830 0.994705677 0.003508244 -0.962742090 -0.985023439 0.102194913 -0.138870597 16.165260315
-0.138316512 0.010467608 0.990332723 75.054908752 0.102990091 0.994674861 0.003870783 -0.968283653 -0.985018551 0.102529854 -0.138658047 15.923080444
-0.138110399 0.009491646 0.990371346 76.804946899 0.103106536 0.994658530 0.004845809 -0.970829248 -0.985035241 0.102783017 -0.138351321 15.685295105
-0.138028979 0.009699027 0.990380824 78.570533752 0.104514055 0.994511724 0.004826586 -0.969268560 -0.984898508 0.104174912 -0.138285160 15.441902161
-0.138031960 0.009822808 0.990379155 80.361923218 0.105431058 0.994414866 0.004831384 -0.963106155 -0.984800279 0.105083600 -0.138296723 15.194564819
-0.138663173 0.010788681 0.990280986 82.168838501 0.105402946 0.994421840 0.003925139 -0.963711262 -0.984714687 0.104922794 -0.139026880 14.963539124
-0.139251471 0.011476377 0.990190506 83.981460571 0.105243750 0.994441092 0.003274895 -0.970807076 -0.984648526 0.104667395 -0.139685154 14.713020325
-0.140200853 0.012072375 0.990049541 85.799591064 0.104263946 0.994546175 0.002637602 -0.978112221 -0.984618127 0.103596263 -0.140694857 14.454551697
-0.141620278 0.012618589 0.989840686 87.636459351 0.103430003 0.994634509 0.002118409 -0.984044790 -0.984502912 0.102679230 -0.142165542 14.204910278
-0.142739177 0.011688586 0.989691317 89.503654480 0.102898881 0.994687021 0.003093102 -0.991472244 -0.984396935 0.102279633 -0.143183589 13.936004639
-0.143780589 0.011187784 0.989546418 91.367309570 0.102772027 0.994698107 0.003686684 -1.002725840 -0.984258652 0.102227762 -0.144168019 13.673377991
-0.144328952 0.010284466 0.989476323 93.273010254 0.100110389 0.994967222 0.004260971 -0.998404503 -0.984452665 0.099671841 -0.144632220 13.396102905
-0.146005630 0.011019333 0.989222407 95.175582886 0.099325061 0.995048642 0.003575781 -0.999940634 -0.984284937 0.098776661 -0.146377206 13.118988037
-0.148455620 0.012187147 0.988843977 97.107971191 0.098934218 0.995090604 0.002588911 -1.001969814 -0.983957767 0.098214842 -0.148932576 12.830749512
-0.152279973 0.013004488 0.988251865 99.035903931 0.099225603 0.995062530 0.002195584 -1.000510931 -0.983343840 0.098394230 -0.152818441 12.533805847
-0.157057762 0.012297393 0.987512887 100.983535767 0.097094804 0.995270491 0.003048324 -1.005263805 -0.982804894 0.096361130 -0.157508969 12.234176636
-0.162103415 0.011456486 0.986707389 102.944747925 0.095498100 0.995421052 0.004131445 -1.009355307 -0.982141972 0.094898395 -0.162455201 11.931747437
-0.166765571 0.012230867 0.985920906 104.909156799 0.094078533 0.995558381 0.003562660 -1.017073631 -0.981498241 0.093348108 -0.167175531 11.614448547
-0.171571970 0.014051017 0.985071421 106.860015869 0.094684824 0.995504677 0.002291609 -1.023507833 -0.980611026 0.093664490 -0.172131062 11.281837463
-0.176211357 0.015716434 0.984226882 108.835075378 0.094015367 0.995570302 0.000934502 -1.032930374 -0.979852378 0.092697121 -0.176908374 10.943458557
-0.180852890 0.015779868 0.983383775 110.811782837 0.093149789 0.995651424 0.001154317 -1.048098803 -0.979089200 0.091810733 -0.181536317 10.586959839
-0.185847402 0.015768142 0.982452154 112.818000793 0.091304377 0.995822191 0.001289028 -1.051168919 -0.978327334 0.089941740 -0.186510682 10.221588135
-0.191576123 0.015200953 0.981360018 114.816520691 0.089414485 0.995992422 0.002027442 -1.058272839 -0.977396369 0.088136204 -0.192167640 9.847305298
-0.197184324 0.014641834 0.980257094 116.812377930 0.088699624 0.996053994 0.002964644 -1.068565845 -0.976345599 0.087533019 -0.197704911 9.465621948
-0.202614307 0.014298391 0.979154408 118.828506470 0.089159556 0.996009707 0.003905053 -1.078868151 -0.975191474 0.088092178 -0.203080654 9.058380127
-0.207753658 0.015885718 0.978052318 120.827819824 0.089775264 0.995957851 0.002893120 -1.087722540 -0.974052906 0.088405952 -0.208339930 8.632202148
-0.213560462 0.017189568 0.976778805 122.865264893 0.089540578 0.995981038 0.002049421 -1.083698511 -0.972817957 0.087898999 -0.214241266 8.204421997
-0.219562411 0.017235329 0.975446224 124.898162842 0.090259507 0.995914578 0.002719448 -1.092539072 -0.971414208 0.088640384 -0.220221043 7.758316040
-0.225276589 0.017181756 0.974143326 126.948150635 0.089446478 0.995986760 0.003118018 -1.096492529 -0.970180273 0.087836109 -0.225909352 7.299880981
-0.230493307 0.017849319 0.972910225 128.989105225 0.088808089 0.996044934 0.002765872 -1.108273745 -0.969012916 0.087039813 -0.231166840 6.831848145
-0.235530734 0.018393844 0.971692860 131.028198242 0.087751202 0.996139526 0.002413588 -1.111145496 -0.967897236 0.085835688 -0.236235499 6.342681885
-0.239884496 0.017430719 0.970645130 133.097671509 0.088874750 0.996034443 0.004077764 -1.119615316 -0.966724932 0.087244026 -0.240482330 5.838882446
-0.243811131 0.017002702 0.969673753 135.172790527 0.090766169 0.995857835 0.005360071 -1.128194332 -0.965566039 0.089320406 -0.244344473 5.321456909
-0.247070074 0.018303273 0.968824804 137.239959717 0.092522345 0.995699108 0.004784095 -1.127935886 -0.964570403 0.090819947 -0.247700930 4.795593262
-0.250521064 0.018702239 0.967930555 139.330139160 0.092917994 0.995662153 0.004811079 -1.136125565 -0.963641822 0.091143437 -0.251172066 4.272247314
-0.253739834 0.018526113 0.967095077 141.440002441 0.092383191 0.995710135 0.005164596 -1.144913197 -0.962850690 0.090653799 -0.254362822 3.723449707
-0.257630110 0.019037969 0.966056168 143.549591064 0.090917021 0.995847762 0.004620876 -1.147690773 -0.961956918 0.089021422 -0.258291245 3.167816162
-0.261926174 0.019594345 0.964888990 145.661224365 0.089791641 0.995951951 0.004149439 -1.157198429 -0.960901797 0.087725811 -0.262625217 2.614120483
-0.266126633 0.019308297 0.963744700 147.765808105 0.089050554 0.996016324 0.004635404 -1.164323330 -0.959815919 0.087055609 -0.266785860 2.041427612
-0.271139622 0.019811062 0.962336123 149.863677979 0.088732667 0.996045351 0.004495545 -1.168047905 -0.958441377 0.086609572 -0.271825314 1.490188599
-0.275544286 0.020320119 0.961073577 151.961563110 0.088427268 0.996073365 0.004292387 -1.177356243 -0.957212627 0.086167857 -0.276259184 0.893463135
-0.280009985 0.019742088 0.959794104 154.078628540 0.087378494 0.996162653 0.005001605 -1.201541901 -0.956012309 0.085265860 -0.280660510 0.285415649
-0.284026742 0.019389950 0.958620429 156.199218750 0.087631159 0.996136010 0.005815187 -1.204737186 -0.954803586 0.085656680 -0.284628391 -0.334167480
-0.288350821 0.019429579 0.957327902 158.323181152 0.088314295 0.996072173 0.006384664 -1.213369370 -0.953443646 0.086386748 -0.288934112 -0.961334229
-0.292259693 0.020129135 0.956127107 160.457489014 0.089486174 0.995967567 0.006385384 -1.218099117 -0.952143073 0.087426350 -0.292882442 -1.609436035
-0.296006918 0.021262262 0.954949260 162.599395752 0.089456432 0.995975256 0.005553200 -1.223913193 -0.950987756 0.087070130 -0.296717644 -2.259765625
-0.299366951 0.022979194 0.953861356 164.742034912 0.089381635 0.995989203 0.004058111 -1.228201389 -0.949942291 0.086472549 -0.300220132 -2.927902222
-0.302855492 0.023910871 0.952736437 166.882827759 0.090064757 0.995929301 0.003634873 -1.234461784 -0.948771179 0.086908825 -0.303776145 -3.598266602
-0.306104064 0.024510801 0.951682687 169.031768799 0.089469098 0.995984674 0.003125461 -1.244306564 -0.947784781 0.086102895 -0.307067871 -4.281127930
-0.309779882 0.024457555 0.950493693 171.201919556 0.089670733 0.995964944 0.003597421 -1.258521557 -0.946570456 0.086345874 -0.310723066 -4.977020264
-0.313495040 0.024695301 0.949268639 173.350708008 0.089567557 0.995974004 0.003669249 -1.265698433 -0.945356309 0.086173967 -0.314444780 -5.685485840
-0.317148924 0.025526566 0.948032141 175.515945435 0.091778196 0.995771885 0.003890924 -1.274516582 -0.943924427 0.088242687 -0.318150759 -6.401382446
-0.320418954 0.025591716 0.946930230 177.678009033 0.093324997 0.995624721 0.004671248 -1.277406216 -0.942667663 0.089869015 -0.321405411 -7.123016357
-0.322945356 0.025201118 0.946082175 179.847503662 0.094192050 0.995538116 0.005633974 -1.284037590 -0.941718876 0.090932876 -0.323878169 -7.857559204
-0.325960159 0.024709372 0.945060551 182.050079346 0.093607746 0.995589495 0.006255685 -1.284055233 -0.940737784 0.090504095 -0.326835394 -8.607849121
-0.328590631 0.025132040 0.944138050 184.230422974 0.092800841 0.995667815 0.005793980 -1.295615673 -0.939902246 0.089520648 -0.329499364 -9.358505249
-0.331687689 0.026965449 0.943003774 186.442901611 0.091787748 0.995771289 0.003810636 -1.300505638 -0.938913345 0.087820135 -0.332760215 -10.125335693
-0.334717989 0.028622465 0.941883743 188.655502319 0.091137059 0.995836079 0.002125438 -1.311703205 -0.937901020 0.086551927 -0.335932851 -10.904174805
-0.337766647 0.029202865 0.940776706 190.862518311 0.090080880 0.995933414 0.001426696 -1.329161167 -0.936909318 0.085227884 -0.339023709 -11.687911987
-0.341256857 0.030144617 0.939486623 193.083221436 0.088690326 0.996059239 0.000255839 -1.345258236 -0.935776591 0.083410680 -0.342585564 -12.475769043
-0.345316410 0.030295519 0.937997282 195.313262939 0.089159831 0.996017098 0.000654040 -1.361049652 -0.934241533 0.083857529 -0.346642137 -13.288589478
-0.349078655 0.029602505 0.936625838 197.563598633 0.088873185 0.996041596 0.001642485 -1.378217220 -0.932869673 0.083814271 -0.350327730 -14.113464355
-0.352318764 0.028728165 0.935439229 199.767578125 0.088785149 0.996046722 0.002850072 -1.400359154 -0.931659281 0.084057234 -0.353476524 -14.943267822
-0.356491923 0.028525608 0.933862925 201.997070312 0.088455871 0.996074498 0.003341140 -1.411249638 -0.930101752 0.083796740 -0.357615829 -15.779067993
-0.360028982 0.028630977 0.932501972 204.219863892 0.087997653 0.996114910 0.003390812 -1.429806709 -0.928782046 0.083278760 -0.361149669 -16.626220703
-0.363853812 0.028880116 0.931008339 206.426757812 0.086963259 0.996206760 0.003084123 -1.448022366 -0.927387714 0.082085684 -0.364985108 -17.471557617
-0.367239237 0.029662481 0.929653466 208.663574219 0.087195717 0.996187627 0.002659366 -1.459246159 -0.926030457 0.082038425 -0.368425608 -18.341857910
-0.369797826 0.030367009 0.928615928 210.883026123 0.088234209 0.996096432 0.002563325 -1.477682590 -0.924913228 0.082883596 -0.371033669 -19.230346680
-0.372216702 0.030088646 0.927658081 213.100204468 0.089255765 0.996002555 0.003507884 -1.493367195 -0.923844278 0.084104523 -0.373414397 -20.118927002
-0.374560714 0.029618889 0.926729143 215.325012207 0.090978891 0.995840549 0.004943660 -1.508947372 -0.922728062 0.086164489 -0.375697494 -21.021820068
-0.377270937 0.030233990 0.925609291 217.536148071 0.091767929 0.995768487 0.004878217 -1.519415855 -0.921545029 0.086781658 -0.378449082 -21.918212891
-0.379813671 0.031031104 0.924542427 219.753601074 0.091685340 0.995778978 0.004243425 -1.529551983 -0.920508265 0.086378694 -0.381055593 -22.825012207
-0.382279038 0.031163123 0.923521340 221.960327148 0.090857819 0.995855808 0.004005384 -1.535753250 -0.919569254 0.085440300 -0.383526206 -23.733978271
-0.384991884 0.032442119 0.922349811 224.179183960 0.090583071 0.995885015 0.002781063 -1.549911499 -0.918464124 0.084619954 -0.386346459 -24.650329590
-0.387738824 0.033880971 0.921146333 226.381347656 0.091173239 0.995833516 0.001749558 -1.567191124 -0.917249143 0.084662274 -0.389212370 -25.578063965
-0.390838504 0.033297382 0.919856906 228.625244141 0.088412322 0.996082842 0.001508903 -1.611027718 -0.916203439 0.081916414 -0.392251372 -26.489349365
-0.393674731 0.034197897 0.918613553 230.850662231 0.089177772 0.996015072 0.001138019 -1.634597301 -0.914914072 0.082367919 -0.395155549 -27.436004639
-0.396034956 0.033854418 0.917611420 233.074768066 0.091024533 0.995845377 0.002544769 -1.652572155 -0.913712919 0.084532954 -0.397471189 -28.399414062
-0.398640513 0.032966543 0.916514575 235.290405273 0.091187112 0.995826364 0.003842737 -1.667566776 -0.912562668 0.085106187 -0.399982929 -29.359527588
-0.401623845 0.032287851 0.915235460 237.495208740 0.090402201 0.995895028 0.004536935 -1.685386181 -0.911331952 0.084561437 -0.402894020 -30.326202393
-0.404681921 0.032657351 0.913874269 239.731903076 0.089063302 0.996018529 0.003846230 -1.702937603 -0.910110116 0.082949162 -0.405979276 -31.307464600
-0.408236027 0.031833362 0.912321210 241.957336426 0.087114252 0.996189356 0.004221238 -1.718949795 -0.908710301 0.081199437 -0.409453511 -32.292846680
-0.411586165 0.031292327 0.910833538 244.191223145 0.086572282 0.996233523 0.004893855 -1.731804371 -0.907249808 0.080867179 -0.412744999 -33.293640137
-0.415237427 0.031544980 0.909166038 246.404266357 0.085869953 0.996295512 0.004650738 -1.749799252 -0.905651331 0.080001198 -0.416407943 -34.284820557
-0.418941379 0.031135978 0.907479286 248.598846436 0.085377350 0.996334970 0.005230135 -1.763230324 -0.903990507 0.079669297 -0.420064211 -35.287841797
-0.422830224 0.030508824 0.905695319 250.795745850 0.084583819 0.996398747 0.005924324 -1.781774521 -0.902252913 0.079112150 -0.423888087 -36.290924072
-0.426686406 0.030518526 0.903884530 253.010711670 0.083800279 0.996465027 0.005914253 -1.792152882 -0.900508821 0.078269303 -0.427735567 -37.322509766
-0.430448294 0.031009773 0.902082384 255.210815430 0.083779983 0.996467829 0.005723108 -1.808659077 -0.898718596 0.078039944 -0.431525946 -38.359405518
-0.433844805 0.031678755 0.900430679 257.401123047 0.084449723 0.996411800 0.005633945 -1.821997643 -0.897021294 0.078485370 -0.434963346 -39.400665283
-0.437345743 0.031542167 0.898740113 259.594390869 0.084234878 0.996427715 0.006019845 -1.834338665 -0.895339727 0.078338020 -0.438440323 -40.454528809
-0.441185117 0.031886611 0.896849513 261.778686523 0.083165914 0.996520638 0.005481290 -1.845620632 -0.893554270 0.077005573 -0.442301989 -41.509735107
-0.444711685 0.032095347 0.895098567 263.969177246 0.083730824 0.996471107 0.005869736 -1.856734753 -0.891751468 0.077557676 -0.445829749 -42.588500977
-0.448085427 0.032990251 0.893381953 266.154968262 0.084656388 0.996394098 0.005666104 -1.863367558 -0.889973581 0.078169376 -0.449262500 -43.685760498
-0.451340914 0.034257695 0.891693830 268.350341797 0.086028248 0.996278763 0.005268462 -1.873225689 -0.888195097 0.079088725 -0.452608585 -44.797088623
-0.454597592 0.036281928 0.889957845 270.534332275 0.088139266 0.996098399 0.004413147 -1.880706310 -0.886325479 0.080446422 -0.456021786 -45.905059814
-0.457497716 0.037294049 0.888428450 272.710693359 0.089824840 0.995947659 0.004448001 -1.894119740 -0.884662330 0.081837885 -0.458993673 -47.023376465
-0.460065007 0.039080858 0.887024939 274.899414062 0.091060087 0.995839775 0.003354207 -1.901264191 -0.883203626 0.082315713 -0.461709738 -48.153198242
-0.462778687 0.041739881 0.885490596 277.103057861 0.092575327 0.995704651 0.001446998 -1.903839111 -0.881626666 0.082644217 -0.464655042 -49.298156738
-0.465878606 0.042310406 0.883836448 279.295837402 0.093707033 0.995598316 0.001733276 -1.917250156 -0.879872739 0.083629198 -0.467792630 -50.442901611
-0.468948722 0.043280870 0.882164598 281.491516113 0.094047263 0.995567083 0.001149796 -1.930346489 -0.878204226 0.083504349 -0.470940351 -51.607727051
-0.472214937 0.043523312 0.880408287 283.705291748 0.093265474 0.995640934 0.000803899 -1.932508469 -0.876535535 0.082491308 -0.474215746 -52.790771484
-0.475534797 0.044424783 0.878574550 285.909118652 0.093505561 0.995618701 0.000267473 -1.939004898 -0.874713361 0.082278796 -0.477605343 -53.972656250
-0.478633642 0.044929910 0.876864374 288.106109619 0.092992961 0.995666742 -0.000257354 -1.949434280 -0.873076260 0.081419036 -0.480737686 -55.163421631
-0.481471658 0.044595484 0.875326455 290.317077637 0.091412790 0.995813012 -0.000452518 -1.963442802 -0.871681631 0.079798162 -0.483532310 -56.371948242
-0.484088898 0.045477401 0.873836279 292.519775391 0.093438253 0.995625079 -0.000052670 -1.980771065 -0.870015681 0.081624232 -0.486220360 -57.573394775
-0.486217737 0.045626033 0.872645795 294.744018555 0.095339201 0.995444238 0.001074243 -2.004095078 -0.868621230 0.083719671 -0.488352537 -58.793395996
-0.488313675 0.045799397 0.871465564 296.976318359 0.096020602 0.995378256 0.001492252 -2.005777359 -0.867369473 0.084407330 -0.490454435 -60.031890869
-0.490771770 0.045080122 0.870121241 299.214477539 0.095196113 0.995456278 0.002119550 -2.009742260 -0.866072118 0.083872378 -0.492833257 -61.283996582
-0.493297935 0.044342235 0.868729472 301.439147949 0.094890043 0.995483041 0.003070141 -2.027213097 -0.864669323 0.083948269 -0.495277405 -62.512237549
-0.495486736 0.044603709 0.867469490 303.693664551 0.096329622 0.995342076 0.003843483 -2.026943684 -0.863257468 0.085467413 -0.497475386 -63.792510986
-0.497960210 0.044419389 0.866061509 305.949279785 0.096116200 0.995361209 0.004212990 -2.024495125 -0.861856878 0.085340448 -0.499919653 -65.070037842
-0.499763727 0.045154337 0.864983976 308.183837891 0.095682532 0.995406389 0.003319993 -2.029156685 -0.860860646 0.084423065 -0.501788497 -66.356933594
-0.502730846 0.047431111 0.863140762 310.419250488 0.094973639 0.995479584 0.000613423 -2.037671089 -0.859209955 0.082284003 -0.504962921 -67.621795654
-0.505832553 0.046844792 0.861358821 312.673828125 0.093509324 0.995618105 0.000766850 -2.047462463 -0.857548475 0.080932975 -0.507996440 -68.931549072
-0.510111809 0.045233361 0.858917832 314.959136963 0.091824599 0.995773017 0.002094097 -2.064951420 -0.855192482 0.079938009 -0.512109160 -70.273803711
-0.515150666 0.042577654 0.856041491 317.218872070 0.089405537 0.995986164 0.004264469 -2.071414948 -0.852423906 0.078731693 -0.516889691 -71.611602783
-0.519735336 0.041334368 0.853326738 319.498870850 0.088003241 0.996105850 0.005349644 -2.070457935 -0.849782646 0.077875920 -0.521348953 -72.976104736
-0.524243951 0.041323364 0.850564897 321.798950195 0.088234141 0.996081769 0.005989865 -2.073147297 -0.846984684 0.078189015 -0.525835991 -74.375671387
-0.528380394 0.042682782 0.847934186 324.065551758 0.090576440 0.995869517 0.006312204 -2.069096088 -0.844162345 0.080138102 -0.530063987 -75.772888184
-0.532119989 0.043813560 0.845534742 326.348114014 0.091853075 0.995753229 0.006208319 -2.064288139 -0.841671944 0.080968536 -0.533884645 -77.184783936
-0.535861254 0.043868933 0.843165755 328.644165039 0.092870034 0.995652080 0.007219519 -2.064710617 -0.839182973 0.082173489 -0.537605405 -78.622894287
-0.539740562 0.042903710 0.840737462 330.930847168 0.093422651 0.995584309 0.009170192 -2.062535763 -0.836631596 0.083493449 -0.541365385 -80.067535400
-0.543833375 0.041037723 0.838189304 333.226684570 0.091660380 0.995732605 0.010719972 -2.060642242 -0.834172547 0.082658626 -0.545274138 -81.534423828
-0.547979593 0.040830910 0.835494578 335.510437012 0.090866208 0.995803118 0.010931581 -2.060392380 -0.831541777 0.081908509 -0.549389839 -83.000091553
-0.552336454 0.040364478 0.832643569 337.787353516 0.090199456 0.995856643 0.011557418 -2.049389839 -0.828727126 0.081487574 -0.553688884 -84.479400635
-0.556183577 0.040574275 0.830068409 340.042114258 0.091577940 0.995717049 0.012690100 -2.044585228 -0.825998366 0.083073981 -0.557517290 -85.982696533
-0.560225606 0.040031768 0.827372372 342.286682129 0.091827132 0.995676517 0.014002404 -2.028977394 -0.823234737 0.083819725 -0.561479449 -87.487609863
-0.564281702 0.039358642 0.824643850 344.545288086 0.091002584 0.995741487 0.014745806 -2.018986702 -0.820551693 0.083365500 -0.565460443 -88.998840332
-0.567305446 0.038526695 0.822605729 346.796905518 0.091069803 0.995713174 0.016171610 -2.001894951 -0.818456292 0.084088787 -0.568382144 -90.545593262
-0.570161700 0.038235512 0.820642292 349.060729980 0.091548674 0.995651782 0.017216137 -1.980451584 -0.816415668 0.084944688 -0.571182847 -92.098510742
-0.572716117 0.037455007 0.818897784 351.344055176 0.089266375 0.995864689 0.016881419 -1.960792542 -0.814879119 0.082768291 -0.573691249 -93.689117432
-0.575911403 0.036371581 0.816702664 353.630859375 0.085574076 0.996203661 0.015978374 -1.947278976 -0.813021004 0.079090700 -0.576837540 -95.263061523
-0.579003334 0.035557132 0.814549506 355.896881104 0.082124040 0.996511102 0.014875720 -1.925403595 -0.811178684 0.075507194 -0.579903245 -96.860382080
-0.581738472 0.033262815 0.812695503 358.130737305 0.079947121 0.996663630 0.016434785 -1.904509544 -0.809437335 0.074533410 -0.582456827 -98.451904297
-0.584714651 0.032268532 0.810596943 360.340698242 0.080341950 0.996599734 0.018280739 -1.884320259 -0.807250738 0.075813957 -0.585319042 -100.033935547
-0.587796330 0.032029718 0.808374643 362.539367676 0.079270542 0.996687889 0.018149136 -1.866370201 -0.805115938 0.074748293 -0.588388562 -101.624267578
-0.590459824 0.031219998 0.806463122 364.727294922 0.077796318 0.996800005 0.018370947 -1.843724251 -0.803308904 0.073587157 -0.590999126 -103.210571289
-0.594117045 0.027519835 0.803907812 366.934020996 0.075306118 0.996928096 0.021526536 -1.821207047 -0.800845861 0.073328450 -0.594364405 -104.805084229
-0.597609401 0.025111357 0.801394165 369.137939453 0.072657540 0.997093141 0.022938101 -1.789738655 -0.798488617 0.071935348 -0.597696781 -106.407012939
-0.601069570 0.024275247 0.798828185 371.333251953 0.071151681 0.997194886 0.023233963 -1.753280640 -0.796023369 0.070803180 -0.601110697 -108.020019531
-0.603518844 0.024614004 0.796968818 373.527557373 0.070963122 0.997215152 0.022939567 -1.720411301 -0.794184685 0.070399851 -0.603584766 -109.662841797
-0.606302023 0.024121905 0.794868529 375.722778320 0.070963494 0.997193336 0.023866972 -1.689835548 -0.792061925 0.070877239 -0.606312037 -111.311523438
-0.609305978 0.023126245 0.792597890 377.911804199 0.070434339 0.997201860 0.025049945 -1.660429955 -0.789800763 0.071089186 -0.609229922 -112.967742920
-0.612377405 0.021408221 0.790275693 380.070129395 0.066825755 0.997457325 0.024761979 -1.628380775 -0.787736177 0.067974441 -0.612250924 -114.596221924
-0.615636587 0.017827908 0.787828624 382.249633789 0.056810245 0.998146832 0.021806253 -1.596242905 -0.785979867 0.058181457 -0.615508556 -116.247894287
-0.619058013 0.020449266 0.785079241 384.418945312 0.049304016 0.998700976 0.012864092 -1.577209473 -0.783796370 0.046671171 -0.619261980 -117.911621094
-0.621195912 0.030675830 0.783054769 386.558959961 0.059585933 0.998189807 0.008165753 -1.578030586 -0.781386793 0.051731583 -0.621899247 -119.597137451
-0.622174382 0.031902052 0.782228470 388.691711426 0.067153335 0.997661531 0.012724713 -1.572813988 -0.779993296 0.060446240 -0.622861743 -121.289886475
-0.624321222 0.022730192 0.780836999 390.823211670 0.066216752 0.997518837 0.023906047 -1.548274040 -0.778356194 0.066629544 -0.624277353 -122.987396240
-0.627528191 0.012413126 0.778494895 392.980194092 0.060252134 0.997648716 0.032660417 -1.493773460 -0.776259065 0.067401312 -0.626800537 -124.687469482
-0.630627513 0.006300895 0.776060164 395.110595703 0.054434981 0.997863352 0.036132202 -1.428983688 -0.774174333 0.065030776 -0.629623055 -126.383056641
-0.633632421 0.005690031 0.773613453 397.213745117 0.052860133 0.997954428 0.035955295 -1.365765572 -0.771826327 0.063675746 -0.632637024 -128.077606201
-0.636124134 0.010762288 0.771511674 399.318908691 0.058405302 0.997705638 0.034238532 -1.309675217 -0.769373059 0.066840328 -0.635293245 -129.791839600
-0.638249993 0.017335173 0.769633949 401.396423340 0.062891103 0.997578800 0.029685598 -1.257416725 -0.767255902 0.067349963 -0.637794852 -131.508666992
-0.640608430 0.020407580 0.767596424 403.482910156 0.064226285 0.997567892 0.027079277 -1.212085724 -0.765176952 0.066647083 -0.640361190 -133.235229492
-0.643486977 0.020379748 0.765185952 405.557220459 0.063986786 0.997578859 0.027240761 -1.168270111 -0.762778163 0.066490851 -0.643233061 -134.957885742
-0.646265745 0.019835543 0.762854815 407.618530273 0.064856037 0.997472942 0.029007889 -1.121964455 -0.760351658 0.068222538 -0.645918965 -136.689880371
-0.648710489 0.019103371 0.760795712 409.690246582 0.065404423 0.997385740 0.030724533 -1.072808266 -0.758219838 0.069690719 -0.648263931 -138.430053711
-0.650458455 0.019086396 0.759302020 411.750671387 0.065381795 0.997380555 0.030938601 -1.020293236 -0.756722569 0.069768801 -0.650002480 -140.178894043
-0.651969671 0.019674832 0.757990003 413.806121826 0.065970935 0.997344375 0.030855887 -0.962656975 -0.755369961 0.070122398 -0.651536226 -141.932800293
-0.653395176 0.020092744 0.756750345 415.871337891 0.066509977 0.997305751 0.030946383 -0.909611702 -0.754089653 0.070551664 -0.652971148 -143.695312500
-0.654477119 0.019597787 0.755827904 417.914794922 0.068040282 0.997134626 0.033061985 -0.856066704 -0.753014207 0.073065050 -0.653935194 -145.464111328
-0.655516267 0.018772038 0.754947901 419.959960938 0.069613345 0.996936619 0.035655625 -0.797355652 -0.751965880 0.075927280 -0.654814959 -147.232727051
-0.656527162 0.018613970 0.754072607 421.996002197 0.071476698 0.996732295 0.037626687 -0.729297638 -0.750908196 0.078601569 -0.655712366 -149.008056641
-0.657329440 0.018977024 0.753364325 424.026855469 0.070559122 0.996841252 0.036454488 -0.662628174 -0.750292838 0.077119336 -0.656592131 -150.788757324
-0.658562303 0.019077055 0.752284408 426.059692383 0.066888772 0.997205675 0.033267565 -0.603499413 -0.749547660 0.072228141 -0.657998085 -152.567687988
-0.659838676 0.018412001 0.751181662 428.105346680 0.063725851 0.997469306 0.031528156 -0.542010307 -0.748700142 0.068673186 -0.659342170 -154.358764648
-0.661158919 0.018006319 0.750029802 430.145935059 0.063620470 0.997456610 0.032135677 -0.482306480 -0.747543514 0.068964034 -0.660622954 -156.158325195
-0.662196875 0.016496379 0.749148250 432.186828613 0.061273631 0.997601628 0.032194417 -0.427623749 -0.746820450 0.067222081 -0.661619544 -157.944396973
-0.663646698 0.015817290 0.747879088 434.226623535 0.058829598 0.997783422 0.031101059 -0.368406296 -0.745729446 0.064637534 -0.663106203 -159.730895996
-0.664655924 0.015142936 0.746996045 436.255310059 0.057795320 0.997840881 0.031196633 -0.312583923 -0.744910836 0.063907906 -0.664096117 -161.522827148
-0.665368199 0.013751627 0.746388733 438.289703369 0.058143534 0.997747719 0.033449329 -0.256639481 -0.744247615 0.065653794 -0.664669156 -163.321777344
-0.665254235 0.012469917 0.746512771 440.323059082 0.060384311 0.997483671 0.037149243 -0.196571350 -0.744171083 0.069791347 -0.664333224 -165.136352539
-0.664273977 0.011110175 0.747406840 442.341979980 0.064764582 0.996984839 0.042740770 -0.121091843 -0.744678438 0.076797061 -0.662990689 -166.947753906
-0.662527680 0.011180464 0.748954058 444.380126953 0.069363914 0.996507883 0.046483610 -0.020339966 -0.745818913 0.082747057 -0.660989642 -168.794738770
-0.661691308 0.008226119 0.749731481 446.418914795 0.063153498 0.996997893 0.044798296 0.062917709 -0.747112155 0.076990798 -0.660224319 -170.562805176
-0.661032796 0.007645680 0.750318110 448.445983887 0.056055300 0.997657120 0.039218865 0.152681351 -0.748260319 0.067984261 -0.659912705 -172.330261230
-0.659245372 0.005845050 0.751905203 450.480895996 0.051768765 0.997949839 0.037631407 0.227125168 -0.750143707 0.063733533 -0.658196330 -174.118652344
-0.656939864 0.005544177 0.753922582 452.514648438 0.050089981 0.998084545 0.036306843 0.293277740 -0.752277195 0.061615385 -0.655959249 -175.875671387
-0.654702306 0.006281567 0.755860746 454.554321289 0.052233085 0.997951150 0.036949161 0.360551834 -0.754079998 0.063671641 -0.653689027 -177.630432129
-0.652025461 0.006590428 0.758168519 456.594055176 0.053414345 0.997876942 0.037262265 0.434566498 -0.756313324 0.064793020 -0.650993228 -179.396179199
-0.649941087 0.007875476 0.759943843 458.633483887 0.051475335 0.998106182 0.033680607 0.504850388 -0.758239388 0.061008770 -0.649115562 -181.132568359
-0.648654342 0.003014908 0.761077464 460.678375244 0.044602599 0.998424053 0.034058958 0.565814972 -0.759775341 0.056038514 -0.647766471 -182.861633301
-0.647544742 -0.003474763 0.762019634 462.730529785 0.035494380 0.998766720 0.034716520 0.627494812 -0.761200488 0.049527910 -0.646622777 -184.603027344
-0.647861362 -0.007039626 0.761725664 464.786621094 0.028578183 0.999028742 0.033538964 0.685789108 -0.761221945 0.043497335 -0.647030950 -186.315673828
-0.647282600 -0.007407827 0.762214124 466.856567383 0.027208215 0.999091029 0.032815579 0.745642662 -0.761764407 0.041979436 -0.646492600 -188.059997559
-0.646325827 -0.007021919 0.763029337 468.911254883 0.029510604 0.998979568 0.034190319 0.804832458 -0.762490809 0.044615537 -0.645459056 -189.798156738
-0.645274520 -0.007471567 0.763914168 470.983215332 0.032119866 0.998802602 0.036900420 0.875026703 -0.763275206 0.048347723 -0.644261956 -191.560791016
-0.643901229 -0.010206848 0.765040636 473.065612793 0.029683534 0.998824954 0.038309231 0.942277908 -0.764532685 0.047376469 -0.642841578 -193.312438965
-0.642720461 -0.010413348 0.766030192 475.141113281 0.028011488 0.998919547 0.037081633 1.006565094 -0.765588701 0.045290764 -0.641734362 -195.050659180
-0.642611742 -0.010045148 0.766126275 477.250183105 0.026187895 0.999041855 0.035064936 1.076707840 -0.765744448 0.042596370 -0.641732931 -196.792297363
-0.641247034 -0.008226159 0.767290354 479.352478027 0.027107837 0.999075532 0.033365950 1.151424408 -0.766855478 0.042195402 -0.640431285 -198.557983398
-0.640201211 -0.007603879 0.768169761 481.446838379 0.029265026 0.998983741 0.034278434 1.216299057 -0.767649770 0.044425596 -0.639328003 -200.306274414
