1.000000000 0.000000000 0.000000000 0.000000000 0.000000000 1.000000000 0.000000000 0.000000000 0.000000000 0.000000000 1.000000000 0.000000000
0.999996424 -0.002480862 -0.001012444 -0.011452779 0.002483986 0.999992132 0.003096200 -0.019260790 0.001004755 -0.003098704 0.999994695 1.580374837
0.999992490 -0.003055057 -0.002372500 -0.020129949 0.003064542 0.999987304 0.004004210 -0.037636012 0.002360236 -0.004011450 0.999989152 3.148666382
0.999991238 -0.001698780 -0.003818655 -0.032789025 0.001713534 0.999991059 0.003863912 -0.051985830 0.003812057 -0.003870422 0.999985218 4.715757847
0.999987066 -0.001398418 -0.004895910 -0.053094756 0.001416920 0.999991834 0.003777483 -0.068101317 0.004890588 -0.003784371 0.999980867 6.270813465
0.999980211 -0.001057186 -0.006203040 -0.072284952 0.001082970 0.999990761 0.004154740 -0.086722225 0.006198591 -0.004161375 0.999972105 7.826656342
0.999967933 -0.001590634 -0.007848592 -0.091792241 0.001626966 0.999987960 0.004624845 -0.105138116 0.007841142 -0.004637466 0.999958515 9.369513512
0.999952137 -0.003251435 -0.009227211 -0.117761455 0.003289000 0.999986351 0.004058876 -0.121714085 0.009213888 -0.004089030 0.999949217 10.907988548
0.999931812 -0.004920208 -0.010591866 -0.136885107 0.004964445 0.999979019 0.004154223 -0.131355062 0.010571204 -0.004206522 0.999935269 12.448346138
0.999919236 -0.004185062 -0.011998440 -0.157376140 0.004235858 0.999982178 0.004211269 -0.150762826 0.011980603 -0.004261753 0.999919176 13.983450890
0.999910712 -0.003706606 -0.012836858 -0.187848076 0.003762532 0.999983549 0.004335257 -0.167330950 0.012820577 -0.004383169 0.999908209 15.511565208
0.999907553 -0.002463532 -0.013373333 -0.214980662 0.002530844 0.999984205 0.005018781 -0.184472173 0.013360757 -0.005052163 0.999897957 17.038837433
0.999903440 -0.000622544 -0.013880365 -0.252263576 0.000700927 0.999983847 0.005642923 -0.195489973 0.013876627 -0.005652107 0.999887764 18.548574448
0.999896467 0.000532820 -0.014378786 -0.281924754 -0.000437998 0.999978125 0.006596881 -0.208706394 0.014381987 -0.006589900 0.999874830 20.050163269
0.999890089 0.000159709 -0.014826043 -0.307356715 -0.000059723 0.999977231 0.006744159 -0.221937016 0.014826783 -0.006742532 0.999867320 21.559965134
0.999883890 0.001038279 -0.015203391 -0.337460876 -0.000934156 0.999976099 0.006854190 -0.233291149 0.015210144 -0.006839192 0.999860942 23.058469772
0.999880910 0.001515209 -0.015358813 -0.359579235 -0.001403525 0.999972522 0.007279855 -0.243759617 0.015369421 -0.007257431 0.999855518 24.551780701
0.999880433 0.002421709 -0.015274556 -0.389725655 -0.002291881 0.999961138 0.008511418 -0.252586722 0.015294575 -0.008475393 0.999847114 26.039173126
0.999879897 0.003061342 -0.015193213 -0.419160515 -0.002954637 0.999970853 0.007040657 -0.261913568 0.015214324 -0.006994921 0.999859810 27.518243790
0.999882281 0.003479903 -0.014942978 -0.449819803 -0.003404770 0.999981463 0.005050491 -0.274013102 0.014960275 -0.004999019 0.999875605 28.988538742
0.999894202 0.001629289 -0.014453373 -0.483967960 -0.001557855 0.999986529 0.004952247 -0.288332254 0.014461246 -0.004929207 0.999883294 30.446695328
0.999899447 0.001093393 -0.014137234 -0.512030780 -0.000988189 0.999971807 0.007446473 -0.298897177 0.014144977 -0.007431754 0.999872327 31.894542694
0.999903202 -0.000457400 -0.013907203 -0.535289824 0.000579953 0.999961019 0.008809484 -0.311364263 0.013902631 -0.008816696 0.999864459 33.346271515
0.999903738 -0.001509844 -0.013790841 -0.555110455 0.001626112 0.999963224 0.008423508 -0.324149519 0.013777616 -0.008445122 0.999869406 34.778682709
0.999913990 -0.001523635 -0.013027429 -0.599184811 0.001607010 0.999978304 0.006391869 -0.335046828 0.013017407 -0.006412254 0.999894738 36.204181671
0.999924481 -0.000761788 -0.012264090 -0.623285413 0.000831243 0.999983668 0.005659192 -0.345983475 0.012259577 -0.005668960 0.999908805 37.616283417
0.999933779 0.000081373 -0.011510004 -0.650952637 -0.000027582 0.999989092 0.004673496 -0.363576889 0.011510259 -0.004672869 0.999922812 38.999267578
0.999946356 0.000698372 -0.010335004 -0.671487570 -0.000639172 0.999983370 0.005730276 -0.376780063 0.010338834 -0.005723363 0.999930203 40.363883972
0.999960303 0.000936984 -0.008859133 -0.686210692 -0.000867386 0.999968767 0.007856694 -0.393419772 0.008866218 -0.007848698 0.999929905 41.715797424
0.999972641 0.000457292 -0.007380071 -0.698140502 -0.000392231 0.999961078 0.008814721 -0.403920203 0.007383814 -0.008811586 0.999933898 43.053470612
0.999987721 0.000923182 -0.004873317 -0.712242723 -0.000877358 0.999955475 0.009396840 -0.416223228 0.004881775 -0.009392449 0.999943972 44.359706879
0.999998510 0.000621669 -0.001609664 -0.717096925 -0.000607484 0.999961138 0.008798192 -0.428340346 0.001615071 -0.008797201 0.999960005 45.661376953
0.999997318 -0.000027896 0.002311851 -0.715825677 0.000011640 0.999975264 0.007031350 -0.438717484 -0.002311990 -0.007031304 0.999972582 46.959548950
0.999985278 -0.000124900 0.005429150 -0.718810618 0.000095061 0.999984920 0.005495912 -0.456967115 -0.005429754 -0.005495315 0.999970138 48.219062805
0.999953449 0.000159958 0.009647714 -0.718023419 -0.000218102 0.999981821 0.006025988 -0.468838990 -0.009646575 -0.006027811 0.999935329 49.467857361
0.999888301 0.000571204 0.014935176 -0.704960644 -0.000658595 0.999982715 0.005847058 -0.481221408 -0.014931577 -0.005856241 0.999871373 50.708862305
0.999757826 0.002342864 0.021881726 -0.693685830 -0.002452482 0.999984562 0.004984058 -0.492436141 -0.021869712 -0.005036516 0.999748170 51.934909821
0.999561489 0.003728009 0.029376594 -0.669418335 -0.003871075 0.999980927 0.004814693 -0.504161298 -0.029358085 -0.004926300 0.999556839 53.173248291
0.999271393 0.005124671 0.037820373 -0.636983931 -0.005346567 0.999969065 0.005768275 -0.515110850 -0.037789643 -0.005966281 0.999267876 54.374641418
0.998809040 0.007146252 0.048264217 -0.586961210 -0.007460796 0.999952078 0.006340123 -0.528457582 -0.048216593 -0.006692661 0.998814464 55.573360443
0.998084188 0.009304524 0.061167277 -0.522213161 -0.009706023 0.999933243 0.006270099 -0.539198518 -0.061104853 -0.006851777 0.998107851 56.752895355
0.997016191 0.011479182 0.076334432 -0.456177503 -0.012033325 0.999904454 0.006803398 -0.551163852 -0.076249041 -0.007701655 0.997059047 57.898826599
0.995605230 0.013867894 0.092617139 -0.363696247 -0.014690071 0.999858439 0.008201296 -0.563153088 -0.092490293 -0.009525805 0.995667994 59.038383484
0.993791282 0.013932259 0.110384569 -0.248535261 -0.015025500 0.999845922 0.009078257 -0.574370086 -0.110241078 -0.010680476 0.993847489 60.170532227
0.991476357 0.013772529 0.129556745 -0.110296100 -0.014926404 0.999857068 0.007939502 -0.579701960 -0.129428878 -0.009805644 0.991540194 61.289737701
0.988637805 0.013127218 0.149742991 0.044888414 -0.014341824 0.999872386 0.007034230 -0.587043524 -0.149631545 -0.009101894 0.988699913 62.382472992
0.985241354 0.010356317 0.170857206 0.219440013 -0.011678996 0.999909103 0.006738114 -0.592460573 -0.170771882 -0.008634109 0.985272765 63.468902588
0.981236339 0.005322561 0.192735255 0.431384206 -0.007155163 0.999935567 0.008813583 -0.602691233 -0.192675933 -0.010027261 0.981211185 64.541732788
0.976398826 -0.000142161 0.215975255 0.656073689 -0.002119708 0.999945283 0.010241146 -0.613478303 -0.215964898 -0.010457247 0.976345122 65.585960388
0.970850170 -0.005220519 0.239630342 0.915778160 0.002948947 0.999947250 0.009837063 -0.623980999 -0.239669055 -0.008843658 0.970814347 66.616653442
0.964293540 -0.011166829 0.264600217 1.197351694 0.009430265 0.999924839 0.007832367 -0.631224394 -0.264667779 -0.005057451 0.964326382 67.619789124
0.956690729 -0.014705021 0.290734589 1.501444578 0.012805184 0.999882400 0.008436185 -0.637294412 -0.290824473 -0.004347910 0.956766546 68.603569031
0.948021591 -0.017214537 0.317740023 1.826815605 0.014570642 0.999836624 0.010695666 -0.644253850 -0.317872226 -0.005510047 0.948117554 69.573265076
0.938229501 -0.021521730 0.345343649 2.181508064 0.017946670 0.999747157 0.013546488 -0.649904609 -0.345547885 -0.006511947 0.938378513 70.526931763
0.927268803 -0.024645703 0.373584270 2.558909655 0.021268902 0.999687195 0.013159025 -0.655232191 -0.373791724 -0.004256226 0.927502871 71.446357727
0.915103614 -0.024035407 0.402501792 2.955887318 0.022180224 0.999711037 0.009270164 -0.659181893 -0.402608275 0.000444418 0.915372252 72.346778870
0.901952267 -0.024967646 0.431113303 3.382445097 0.025868135 0.999658227 0.003774623 -0.662715256 -0.431060225 0.007747566 0.902289927 73.227874756
0.887634695 -0.026664477 0.459775686 3.841385365 0.029328322 0.999568939 0.001348802 -0.669829011 -0.459613472 0.012287206 0.888034046 74.099014282
0.871848941 -0.027224766 0.489017606 4.319805145 0.028668024 0.999578714 0.004537893 -0.677497387 -0.488935113 0.010062810 0.872262120 74.951087952
0.854003251 -0.026184678 0.519608378 4.823331833 0.024465524 0.999648988 0.010165063 -0.685311556 -0.519692183 0.004031493 0.854344130 75.786201477
0.834405422 -0.026534894 0.550512075 5.349001408 0.022597337 0.999647558 0.013932851 -0.694172323 -0.550687790 0.000814461 0.834710956 76.587455750
0.813289165 -0.020404451 0.581501901 5.901153564 0.018676881 0.999785423 0.008960192 -0.698395789 -0.581559956 0.003573412 0.813495755 77.367416382
0.791025460 -0.013176611 0.611641288 6.475074768 0.015526502 0.999878407 0.001460251 -0.698299885 -0.611586154 0.008341554 0.791133881 78.126983643
0.768479288 -0.010914216 0.639781594 7.077353477 0.014763772 0.999890804 -0.000676213 -0.703348637 -0.639704347 0.009965245 0.768556476 78.853958130
0.745271802 -0.013130444 0.666631579 7.717213631 0.015560625 0.999876261 0.002298008 -0.710121155 -0.666579247 0.008660561 0.745383859 79.564292908
0.720535219 -0.013374334 0.693289399 8.357393265 0.015779449 0.999871314 0.002889074 -0.723188698 -0.693238795 0.008858043 0.720653534 80.234840393
0.694991350 -0.011210552 0.718930662 9.020762444 0.016257701 0.999867857 -0.000125035 -0.731596947 -0.718834221 0.011775059 0.695081770 80.876113892
0.669029117 -0.009015687 0.743181527 9.714345932 0.016583499 0.999858558 -0.002799362 -0.738996983 -0.743051171 0.014197404 0.669084072 81.484085083
0.641531885 -0.006542095 0.767068505 10.416817665 0.014594886 0.999886751 -0.003678590 -0.753614724 -0.766957581 0.013555210 0.641554713 82.095672607
0.613683701 -0.005230945 0.789534748 11.145667076 0.014712731 0.999880195 -0.004811247 -0.768148601 -0.789414942 0.014568795 0.613687098 82.655151367
0.584708691 0.001462862 0.811242044 11.893210411 0.012930406 0.999854565 -0.011122662 -0.789323032 -0.811140299 0.016993206 0.584604740 83.206497192
0.554802001 0.010903778 0.831910968 12.664808273 0.011664059 0.999713898 -0.020881923 -0.807977378 -0.831900656 0.021288792 0.554516077 83.719757080
0.523871779 0.019287467 0.851578772 13.459508896 0.010452637 0.999522746 -0.029068485 -0.831668854 -0.851733029 0.024129402 0.523420155 84.210113525
0.492090762 0.024282752 0.870205164 14.273538589 0.008129925 0.999439120 -0.032486357 -0.859506130 -0.870505929 0.023060942 0.491617382 84.674362183
0.459536970 0.024040265 0.887833238 15.120100021 0.006465445 0.999516547 -0.030410841 -0.888313770 -0.888135135 0.019715143 0.459159374 85.121009827
0.426205218 0.022978598 0.904334605 15.985689163 0.001465895 0.999658465 -0.026091583 -0.921335101 -0.904625297 0.012446027 0.426025987 85.532196045
0.391719341 0.023826048 0.919776201 16.861001968 -0.002278296 0.999686718 -0.024925770 -0.959751368 -0.920081973 0.007668385 0.391650915 85.924278259
0.357017577 0.027095325 0.933704615 17.759592056 -0.009314922 0.999632776 -0.025446791 -0.985690117 -0.934051216 0.000387568 0.357138872 86.269287109
0.320604861 0.028996112 0.946769118 18.684036255 -0.014359315 0.999565244 -0.025750566 -1.020794153 -0.947104216 -0.005339201 0.320881844 86.616195679
0.284059763 0.027997509 0.958397806 19.602844238 -0.017125148 0.999562263 -0.024124313 -1.056937337 -0.958653688 -0.009559952 0.284414887 86.901596069
0.247757614 0.027800534 0.968423128 20.568996429 -0.017269427 0.999556124 -0.024276126 -1.082000732 -0.968668163 -0.010709517 0.248127699 87.160171509
0.211781085 0.027083384 0.976941884 21.524135590 -0.016593847 0.999571502 -0.024113530 -1.115528464 -0.977176309 -0.011104432 0.212139726 87.364532471
0.176978528 0.026002886 0.983871162 22.506752014 -0.013944119 0.999616861 -0.023910768 -1.142097831 -0.984115899 -0.009487526 0.177273333 87.531219482
0.142390788 0.024974735 0.989495456 23.484512329 -0.005472249 0.999686241 -0.024444481 -1.175611854 -0.989795506 -0.001934095 0.142482758 87.658760071
0.109054506 0.028596804 0.993624449 24.468757629 -0.003306359 0.999590993 -0.028405638 -1.207226038 -0.994030356 -0.000187513 0.109104455 87.755416870
0.075844765 0.033495836 0.996556878 25.475654602 -0.002361177 0.999438822 -0.033413004 -1.243947625 -0.997116864 0.000181156 0.075881302 87.856880188
0.046657145 0.037560415 0.998204648 26.455448151 0.004413842 0.999275327 -0.037807018 -1.279913187 -0.998901308 0.006169887 0.046457589 87.893661499
0.021888435 0.035617050 0.999125779 27.489368439 0.006153757 0.999341488 -0.035759550 -1.322343111 -0.999741435 0.006931097 0.021654844 87.905036926
-0.000507116 0.032790639 0.999462187 28.496212006 0.007872024 0.999431431 -0.032785635 -1.360643387 -0.999968946 0.007851162 -0.000764966 87.902976990
-0.019129872 0.030436194 0.999353647 29.536281586 0.007881934 0.999510050 -0.030290080 -1.401909828 -0.999785900 0.007297393 -0.019360423 87.878341675
-0.035729647 0.033374436 0.998804092 30.541755676 0.010046252 0.999403715 -0.033035092 -1.444693923 -0.999311030 0.008853907 -0.036043644 87.841697693
-0.050274491 0.037881900 0.998016775 31.550685883 0.012924696 0.999221385 -0.037276551 -1.482605934 -0.998651862 0.011025006 -0.050724983 87.787521362
-0.062152982 0.043019243 0.997139096 32.557247162 0.017389532 0.998965681 -0.042014133 -1.527602434 -0.997915149 0.014728477 -0.062836766 87.718841553
-0.071050406 0.046769097 0.996375740 33.565727234 0.022410847 0.998722851 -0.045281183 -1.574899554 -0.997220993 0.019112382 -0.072007775 87.641510010
-0.076458573 0.051928833 0.995719612 34.590965271 0.026578844 0.998394132 -0.050027400 -1.631953001 -0.996718466 0.022640055 -0.077715993 87.549079895
-0.079996824 0.056624107 0.995185554 35.607677460 0.028508328 0.998106778 -0.054498717 -1.689806938 -0.996387422 0.024011355 -0.081459641 87.464248657
-0.082582951 0.060657129 0.994736493 36.633186340 0.030748827 0.997825861 -0.058292747 -1.752453327 -0.996109724 0.025772993 -0.084268570 87.369949341
-0.085163832 0.063608900 0.994334519 37.662178040 0.030832583 0.997650385 -0.061180241 -1.821446419 -0.995889843 0.025447555 -0.086925030 87.277526855
-0.087537050 0.067049995 0.993902147 38.695007324 0.032064717 0.997404873 -0.064462215 -1.891559362 -0.995645046 0.026226357 -0.089459777 87.184783936
-0.089486957 0.071165666 0.993442297 39.726329803 0.033263933 0.997101128 -0.068431430 -1.959331989 -0.995432436 0.026922081 -0.091594815 87.087417603
-0.091675997 0.072431527 0.993151188 40.764499664 0.035811204 0.996945739 -0.069402605 -2.036947250 -0.995144784 0.029203391 -0.093989849 86.987632751
-0.093714237 0.071141288 0.993054211 41.805393219 0.035826612 0.997038722 -0.068045788 -2.115732431 -0.994954348 0.029200908 -0.095985532 86.886535645
-0.095872521 0.070844032 0.992869496 42.859939575 0.035634469 0.997068942 -0.067702785 -2.195411205 -0.994755685 0.028889546 -0.098116040 86.783828735
-0.097967982 0.072127759 0.992572427 43.903930664 0.035602123 0.996985734 -0.068934500 -2.273444891 -0.994552612 0.028584315 -0.100240588 86.675170898
-0.100519776 0.074452169 0.992145479 44.952190399 0.034418710 0.996859550 -0.071318775 -2.348687172 -0.994339526 0.026979424 -0.102766633 86.573806763
-0.103288531 0.076374412 0.991715014 46.000865936 0.032922398 0.996763885 -0.073334336 -2.435506105 -0.994106531 0.025075046 -0.105468750 86.469116211
-0.105427742 0.080031127 0.991201282 47.065376282 0.030762354 0.996541679 -0.077190325 -2.516988277 -0.993951023 0.022353686 -0.107525110 86.350624084
-0.107662201 0.084245235 0.990611851 48.120838165 0.027173312 0.996280372 -0.081774056 -2.604483843 -0.993816257 0.018114241 -0.109550953 86.241043091
-0.110495925 0.086658761 0.990091383 49.184745789 0.024850573 0.996120930 -0.084413126 -2.695399284 -0.993565857 0.015277032 -0.112220883 86.127410889
-0.113426447 0.084925398 0.989910185 50.257286072 0.022844533 0.996299684 -0.082855970 -2.789103508 -0.993283749 0.013215977 -0.114946842 86.006652832
-0.115805030 0.080580227 0.989998162 51.321949005 0.020636488 0.996683896 -0.078710474 -2.885898352 -0.993057728 0.011315034 -0.117083907 85.879943848
-0.118069291 0.078718148 0.989880502 52.385192871 0.020707887 0.996831357 -0.076800957 -2.977271318 -0.992789567 0.011430506 -0.119325280 85.754364014
-0.120241642 0.079660311 0.989543498 53.467281342 0.019888956 0.996768594 -0.077825204 -3.058776617 -0.992545485 0.010323158 -0.121437430 85.630264282
-0.121348977 0.082376368 0.989185810 54.544448853 0.022004493 0.996528745 -0.080288455 -3.152092695 -0.992365956 0.012023612 -0.122740388 85.492446899
-0.122340918 0.085091531 0.988833725 55.618885040 0.022112073 0.996304333 -0.082998633 -3.242881775 -0.992241800 0.011711029 -0.123770356 85.364959717
-0.122871041 0.085844658 0.988702953 56.708454132 0.020554703 0.996258259 -0.083946221 -3.336543322 -0.992209792 0.010007934 -0.124175906 85.238784790
-0.122759223 0.084836371 0.988803983 57.802158356 0.017562641 0.996369302 -0.083305083 -3.428881645 -0.992281258 0.007139552 -0.123803496 85.108055115
-0.122681856 0.084281459 0.988860905 58.913505554 0.013581071 0.996436775 -0.083242238 -3.525725842 -0.992353141 0.003217483 -0.123389363 84.972503662
-0.122915626 0.085469864 0.988729954 60.014518738 0.009967350 0.996340573 -0.084888659 -3.622637987 -0.992367208 -0.000579109 -0.123317719 84.840469360
-0.122891903 0.085323766 0.988745511 61.112461090 0.006115616 0.996343434 -0.085219324 -3.724895239 -0.992401302 -0.004425972 -0.122964382 84.712066650
-0.123266816 0.084698401 0.988752604 62.224929810 0.002564321 0.996374965 -0.085031658 -3.824304104 -0.992370367 -0.007946089 -0.123037100 84.580551147
-0.123394489 0.079482846 0.989169538 63.342578888 0.003420793 0.996815383 -0.079670489 -3.927603722 -0.992351830 -0.006447153 -0.123273373 84.443450928
-0.123484731 0.071268611 0.989784062 64.475234985 0.006856993 0.997455180 -0.070965499 -4.015145779 -0.992322862 -0.001976208 -0.123659134 84.296020508
-0.123527765 0.065327689 0.990188539 65.611251831 0.012319232 0.997854769 -0.064296626 -4.111604214 -0.992264748 0.004255950 -0.124067545 84.155242920
-0.122334957 0.067624077 0.990182519 66.733345032 0.020806788 0.997631550 -0.065562181 -4.189908981 -0.992270887 0.012581975 -0.123452187 83.998565674
-0.121247053 0.073541760 0.989894331 67.861404419 0.025833117 0.997147679 -0.070916466 -4.268408775 -0.992286146 0.016973648 -0.122800946 83.854423523
-0.120131731 0.079648517 0.989557922 68.992202759 0.029447429 0.996623695 -0.076642357 -4.350240231 -0.992321312 0.019932767 -0.122071624 83.706764221
-0.119339228 0.083822936 0.989308774 70.123062134 0.030166326 0.996275842 -0.080774322 -4.444420338 -0.992395163 0.020204272 -0.121423364 83.567459106
-0.119691849 0.081074148 0.989495337 71.263664246 0.027297365 0.996552110 -0.078350388 -4.538508415 -0.992435813 0.017632717 -0.121492267 83.436569214
-0.118811727 0.076562531 0.989960670 72.432693481 0.026705869 0.996908426 -0.073894724 -4.634346008 -0.992557704 0.017658206 -0.120489001 83.288452148
-0.118837357 0.074617118 0.990106285 73.598846436 0.024331354 0.997091651 -0.072223209 -4.722866058 -0.992615819 0.015507817 -0.120307326 83.148323059
-0.118052363 0.075436212 0.990137875 74.760009766 0.022677226 0.997055054 -0.073259450 -4.810012817 -0.992748380 0.013805127 -0.119415402 83.008247375
-0.118490696 0.080430798 0.989692390 75.901824951 0.022999339 0.996668875 -0.078244187 -4.901743889 -0.992688894 0.013491063 -0.119945884 82.885467529
-0.117577791 0.083355352 0.989559174 77.075912476 0.022297043 0.996441424 -0.081285782 -4.994275570 -0.992813349 0.012506841 -0.119017959 82.738586426
-0.117260456 0.082265243 0.989688039 78.248214722 0.022195371 0.996531308 -0.080204308 -5.088308334 -0.992853165 0.012561697 -0.118679643 82.599243164
-0.116682529 0.075556584 0.990291178 79.430679321 0.023819486 0.997028112 -0.073264033 -5.185295105 -0.992883742 0.015039604 -0.118135452 82.455047607
-0.117000818 0.073924407 0.990376830 80.605491638 0.022913378 0.997161329 -0.071723893 -5.281012535 -0.992867649 0.014301136 -0.118362546 82.319343567
-0.116597772 0.077030793 0.990187526 81.790672302 0.020657470 0.996960104 -0.075125180 -5.371595860 -0.992964387 0.011695351 -0.117834568 82.182022095
-0.116569400 0.080193281 0.989939868 82.979255676 0.020101070 0.996721208 -0.078375660 -5.462125778 -0.992979228 0.010762653 -0.117799163 82.043083191
-0.116635799 0.079877853 0.989957392 84.178123474 0.018684618 0.996760607 -0.078225382 -5.558225155 -0.992998958 0.009373094 -0.117750406 81.911491394
-0.116871357 0.076119386 0.990225732 85.373855591 0.018542789 0.997051895 -0.074455611 -5.660222054 -0.992973983 0.009659813 -0.117938280 81.777000427
-0.115331650 0.075581975 0.990447342 86.585922241 0.019129610 0.997085035 -0.073860973 -5.749003410 -0.993142784 0.010428365 -0.116441250 81.625373840
-0.114187479 0.076040484 0.990544915 87.794258118 0.020334832 0.997036457 -0.074194670 -5.843524456 -0.993251145 0.011670466 -0.115395308 81.478324890
-0.113047719 0.076040782 0.990675569 89.007331848 0.022925209 0.997001350 -0.073910296 -5.945000172 -0.993325114 0.014356053 -0.114452004 81.340232849
-0.112095237 0.074855812 0.990873992 90.221572876 0.022905571 0.997088313 -0.072734021 -6.044409752 -0.993433416 0.014543394 -0.113483429 81.199470520
-0.110543370 0.076050065 0.990957499 91.445060730 0.023697896 0.996986330 -0.073869206 -6.136222839 -0.993588865 0.015317859 -0.112012506 81.055496216
-0.108980417 0.074360378 0.991258800 92.668472290 0.024054194 0.997103393 -0.072154269 -6.230348587 -0.993752897 0.015980531 -0.110453486 80.914627075
-0.108492017 0.073383711 0.991385102 93.903266907 0.021648647 0.997209549 -0.071445733 -6.323552608 -0.993861616 0.013710863 -0.109777927 80.792663574
-0.107023478 0.073268637 0.991553247 95.133415222 0.022786133 0.997199893 -0.071226463 -6.409930229 -0.993995428 0.014970761 -0.108393312 80.657569885
-0.105157614 0.073674887 0.991722703 96.368873596 0.020051550 0.997206211 -0.071956083 -6.507128716 -0.994253457 0.012318848 -0.106341124 80.526046753
-0.103347540 0.076427527 0.991704702 97.611984253 0.020608220 0.996994019 -0.074687541 -6.602788448 -0.994431853 0.012718498 -0.104611874 80.396003723
-0.102750540 0.075130060 0.991865814 98.855072021 0.017633000 0.997124434 -0.073701717 -6.699917316 -0.994550884 0.009916682 -0.103779793 80.276939392
-0.102582932 0.073674977 0.991992295 100.114021301 0.014042183 0.997261226 -0.072614186 -6.799520016 -0.994625330 0.006480759 -0.103336573 80.157173157
-0.102439880 0.074628867 0.991935790 101.367492676 0.011357436 0.997204483 -0.073852353 -6.896825790 -0.994674385 0.003700424 -0.103001118 80.031318665
-0.102892637 0.074223839 0.991919339 102.627014160 0.008848333 0.997240901 -0.073704198 -6.991971493 -0.994653106 0.001193217 -0.103265405 79.907318115
-0.103987932 0.071525037 0.992003381 103.895622253 0.005953230 0.997437656 -0.071292803 -7.091889858 -0.994560719 -0.001507961 -0.104147315 79.783493042
-0.105381131 0.069946490 0.991969109 105.176887512 0.003977918 0.997544885 -0.069917075 -7.193380833 -0.994424164 -0.003421950 -0.105400562 79.658332825
-0.106737375 0.069105431 0.991882861 106.455749512 0.002123289 0.997595370 -0.069274940 -7.289651871 -0.994284987 -0.005288171 -0.106627464 79.525627136
-0.108052850 0.069673650 0.991700709 107.725997925 0.002060213 0.997554660 -0.069860458 -7.385552883 -0.994143069 -0.005505502 -0.107932091 79.384063721
-0.110687733 0.067827821 0.991538048 108.998344421 0.001501936 0.997678697 -0.068080217 -7.485138416 -0.993854165 -0.006046413 -0.110532641 79.247085571
-0.113315225 0.063015945 0.991558731 110.283042908 -0.000848567 0.997980118 -0.063521020 -7.582673550 -0.993558764 -0.008039304 -0.113032937 79.107032776
-0.117873669 0.063095383 0.991022110 111.555465698 -0.001271422 0.997968972 -0.063688897 -7.675140858 -0.993027806 -0.008767249 -0.117554069 78.967552185
-0.123294234 0.069129996 0.989959478 112.809349060 -0.005997914 0.997500539 -0.070403613 -7.766574383 -0.992352188 -0.014618046 -0.122571468 78.823936462
-0.130403996 0.071848303 0.988854229 114.059104919 -0.004894435 0.997312009 -0.073108278 -7.867495537 -0.991448879 -0.014373495 -0.129701853 78.666549683
-0.139542699 0.068165310 0.987867117 115.325477600 -0.002788894 0.997596800 -0.069230631 -7.961757183 -0.990212142 -0.012415681 -0.139017224 78.494674683
-0.149983525 0.065850444 0.986493111 116.577697754 -0.000852805 0.997770488 -0.066732891 -8.060533524 -0.988688111 -0.010850124 -0.149592996 78.296073914
-0.163253546 0.066968858 0.984308541 117.807563782 -0.000696757 0.997685432 -0.067994535 -8.157444954 -0.986583829 -0.011786178 -0.162829041 78.109008789
-0.176852822 0.067499362 0.981919944 119.038253784 0.001568305 0.997663677 -0.068299145 -8.249096870 -0.984236002 -0.010538949 -0.176545501 77.881973267
-0.191464782 0.065087482 0.979339004 120.270935059 0.002073383 0.997823358 -0.065910608 -8.348457336 -0.981497288 -0.010589015 -0.191182971 77.651245117
-0.206683159 0.067581825 0.976071119 121.484443665 0.006838994 0.997686982 -0.067630321 -8.446353912 -0.978384078 -0.007302695 -0.206667304 77.393463135
-0.221711397 0.070618011 0.972551942 122.687400818 0.007085579 0.997464538 -0.070811652 -8.543084145 -0.975086629 -0.008808649 -0.221649528 77.123893738
-0.237051368 0.074797094 0.968613625 123.881462097 0.007271159 0.997140408 -0.075220481 -8.635604858 -0.971470058 -0.010788160 -0.236917377 76.841461182
-0.253005385 0.072855309 0.964717865 125.089851379 0.003449187 0.997222126 -0.074405447 -8.732275963 -0.967458785 -0.015497481 -0.252553821 76.538482666
-0.269023418 0.067114986 0.960792542 126.279617310 -0.001983054 0.997528434 -0.070236392 -8.832001686 -0.963131785 -0.020800523 -0.268225431 76.219177246
-0.284796357 0.063046396 0.956512511 127.474472046 -0.005781299 0.997703671 -0.067482769 -8.930233002 -0.958570600 -0.024748735 -0.283777952 75.884109497
-0.300026655 0.064679913 0.951735497 128.652709961 -0.007657469 0.997503221 -0.070204243 -9.016923904 -0.953900039 -0.028351033 -0.298782349 75.531616211
-0.314396620 0.066640727 0.946949720 129.818588257 -0.007640703 0.997322917 -0.072722487 -9.111513138 -0.949261010 -0.030099064 -0.313045859 75.157211304
-0.328194976 0.068909049 0.942093372 130.975418091 -0.005650275 0.997174561 -0.074906327 -9.212399483 -0.944593251 -0.029906955 -0.326878309 74.759246826
-0.342285037 0.068922624 0.937065005 132.131958008 -0.003406481 0.997208416 -0.074590571 -9.311697960 -0.939590096 -0.028723324 -0.341094732 74.344833374
-0.356416583 0.066889629 0.931929886 133.268447876 -0.003783731 0.997322559 -0.073030308 -9.413188934 -0.934319615 -0.029555375 -0.355209231 73.917877197
-0.370850325 0.065242179 0.926398158 134.396530151 -0.003771585 0.997415245 -0.071753420 -9.518337250 -0.928685009 -0.030103764 -0.369645715 73.477401733
-0.385487318 0.066857979 0.920287728 135.509323120 -0.005164544 0.997199476 -0.074608855 -9.611706734 -0.922698677 -0.033513639 -0.384062529 73.017959595
-0.400241852 0.068729773 0.913828731 136.619033813 -0.004371940 0.997029066 -0.076902181 -9.712976456 -0.916399240 -0.034774665 -0.398752213 72.537063599
-0.414509058 0.070770457 0.907289505 137.715820312 -0.002844842 0.996865988 -0.079057336 -9.809975624 -0.910040975 -0.035351057 -0.413008690 72.036605835
-0.429612160 0.073193014 0.900042415 138.829772949 -0.000190349 0.996702313 -0.081144430 -9.917010307 -0.903013527 -0.035031952 -0.428181529 71.530990601
-0.443868637 0.076377153 0.892831087 139.913848877 -0.000264634 0.996349752 -0.085364215 -10.026220322 -0.896091938 -0.038126759 -0.442228198 70.988601685
-0.458985090 0.078848839 0.884938180 141.002853394 0.001109605 0.996104062 -0.088178322 -10.133310318 -0.888443291 -0.039490599 -0.457284331 70.435546875
-0.474020123 0.076260351 0.877205431 142.087615967 -0.000060713 0.996239543 -0.086641468 -10.242085457 -0.880514026 -0.041123059 -0.472233057 69.853317261
-0.489956737 0.071901716 0.868776679 143.167617798 -0.002851413 0.996455193 -0.084076747 -10.353524208 -0.871742308 -0.043671191 -0.488014817 69.259857178
-0.506068230 0.071922325 0.859489441 144.237167358 -0.002965173 0.996366143 -0.085122101 -10.465647697 -0.862488389 -0.045626126 -0.504016042 68.644195557
-0.522125721 0.071367577 0.849877357 145.304107666 -0.003947218 0.996279836 -0.086086564 -10.572881699 -0.852859437 -0.048302658 -0.519901633 68.007003784
-0.537797451 0.070403241 0.840129316 146.362701416 -0.004406983 0.996258736 -0.086308040 -10.682283401 -0.843062580 -0.050118681 -0.535475254 67.342315674
-0.553548336 0.069836147 0.829883873 147.405731201 -0.005443301 0.996153295 -0.087458789 -10.796232224 -0.832799315 -0.052929968 -0.551038861 66.666656494
-0.568826199 0.069300257 0.819532871 148.456130981 -0.005744840 0.996084690 -0.088217005 -10.911349297 -0.822437644 -0.054888230 -0.566200972 65.951675415
-0.584303498 0.066622615 0.808796048 149.489730835 -0.005925126 0.996247768 -0.086344026 -11.025268555 -0.811513722 -0.055243324 -0.581716299 65.223510742
-0.599108577 0.062944956 0.798189700 150.508651733 -0.005950770 0.996527433 -0.083052352 -11.142856598 -0.800645649 -0.054507226 -0.596653581 64.471908569
-0.614091516 0.061347276 0.786846936 151.513153076 -0.004997212 0.996652246 -0.081604995 -11.253076553 -0.789218962 -0.054044981 -0.611729145 63.705215454
-0.628868103 0.059385568 0.775240958 152.517745972 -0.006048576 0.996675014 -0.081254572 -11.363366127 -0.777488649 -0.055787500 -0.626417875 62.906661987
-0.643763304 0.060435608 0.762834489 153.496429443 -0.007225165 0.996351898 -0.085033424 -11.474150658 -0.765190661 -0.060252998 -0.640978098 62.097671509
-0.659001112 0.059882101 0.749754667 154.461578369 -0.009269152 0.996103406 -0.087704889 -11.586675644 -0.752085090 -0.064747192 -0.655878186 61.268218994
-0.675020576 0.056148443 0.735659242 155.420623779 -0.011450872 0.996182621 -0.086539626 -11.705705643 -0.737709999 -0.066839978 -0.671800852 60.419639587
-0.691266418 0.048834864 0.720947921 156.370483398 -0.014718681 0.996555150 -0.081616387 -11.817515373 -0.722450078 -0.067030072 -0.688166261 59.542968750
-0.708117008 0.046560064 0.704558551 157.291259766 -0.015429739 0.996564984 -0.081364691 -11.927692413 -0.705926716 -0.068486869 -0.704966187 58.645317078
-0.725561261 0.043966137 0.686751783 158.197845459 -0.017009843 0.996506214 -0.081767842 -12.037589073 -0.687947452 -0.071009114 -0.722278476 57.719932556
-0.743151784 0.040031292 0.667924225 159.087371826 -0.020175681 0.996414304 -0.082167022 -12.149269104 -0.668818533 -0.074538402 -0.739679456 56.774749756
-0.759652734 0.038180169 0.649207473 159.942077637 -0.019642157 0.996472657 -0.081586733 -12.261154175 -0.650032520 -0.074729398 -0.756223202 55.799980164
-0.775584459 0.040015582 0.629974246 160.776290894 -0.017565241 0.996234179 -0.084905408 -12.379278183 -0.630999386 -0.076916970 -0.771960974 54.798461914
-0.790759325 0.039438084 0.610855281 161.580444336 -0.014165880 0.996476114 -0.082672462 -12.495239258 -0.611963093 -0.074027330 -0.787414074 53.786285400
-0.805182815 0.041000959 0.591607571 162.359542847 -0.009703399 0.996562660 -0.082272492 -12.613966942 -0.592947245 -0.071984999 -0.802017212 52.736976624
-0.819845319 0.041665535 0.571067274 163.123550415 -0.008563695 0.996345103 -0.084988505 -12.727247238 -0.572521210 -0.074567869 -0.816492081 51.682670593
-0.833410025 0.043042913 0.550976574 163.858413696 -0.007413991 0.996001959 -0.089023240 -12.856056213 -0.552605569 -0.078277789 -0.829758883 50.598167419
-0.846267104 0.043498598 0.530980229 164.558319092 -0.004684656 0.996015131 -0.089061193 -12.976064682 -0.532738328 -0.077857010 -0.842691064 49.504165649
-0.858171821 0.041437767 0.511687458 165.241699219 -0.003480941 0.996244311 -0.086516455 -13.099691391 -0.513350785 -0.076027140 -0.854804516 48.400177002
-0.868670821 0.043023191 0.493518054 165.892120361 -0.000757770 0.996105075 -0.088170789 -13.221418381 -0.495389223 -0.076965369 -0.865254879 47.286949158
-0.878100157 0.045863964 0.476273805 166.520599365 0.002189996 0.995770216 -0.091852486 -13.345622063 -0.478471994 -0.079612643 -0.874486446 46.144096375
-0.887105346 0.043567687 0.459506601 167.128448486 0.000578078 0.995639324 -0.093284599 -13.471726418 -0.461567014 -0.082487620 -0.883262038 44.995643616
-0.895290017 0.040898371 0.443602264 167.715484619 -0.000377048 0.995706916 -0.092561200 -13.600599289 -0.445483446 -0.083036378 -0.891431093 43.846298218
-0.902691126 0.038833745 0.428533494 168.292739868 -0.001289044 0.995670617 -0.092943095 -13.727796555 -0.430287540 -0.084451295 -0.898732901 42.682769775
-0.909093738 0.037220564 0.414925516 168.835952759 -0.001270269 0.995748401 -0.092105955 -13.859981537 -0.416589648 -0.084260017 -0.905181408 41.504013062
-0.915292144 0.034558680 0.401305407 169.369354248 -0.002553225 0.995794713 -0.091576889 -13.985712051 -0.402782589 -0.084844232 -0.911354899 40.328739166
-0.920956016 0.029773189 0.388527393 169.890930176 -0.004848130 0.996124029 -0.087825738 -14.112402916 -0.389636338 -0.082767271 -0.917242169 39.126811981
-0.926117897 0.026684638 0.376289457 170.398651123 -0.005674387 0.996396661 -0.084625386 -14.233294487 -0.377191752 -0.080508284 -0.922629476 37.922344208
-0.930396676 0.026649550 0.365584463 170.895812988 -0.003342496 0.996695399 -0.081161357 -14.354873657 -0.366539240 -0.076734208 -0.927232981 36.705444336
-0.933542967 0.030946219 0.357127428 171.361877441 0.001351190 0.996563315 -0.082823306 -14.471609116 -0.358463168 -0.076836556 -0.930376410 35.497421265
-0.935865164 0.036073290 0.350507319 171.825439453 0.006737679 0.996395886 -0.084556654 -14.586206436 -0.352294266 -0.076772004 -0.932735324 34.279819489
-0.937723875 0.039283413 0.345153153 172.280120850 0.009707102 0.996160567 -0.087004870 -14.706089973 -0.347245842 -0.078236103 -0.934504867 33.044948578
-0.939497709 0.036691099 0.340584904 172.730514526 0.007872669 0.996297240 -0.085614152 -14.828842163 -0.342465103 -0.077752970 -0.936307788 31.839893341
-0.941457748 0.029147293 0.335868686 173.184051514 0.001687761 0.996650577 -0.081760265 -14.947298050 -0.337126821 -0.076406963 -0.938353658 30.612270355
-0.943431616 0.022755882 0.330785483 173.639114380 -0.004000959 0.996788144 -0.079983629 -15.062669754 -0.331543148 -0.076782547 -0.940310359 29.389877319
-0.944917321 0.016917681 0.326871872 174.072326660 -0.010401129 0.996606946 -0.081648156 -15.171891212 -0.327144086 -0.080550581 -0.941535234 28.154758453
-0.946298599 0.014148616 0.322984725 174.512191772 -0.013782772 0.996368051 -0.084028274 -15.290389061 -0.323000520 -0.083967447 -0.942666650 26.937015533
-0.947013855 0.014400916 0.320869893 174.936355591 -0.014185200 0.996144414 -0.086573951 -15.407926559 -0.320879489 -0.086538322 -0.943158269 25.704898834
-0.947206616 0.015235142 0.320262045 175.356155396 -0.013889787 0.995982885 -0.088460185 -15.530488968 -0.320323199 -0.088238426 -0.943189979 24.468505859
-0.947233081 0.018220972 0.320028007 175.780288696 -0.011210463 0.995889246 -0.089882731 -15.659274101 -0.320350230 -0.088727534 -0.943135023 23.246017456
-0.946677923 0.018870048 0.321628720 176.197799683 -0.011230874 0.995743811 -0.091477387 -15.783643723 -0.321985990 -0.090211786 -0.942436814 22.027282715
-0.946355343 0.019877430 0.322516471 176.626434326 -0.010803950 0.995601594 -0.093063079 -15.913949966 -0.322947770 -0.091555171 -0.941978097 20.798736572
-0.945515871 0.021701584 0.324851871 177.053405762 -0.008923414 0.995673776 -0.092488095 -16.048625946 -0.325453639 -0.090347752 -0.941231728 19.567207336
-0.944769144 0.020971239 0.327065229 177.488082886 -0.010023448 0.995634913 -0.092793554 -16.177696228 -0.327583551 -0.090946794 -0.940435052 18.355583191
-0.943428397 0.019712595 0.330990255 177.922302246 -0.011682432 0.995635331 -0.092595160 -16.308732986 -0.331370890 -0.091223657 -0.939080358 17.133514404
-0.941668272 0.018230101 0.336048216 178.354354858 -0.012993899 0.995817780 -0.090432860 -16.437530518 -0.336291403 -0.089524336 -0.937493205 15.915893555
-0.939624071 0.016381504 0.341816694 178.809371948 -0.014265968 0.996110141 -0.086954296 -16.568855286 -0.341911495 -0.086580679 -0.935735345 14.694458008
-0.937189937 0.013912180 0.348542005 179.274703979 -0.016482117 0.996322095 -0.084087104 -16.692304611 -0.348429918 -0.084550291 -0.933513761 13.485008240
-0.934334278 0.016188143 0.356030107 179.729919434 -0.014681504 0.996371686 -0.083832346 -16.812940598 -0.356095433 -0.083554484 -0.930706501 12.277748108
-0.931041718 0.016510652 0.364539325 180.203903198 -0.015269379 0.996338248 -0.084124319 -16.930204391 -0.364593416 -0.083889537 -0.927380443 11.077507019
-0.927294254 0.019723278 0.373813361 180.690719604 -0.013587575 0.996179402 -0.086266592 -17.051769257 -0.374086648 -0.085073724 -0.923483491 9.880882263
-0.923227906 0.020834353 0.383687764 181.193389893 -0.013042292 0.996254563 -0.085479215 -17.166652679 -0.384031594 -0.083920956 -0.919498324 8.700164795
-0.918328047 0.022886841 0.395158261 181.701980591 -0.012466361 0.996159315 -0.086666919 -17.288219452 -0.395624131 -0.084514834 -0.914515734 7.524177551
-0.912378192 0.025365354 0.408561945 182.226715088 -0.011534411 0.996088982 -0.087599680 -17.413986206 -0.409186065 -0.084636554 -0.908517241 6.345352173
-0.906256318 0.027622838 0.421825171 182.775131226 -0.010119743 0.996159196 -0.086974002 -17.542840958 -0.422607481 -0.083089508 -0.902496099 5.174407959
-0.900000453 0.026781144 0.435065895 183.344238281 -0.011283478 0.996344864 -0.084673129 -17.663873672 -0.435743332 -0.081114896 -0.896408677 4.004379272
-0.893270373 0.029922726 0.448522598 183.917343140 -0.009400166 0.996320426 -0.085189715 -17.781824112 -0.449421316 -0.080313638 -0.889702201 2.844589233
-0.886354208 0.032069769 0.461895913 184.521667480 -0.007701372 0.996439219 -0.083962031 -17.904941559 -0.462943852 -0.077977322 -0.882951021 1.685485840
-0.878901958 0.033900589 0.475796163 185.130371094 -0.005719466 0.996650636 -0.081576727 -18.022947311 -0.476968050 -0.074419253 -0.875764370 0.551727295
-0.871287823 0.035456967 0.489490122 185.756362915 -0.003784602 0.996871650 -0.078946494 -18.138839722 -0.490758032 -0.070637636 -0.868427992 -0.565628052
-0.863054514 0.038239405 0.503661692 186.390930176 -0.000806800 0.997024655 -0.077079408 -18.254909515 -0.505110562 -0.066930063 -0.860455751 -1.664001465
-0.853873968 0.041777086 0.518800795 187.042098999 0.002658640 0.997110546 -0.075917833 -18.359981537 -0.520473361 -0.063444950 -0.851517797 -2.739913940
-0.843690395 0.044521499 0.534980655 187.711730957 0.005435764 0.997212470 -0.074416324 -18.472076416 -0.536802471 -0.059876312 -0.841580629 -3.794845581
-0.832599163 0.047789779 0.551810622 188.400390625 0.008607181 0.997266769 -0.073381759 -18.578992844 -0.553809285 -0.056348048 -0.830734730 -4.847564697
-0.821316600 0.049573056 0.568314850 189.108551025 0.009731524 0.997289717 -0.072927959 -18.681486130 -0.570389807 -0.054366369 -0.819573045 -5.875183105
-0.809096813 0.051526144 0.585412145 189.836395264 0.010919601 0.997295022 -0.072686836 -18.789319992 -0.587573886 -0.052418221 -0.807470918 -6.907760620
-0.796234846 0.054469537 0.602530658 190.583038330 0.013500948 0.997290432 -0.072315037 -18.892332077 -0.604837060 -0.049445014 -0.794812799 -7.903442383
-0.782279611 0.055443060 0.620455444 191.357055664 0.014459205 0.997379065 -0.070894063 -18.987102509 -0.622759879 -0.046487678 -0.781031013 -8.899719238
-0.767080188 0.056855991 0.639026880 192.147430420 0.016495498 0.997483850 -0.068947904 -19.090040207 -0.641339123 -0.042347502 -0.766088009 -9.857498169
