1.000000000 0.000000000 0.000000000 0.000000000 0.000000000 1.000000000 0.000000000 0.000000000 0.000000000 0.000000000 1.000000000 0.000000000
0.999995112 0.003109217 0.000339343 -0.007198038 -0.003109731 0.999993980 0.001524442 -0.015800133 -0.000334601 -0.001525490 0.999998808 0.784331560
0.999984920 0.005490331 0.000163495 -0.006222461 -0.005490640 0.999983013 0.001948209 -0.032824274 -0.000152796 -0.001949077 0.999998093 1.559498191
0.999976158 0.006873065 0.000630464 -0.010816189 -0.006874126 0.999974906 0.001695753 -0.049591601 -0.000618793 -0.001700046 0.999998391 2.322260380
0.999961495 0.008744096 0.000705552 -0.015628064 -0.008745018 0.999960899 0.001314539 -0.064206354 -0.000694030 -0.001320659 0.999998868 3.074376822
0.999962330 0.008634781 0.000872110 -0.017924039 -0.008635874 0.999961913 0.001257111 -0.079839669 -0.000861222 -0.001264595 0.999998808 3.803125143
0.999959350 0.008879934 0.001559662 -0.026518028 -0.008883458 0.999957979 0.002267772 -0.096019298 -0.001539459 -0.002281534 0.999996185 4.515107155
0.999951482 0.009678101 0.001838990 -0.016683746 -0.009687102 0.999940813 0.004950568 -0.107439771 -0.001790969 -0.004968142 0.999986053 5.213364601
0.999946952 0.009614419 0.003696345 -0.026235677 -0.009647557 0.999912441 0.009054088 -0.119784541 -0.003608972 -0.009089269 0.999952197 5.885729790
0.999950469 0.008646119 0.004930169 -0.022214882 -0.008706823 0.999884844 0.012427134 -0.126646310 -0.004822155 -0.012469444 0.999910653 6.533102036
0.999949574 0.008194164 0.005810349 -0.014474744 -0.008279673 0.999855459 0.014848508 -0.137548447 -0.005687838 -0.014895867 0.999872863 7.161886215
0.999936044 0.008854318 0.007033405 -0.010398758 -0.008957123 0.999851525 0.014722182 -0.143865526 -0.006902006 -0.014784240 0.999866903 7.760779858
0.999924958 0.009533416 0.007690196 0.000857650 -0.009627027 0.999878883 0.012229024 -0.155389413 -0.007572681 -0.012302140 0.999895632 8.323815346
0.999919474 0.009120013 0.008824409 -0.000012808 -0.009201935 0.999914527 0.009287931 -0.160056904 -0.008738949 -0.009368385 0.999917924 8.873753548
0.999920905 0.007444038 0.010134755 0.014401689 -0.007520784 0.999943197 0.007555682 -0.161510855 -0.010077934 -0.007631306 0.999920070 9.394644737
0.999924719 0.003720426 0.011692746 0.028901938 -0.003784535 0.999977887 0.005465481 -0.170844793 -0.011672153 -0.005509322 0.999916673 9.874636650
0.999905944 0.002368177 0.013509930 0.039330550 -0.002423721 0.999988675 0.004096418 -0.176501349 -0.013500076 -0.004128777 0.999900341 10.327749252
0.999858379 0.006159183 0.015661201 0.039402518 -0.006198449 0.999977767 0.002459896 -0.192544520 -0.015645701 -0.002556623 0.999874353 10.745472908
0.999774814 0.010372484 0.018513044 0.044821057 -0.010408275 0.999944150 0.001837988 -0.202835947 -0.018492946 -0.002030263 0.999826908 11.130018234
0.999707043 0.010619623 0.021748858 0.058706194 -0.010674774 0.999940097 0.002421280 -0.204920903 -0.021721842 -0.002652735 0.999760509 11.496373177
0.999685764 0.006069441 0.024321917 0.079880692 -0.006153934 0.999975264 0.003400573 -0.214879885 -0.024300676 -0.003549180 0.999698400 11.824784279
0.999613166 0.002006505 0.027738990 0.085351959 -0.002087225 0.999993682 0.002881322 -0.215797260 -0.027733034 -0.002938105 0.999611020 12.118983269
0.999551296 -0.001681791 0.029906813 0.105002016 0.001561323 0.999990582 0.004050988 -0.221219376 -0.029913343 -0.004002477 0.999544501 12.381288528
0.999467313 -0.001658947 0.032594252 0.106303833 0.001488354 0.999985099 0.005257406 -0.227545619 -0.032602485 -0.005206093 0.999454856 12.604963303
0.999411047 -0.001144752 0.034296665 0.125694290 0.001005224 0.999991179 0.004085227 -0.229352623 -0.034301039 -0.004048346 0.999403358 12.830875397
0.999330997 -0.000211065 0.036572747 0.126759142 0.000109782 0.999996126 0.002771355 -0.235219494 -0.036573190 -0.002765486 0.999327123 13.012371063
0.999223709 0.002224018 0.039331663 0.132128134 -0.002300108 0.999995589 0.001889433 -0.238992423 -0.039327286 -0.001978433 0.999224424 13.197704315
0.999141574 0.004547135 0.041176070 0.136416763 -0.004620714 0.999987900 0.001691937 -0.250625461 -0.041167878 -0.001880748 0.999150455 13.363614082
0.999078274 0.005837425 0.042526562 0.142611995 -0.005854519 0.999982834 0.000277412 -0.255508989 -0.042524211 -0.000526129 0.999095321 13.521033287
0.998992026 0.004864951 0.044623490 0.146197960 -0.004805773 0.999987423 -0.001433348 -0.260316342 -0.044629902 0.001217453 0.999002874 13.676299095
0.998937070 0.003746978 0.045942437 0.161432639 -0.003614366 0.999989033 -0.002969214 -0.263594478 -0.045953058 0.002800005 0.998939693 13.826754570
0.998874187 0.003020223 0.047341075 0.170580596 -0.002834385 0.999988019 -0.003992157 -0.265523463 -0.047352564 0.003853480 0.998870790 13.970014572
0.998801410 0.003947967 0.048787095 0.178738803 -0.003679614 0.999977589 -0.005589095 -0.265489310 -0.048808068 0.005402879 0.998793542 14.108602524
0.998743892 0.004614900 0.049893279 0.187888399 -0.004242605 0.999962389 -0.007565164 -0.271330893 -0.049926315 0.007343985 0.998725891 14.239088058
0.998699307 0.004784825 0.050762553 0.190481752 -0.004294604 0.999943137 -0.009761825 -0.273742408 -0.050806377 0.009531123 0.998663068 14.352855682
0.998670936 0.003540669 0.051418614 0.200017825 -0.002940978 0.999926805 -0.011733906 -0.281445712 -0.051456399 0.011567090 0.998608232 14.479222298
0.998687804 0.003087130 0.051119260 0.204394922 -0.002389188 0.999903202 -0.013708687 -0.283907712 -0.051156633 0.013568565 0.998598456 14.602985382
0.998789430 0.002644341 0.049119435 0.209597886 -0.001909725 0.999885738 -0.014996640 -0.285442650 -0.049153481 0.014884681 0.998680294 14.737523079
0.998946190 0.002545688 0.045826122 0.219625518 -0.001823396 0.999873579 -0.015796483 -0.289649427 -0.045860540 0.015696278 0.998824537 14.871192932
0.999111533 0.003129114 0.042028103 0.213288039 -0.002406596 0.999848664 -0.017230891 -0.290388376 -0.042075660 0.017114438 0.998967826 14.994068146
0.999336660 0.003244178 0.036272142 0.209814385 -0.002591652 0.999834239 -0.018022286 -0.297085106 -0.036324594 0.017916327 0.999179423 15.114899635
0.999559760 0.002979466 0.029518746 0.209772706 -0.002428469 0.999822497 -0.018684290 -0.300490648 -0.029569175 0.018604381 0.999389589 15.240571022
0.999743760 0.003530098 0.022360025 0.206980333 -0.003094236 0.999805093 -0.019497616 -0.301931947 -0.022424497 0.019423433 0.999559820 15.374231339
0.999893785 0.003268345 0.014202766 0.199377403 -0.002976537 0.999785066 -0.020518687 -0.305557340 -0.014266776 0.020474233 0.999688566 15.502191544
0.999989450 0.002306172 0.003974325 0.192729786 -0.002219779 0.999764085 -0.021606768 -0.308619261 -0.004023216 0.021597717 0.999758661 15.642711639
0.999961436 0.000709521 -0.008751963 0.180341899 -0.000914320 0.999725342 -0.023418657 -0.310789406 0.008732944 0.023425756 0.999687433 15.792807579
0.999690950 -0.000229756 -0.024857895 0.163458034 -0.000398995 0.999680161 -0.025285888 -0.317241997 0.024855755 0.025287993 0.999371171 15.952807426
0.999016643 0.000305878 -0.044335932 0.139534622 -0.001476759 0.999650896 -0.026378941 -0.318649143 0.044312384 0.026418474 0.998668373 16.127565384
0.997821033 0.001059456 -0.065969750 0.105587453 -0.002765901 0.999663770 -0.025781136 -0.327599913 0.065920256 0.025907425 0.997488499 16.314241409
0.995967746 0.001712203 -0.089695647 0.064937353 -0.003913778 0.999695241 -0.024374824 -0.333031595 0.089626573 0.024627587 0.995670915 16.524423599
0.993265748 0.002410903 -0.115833156 0.007522807 -0.005091947 0.999725819 -0.022855416 -0.340902418 0.115746297 0.023291320 0.993005693 16.725698471
0.989294112 0.003570115 -0.145891726 -0.056871787 -0.006653097 0.999764621 -0.020649523 -0.350434810 0.145783663 0.021399083 0.989085019 16.959238052
0.983787715 0.003312285 -0.179306209 -0.129003793 -0.006541318 0.999826849 -0.017420242 -0.354634911 0.179217458 0.018310718 0.983639061 17.214263916
0.976330996 0.004154596 -0.216241941 -0.215808213 -0.007235422 0.999883294 -0.013457401 -0.358648241 0.216160789 0.014703479 0.976247072 17.476032257
0.966721058 0.006296966 -0.255755216 -0.330260396 -0.008594532 0.999932110 -0.007866810 -0.367994964 0.255688339 0.009803108 0.966709554 17.737707138
0.954846740 0.009915518 -0.296933264 -0.454932541 -0.011420673 0.999929249 -0.003334677 -0.366357327 0.296879172 0.006575283 0.954892397 18.008266449
0.940649569 0.013386880 -0.339115322 -0.595331609 -0.013964490 0.999902248 0.000736859 -0.363924772 0.339092046 0.004042447 0.940744519 18.289270401
0.923858583 0.016091775 -0.382395625 -0.749807119 -0.014551617 0.999870181 0.006919669 -0.379076958 0.382457316 -0.000828321 0.923972785 18.573001862
0.904857218 0.019535042 -0.425266743 -0.912526250 -0.014807895 0.999786377 0.014418808 -0.381873965 0.425457567 -0.006749657 0.904953182 18.829521179
0.883161128 0.023910590 -0.468459934 -1.114068508 -0.015892472 0.999651849 0.021061892 -0.384248376 0.468800455 -0.011156059 0.883233666 19.117042542
0.858651400 0.029077997 -0.511734486 -1.330402017 -0.018675150 0.999501407 0.025458621 -0.384060979 0.512219667 -0.012303362 0.858766377 19.388967514
0.830638587 0.032901436 -0.555839002 -1.552565813 -0.020044139 0.999372542 0.029201543 -0.385607719 0.556451023 -0.013114615 0.830776930 19.656734467
0.799704969 0.036446076 -0.599285901 -1.806621671 -0.022499949 0.999273896 0.030747084 -0.377785504 0.599971354 -0.011104693 0.799944401 19.932540894
0.765761614 0.038400631 -0.641977072 -2.082437515 -0.022020895 0.999196053 0.033501204 -0.365389526 0.642747462 -0.011517026 0.765991569 20.204971313
0.728563011 0.042279635 -0.683672726 -2.369094372 -0.023051541 0.999041259 0.037217513 -0.355053097 0.684590816 -0.011355595 0.728839159 20.470790863
0.689604342 0.043689426 -0.722867370 -2.704516888 -0.021018524 0.998965502 0.040325198 -0.340245992 0.723881304 -0.012614831 0.689809203 20.737850189
0.648430943 0.043154083 -0.760049403 -3.061836958 -0.017999068 0.998982012 0.041364420 -0.325640082 0.761060715 -0.013141789 0.648547530 21.002853394
0.605949700 0.041621082 -0.794413447 -3.449315548 -0.011749540 0.998989701 0.043377168 -0.315313071 0.795416236 -0.016950393 0.605826497 21.262134552
0.561845958 0.041685715 -0.826190948 -3.862748146 -0.007421776 0.998943388 0.045354862 -0.298715085 0.827208579 -0.019350642 0.561561704 21.497694016
0.514905453 0.043021634 -0.856166780 -4.301358223 -0.005447661 0.998883963 0.046916787 -0.278124988 0.857229710 -0.019493604 0.514565170 21.723773956
0.465311348 0.043099489 -0.884097219 -4.768503666 -0.004995734 0.998925805 0.046068039 -0.255973279 0.885133028 -0.017019268 0.465026796 21.927566528
0.414597869 0.041848347 -0.909042001 -5.252065659 0.000510024 0.998931170 0.046219066 -0.237744212 0.910004616 -0.019625962 0.414133430 22.091907501
0.360285163 0.040979978 -0.931941748 -5.750658989 0.004610829 0.998944163 0.045708790 -0.213781714 0.932830930 -0.020765224 0.359715819 22.264682770
0.306082785 0.039726291 -0.951175749 -6.283846855 0.007427202 0.998998880 0.044113681 -0.188385904 0.951976061 -0.020567017 0.305481315 22.406284332
0.253180385 0.045565445 -0.966345489 -6.852244377 0.008155304 0.998754144 0.049230266 -0.161058009 0.967384815 -0.020344984 0.252493382 22.511730194
0.201955855 0.050462645 -0.978093863 -7.442421913 0.011531546 0.998480022 0.053895455 -0.136942029 0.979326844 -0.022163438 0.201066971 22.608478546
0.153756738 0.052015889 -0.986738801 -8.047774315 0.016509106 0.998338819 0.055199895 -0.111113429 0.987970948 -0.024777535 0.152642608 22.678401947
0.109347880 0.053345501 -0.992571175 -8.656918526 0.019881159 0.998241723 0.055840507 -0.093607545 0.993804812 -0.025839511 0.108095050 22.724721909
0.069098949 0.051901188 -0.996258855 -9.303589821 0.019473234 0.998385310 0.053362608 -0.065803468 0.997419775 -0.023087686 0.067976713 22.740743637
0.033234000 0.047202032 -0.998332381 -9.959489822 0.017188163 0.998709440 0.047792047 -0.029136896 0.999299824 -0.018747823 0.032379806 22.744581223
0.004842162 0.046956781 -0.998885274 -10.645421982 0.014473553 0.998788953 0.047022421 0.008338690 0.999883652 -0.014685110 0.004156649 22.723478317
-0.016300559 0.051318947 -0.998549283 -11.353116989 0.013621454 0.998600662 0.051099226 0.035880029 0.999774396 -0.012768746 -0.016976714 22.697713852
-0.029178977 0.057471745 -0.997920632 -12.090448380 0.015664054 0.998249412 0.057032671 0.066900373 0.999451458 -0.013967331 -0.030028105 22.667144775
-0.037108779 0.060040843 -0.997505903 -12.848044395 0.015470830 0.998108327 0.059501562 0.100478172 0.999191463 -0.013224217 -0.037967443 22.634746552
-0.041004777 0.057351328 -0.997511685 -13.623559952 0.016477758 0.998254299 0.056716677 0.132151961 0.999023080 -0.014111102 -0.041878223 22.601478577
-0.040190578 0.053575248 -0.997754872 -14.420169830 0.024130872 0.998322308 0.052633714 0.169640422 0.998900771 -0.021961315 -0.041415930 22.577325821
-0.036152124 0.051774621 -0.998004258 -15.247366905 0.035691321 0.998086810 0.050486010 0.215754330 0.998708785 -0.033794913 -0.037930846 22.564601898
-0.030313253 0.051991440 -0.998187363 -16.093692780 0.035863794 0.998059809 0.050895680 0.254198492 0.998896837 -0.034255974 -0.032119036 22.538887024
-0.025138378 0.050504539 -0.998407483 -16.958049774 0.034152877 0.998183429 0.049633291 0.285171270 0.999100506 -0.032850791 -0.026817560 22.514440536
-0.022042751 0.044140957 -0.998782098 -17.826169968 0.037674442 0.998351932 0.043290488 0.319002569 0.999046922 -0.036674317 -0.023669362 22.497749329
-0.019969344 0.033311337 -0.999245644 -18.727230072 0.035234548 0.998847425 0.032593928 0.354448140 0.999179661 -0.034557085 -0.021120071 22.479652405
-0.019157052 0.025019860 -0.999503553 -19.644613266 0.027464336 0.999322772 0.024488945 0.383474827 0.999439359 -0.026981564 -0.019831181 22.444986343
-0.020361423 0.022062179 -0.999549270 -20.582952499 0.021915857 0.999526143 0.021615231 0.404584318 0.999552488 -0.021465864 -0.020835280 22.401994705
-0.024090290 0.028232472 -0.999311030 -21.537971497 0.012810977 0.999527812 0.027929761 0.423479021 0.999627709 -0.012129313 -0.024440646 22.361782074
-0.028766632 0.036656264 -0.998913884 -22.541599274 0.008083396 0.999303222 0.036437768 0.443394333 0.999553561 -0.007026428 -0.029042840 22.316373825
-0.033093810 0.045961991 -0.998394847 -23.545471191 0.006241274 0.998932064 0.045779839 0.480199158 0.999432743 -0.004716223 -0.033345342 22.267271042
-0.034890771 0.055694692 -0.997838199 -24.570264816 0.004820986 0.998443723 0.055559929 0.524572253 0.999379694 -0.002872045 -0.035104990 22.227401733
-0.035854697 0.063549198 -0.997334480 -25.603698730 0.007015324 0.997967541 0.063337334 0.571126044 0.999332428 -0.004725691 -0.036227584 22.187429428
-0.037073493 0.064362556 -0.997237802 -26.640525818 0.007770366 0.997912109 0.064117216 0.624082148 0.999282479 -0.005371862 -0.037496209 22.143884659
-0.039080143 0.061813723 -0.997322381 -27.667774200 0.006644520 0.998078763 0.061600246 0.669094265 0.999214053 -0.004219385 -0.039415836 22.102252960
-0.041957617 0.056757137 -0.997506022 -28.694128036 0.006835291 0.998378098 0.056519248 0.715562999 0.999096036 -0.004446832 -0.042277455 22.053703308
-0.046471834 0.051559430 -0.997588158 -29.738950729 0.006979277 0.998659432 0.051289678 0.761459172 0.998895288 -0.004578921 -0.046769381 21.999681473
-0.052304864 0.046964034 -0.997526348 -30.788192749 0.007366597 0.998884499 0.046641719 0.801542997 0.998604119 -0.004908791 -0.052592516 21.940406799
-0.059157848 0.045051016 -0.997231662 -31.843429565 0.006633305 0.998976827 0.044736359 0.840252638 0.998226702 -0.003968436 -0.059396148 21.874454498
-0.065490246 0.047600336 -0.996717393 -32.904716492 0.006300983 0.998861372 0.047288723 0.875582933 0.997833431 -0.003183353 -0.065715671 21.792160034
-0.071836114 0.052309908 -0.996043801 -33.981380463 0.004532936 0.998630583 0.052118842 0.917436421 0.997406125 -0.000770986 -0.071974874 21.707382202
-0.077634215 0.054929767 -0.995467603 -35.061626434 0.002013132 0.998487651 0.054939415 0.967994869 0.996979952 0.002261168 -0.077627420 21.607116699
-0.082658768 0.057223100 -0.994933724 -36.138107300 -0.001434206 0.998342276 0.057538297 1.013850331 0.996576905 0.006182982 -0.082439661 21.514656067
-0.084880114 0.058324575 -0.994682670 -37.222373962 -0.005781413 0.998239696 0.059026498 1.070434093 0.996374369 0.010760849 -0.084393501 21.402549744
-0.086784244 0.059567746 -0.994444847 -38.301948547 -0.009514284 0.998115718 0.060617946 1.118842125 0.996181905 0.014722102 -0.086053967 21.297618866
-0.088028431 0.058888569 -0.994375765 -39.393184662 -0.011729947 0.998120487 0.060148750 1.175713301 0.996048868 0.016958777 -0.087172270 21.187438965
-0.089469194 0.058152255 -0.994290471 -40.501419067 -0.012038417 0.998157978 0.059461705 1.224906564 0.995916843 0.017289681 -0.088604331 21.079856873
-0.090550423 0.057277296 -0.994243443 -41.577430725 -0.012917054 0.998193204 0.058681253 1.277189016 0.995808125 0.018156299 -0.089646935 20.979869843
-0.091604948 0.056318421 -0.994201720 -42.680828094 -0.015042045 0.998207271 0.057931289 1.329245448 0.995682001 0.020261608 -0.090593576 20.870796204
-0.092027545 0.053717241 -0.994306505 -43.780307770 -0.020100439 0.998240173 0.055790145 1.379901648 0.995553613 0.025120227 -0.090785861 20.751174927
-0.092773199 0.048909359 -0.994485378 -44.890296936 -0.024720734 0.998371780 0.051406637 1.422835827 0.995380402 0.029353561 -0.091413021 20.645904541
-0.091645479 0.048638023 -0.994603336 -46.001327515 -0.026394889 0.998336852 0.051252697 1.457240582 0.995442033 0.030949505 -0.090209246 20.525817871
-0.090083241 0.052674692 -0.994540393 -47.134170532 -0.027381446 0.998091877 0.055342942 1.505938530 0.995557845 0.032217413 -0.088469028 20.417743683
-0.087990046 0.055671014 -0.994564533 -48.252403259 -0.027590210 0.997917771 0.058299650 1.555209398 0.995739222 0.032570031 -0.086270928 20.314083099
-0.086808085 0.055273354 -0.994690537 -49.360393524 -0.025745619 0.998001695 0.057704207 1.607588887 0.995892346 0.030618114 -0.085211515 20.220195770
-0.083856344 0.054497853 -0.994986475 -50.503547668 -0.025422877 0.998061359 0.056808881 1.659182191 0.996153533 0.030059204 -0.082308292 20.114673615
-0.080099344 0.055214856 -0.995256484 -51.640869141 -0.029528074 0.997895002 0.057737686 1.705533028 0.996349454 0.034012750 -0.078300238 20.020439148
-0.074085355 0.055793025 -0.995689988 -52.776725769 -0.034650814 0.997686863 0.058483146 1.758844018 0.996649802 0.038834207 -0.071980715 19.917446136
-0.068320155 0.055333823 -0.996127784 -53.917594910 -0.038746256 0.997560263 0.058070831 1.813235283 0.996910810 0.042563625 -0.066009402 19.831253052
-0.062448740 0.054502804 -0.996558845 -55.064300537 -0.040126149 0.997563362 0.057072219 1.861001134 0.997241199 0.043552157 -0.060109615 19.750419617
-0.056657910 0.053636134 -0.996951878 -56.205993652 -0.039883070 0.997637272 0.055939607 1.912324429 0.997596741 0.042930923 -0.054384828 19.678771973
-0.051476836 0.053417791 -0.997244477 -57.351829529 -0.038047276 0.997738600 0.055408221 1.958769798 0.997949123 0.040794674 -0.049327970 19.621040344
-0.046216249 0.054178506 -0.997461200 -58.497085571 -0.037367985 0.997735441 0.055924807 2.007964849 0.998232305 0.039857741 -0.044087052 19.568244934
-0.040311217 0.055678353 -0.997634649 -59.677322388 -0.036408287 0.997701347 0.057153217 2.055988550 0.998523593 0.038626090 -0.038191438 19.511848450
-0.035117865 0.056869339 -0.997763872 -60.842208862 -0.037324853 0.997608423 0.058174189 2.108272552 0.998685956 0.039284337 -0.032911301 19.472705841
-0.029680133 0.056074068 -0.997985363 -62.020492554 -0.036676824 0.997691751 0.057148341 2.155072212 0.998886347 0.038299102 -0.027554989 19.433803558
-0.025000811 0.051724900 -0.998348415 -63.176582336 -0.036621075 0.997942865 0.052620959 2.201178074 0.999016464 0.037876155 -0.023055196 19.404037476
-0.020491838 0.046304233 -0.998717129 -64.344284058 -0.036699645 0.998218894 0.047034141 2.243413925 0.999116182 0.037616383 -0.018756032 19.374076843
-0.016971588 0.045548182 -0.998818040 -65.514556885 -0.037059937 0.998246729 0.046151839 2.288698196 0.999168992 0.037799396 -0.015253782 19.351104736
-0.013429642 0.048159856 -0.998749435 -66.719635010 -0.035752386 0.998177588 0.048613027 2.323469162 0.999270558 0.036360525 -0.011683345 19.322952271
-0.011396766 0.047666397 -0.998798430 -67.890335083 -0.036110930 0.998192012 0.048049502 2.365140676 0.999282956 0.036615141 -0.009654880 19.301872253
-0.010120153 0.047580667 -0.998816252 -69.073036194 -0.037851851 0.998133183 0.047931649 2.408140898 0.999232233 0.038292110 -0.008300304 19.279113770
-0.009042144 0.048352938 -0.998789489 -70.265327454 -0.038693707 0.998065233 0.048668176 2.450415134 0.999210358 0.039086923 -0.007153630 19.256309509
-0.008203745 0.048195258 -0.998804271 -71.445037842 -0.039355624 0.998048425 0.048482038 2.486081123 0.999191642 0.039706297 -0.006291032 19.241432190
-0.007084012 0.046422902 -0.998896778 -72.629386902 -0.039941650 0.998111546 0.046669669 2.524178505 0.999176919 0.040228188 -0.005216479 19.228340149
-0.006208658 0.045083933 -0.998964012 -73.822204590 -0.038043797 0.998249292 0.045288123 2.559311867 0.999256909 0.038285553 -0.004482627 19.217613220
-0.005482197 0.044797771 -0.998981178 -75.009323120 -0.034529865 0.998391807 0.044960838 2.596340656 0.999388754 0.034741160 -0.003926516 19.204948425
-0.006147385 0.045743015 -0.998934388 -76.203926086 -0.031988926 0.998432934 0.045916911 2.632345200 0.999469340 0.032237101 -0.004674435 19.204521179
-0.005864620 0.048665211 -0.998797953 -77.397399902 -0.031507239 0.998310208 0.048826449 2.667737484 0.999486327 0.031755716 -0.004321456 19.194664001
-0.005821228 0.052413069 -0.998608708 -78.585388184 -0.034062877 0.998035550 0.052581549 2.706548691 0.999402881 0.034321554 -0.004024386 19.182319641
-0.005001307 0.052813072 -0.998592079 -79.769882202 -0.035512760 0.997965097 0.052957777 2.746764183 0.999356866 0.035727609 -0.003115654 19.169990540
-0.004928231 0.050144125 -0.998729944 -80.960189819 -0.036935020 0.998051345 0.050292309 2.793739796 0.999305665 0.037135947 -0.003066540 19.157867432
-0.004660487 0.047480226 -0.998861313 -82.156501770 -0.037334666 0.998167455 0.047621444 2.837325096 0.999291956 0.037514091 -0.002879262 19.146621704
-0.004629612 0.047214422 -0.998874187 -83.328895569 -0.034850556 0.998270333 0.047347412 2.870668650 0.999381959 0.035030514 -0.002976179 19.143440247
-0.004739404 0.048477523 -0.998813152 -84.508743286 -0.033757273 0.998247206 0.048610240 2.912571192 0.999418914 0.033947587 -0.003094673 19.137969971
-0.004384279 0.051721670 -0.998652041 -85.701446533 -0.033168212 0.998104513 0.051838927 2.945033312 0.999440312 0.033350766 -0.002660394 19.128166199
-0.003955483 0.054366536 -0.998513341 -86.875885010 -0.033964559 0.997937620 0.054469742 2.978991270 0.999415338 0.034129515 -0.002100825 19.117904663
-0.003964186 0.054339543 -0.998514831 -88.053894043 -0.035260681 0.997893929 0.054445747 3.022206306 0.999370456 0.035424132 -0.002039790 19.115295410
-0.003155351 0.051954236 -0.998644531 -89.231620789 -0.034611225 0.998045444 0.052032433 3.070775032 0.999395907 0.034728490 -0.001350999 19.098182678
-0.003023386 0.050770648 -0.998705864 -90.409057617 -0.033367630 0.998149037 0.050843358 3.111526966 0.999438703 0.033478156 -0.001323700 19.095321655
-0.002959847 0.051750306 -0.998655677 -91.582809448 -0.031300377 0.998165905 0.051817697 3.152954340 0.999505639 0.031411674 -0.001334667 19.090248108
-0.002727985 0.054129332 -0.998530209 -92.777374268 -0.028803039 0.998115361 0.054185532 3.206274509 0.999581397 0.028908515 -0.001163721 19.087509155
-0.002804637 0.056759015 -0.998383999 -93.941467285 -0.027083639 0.998017371 0.056814253 3.247189999 0.999629259 0.027199216 -0.001261830 19.089614868
-0.002033353 0.058985341 -0.998256862 -95.135765076 -0.028319925 0.997855067 0.059019286 3.296476126 0.999596953 0.028390560 -0.000358582 19.073715210
-0.001418352 0.060613204 -0.998160303 -96.302818298 -0.030643562 0.997689903 0.060628187 3.341582775 0.999529362 0.030673182 0.000442326 19.059181213
-0.001491904 0.060011346 -0.998196661 -97.478065491 -0.032761455 0.997658908 0.060027983 3.390342474 0.999462187 0.032791916 0.000477672 19.058448792
-0.000954509 0.055477105 -0.998459518 -98.634536743 -0.035114590 0.997842312 0.055476379 3.441302299 0.999382854 0.035113443 0.000995636 19.040313721
-0.001059175 0.053844139 -0.998548925 -99.807464600 -0.036332998 0.997887969 0.053847037 3.487391472 0.999339342 0.036337301 0.000899374 19.037384033
-0.000650048 0.052376755 -0.998627126 -100.955657959 -0.036320254 0.997967243 0.052365791 3.524704933 0.999339938 0.036304440 0.001253545 19.027137756
-0.000514507 0.052740902 -0.998608112 -102.128311157 -0.034631737 0.998008251 0.052727066 3.570046186 0.999400020 0.034610659 0.001313031 19.026931763
-0.000890136 0.054698370 -0.998502672 -103.295204163 -0.034601137 0.997903347 0.054696389 3.612262249 0.999400914 0.034598000 0.001004398 19.028381348
-0.000521660 0.056799579 -0.998385429 -104.477630615 -0.033751875 0.997815788 0.056784809 3.657415867 0.999430120 0.033727005 0.001396596 19.024253845
-0.001372457 0.055640921 -0.998449981 -105.648956299 -0.036974236 0.997765303 0.055653591 3.712278843 0.999315381 0.036993299 0.000687838 19.018478394
-0.001523733 0.057029091 -0.998371363 -106.830352783 -0.040852223 0.997535527 0.057043694 3.759264469 0.999164045 0.040872604 0.000809789 19.005081177
-0.002345324 0.056004114 -0.998427868 -108.012603760 -0.044305928 0.997444272 0.056053020 3.809637070 0.999015331 0.044367731 0.000141978 19.001708984
-0.001714110 0.052208453 -0.998634756 -109.212081909 -0.045589510 0.997593820 0.052232280 3.860818624 0.998958826 0.045616798 0.000670195 18.975532532
-0.002455354 0.048402797 -0.998824954 -110.399429321 -0.045613308 0.997782826 0.048464429 3.907363892 0.998956263 0.045678701 -0.000242114 18.971069336
-0.003401637 0.047363617 -0.998871982 -111.602668762 -0.042094044 0.997985542 0.047464937 3.947928905 0.999107897 0.042208016 -0.001401067 18.966972351
-0.003840566 0.046745613 -0.998899460 -112.814147949 -0.037874386 0.998183310 0.046857715 3.987914562 0.999275148 0.038012661 -0.002063155 18.965431213
-0.004600406 0.048516132 -0.998811960 -114.023651123 -0.037075017 0.998127401 0.048653647 4.032187462 0.999302030 0.037254788 -0.002793074 18.962814331
-0.005351663 0.052319337 -0.998616099 -115.246940613 -0.036230806 0.997964561 0.052479364 4.076888084 0.999329150 0.036461510 -0.003445148 18.954040527
-0.005598307 0.052579310 -0.998601079 -116.497909546 -0.034522709 0.998011291 0.052741800 4.125447273 0.999388278 0.034769680 -0.003772020 18.937805176
-0.005913496 0.047788192 -0.998840094 -117.741828918 -0.034473810 0.998253942 0.047964241 4.179721832 0.999388218 0.034717444 -0.004255652 18.919471741
-0.007047057 0.044553075 -0.998982191 -118.961227417 -0.034424290 0.998404026 0.044770125 4.209198475 0.999382496 0.034704749 -0.005502105 18.908439636
-0.008254290 0.043553397 -0.999017060 -120.213088989 -0.033629883 0.998473823 0.043807574 4.245622158 0.999400318 0.033958420 -0.006776929 18.898567200
-0.008125067 0.044189148 -0.998990297 -121.475097656 -0.035800122 0.998369813 0.044452880 4.290884972 0.999326110 0.036125150 -0.006529927 18.869842529
-0.008913636 0.049184777 -0.998750031 -122.746871948 -0.040254295 0.997962356 0.049505245 4.332432747 0.999149859 0.040645238 -0.006915569 18.852546692
-0.008945942 0.052545767 -0.998578548 -124.003776550 -0.045973800 0.997540832 0.052903030 4.373900414 0.998902738 0.046381708 -0.006508231 18.822814941
-0.009248734 0.052581340 -0.998573840 -125.285690308 -0.053497136 0.997160375 0.053002398 4.423474312 0.998525202 0.053911041 -0.006409526 18.796760559
-0.008621693 0.050457977 -0.998688996 -126.556602478 -0.056943737 0.997080624 0.050868310 4.471167088 0.998340189 0.057307646 -0.005723238 18.767227173
-0.009733558 0.049166851 -0.998743176 -127.825073242 -0.059490770 0.996992826 0.049660463 4.518027306 0.998181462 0.059899371 -0.006779313 18.751907349
-0.009461164 0.048428830 -0.998781860 -129.093215942 -0.059128236 0.997051716 0.048905049 4.560269356 0.998205543 0.059518907 -0.006569862 18.718658447
-0.010108113 0.047307525 -0.998829186 -130.361663818 -0.057007298 0.997228384 0.047808617 4.605131626 0.998322546 0.057423808 -0.007383227 18.703872681
-0.010480285 0.047986638 -0.998793006 -131.628570557 -0.056869537 0.997202575 0.048506960 4.643610001 0.998326600 0.057309262 -0.007722020 18.683807373
-0.011272550 0.053012952 -0.998530149 -132.904739380 -0.056820661 0.996946156 0.053570312 4.688434601 0.998320699 0.057341021 -0.008225918 18.667098999
-0.011714339 0.057294063 -0.998288631 -134.181472778 -0.055553239 0.996777892 0.057859242 4.732896328 0.998387039 0.056135945 -0.008493662 18.646194458
-0.011590362 0.056214310 -0.998351455 -135.454696655 -0.056021061 0.996813893 0.056778111 4.780340195 0.998362362 0.056586787 -0.008404255 18.624099731
-0.010946631 0.054571852 -0.998449981 -136.724517822 -0.055866361 0.996916711 0.055100549 4.836866379 0.998378396 0.056382921 -0.007864118 18.601669312
-0.009771347 0.054198887 -0.998482347 -137.991699219 -0.055049218 0.996986568 0.054656412 4.879776955 0.998435795 0.055499736 -0.006758332 18.584228516
-0.008468628 0.053738885 -0.998519182 -139.248382568 -0.055304907 0.997001350 0.054126251 4.926114082 0.998433650 0.055681381 -0.005471230 18.563583374
-0.007977605 0.055371951 -0.998433948 -140.513916016 -0.055379063 0.996908903 0.055729859 4.979012966 0.998433530 0.055736929 -0.004886508 18.548812866
-0.006991744 0.058918811 -0.998238385 -141.769027710 -0.056756977 0.996630073 0.059221417 5.029617310 0.998363614 0.057071045 -0.003624201 18.533706665
-0.005743623 0.060218368 -0.998168707 -143.026885986 -0.058047358 0.996481895 0.060450621 5.080534935 0.998297334 0.058288261 -0.002227902 18.522903442
-0.004966617 0.057448544 -0.998336136 -144.291351318 -0.060171939 0.996522248 0.057643510 5.135518074 0.998175681 0.060358107 -0.001492620 18.506347656
-0.004537463 0.054451212 -0.998506069 -145.539169312 -0.059133090 0.996754467 0.054624405 5.181015491 0.998239696 0.059292611 -0.001302838 18.490051270
-0.004495859 0.052510049 -0.998610437 -146.787902832 -0.056261398 0.997025311 0.052679997 5.231924057 0.998406112 0.056420047 -0.001528144 18.486633301
-0.004898071 0.051868353 -0.998641968 -148.042587280 -0.055048484 0.997125626 0.052059598 5.278713703 0.998471677 0.055228718 -0.002028704 18.482131958
-0.004830360 0.052485079 -0.998610139 -149.297164917 -0.052092373 0.997252584 0.052665699 5.313265800 0.998630702 0.052274350 -0.002082944 18.471237183
-0.005392313 0.051196013 -0.998674095 -150.537765503 -0.050097469 0.997420728 0.051402260 5.355407715 0.998729765 0.050308216 -0.002813697 18.470657349
-0.005417585 0.051436439 -0.998661578 -151.786804199 -0.049488679 0.997438729 0.051641919 5.401344299 0.998759985 0.049702212 -0.002858162 18.460586548
-0.004828095 0.053830795 -0.998538435 -153.045257568 -0.047710441 0.997400463 0.054000132 5.452052116 0.998849571 0.047901422 -0.002247214 18.435272217
-0.005135059 0.055215657 -0.998461425 -154.291763306 -0.045123477 0.997444570 0.055391494 5.500141621 0.998968422 0.045338470 -0.002630353 18.426879883
-0.005022407 0.053549886 -0.998552561 -155.525115967 -0.043254659 0.997618914 0.053717379 5.550266266 0.999051452 0.043461841 -0.002694249 18.416152954
-0.005681157 0.053648382 -0.998543739 -156.755386353 -0.044555418 0.997554600 0.053848736 5.598822117 0.998990774 0.044796459 -0.003276944 18.403488159
-0.005902052 0.058433257 -0.998273969 -157.996734619 -0.044414073 0.997290790 0.058638293 5.645510674 0.998995841 0.044683490 -0.003290772 18.395828247
-0.005156159 0.065490954 -0.997839987 -159.228790283 -0.049671009 0.996604562 0.065666541 5.688571930 0.998752415 0.049902294 -0.001885653 18.378173828
-0.004251838 0.065134600 -0.997867584 -160.457885742 -0.054571923 0.996374309 0.065269656 5.753118515 0.998500943 0.054733049 -0.000681877 18.364425659
-0.002422452 0.061515383 -0.998103201 -161.712661743 -0.058530476 0.996386290 0.061551623 5.809426308 0.998282671 0.058568560 0.001186848 18.341262817
-0.000839710 0.056178391 -0.998420477 -162.949920654 -0.060278390 0.996602356 0.056126788 5.863646030 0.998181343 0.060230300 0.002549469 18.329452515
0.000073016 0.054423127 -0.998518050 -164.185729980 -0.062799715 0.996547282 0.054311119 5.909685135 0.998026252 0.062702671 0.003490567 18.323684692
0.001097560 0.051489215 -0.998672962 -165.418060303 -0.057720147 0.997011840 0.051340137 5.947467804 0.998332202 0.057587195 0.004066229 18.328369141
0.001100302 0.047305655 -0.998880029 -166.636840820 -0.054882880 0.997377813 0.047174059 5.988862038 0.998492360 0.054769494 0.003693640 18.328186035
0.000907004 0.043821406 -0.999038994 -167.888305664 -0.048414771 0.997869730 0.043726165 6.026935101 0.998826921 0.048328582 0.003026664 18.335113525
-0.000506043 0.046471778 -0.998919487 -169.122924805 -0.045823202 0.997869253 0.046446137 6.069055080 0.998949409 0.045797199 0.001624465 18.339782715
0.000522733 0.053273611 -0.998579800 -170.370742798 -0.045828011 0.997532070 0.053193726 6.099536896 0.998949230 0.045735121 0.002962887 18.337219238
0.001872480 0.056587178 -0.998395979 -171.607269287 -0.047093023 0.997294903 0.056436449 6.145590305 0.998888850 0.046911798 0.004532278 18.337326050
0.004330814 0.053067632 -0.998581648 -172.824447632 -0.048774492 0.997413576 0.052794024 6.194349289 0.998800516 0.048476659 0.006907940 18.318176270
0.004800558 0.053647224 -0.998548567 -174.050979614 -0.050935481 0.997276843 0.053334028 6.238249779 0.998690546 0.050605506 0.007520020 18.317581177
0.005717039 0.054390024 -0.998503387 -175.284576416 -0.049129836 0.997329116 0.054044761 6.281486511 0.998776019 0.048747331 0.008373916 18.321640015
0.006438196 0.052368175 -0.998607099 -176.491317749 -0.049163934 0.997436702 0.051989827 6.326594830 0.998769999 0.048760731 0.008996367 18.322891235
0.007773221 0.050926615 -0.998672128 -177.682022095 -0.049343191 0.997505248 0.050483044 6.367838383 0.998751640 0.048885252 0.010266662 18.330291748
0.009731591 0.052728243 -0.998561502 -178.844726562 -0.050433654 0.997363687 0.052173484 6.405658722 0.998679996 0.049853373 0.012365222 18.333374023
0.010859609 0.054728899 -0.998442173 -179.976593018 -0.050215356 0.997271061 0.054118536 6.436443806 0.998679340 0.049549423 0.013578176 18.343627930
0.011189520 0.056103323 -0.998362243 -181.091400146 -0.051493563 0.997132361 0.055457070 6.472491741 0.998610616 0.050788693 0.014046431 18.350662231
0.011586428 0.057348270 -0.998287082 -182.178695679 -0.051862452 0.997044742 0.056674968 6.507478714 0.998587132 0.051116947 0.014526427 18.355545044
0.011748433 0.058189899 -0.998236418 -183.246520996 -0.051496178 0.997015774 0.057512678 6.545353413 0.998604059 0.050729677 0.014709890 18.354888916
0.012251496 0.057351120 -0.998278975 -184.276794434 -0.051676020 0.997056067 0.056646664 6.581577301 0.998588800 0.050893072 0.015179098 18.356048584
0.013498247 0.057314448 -0.998264968 -185.259368896 -0.052697442 0.997009218 0.056529790 6.613797188 0.998519301 0.051842950 0.016478181 18.369171143
0.014966547 0.057943765 -0.998207629 -186.219284058 -0.053200819 0.996951520 0.057073187 6.646789074 0.998471677 0.052251276 0.018003583 18.379104614
0.014364839 0.056474149 -0.998300850 -187.166427612 -0.051493604 0.997120678 0.055666428 6.675275326 0.998570144 0.050606456 0.017231524 18.389480591
0.011071205 0.053387444 -0.998512506 -188.112991333 -0.049150407 0.997395694 0.052782770 6.707497597 0.998730004 0.048492927 0.013666391 18.400634766
0.005991995 0.050024468 -0.998730063 -189.057510376 -0.048960906 0.997564793 0.049672358 6.733319759 0.998782754 0.048601091 0.008426607 18.401870728
0.001210272 0.046953112 -0.998896420 -189.989074707 -0.050544884 0.997623146 0.046832025 6.763924599 0.998721063 0.050432421 0.003580630 18.393951416
-0.002547503 0.045840114 -0.998945713 -190.923538208 -0.052841481 0.997546971 0.045910683 6.798037529 0.998599827 0.052902710 -0.000118971 18.383636475
-0.005627155 0.046848740 -0.998886108 -191.865158081 -0.054454263 0.997405469 0.047086060 6.819871426 0.998500347 0.054658569 -0.003061414 18.371902466
-0.007749915 0.048771724 -0.998780012 -192.786285400 -0.053280294 0.997370958 0.049116336 6.847443104 0.998549640 0.053595923 -0.005130887 18.364120483
-0.009120107 0.050232500 -0.998695850 -193.726043701 -0.049887713 0.997470915 0.050626464 6.873801231 0.998713136 0.050284378 -0.006591082 18.350997925
-0.010637164 0.050185479 -0.998683274 -194.657638550 -0.048585530 0.997534215 0.050645228 6.910315514 0.998762369 0.049060274 -0.008172631 18.342025757
-0.011245131 0.049471889 -0.998712361 -195.584442139 -0.049048506 0.997545779 0.049966369 6.933481216 0.998733222 0.049547214 -0.008790970 18.323455811
-0.012292862 0.048764050 -0.998734772 -196.494766235 -0.050461199 0.997507215 0.049325209 6.956845760 0.998650432 0.051003691 -0.009801507 18.309951782
-0.012186646 0.048182700 -0.998764336 -197.413940430 -0.054405130 0.997326851 0.048777189 6.985481262 0.998444676 0.054932322 -0.009532690 18.288574219
-0.010901809 0.046642087 -0.998852313 -198.337661743 -0.056800205 0.997269809 0.047188126 7.011888981 0.998326182 0.057249442 -0.008222818 18.262435913
-0.010164022 0.044068661 -0.998976886 -199.259780884 -0.057065055 0.997374713 0.044578589 7.038728714 0.998318791 0.057459757 -0.007622600 18.247299194
-0.009782553 0.041404031 -0.999094725 -200.186569214 -0.056753468 0.997508883 0.041894007 7.067484856 0.998340428 0.057111908 -0.007408261 18.234100342
-0.008911610 0.040888533 -0.999124110 -201.115524292 -0.057207748 0.997506320 0.041332595 7.095898151 0.998322606 0.057525970 -0.006550312 18.220291138
-0.008143902 0.043309480 -0.999028623 -202.057678223 -0.054517165 0.997556567 0.043690074 7.126246929 0.998479724 0.054820005 -0.005762935 18.206436157
-0.008190036 0.045405407 -0.998935223 -203.002624512 -0.053861022 0.997498393 0.045781687 7.144156456 0.998515010 0.054178610 -0.005723953 18.193084717
-0.007437706 0.041073136 -0.999128461 -203.947082520 -0.048877437 0.997946918 0.041388415 7.173507214 0.998777092 0.049142674 -0.005414844 18.195114136
-0.007577062 0.037858874 -0.999254465 -204.896331787 -0.047468621 0.998142898 0.038176700 7.201447010 0.998844087 0.047722489 -0.005765915 18.187515259
-0.006366014 0.038206890 -0.999249637 -205.856719971 -0.051856972 0.997912645 0.038486138 7.235734940 0.998634279 0.052063055 -0.004371405 18.157333374
-0.004908681 0.042332340 -0.999091506 -206.827423096 -0.053289413 0.997672856 0.042534046 7.256925583 0.998567045 0.053449787 -0.002641320 18.150146484
-0.003087401 0.041786607 -0.999121904 -207.800735474 -0.050902199 0.997824728 0.041889653 7.287377357 0.998698950 0.050986826 -0.000953674 18.146575928
-0.000978827 0.042960104 -0.999076307 -208.789215088 -0.049828272 0.997833610 0.042955484 7.321687698 0.998757362 0.049824294 0.001163960 18.145248413
0.000707686 0.047666021 -0.998863220 -209.777877808 -0.050627325 0.997584105 0.047569111 7.354811668 0.998717546 0.050536096 0.003119171 18.140136719
0.002539754 0.051708918 -0.998658955 -210.788330078 -0.047370322 0.997547328 0.051530890 7.390275478 0.998874128 0.047175921 0.004983008 18.140686035
0.003361464 0.052619509 -0.998609066 -211.797546387 -0.047136672 0.997512937 0.052403085 7.427076340 0.998882890 0.046894945 0.005833387 18.147140503
0.005745292 0.053311501 -0.998561382 -212.809844971 -0.050557230 0.997316301 0.052954141 7.468866348 0.998704612 0.050180260 0.008425176 18.146972656
0.009334922 0.055570275 -0.998411119 -213.829833984 -0.053301316 0.997062862 0.054996878 7.506184578 0.998534858 0.052703239 0.012269437 18.139846802
0.012530982 0.055334274 -0.998389244 -214.870574951 -0.054226767 0.997035921 0.054578654 7.555046082 0.998449981 0.053455494 0.015494466 18.152374268
0.015803218 0.052800782 -0.998480022 -215.909423828 -0.057580832 0.996995509 0.051810931 7.598283291 0.998215795 0.056674529 0.018796027 18.156753540
