1.000000000 0.000000000 0.000000000 0.000000000 0.000000000 1.000000000 0.000000000 0.000000000 0.000000000 0.000000000 1.000000000 0.000000000
0.999995232 0.003060153 0.000370925 -0.007505009 -0.003060754 0.999993980 0.001630763 -0.016757563 -0.000365932 -0.001631891 0.999998629 0.784261882
0.999985158 0.005444685 0.000185329 -0.006357876 -0.005445055 0.999983072 0.002055797 -0.033678442 -0.000174133 -0.002056776 0.999997854 1.559391618
0.999976933 0.006764142 0.000593795 -0.009418869 -0.006765239 0.999975383 0.001866342 -0.050822344 -0.000581156 -0.001870316 0.999998093 2.323638916
0.999962211 0.008669645 0.000666750 -0.014505363 -0.008670595 0.999961376 0.001435312 -0.064579569 -0.000654280 -0.001441039 0.999998748 3.075552940
0.999962986 0.008560327 0.000833312 -0.016828379 -0.008561471 0.999962389 0.001377896 -0.080125071 -0.000821485 -0.001384980 0.999998689 3.804302931
0.999960065 0.008813529 0.001493861 -0.024274865 -0.008817059 0.999958336 0.002372831 -0.096469097 -0.001472885 -0.002385907 0.999996066 4.515304565
0.999952257 0.009611874 0.001773010 -0.014485664 -0.009620730 0.999940932 0.005055644 -0.107815623 -0.001724311 -0.005072460 0.999985635 5.213562965
0.999948680 0.009442890 0.003661945 -0.024329197 -0.009476128 0.999913096 0.009168063 -0.119436726 -0.003575053 -0.009202294 0.999951243 5.890797138
0.999952853 0.008380178 0.004910486 -0.020192528 -0.008441196 0.999885738 0.012539790 -0.126017690 -0.004804839 -0.012580648 0.999909341 6.542843819
0.999951482 0.008042403 0.005685778 -0.009279329 -0.008126690 0.999855042 0.014959901 -0.136526793 -0.005564641 -0.015005382 0.999871910 7.167903423
0.999937534 0.008710623 0.007001696 -0.006504156 -0.008814212 0.999850094 0.014902725 -0.144250050 -0.006870834 -0.014963509 0.999864459 7.768241405
0.999925137 0.009532781 0.007669982 0.003689375 -0.009627676 0.999876380 0.012431867 -0.154366016 -0.007550524 -0.012504781 0.999893308 8.329922676
0.999922037 0.009046641 0.008606710 0.008218327 -0.009126665 0.999915063 0.009304489 -0.156230137 -0.008521804 -0.009382314 0.999919653 8.877099037
0.999924183 0.007332200 0.009891697 0.022030670 -0.007406282 0.999944627 0.007473526 -0.156928942 -0.009836352 -0.007546220 0.999923170 9.396777153
0.999928474 0.003366463 0.011478950 0.034961477 -0.003430187 0.999978781 0.005536214 -0.170006201 -0.011460070 -0.005575193 0.999918818 9.873869896
0.999910176 0.001975125 0.013255670 0.047887016 -0.002032023 0.999988794 0.004280296 -0.175544485 -0.013247066 -0.004306847 0.999902964 10.331948280
0.999859452 0.005979234 0.015664721 0.043337613 -0.006020735 0.999978483 0.002603524 -0.191022962 -0.015648816 -0.002697471 0.999873936 10.748146057
0.999775112 0.010253712 0.018562030 0.047927734 -0.010291808 0.999945104 0.001958020 -0.200964913 -0.018540936 -0.002148617 0.999825776 11.132492065
0.999706447 0.010543146 0.021813143 0.063297644 -0.010599791 0.999940753 0.002482837 -0.201559126 -0.021785673 -0.002713323 0.999758959 11.503308296
0.999684930 0.006337691 0.024286414 0.087033994 -0.006421163 0.999973714 0.003360549 -0.209703460 -0.024264477 -0.003515437 0.999699414 11.832888603
0.999612153 0.001968675 0.027778681 0.088043451 -0.002053083 0.999993384 0.003010410 -0.213199243 -0.027772570 -0.003066274 0.999609590 12.119513512
0.999549568 -0.001700266 0.029963315 0.106414996 0.001576978 0.999990225 0.004137774 -0.217761710 -0.029970055 -0.004088659 0.999542415 12.378528595
0.999465168 -0.001821211 0.032649796 0.109823279 0.001644129 0.999983788 0.005449712 -0.225585744 -0.032659195 -0.005393117 0.999451995 12.606743813
0.999403358 -0.001251423 0.034515273 0.127456456 0.001101679 0.999989927 0.004357151 -0.227414057 -0.034520376 -0.004316527 0.999394655 12.832818031
0.999326527 -0.000328650 0.036692467 0.129384637 0.000224289 0.999995947 0.002848295 -0.230850071 -0.036693253 -0.002838147 0.999322534 13.011708260
0.999231339 0.001996417 0.039150037 0.137204856 -0.002073233 0.999996006 0.001921584 -0.234871835 -0.039146043 -0.002001274 0.999231517 13.201675415
0.999139428 0.004292743 0.041254438 0.135983557 -0.004373409 0.999988675 0.001865281 -0.248240858 -0.041245963 -0.002044098 0.999146938 13.358423233
0.999067307 0.005608222 0.042814635 0.139683798 -0.005628142 0.999984086 0.000344716 -0.252523929 -0.042812020 -0.000585362 0.999082983 13.515740395
0.998993158 0.004696011 0.044615977 0.148064867 -0.004643651 0.999988377 -0.001277122 -0.258074433 -0.044621456 0.001068656 0.999003410 13.670115471
0.998938739 0.003389093 0.045933973 0.162436843 -0.003270411 0.999991119 -0.002658651 -0.262227058 -0.045942575 0.002505607 0.998940945 13.821016312
0.998875737 0.002846230 0.047319438 0.169732854 -0.002671520 0.999989390 -0.003754968 -0.264208406 -0.047329623 0.003624331 0.998872757 13.958826065
0.998804331 0.003700459 0.048746590 0.178185552 -0.003440658 0.999979436 -0.005412451 -0.263504833 -0.048765618 0.005238259 0.998796523 14.098496437
0.998747230 0.004305060 0.049853634 0.187647462 -0.003941919 0.999965012 -0.007380180 -0.269239902 -0.049883660 0.007174416 0.998729289 14.231816292
0.998707473 0.004947446 0.050585765 0.193711296 -0.004467454 0.999943972 -0.009597355 -0.270135522 -0.050630413 0.009358961 0.998673618 14.348995209
0.998668790 0.003315635 0.051475074 0.200654760 -0.002730785 0.999930978 -0.011427965 -0.281091243 -0.051509410 0.011272185 0.998608887 14.477737427
0.998685420 0.002822087 0.051180899 0.202705711 -0.002134701 0.999906838 -0.013480220 -0.282546580 -0.051214173 0.013353243 0.998598397 14.600102425
0.998789728 0.002605039 0.049114969 0.208470598 -0.001879835 0.999888599 -0.014805852 -0.284885406 -0.049148068 0.014695604 0.998683393 14.729806900
0.998936355 0.002382511 0.046048991 0.216775835 -0.001662781 0.999875963 -0.015661640 -0.285847694 -0.046080593 0.015568411 0.998816431 14.862877846
0.999106765 0.002823697 0.042162880 0.210511133 -0.002118330 0.999857187 -0.016764903 -0.291914523 -0.042204197 0.016660612 0.998970091 14.981614113
0.999343574 0.002428258 0.036145356 0.215328693 -0.001789648 0.999841928 -0.017689692 -0.298419625 -0.036182597 0.017613392 0.999189973 15.114379883
0.999556899 0.002810998 0.029633595 0.209758833 -0.002266279 0.999828160 -0.018399382 -0.299706936 -0.029680222 0.018324072 0.999391496 15.237256050
0.999743104 0.003312449 0.022421299 0.210169137 -0.002877468 0.999807537 -0.019404909 -0.298198909 -0.022481263 0.019335408 0.999560297 15.374625206
0.999888301 0.002909800 0.014660858 0.192659333 -0.002611161 0.999789536 -0.020347968 -0.302570015 -0.014716981 0.020307412 0.999685466 15.497812271
0.999989152 0.002109773 0.004157022 0.195439294 -0.002019807 0.999766171 -0.021528581 -0.304565340 -0.004201470 0.021519950 0.999759614 15.643439293
0.999962449 0.000409460 -0.008653169 0.180382505 -0.000610487 0.999729693 -0.023241656 -0.308117718 0.008641314 0.023246067 0.999692440 15.788068771
0.999694943 -0.000440660 -0.024695620 0.161265209 -0.000181263 0.999683022 -0.025175642 -0.310967058 0.024698885 0.025172438 0.999377966 15.949277878
0.999023199 0.000115586 -0.044188228 0.137266487 -0.001276355 0.999654830 -0.026241424 -0.313781768 0.044169944 0.026272193 0.998678505 16.124603271
0.997825444 0.000803115 -0.065906838 0.103518993 -0.002506869 0.999664724 -0.025772313 -0.321116239 0.065864041 0.025881490 0.997492909 16.312795639
0.996006548 0.001600520 -0.089266181 0.056857795 -0.003777177 0.999699533 -0.024220305 -0.329361439 0.089200594 0.024460755 0.995713294 16.516826630
0.993262827 0.002335396 -0.115860015 0.006378824 -0.004994442 0.999730647 -0.022665514 -0.336102247 0.115775876 0.023091467 0.993006885 16.724720001
0.989267707 0.003475169 -0.146073058 -0.054206647 -0.006541659 0.999768078 -0.020517740 -0.345018893 0.145967886 0.021253098 0.989060998 16.957447052
0.983841538 0.003363641 -0.179009736 -0.135726795 -0.006567468 0.999828637 -0.017307902 -0.348056912 0.178920850 0.018203873 0.983695030 17.211957932
0.976395369 0.004084790 -0.215952232 -0.222710788 -0.007133674 0.999885559 -0.013340750 -0.353053778 0.215873018 0.014566380 0.976312816 17.475297928
0.966764629 0.006087261 -0.255595505 -0.337097406 -0.008359385 0.999934614 -0.007804108 -0.361729741 0.255531281 0.009681357 0.966752291 17.743135452
0.954864383 0.009905959 -0.296876878 -0.455620825 -0.011336480 0.999930918 -0.003097333 -0.362970859 0.296825707 0.006323071 0.954910755 18.005308151
0.940687239 0.013589630 -0.339002699 -0.596584558 -0.014131381 0.999899745 0.000870368 -0.359879106 0.338980526 0.003971832 0.940784991 18.284439087
0.923827767 0.016059140 -0.382471383 -0.746052265 -0.014406404 0.999870420 0.007184911 -0.375929713 0.382537216 -0.001127583 0.923939407 18.564794540
0.904763162 0.019402085 -0.425472826 -0.910912454 -0.014490431 0.999785781 0.014777726 -0.380068541 0.425668418 -0.007205058 0.904850543 18.828525543
0.883084953 0.023825830 -0.468607843 -1.111196518 -0.015739389 0.999652088 0.021165509 -0.380453557 0.468949080 -0.011315341 0.883152723 19.113256454
0.858679771 0.028917689 -0.511696041 -1.331757665 -0.018480169 0.999504685 0.025473751 -0.378914207 0.512179255 -0.012417564 0.858788848 19.384510040
0.830563307 0.032364808 -0.555983007 -1.549713492 -0.019498320 0.999387801 0.029048380 -0.378531456 0.556582808 -0.013285784 0.830685914 19.653007507
0.799680829 0.035906855 -0.599350810 -1.807421923 -0.021997308 0.999292135 0.030517379 -0.370114714 0.600022316 -0.011220059 0.799904585 19.930055618
0.765611172 0.037719008 -0.642196894 -2.079113007 -0.021493293 0.999222100 0.033064876 -0.355781853 0.642944515 -0.011511911 0.765826225 20.202157974
0.728223562 0.042003229 -0.684051275 -2.369057417 -0.022714555 0.999050975 0.037164021 -0.349659443 0.684963107 -0.011525798 0.728486598 20.477739334
0.689569354 0.042929374 -0.722946227 -2.692705631 -0.020443620 0.998997629 0.039821841 -0.328297228 0.723931134 -0.012680286 0.689755797 20.726037979
0.648283362 0.042571034 -0.760208189 -3.048703194 -0.017542560 0.999005795 0.040983725 -0.316053957 0.761197150 -0.013233074 0.648385644 20.992565155
0.605931580 0.041153722 -0.794451594 -3.424599648 -0.011340410 0.999006391 0.043100573 -0.307390302 0.795435965 -0.017106593 0.605796218 21.236709595
0.561853766 0.040423959 -0.826248407 -3.829510450 -0.006838033 0.998998165 0.044225797 -0.282215565 0.827208400 -0.019198522 0.561567307 21.465356827
0.515368462 0.043695789 -0.855853975 -4.257378101 -0.006427060 0.998868227 0.047127236 -0.276306272 0.856944561 -0.018787267 0.515066028 21.678714752
0.465423524 0.043009676 -0.884042561 -4.720398903 -0.005608142 0.998941898 0.045647133 -0.246988654 0.885070384 -0.016287414 0.465172231 21.882865906
0.414111197 0.041973606 -0.909258127 -5.211118221 -0.000346787 0.998943388 0.045955766 -0.229104221 0.910226345 -0.018715482 0.413688183 22.062534332
0.360070288 0.040997352 -0.932023883 -5.706147671 0.004876172 0.998937607 0.045824531 -0.208522320 0.932912409 -0.021044759 0.359487832 22.227548599
0.306237102 0.039880276 -0.951119661 -6.240506649 0.007636818 0.998987019 0.044346221 -0.184678376 0.951924741 -0.020843988 0.305622339 22.365570068
0.252855957 0.045984317 -0.966410577 -6.807639122 0.008672270 0.998722017 0.049790833 -0.159691274 0.967465103 -0.020970881 0.252133965 22.476234436
0.201765954 0.050826535 -0.978114069 -7.396417618 0.011771628 0.998454630 0.054311767 -0.136536419 0.979363024 -0.022472262 0.200855851 22.572999954
0.153635979 0.052350760 -0.986739814 -7.999432564 0.016757404 0.998313963 0.055573963 -0.110321760 0.987985492 -0.025073363 0.152499676 22.641513824
0.109113514 0.053490739 -0.992589176 -8.614078522 0.019953053 0.998232007 0.055988248 -0.089495063 0.993829131 -0.025914263 0.107853293 22.689886093
0.068715215 0.051979303 -0.996281385 -9.260889053 0.019507639 0.998380780 0.053434320 -0.061040819 0.997445703 -0.023106851 0.067589939 22.707645416
0.033065379 0.047394719 -0.998328865 -9.915595055 0.017413002 0.998696089 0.047988888 -0.024872601 0.999301493 -0.018970674 0.032196939 22.707477570
0.004739106 0.047135003 -0.998877287 -10.600548744 0.014728473 0.998776853 0.047200140 0.012897432 0.999880314 -0.014935622 0.004039049 22.685897827
-0.016533732 0.051535092 -0.998534262 -11.311107635 0.013814382 0.998587251 0.051309086 0.039345443 0.999767840 -0.012945803 -0.017222285 22.662105560
-0.029331446 0.057661731 -0.997905374 -12.047944069 0.015853757 0.998236001 0.057214864 0.071747541 0.999444127 -0.014142367 -0.030193806 22.629936218
-0.037250638 0.060164019 -0.997493327 -12.806215286 0.015620627 0.998099089 0.059617225 0.106068492 0.999184012 -0.013360698 -0.038119674 22.596614838
-0.041195393 0.057414856 -0.997500122 -13.583648682 0.016693512 0.998247802 0.056768473 0.140452385 0.999011636 -0.014313186 -0.042081714 22.564922333
-0.040387750 0.053649314 -0.997742891 -14.378129959 0.024240470 0.998316169 0.052698921 0.177201390 0.998890162 -0.022057373 -0.041620255 22.539680481
-0.036342859 0.051956277 -0.997987866 -15.208510399 0.035928089 0.998069882 0.050652187 0.221317172 0.998693347 -0.034014951 -0.038139462 22.528343201
-0.030508041 0.052163616 -0.998172581 -16.052499771 0.036140360 0.998041868 0.051052205 0.259217620 0.998881102 -0.034516815 -0.032333612 22.502227783
-0.025300145 0.050674740 -0.998394668 -16.916378021 0.034386013 0.998167515 0.049791835 0.290153682 0.999088347 -0.033071071 -0.026996255 22.477455139
-0.022266626 0.044338804 -0.998768389 -17.786993027 0.037855361 0.998337030 0.043475702 0.324827492 0.999035120 -0.036840677 -0.023908138 22.463140488
-0.020281315 0.033541959 -0.999231577 -18.686019897 0.035530973 0.998829901 0.032807313 0.358599693 0.999162793 -0.034838293 -0.021449447 22.446456909
-0.019412041 0.025217641 -0.999493659 -19.604957581 0.027767446 0.999309838 0.024673719 0.388364136 0.999426067 -0.027274420 -0.020098805 22.410531998
-0.020704746 0.022138752 -0.999540627 -20.543804169 0.022205025 0.999518394 0.021678304 0.412723601 0.999539137 -0.021745982 -0.021186352 22.370252609
-0.024445534 0.028340841 -0.999299467 -21.500022888 0.013109013 0.999521196 0.028026452 0.431571662 0.999615312 -0.012414710 -0.024805307 22.330005646
-0.029096365 0.036822926 -0.998898149 -22.503671646 0.008475143 0.999294400 0.036590669 0.450116307 0.999540746 -0.007401152 -0.029387832 22.285984039
-0.033848524 0.046264358 -0.998355687 -23.508697510 0.006780534 0.998915672 0.046060424 0.487325013 0.999404073 -0.005210309 -0.034125566 22.246002197
-0.035644889 0.056259945 -0.997779727 -24.532791138 0.005591593 0.998409748 0.056095716 0.526398063 0.999348938 -0.003579658 -0.035902858 22.205032349
-0.036345124 0.064054877 -0.997284293 -25.568563461 0.007468705 0.997933209 0.063824363 0.569137514 0.999311328 -0.005128715 -0.036748409 22.159523010
-0.037605047 0.064892478 -0.997183502 -26.603050232 0.008404004 0.997874498 0.064620525 0.623335242 0.999257386 -0.005950279 -0.038070440 22.117868423
-0.039510965 0.062459219 -0.997265160 -27.637142181 0.006855479 0.998037934 0.062236007 0.669402122 0.999195635 -0.004377728 -0.039861560 22.069293976
-0.042491198 0.057273224 -0.997453988 -28.662990570 0.007398442 0.998346210 0.057009291 0.714910388 0.999069571 -0.004957221 -0.042844653 22.023775101
-0.046995640 0.052108046 -0.997535110 -29.708381653 0.007615087 0.998628139 0.051806383 0.761887491 0.998866141 -0.005161640 -0.047327995 21.968902588
-0.052954912 0.047449023 -0.997469127 -30.749252319 0.008145392 0.998857796 0.047082655 0.799844384 0.998563826 -0.005631522 -0.053280950 21.911746979
-0.059423923 0.045367491 -0.997201383 -31.819101334 0.006944779 0.998961329 0.045033716 0.838574886 0.998208702 -0.004249264 -0.059677243 21.833686829
-0.066199422 0.048133034 -0.996644795 -32.883010864 0.007823779 0.998830140 0.047718905 0.877533376 0.997775793 -0.004638568 -0.066498518 21.765029907
-0.072251558 0.052744541 -0.995990932 -33.965129852 0.005529565 0.998606563 0.052481934 0.916866779 0.997371256 -0.001715496 -0.072442651 21.672794342
-0.078549027 0.055834256 -0.995345652 -35.039802551 0.002878850 0.998438895 0.055780593 0.959958971 0.996906281 0.001516051 -0.078587174 21.577247620
-0.083297610 0.057886943 -0.994842172 -36.108394623 -0.000252460 0.998310149 0.058109879 1.010044336 0.996524870 0.005091561 -0.083142281 21.482482910
-0.085856318 0.059033338 -0.994557023 -37.193767548 -0.004628704 0.998208642 0.059649661 1.062237740 0.996296763 0.009724812 -0.085429192 21.374164581
-0.087554336 0.060455594 -0.994323552 -38.271167755 -0.008263225 0.998078346 0.061411496 1.112273574 0.996125460 0.013593164 -0.086886525 21.274375916
-0.089264631 0.060023233 -0.994197786 -39.362144470 -0.009967795 0.998078644 0.061152507 1.164305449 0.995958149 0.015368712 -0.088494897 21.167278290
-0.090456486 0.059248753 -0.994136393 -40.459289551 -0.010417649 0.998117805 0.060433939 1.209864378 0.995845914 0.015823206 -0.089668989 21.055351257
-0.091476440 0.058403637 -0.994093180 -41.558742523 -0.011263415 0.998154104 0.059678677 1.263491988 0.995743632 0.016656067 -0.090649724 20.946197510
-0.092422366 0.057685073 -0.994047642 -42.662254333 -0.013519109 0.998155773 0.059180424 1.308639526 0.995628178 0.018908227 -0.091472030 20.838142395
-0.093630791 0.055102184 -0.994081080 -43.756713867 -0.017712034 0.998217046 0.056999713 1.360641003 0.995449543 0.022944123 -0.092487812 20.731952667
-0.093581796 0.050494600 -0.994330287 -44.862598419 -0.022985917 0.998337269 0.052861411 1.400132656 0.995346248 0.027802458 -0.092265487 20.608680725
-0.093115568 0.049835388 -0.994407296 -45.977096558 -0.024925701 0.998316884 0.052365344 1.448652625 0.995343268 0.029662330 -0.091716647 20.499366760
-0.091238976 0.053770572 -0.994376361 -47.111030579 -0.025636084 0.998083413 0.056323271 1.497829080 0.995499074 0.030630788 -0.089685678 20.385768890
-0.089126587 0.056762926 -0.994401693 -48.238296509 -0.025895845 0.997905195 0.059283923 1.546596527 0.995683789 0.031034630 -0.087469935 20.277812958
-0.087689519 0.056561045 -0.994540930 -49.355033875 -0.024230832 0.997970223 0.058892537 1.599310756 0.995853245 0.029262807 -0.086141109 20.174900055
-0.085526228 0.056061424 -0.994757533 -50.473533630 -0.024060979 0.998008311 0.058313318 1.648218393 0.996045411 0.028922146 -0.084007025 20.083236694
-0.081304550 0.056307919 -0.995097578 -51.623992920 -0.028064175 0.997877657 0.058758222 1.703143597 0.996294260 0.032703891 -0.079551816 19.980724335
-0.075757980 0.057121418 -0.995488882 -52.758377075 -0.032990497 0.997667670 0.059757061 1.754125834 0.996580422 0.037368737 -0.073696733 19.881271362
-0.069778562 0.056549273 -0.995958388 -53.900543213 -0.037247039 0.997548103 0.059249125 1.808917761 0.996866882 0.041230820 -0.067501187 19.794101715
-0.064443350 0.055733528 -0.996363759 -55.048294067 -0.038845871 0.997542322 0.058311947 1.862414002 0.997164965 0.042462438 -0.062119961 19.718124390
-0.058268189 0.054587550 -0.996807396 -56.191261292 -0.038447276 0.997640431 0.056880597 1.919919014 0.997560322 0.041638855 -0.056031942 19.642589569
-0.053002954 0.054402407 -0.997111380 -57.334564209 -0.036753707 0.997732103 0.056389973 1.966594577 0.997917771 0.039636374 -0.050883293 19.581371307
-0.047736526 0.055173684 -0.997335136 -58.480106354 -0.036167029 0.997723103 0.056926247 2.015871048 0.998205125 0.038788091 -0.045632362 19.523834229
-0.041911125 0.056823030 -0.997504175 -59.651882172 -0.034872048 0.997689903 0.058298796 2.063815355 0.998512566 0.037228383 -0.039832830 19.468193054
-0.036733508 0.057846032 -0.997649610 -60.815399170 -0.035935145 0.997601151 0.059166357 2.118964195 0.998678923 0.038024060 -0.034566641 19.426647186
-0.031445384 0.057403058 -0.997855842 -61.993705750 -0.035002720 0.997673810 0.058495630 2.162449837 0.998892486 0.036767077 -0.029362917 19.386085510
-0.027074933 0.052925393 -0.998231351 -63.152236938 -0.034778479 0.997943044 0.053853393 2.210639477 0.999028265 0.036175042 -0.025178552 19.357200623
-0.022248626 0.047538705 -0.998621702 -64.316581726 -0.034730956 0.998229146 0.048293799 2.253744125 0.999149144 0.035757542 -0.020558119 19.322685242
-0.018706679 0.046782121 -0.998729944 -65.488044739 -0.035276406 0.998251915 0.047420476 2.300769329 0.999202490 0.036118682 -0.017023683 19.296470642
-0.015290022 0.048569385 -0.998702705 -66.672103882 -0.034675688 0.998192966 0.049075473 2.352917671 0.999281585 0.035381068 -0.013578176 19.265380859
-0.012597680 0.049075227 -0.998715758 -67.835952759 -0.034758154 0.998169780 0.049486838 2.375863314 0.999316454 0.035336927 -0.010868788 19.238235474
-0.011764169 0.048850507 -0.998736858 -69.019866943 -0.036345802 0.998125017 0.049248695 2.421605110 0.999270082 0.036879256 -0.009966612 19.218460083
-0.011043787 0.050091837 -0.998683512 -70.201972961 -0.037319727 0.998027980 0.050471649 2.458281279 0.999242306 0.037827998 -0.009152651 19.200973511
-0.009945631 0.049952991 -0.998702109 -71.389022827 -0.038258858 0.998001158 0.050298937 2.497750521 0.999218404 0.038709454 -0.008014679 19.183410645
-0.009327650 0.048087165 -0.998799562 -72.577377319 -0.038230330 0.998095632 0.048410300 2.533990383 0.999225438 0.038635988 -0.007471442 19.176628113
-0.008503318 0.047193304 -0.998849630 -73.770965576 -0.036360402 0.998210549 0.047472648 2.569432735 0.999302626 0.036722243 -0.006772041 19.162170410
-0.008516908 0.046589505 -0.998877823 -74.968963623 -0.033107646 0.998353243 0.046847329 2.611335993 0.999415517 0.033469491 -0.006960511 19.160491943
-0.008333802 0.047381837 -0.998842239 -76.162139893 -0.030806625 0.998390496 0.047617443 2.650949478 0.999490798 0.031167783 -0.006860733 19.147483826
-0.008547664 0.049968041 -0.998714268 -77.365356445 -0.030328849 0.998278260 0.050205804 2.691607475 0.999503434 0.030718997 -0.007017493 19.141777039
-0.007653594 0.053643513 -0.998530924 -78.554733276 -0.032608151 0.998015642 0.053865768 2.732404709 0.999439001 0.032972507 -0.005889177 19.120086670
-0.007946491 0.053538665 -0.998534322 -79.753974915 -0.034406561 0.997959793 0.053781673 2.774188042 0.999376476 0.034783490 -0.006088138 19.107521057
-0.007703304 0.051554419 -0.998640597 -80.944046021 -0.035388183 0.998030484 0.051795900 2.822250366 0.999344110 0.035739057 -0.005863667 19.098686218
-0.006674528 0.049170431 -0.998768270 -82.122894287 -0.035376865 0.998153508 0.049376585 2.859258890 0.999351919 0.035662845 -0.004922748 19.068748474
-0.006709337 0.048464239 -0.998802543 -83.321456909 -0.033188358 0.998263836 0.048661038 2.899450779 0.999426723 0.033475086 -0.005089283 19.063339233
-0.006986618 0.050050002 -0.998722434 -84.498703003 -0.031644132 0.998235404 0.050246961 2.932660103 0.999474943 0.031954743 -0.005390525 19.052696228
-0.006389380 0.052914891 -0.998578608 -85.682479858 -0.031378102 0.998096645 0.053090125 2.972326756 0.999487162 0.031672716 -0.004716873 19.037063599
-0.005781770 0.055777904 -0.998426497 -86.868698120 -0.031802710 0.997927845 0.055934209 3.009565353 0.999477446 0.032076064 -0.003995895 19.026947021
-0.005826712 0.055716727 -0.998429596 -88.037162781 -0.033519261 0.997874618 0.055881370 3.051124573 0.999421060 0.033792224 -0.003946662 19.017799377
-0.005489945 0.053627837 -0.998546064 -89.221954346 -0.032760188 0.998015285 0.053779446 3.097662926 0.999448359 0.033007786 -0.003722191 19.007179260
-0.005234241 0.052056998 -0.998630404 -90.389839172 -0.031561542 0.998137951 0.052196756 3.140698910 0.999488115 0.031791531 -0.003581524 18.996788025
-0.005385160 0.053028110 -0.998578608 -91.567565918 -0.029745957 0.998142600 0.053165376 3.184839725 0.999543071 0.029989973 -0.003797889 18.991950989
-0.004627943 0.056123618 -0.998413146 -92.742538452 -0.027520612 0.998038471 0.056230124 3.224273443 0.999610543 0.027737169 -0.003074288 18.980987549
-0.004733443 0.058511239 -0.998275518 -93.918884277 -0.025832804 0.997946382 0.058614437 3.272037506 0.999655068 0.026065702 -0.003212214 18.979042053
-0.003988981 0.060387138 -0.998167217 -95.109596252 -0.026976218 0.997805238 0.060473051 3.326445580 0.999628246 0.027167985 -0.002351165 18.961868286
-0.003700137 0.062297560 -0.998050749 -96.262954712 -0.029205879 0.997625113 0.062379271 3.370300293 0.999566555 0.029379770 -0.001871943 18.949165344
-0.003651381 0.061609622 -0.998093724 -97.438858032 -0.031348106 0.997602701 0.061693996 3.422401905 0.999501944 0.031513609 -0.001711369 18.943267822
-0.003150582 0.057434145 -0.998344481 -98.594749451 -0.033791311 0.997772992 0.057507914 3.470149517 0.999424100 0.033916537 -0.001202822 18.923927307
-0.003086329 0.055699874 -0.998442888 -99.764694214 -0.034788121 0.997837186 0.055773623 3.518906116 0.999390066 0.034906074 -0.001141906 18.916069031
-0.002842784 0.054229587 -0.998524547 -100.923538208 -0.035331283 0.997899592 0.054296236 3.560896397 0.999371707 0.035433497 -0.000920773 18.906417847
-0.002876282 0.054549709 -0.998506904 -102.097061157 -0.033732768 0.997937500 0.054615770 3.609005451 0.999426782 0.033839490 -0.001030207 18.904502869
-0.003038764 0.056707751 -0.998386204 -103.261932373 -0.033762291 0.997815788 0.056778118 3.651588678 0.999425292 0.033880346 -0.001117587 18.899658203
-0.002720952 0.058752190 -0.998268902 -104.443847656 -0.033007663 0.997723341 0.058810052 3.699383736 0.999451399 0.033110540 -0.000775456 18.894081116
-0.003239393 0.057579700 -0.998335779 -105.619834900 -0.036356881 0.997674048 0.057659511 3.756888866 0.999333739 0.036483143 -0.001138449 18.880027771
-0.003593087 0.058977790 -0.998252869 -106.796051025 -0.040147409 0.997445941 0.059074622 3.805158138 0.999187350 0.040289525 -0.001216173 18.867012024
-0.004482269 0.058092467 -0.998301208 -107.976478577 -0.043636240 0.997348905 0.058232974 3.856405735 0.999037504 0.043823119 -0.001935363 18.861824036
-0.003934383 0.054278743 -0.998518050 -109.179855347 -0.044773828 0.997514844 0.054400627 3.908764601 0.998989403 0.044921506 -0.001494288 18.834838867
-0.004726171 0.050423447 -0.998716772 -110.366897583 -0.044840164 0.997712672 0.050584938 3.957758665 0.998983026 0.045021687 -0.002454281 18.828605652
-0.005682230 0.049236361 -0.998771012 -111.568283081 -0.041134305 0.997930229 0.049428936 4.003726006 0.999137521 0.041364621 -0.003645182 18.822883606
-0.006063938 0.048723765 -0.998794019 -112.780403137 -0.036808964 0.998124480 0.048914578 4.045286179 0.999304056 0.037061173 -0.004258990 18.818138123
-0.006789804 0.050481956 -0.998701870 -113.995101929 -0.036089804 0.998061895 0.050694965 4.090990543 0.999325454 0.036387168 -0.004954696 18.812095642
-0.007456183 0.054367200 -0.998493314 -115.219474792 -0.035279348 0.997884989 0.054597531 4.137455940 0.999349773 0.035633270 -0.005522370 18.798629761
-0.007652998 0.054687772 -0.998474300 -116.466247559 -0.033768989 0.997919798 0.054916229 4.189363956 0.999400437 0.034137730 -0.005790353 18.779090881
-0.008126140 0.049969267 -0.998717844 -117.711097717 -0.033795126 0.998166382 0.050216656 4.246100426 0.999395847 0.034159850 -0.006422520 18.760231018
-0.008959055 0.046450235 -0.998880506 -118.938011169 -0.033459667 0.998347223 0.046725541 4.284967422 0.999399960 0.033840820 -0.007390022 18.742973328
-0.010224700 0.045592204 -0.998907924 -120.190147400 -0.032868620 0.998404860 0.045905687 4.322574615 0.999407470 0.033302091 -0.008709908 18.731170654
-0.009958506 0.046206865 -0.998882294 -121.451171875 -0.035015147 0.998303056 0.046529159 4.369985580 0.999337196 0.035439365 -0.008323669 18.698173523
-0.010573983 0.050939463 -0.998645782 -122.719375610 -0.039500430 0.997900784 0.051319703 4.415631771 0.999163568 0.039989591 -0.008539677 18.677406311
-0.010727882 0.054389033 -0.998462319 -123.977478027 -0.045075133 0.997478306 0.054819740 4.459909439 0.998926103 0.045593910 -0.008249164 18.645301819
-0.010916471 0.054311808 -0.998464406 -125.257644653 -0.052591071 0.997110665 0.054813169 4.512940407 0.998556554 0.053108677 -0.008028626 18.615188599
-0.010561705 0.052158285 -0.998583138 -126.530975342 -0.056066580 0.997036815 0.052670512 4.563544750 0.998371363 0.056543414 -0.007606149 18.587776184
-0.011693597 0.050795652 -0.998640656 -127.800819397 -0.058566839 0.996959567 0.051395938 4.614087105 0.998215079 0.059088230 -0.008683205 18.570312500
-0.011225581 0.050191619 -0.998676538 -129.072204590 -0.058219340 0.997012377 0.050762393 4.656344414 0.998240709 0.058712125 -0.008269906 18.531478882
-0.011942983 0.049110137 -0.998722076 -130.339981079 -0.056020390 0.997191608 0.049704783 4.702186584 0.998358309 0.056542411 -0.009158254 18.515441895
-0.012456775 0.050016932 -0.998670638 -131.601684570 -0.056046505 0.997143149 0.050639510 4.739778519 0.998350441 0.056602806 -0.009617925 18.495269775
-0.013238668 0.054935087 -0.998402238 -132.881500244 -0.055623572 0.996903062 0.055590153 4.791739464 0.998364091 0.056270629 -0.010141969 18.477050781
-0.013425112 0.059297789 -0.998150110 -134.157836914 -0.055027120 0.996683478 0.059950776 4.835717201 0.998394608 0.055730172 -0.010117650 18.445220947
-0.013507009 0.057927534 -0.998229444 -135.416641235 -0.055499326 0.996738076 0.058591947 4.891406536 0.998367369 0.056192458 -0.010247946 18.424972534
-0.012634397 0.056476068 -0.998324037 -136.688507080 -0.055213325 0.996841073 0.057090934 4.944902420 0.998394668 0.055842098 -0.009476185 18.398498535
-0.011766553 0.055778079 -0.998373926 -137.946868896 -0.054194693 0.996939898 0.056336679 4.995490551 0.998461127 0.054769449 -0.008707643 18.382232666
-0.010251880 0.055382024 -0.998412728 -139.218490601 -0.054755259 0.996935964 0.055862345 5.043448925 0.998447299 0.055241026 -0.007188082 18.357437134
-0.009949446 0.057365671 -0.998303711 -140.478439331 -0.054369148 0.996845245 0.057823729 5.095561981 0.998471379 0.054852236 -0.006799221 18.344573975
-0.008608460 0.061072916 -0.998096168 -141.740036011 -0.055901680 0.996542871 0.061460014 5.148962498 0.998399138 0.056324329 -0.005164623 18.321014404
-0.007366776 0.061851583 -0.998058379 -142.991195679 -0.057263318 0.996421337 0.062172804 5.208806515 0.998332143 0.057610128 -0.003798604 18.308624268
-0.006700158 0.059248853 -0.998220921 -144.263717651 -0.059577566 0.996446252 0.059543408 5.259767532 0.998201311 0.059870504 -0.003146410 18.289505005
-0.006329060 0.056500889 -0.998382509 -145.527923584 -0.058668654 0.996661723 0.056775425 5.312411308 0.998257458 0.058933090 -0.002993107 18.271469116
-0.006241202 0.054423694 -0.998498440 -146.778701782 -0.055602565 0.996954203 0.054687072 5.366116524 0.998433471 0.055860382 -0.003196120 18.264282227
-0.006703973 0.053949278 -0.998521149 -148.029998779 -0.054313563 0.997049987 0.054234453 5.411487103 0.998501420 0.054596834 -0.003754020 18.258834839
-0.006504416 0.054298852 -0.998503685 -149.288696289 -0.051444627 0.997184217 0.054562222 5.452980995 0.998654842 0.051722530 -0.003692746 18.246719360
-0.007154346 0.053072292 -0.998565137 -150.529037476 -0.049459096 0.997349620 0.053362042 5.495661259 0.998750627 0.049769886 -0.004510403 18.244766235
-0.007303238 0.053319335 -0.998550951 -151.777221680 -0.048933931 0.997362018 0.053613748 5.543580055 0.998775482 0.049254563 -0.004674792 18.234146118
-0.006944895 0.055853982 -0.998414874 -153.035430908 -0.046854928 0.997324049 0.056118879 5.596459389 0.998877645 0.047170397 -0.004309297 18.209991455
-0.007264733 0.057401586 -0.998324871 -154.282821655 -0.044153463 0.997358978 0.057667352 5.646127701 0.998998523 0.044498421 -0.004711032 18.199523926
-0.007037878 0.055622712 -0.998427093 -155.517120361 -0.042386092 0.997537851 0.055871952 5.700496674 0.999076545 0.042712640 -0.004662991 18.186248779
-0.007831454 0.055828694 -0.998409808 -156.747406006 -0.043617666 0.997470915 0.056118332 5.751229286 0.999017715 0.043987781 -0.005376577 18.173416138
-0.008211613 0.060555171 -0.998131216 -157.993957520 -0.043658521 0.997191191 0.060857326 5.802178383 0.999012887 0.044076659 -0.005544782 18.166275024
-0.007247210 0.067449816 -0.997696400 -159.229949951 -0.048857942 0.996507049 0.067724310 5.850234509 0.998779476 0.049236201 -0.003926396 18.139572144
-0.006639957 0.067177087 -0.997719169 -160.456726074 -0.053909887 0.996265948 0.067438029 5.915913582 0.998523891 0.054234698 -0.002993703 18.125686646
-0.004536152 0.063428707 -0.997976065 -161.722686768 -0.057476711 0.996319950 0.063584700 5.976987839 0.998336554 0.057648815 -0.000873804 18.093276978
-0.003157377 0.058090530 -0.998306453 -162.958145142 -0.059310321 0.996542990 0.058175500 6.033088684 0.998234689 0.059393544 0.000298917 18.081954956
-0.002210975 0.056462333 -0.998402238 -164.190475464 -0.061826967 0.996486902 0.056490935 6.082252502 0.998084426 0.061853088 0.001287639 18.075500488
-0.000926256 0.053454608 -0.998569906 -165.427886963 -0.056676477 0.996962368 0.053421129 6.123669624 0.998392224 0.056644898 0.002106190 18.072402954
-0.001102448 0.049189519 -0.998788953 -166.647872925 -0.053906694 0.997334301 0.049177382 6.168617249 0.998545468 0.053895619 0.001552165 18.073379517
-0.001178861 0.045803148 -0.998949885 -167.903350830 -0.047614235 0.997814894 0.045807295 6.211046219 0.998865247 0.047618225 0.001004577 18.075149536
-0.002630949 0.048573993 -0.998816252 -169.138519287 -0.045135841 0.997795880 0.048643261 6.254664421 0.998977482 0.045210376 -0.000432730 18.077835083
-0.001781106 0.055213269 -0.998472929 -170.378448486 -0.045194190 0.997449934 0.055237316 6.288624763 0.998976588 0.045223564 0.000718772 18.075012207
-0.000321865 0.058447663 -0.998290420 -171.614410400 -0.046586201 0.997205734 0.058399174 6.338213444 0.998914242 0.046525355 0.002401888 18.070938110
0.002057254 0.054931488 -0.998488009 -172.834777832 -0.048095852 0.997340024 0.054769237 6.390015125 0.998840570 0.047910456 0.004693747 18.053344727
0.002275825 0.055526484 -0.998454750 -174.059341431 -0.050283935 0.997200489 0.055342119 6.435927391 0.998732448 0.050080273 0.005061507 18.053604126
0.003749132 0.056245133 -0.998409986 -175.289581299 -0.048544578 0.997250080 0.055997498 6.482892036 0.998813987 0.048257448 0.006469250 18.046890259
0.004347742 0.054176517 -0.998521924 -176.496734619 -0.048679106 0.997358978 0.053901460 6.530468941 0.998805046 0.048372801 0.006973505 18.048339844
0.005610287 0.052800518 -0.998589337 -177.687561035 -0.048717685 0.997433662 0.052465707 6.573691845 0.998796821 0.048354611 0.008168221 18.054748535
0.007515490 0.054502651 -0.998485386 -178.850570679 -0.049883824 0.997290790 0.054061972 6.615179062 0.998726785 0.049401961 0.010213971 18.056228638
0.008680224 0.056562442 -0.998361409 -179.984420776 -0.049734700 0.997187734 0.056063533 6.647697449 0.998724818 0.049166553 0.011468947 18.063400269
0.008934557 0.057896081 -0.998282671 -181.099487305 -0.050906830 0.997054279 0.057369232 6.686270714 0.998663425 0.050306834 0.011855543 18.069305420
0.009466469 0.059185583 -0.998202145 -182.186431885 -0.051389556 0.996956527 0.058624376 6.722803116 0.998633862 0.050742198 0.012479186 18.068679810
0.009566903 0.060024396 -0.998151183 -183.251083374 -0.050892252 0.996932328 0.059463311 6.762094975 0.998658478 0.050229263 0.012592375 18.068237305
0.010023534 0.059098817 -0.998201907 -184.280731201 -0.051152036 0.996975303 0.058512546 6.800984383 0.998640656 0.050473541 0.013016284 18.067276001
0.011221588 0.059041224 -0.998192549 -185.264007568 -0.052121300 0.996932805 0.058380775 6.835949421 0.998577774 0.051371962 0.014264464 18.079940796
0.012804687 0.059719115 -0.998133063 -186.224624634 -0.052822977 0.996861458 0.058965389 6.871578217 0.998521745 0.051969331 0.015919030 18.086090088
0.012106955 0.058242399 -0.998229265 -187.169876099 -0.051102765 0.997033715 0.057552852 6.901070118 0.998620212 0.050315462 0.015047371 18.096481323
0.008805037 0.055182800 -0.998437464 -188.117111206 -0.048741907 0.997312963 0.054690804 6.935706615 0.998772621 0.048184190 0.011471093 18.105209351
0.003641665 0.051723242 -0.998654962 -189.057373047 -0.048431586 0.997498631 0.051486745 6.964368343 0.998820007 0.048178934 0.006137550 18.106750488
-0.001151085 0.048776735 -0.998809159 -189.989685059 -0.050007220 0.997557223 0.048773222 6.994136333 0.998748302 0.050003797 0.001290977 18.097549438
-0.004979849 0.047677346 -0.998850584 -190.925384521 -0.052247968 0.997485995 0.047872700 7.030504227 0.998621941 0.052426293 -0.002476335 18.086196899
-0.008023500 0.048647262 -0.998783827 -191.865997314 -0.053896707 0.997343063 0.049010046 7.054433823 0.998514295 0.054224379 -0.005380154 18.070159912
-0.010072231 0.050464239 -0.998675168 -192.786926270 -0.053024836 0.997293651 0.050929215 7.084655762 0.998542488 0.053467546 -0.007369161 18.059707642
-0.011477590 0.052054219 -0.998578370 -193.719177246 -0.049361166 0.997397065 0.052559994 7.110632420 0.998715162 0.049894243 -0.008878231 18.043716431
-0.013292789 0.052082591 -0.998554349 -194.645324707 -0.047943726 0.997460723 0.052663784 7.147740364 0.998761594 0.048574466 -0.010762095 18.037780762
-0.013572812 0.051354624 -0.998588264 -195.573806763 -0.048617937 0.997465134 0.051957682 7.173079967 0.998725235 0.049254514 -0.011041760 18.010269165
-0.014414072 0.050694637 -0.998610318 -196.483093262 -0.049999509 0.997428000 0.051356312 7.197644711 0.998645365 0.050670262 -0.011842251 17.990310669
-0.014440656 0.049989365 -0.998645425 -197.403900146 -0.053942569 0.997256100 0.050699841 7.230413914 0.998439670 0.054601628 -0.011704445 17.971008301
-0.013429284 0.048458349 -0.998735130 -198.329727173 -0.056503415 0.997192204 0.049143247 7.258490562 0.998312294 0.057091884 -0.010653496 17.947204590
-0.012507439 0.045735724 -0.998875320 -199.251541138 -0.056699540 0.997313678 0.046374187 7.289135933 0.998313010 0.057215787 -0.009880662 17.926864624
-0.012045741 0.043134294 -0.998996854 -200.178085327 -0.056294974 0.997455299 0.043746527 7.318976879 0.998341680 0.056765441 -0.009586811 17.910369873
-0.011019588 0.042660821 -0.999028981 -201.110275269 -0.056875963 0.997445285 0.043220554 7.348472595 0.998320580 0.057296995 -0.008565068 17.890747070
-0.010343432 0.045250006 -0.998922169 -202.049438477 -0.054153211 0.997484207 0.045745604 7.377576351 0.998479068 0.054568008 -0.007866979 17.876510620
-0.010415196 0.046953775 -0.998842895 -202.997940063 -0.053606272 0.997434318 0.047446523 7.402086258 0.998507977 0.054038394 -0.007871389 17.861526489
-0.009660482 0.042835638 -0.999035418 -203.938064575 -0.048514824 0.997885406 0.043255456 7.431403160 0.998775780 0.048885897 -0.007561922 17.861694336
-0.009791613 0.039696030 -0.999163866 -204.886840820 -0.047176950 0.998080730 0.040115319 7.460308075 0.998838603 0.047530293 -0.007900000 17.851501465
-0.008621812 0.039980594 -0.999163270 -205.841857910 -0.051521555 0.997855484 0.040372845 7.497960567 0.998634696 0.051826533 -0.006543517 17.821487427
-0.007194042 0.044161879 -0.998998463 -206.822006226 -0.052950203 0.997605979 0.044481628 7.518888474 0.998571217 0.053217180 -0.004838467 17.810821533
-0.005418777 0.043572899 -0.999035656 -207.795501709 -0.050568797 0.997760057 0.043791547 7.551301003 0.998705983 0.050757319 -0.003203154 17.805572510
-0.003304839 0.045025118 -0.998980403 -208.784667969 -0.049507316 0.997753441 0.045133602 7.583849907 0.998768330 0.049605999 -0.001068354 17.802505493
-0.001475215 0.049699057 -0.998763144 -209.774246216 -0.050401725 0.997491121 0.049710203 7.619642735 0.998727918 0.050412718 0.001033425 17.793121338
0.000059724 0.054045405 -0.998538494 -210.785171509 -0.047294769 0.997421265 0.053982105 7.653520107 0.998880982 0.047222417 0.002615631 17.794082642
0.001015604 0.054915164 -0.998490512 -211.794662476 -0.047021896 0.997389197 0.054806765 7.693066597 0.998893321 0.046895254 0.003595173 17.796569824
0.003198028 0.055783749 -0.998437762 -212.811096191 -0.050442535 0.997180820 0.055551954 7.734468460 0.998721838 0.050186075 0.006002903 17.795959473
0.006574214 0.058034182 -0.998293042 -213.829299927 -0.053176567 0.996922255 0.057604302 7.773922443 0.998563588 0.052707087 0.009640038 17.788009644
0.009644270 0.057963204 -0.998272240 -214.870346069 -0.054510433 0.996864617 0.057354845 7.824499130 0.998466730 0.053863093 0.012773633 17.799560547
0.012787461 0.055455197 -0.998379409 -215.902923584 -0.057675473 0.996839523 0.054630943 7.869235992 0.998253644 0.056883402 0.015945435 17.803558350
