1.000000000 0.000000000 0.000000000 0.000000000 0.000000000 1.000000000 0.000000000 0.000000000 0.000000000 0.000000000 1.000000000 0.000000000
0.999996483 -0.002486981 -0.000910401 -0.013063524 0.002489834 0.999991953 0.003146162 -0.019767040 0.000902569 -0.003148418 0.999994636 1.580297470
0.999992907 -0.003026396 -0.002239555 -0.022419473 0.003035421 0.999987245 0.004037315 -0.037733816 0.002227308 -0.004044084 0.999989331 3.149248838
0.999991536 -0.001744404 -0.003719284 -0.034420080 0.001758918 0.999990821 0.003902672 -0.052216321 0.003712442 -0.003909181 0.999985456 4.717113972
0.999987245 -0.001494047 -0.004821867 -0.053926315 0.001512556 0.999991477 0.003837122 -0.068611018 0.004816093 -0.003844366 0.999980986 6.273278713
0.999980330 -0.001153067 -0.006162992 -0.072736338 0.001178896 0.999990523 0.004189078 -0.086729705 0.006158103 -0.004196261 0.999972224 7.830464363
0.999967754 -0.001723244 -0.007844565 -0.091681920 0.001760631 0.999987125 0.004761442 -0.106476821 0.007836258 -0.004775100 0.999957919 9.374521255
0.999952316 -0.003334329 -0.009180341 -0.118671119 0.003372045 0.999985933 0.004096000 -0.121389873 0.009166554 -0.004126761 0.999949455 10.913738251
0.999931753 -0.005058422 -0.010529839 -0.137854427 0.005104072 0.999977648 0.004312970 -0.132729888 0.010507788 -0.004366421 0.999935269 12.455389977
0.999919832 -0.004306009 -0.011905746 -0.159234792 0.004357696 0.999981165 0.004318806 -0.151201621 0.011886925 -0.004370342 0.999919772 13.991127014
0.999912024 -0.003819735 -0.012702967 -0.190193251 0.003876446 0.999982595 0.004442786 -0.167806283 0.012685777 -0.004491637 0.999909461 15.520502090
0.999908388 -0.002579347 -0.013287906 -0.215662092 0.002647779 0.999983311 0.005134956 -0.184966579 0.013274439 -0.005169670 0.999898553 17.049581528
0.999903798 -0.000792490 -0.013849738 -0.251118749 0.000872021 0.999983132 0.005737364 -0.195470795 0.013844958 -0.005748889 0.999887645 18.563606262
0.999897599 0.000319777 -0.014308521 -0.281607956 -0.000224969 0.999978006 0.006627096 -0.207516268 0.014310325 -0.006623199 0.999875665 20.065811157
0.999890208 0.000037034 -0.014815914 -0.306140184 0.000063689 0.999976873 0.006797795 -0.220804393 0.014815823 -0.006797993 0.999867141 21.576408386
0.999884188 0.001007907 -0.015184230 -0.335896343 -0.000904408 0.999976337 0.006821585 -0.230977982 0.015190747 -0.006807063 0.999861419 23.083726883
0.999882162 0.001450302 -0.015283331 -0.358853549 -0.001340002 0.999972999 0.007224758 -0.241179705 0.015293397 -0.007203427 0.999857128 24.576530457
0.999882519 0.002311386 -0.015150910 -0.389890224 -0.002181636 0.999960840 0.008574809 -0.252903253 0.015170136 -0.008540749 0.999848425 26.062854767
0.999880552 0.002937506 -0.015175515 -0.417536825 -0.002830341 0.999970973 0.007078313 -0.261902153 0.015195866 -0.007034515 0.999859810 27.544475555
0.999881268 0.003358667 -0.015040705 -0.446191251 -0.003282786 0.999981761 0.005066901 -0.274138063 0.015057449 -0.005016924 0.999874055 29.018880844
0.999893188 0.001470441 -0.014540782 -0.480245531 -0.001397902 0.999986529 0.004997591 -0.288873702 0.014547936 -0.004976731 0.999881804 30.473854065
0.999899685 0.001010392 -0.014126535 -0.509375036 -0.000903666 0.999971032 0.007559359 -0.299764395 0.014133763 -0.007545835 0.999871612 31.922695160
0.999902785 -0.000630236 -0.013930196 -0.533179402 0.000753622 0.999960542 0.008853934 -0.311769307 0.013924066 -0.008863571 0.999863744 33.369800568
0.999905765 -0.001549694 -0.013641520 -0.554928541 0.001665585 0.999962568 0.008488186 -0.324431390 0.013627855 -0.008510107 0.999870896 34.803928375
0.999911726 -0.001761827 -0.013168277 -0.592218101 0.001847664 0.999977112 0.006509109 -0.336341918 0.013156508 -0.006532865 0.999892116 36.220161438
0.999922037 -0.000919649 -0.012454588 -0.615776360 0.000992010 0.999982655 0.005805025 -0.347090095 0.012449034 -0.005816927 0.999905586 37.632537842
0.999931335 -0.000056392 -0.011718802 -0.642141640 0.000112969 0.999988317 0.004827281 -0.365452766 0.011718393 -0.004828274 0.999919653 39.011806488
0.999945402 0.000657221 -0.010426768 -0.664098740 -0.000595469 0.999982297 0.005924423 -0.379590094 0.010430478 -0.005917891 0.999928117 40.374961853
0.999959350 0.000925247 -0.008966275 -0.678386331 -0.000853414 0.999967515 0.008011982 -0.395217896 0.008973397 -0.008004004 0.999927700 41.727222443
0.999971986 0.000369499 -0.007472663 -0.690765321 -0.000302706 0.999960005 0.008937465 -0.404903769 0.007475667 -0.008934953 0.999932110 43.067565918
0.999987066 0.000775752 -0.005022138 -0.703452885 -0.000727902 0.999954402 0.009522525 -0.417106867 0.005029297 -0.009518746 0.999942064 44.378246307
0.999998271 0.000470755 -0.001809369 -0.707287610 -0.000454530 0.999959767 0.008956993 -0.429034412 0.001813513 -0.008956155 0.999958277 45.681346893
0.999997497 -0.000056774 0.002233068 -0.711292803 0.000040650 0.999973953 0.007219925 -0.440579712 -0.002233420 -0.007219816 0.999971449 46.977672577
0.999985993 -0.000249007 0.005290019 -0.707513154 0.000219473 0.999984384 0.005582695 -0.455415994 -0.005291326 -0.005581456 0.999970436 48.247776031
0.999955416 0.000218085 0.009443200 -0.705853343 -0.000277026 0.999980509 0.006240753 -0.468043983 -0.009441655 -0.006243091 0.999935925 49.495979309
0.999896705 0.000123641 0.014372521 -0.687781870 -0.000211285 0.999981403 0.006096696 -0.483443230 -0.014371500 -0.006099102 0.999878109 50.739814758
0.999769986 0.002145018 0.021338338 -0.676125765 -0.002256118 0.999984026 0.005183889 -0.491964221 -0.021326879 -0.005230838 0.999758899 51.972240448
0.999575555 0.003583601 0.028911995 -0.649840653 -0.003729014 0.999980688 0.004977163 -0.500063360 -0.028893601 -0.005082863 0.999569595 53.194080353
0.999296725 0.004880975 0.037178162 -0.613017440 -0.005108557 0.999968767 0.006028844 -0.512530088 -0.037147574 -0.006214531 0.999290466 54.398006439
0.998845279 0.007096088 0.047515281 -0.563322842 -0.007418622 0.999950588 0.006615108 -0.524905324 -0.047465991 -0.006959968 0.998848617 55.590663910
0.998127759 0.009222436 0.060464639 -0.500607252 -0.009638869 0.999931753 0.006599154 -0.535800755 -0.060399652 -0.007169609 0.998148501 56.769237518
0.997088373 0.011290774 0.075414263 -0.432008892 -0.011856281 0.999904811 0.007055177 -0.547313809 -0.075327426 -0.007928768 0.997127354 57.915222168
0.995704591 0.013393135 0.091613173 -0.338840991 -0.014229543 0.999862790 0.008482666 -0.558435142 -0.091486990 -0.009749843 0.995758533 59.054397583
0.993903518 0.013485071 0.109425798 -0.225660726 -0.014601520 0.999849141 0.009407883 -0.570342541 -0.109282427 -0.010948311 0.993950427 60.184120178
0.991601110 0.013173342 0.128661290 -0.088385291 -0.014343710 0.999863684 0.008174111 -0.575262010 -0.128536075 -0.009950938 0.991654932 61.307010651
0.988768518 0.012778753 0.148907930 0.063062675 -0.014021354 0.999875069 0.007297907 -0.583237827 -0.148796067 -0.009303831 0.988824129 62.400318146
0.985428751 0.010035550 0.169792265 0.240370587 -0.011391649 0.999910533 0.007014493 -0.589822412 -0.169706672 -0.008846497 0.985454917 63.486347198
0.981427550 0.004906015 0.191770464 0.450204313 -0.006783470 0.999935269 0.009134812 -0.600395560 -0.191713229 -0.010266026 0.981397271 64.562339783
0.976607323 -0.000361314 0.215030119 0.676710963 -0.001974273 0.999941349 0.010646795 -0.610973299 -0.215021357 -0.010822266 0.976549387 65.610443115
0.971104026 -0.005428161 0.238594934 0.934894085 0.003093814 0.999943614 0.010157129 -0.620156765 -0.238636613 -0.009125460 0.971066058 66.638038635
0.964601696 -0.011431579 0.263463348 1.217746019 0.009642186 0.999920845 0.008083878 -0.625412881 -0.263534904 -0.005257360 0.964635551 67.642913818
0.957045019 -0.014872926 0.289557725 1.522978783 0.012888691 0.999878585 0.008758401 -0.630523205 -0.289652824 -0.004650164 0.957120478 68.628456116
0.948384225 -0.017447572 0.316643268 1.843192220 0.014693265 0.999830604 0.011084258 -0.639028847 -0.316783011 -0.005859612 0.948479950 69.594604492
0.938588202 -0.021683905 0.344357312 2.195572376 0.018016862 0.999741793 0.013845772 -0.642776489 -0.344568640 -0.006791241 0.938736558 70.550552368
0.927631557 -0.024842922 0.372669488 2.572113276 0.021347132 0.999680936 0.013504516 -0.648811698 -0.372886062 -0.004571791 0.927865863 71.472465515
0.915482521 -0.024203146 0.401629150 2.969182014 0.022205682 0.999707043 0.009628640 -0.652297616 -0.401744545 0.000103596 0.915751815 72.377784729
0.902387559 -0.025121139 0.430192530 3.396249056 0.025874518 0.999656796 0.004099734 -0.655834556 -0.430147856 0.007431474 0.902727842 73.258300781
0.888108552 -0.026893223 0.458846360 3.853366852 0.029350558 0.999567628 0.001776439 -0.664000273 -0.458695740 0.011889725 0.888513863 74.123527527
0.872362912 -0.027347276 0.488093317 4.332161903 0.028591359 0.999579132 0.004904235 -0.669331193 -0.488022000 0.009676977 0.872777700 74.977798462
0.854559898 -0.026359521 0.518683434 4.835886478 0.024459442 0.999645650 0.010503749 -0.676572382 -0.518776536 0.003710623 0.854901850 75.814636230
0.835035324 -0.026709225 0.549547613 5.363275528 0.022619832 0.999643087 0.014214113 -0.684247553 -0.549731135 0.000561388 0.835341454 76.617652893
0.813960850 -0.020581309 0.580555022 5.916636467 0.018650921 0.999782860 0.009294070 -0.688092113 -0.580620229 0.003262877 0.814167976 77.400161743
0.791766226 -0.013163914 0.610682368 6.489143372 0.015241116 0.999882221 0.001793015 -0.688532352 -0.610634029 0.007887832 0.791873634 78.158531189
0.769333124 -0.010951195 0.638754010 7.094716072 0.014514653 0.999894619 -0.000339040 -0.692059159 -0.638682961 0.009532127 0.769410968 78.885223389
0.745948195 -0.013249150 0.665872157 7.727042675 0.015320837 0.999878883 0.002731746 -0.703859806 -0.665827692 0.008163978 0.746060848 79.598197937
0.721428990 -0.013491099 0.692357004 8.372865677 0.015551225 0.999873698 0.003279074 -0.715952635 -0.692313790 0.008401381 0.721547663 80.270751953
0.695947409 -0.011396839 0.718002319 9.039141655 0.016167086 0.999869287 0.000200429 -0.724012911 -0.717910767 0.011468517 0.696040630 80.912666321
0.669722319 -0.008939877 0.742557764 9.727718353 0.016047033 0.999868274 -0.002435308 -0.730833769 -0.742438197 0.013546830 0.669777572 81.531021118
0.642702579 -0.006723182 0.766086280 10.432072639 0.014471091 0.999889612 -0.003365374 -0.742933035 -0.765979111 0.013249040 0.642728925 82.125808716
0.614715457 -0.005284209 0.788731277 11.167181969 0.014508935 0.999884129 -0.004609009 -0.757148981 -0.788615525 0.014276880 0.614720821 82.696762085
0.585943401 0.001208986 0.810351074 11.910559654 0.012724050 0.999861896 -0.010692147 -0.779603601 -0.810252070 0.016575940 0.585847080 83.238647461
0.556054354 0.010629498 0.831078053 12.679889679 0.011522929 0.999723554 -0.020496197 -0.798247039 -0.831066132 0.020973453 0.555778146 83.752227783
0.525193334 0.019049410 0.850769699 13.472797394 0.010338341 0.999532819 -0.028762352 -0.821522713 -0.850920141 0.023901341 0.524751008 84.242866516
0.493389845 0.023948863 0.869478524 14.284233093 0.008071034 0.999451816 -0.032108787 -0.850088000 -0.869770885 0.022859741 0.492926061 84.709320068
0.460905850 0.023716580 0.887132108 15.133020401 0.006334700 0.999529421 -0.030012580 -0.878357053 -0.887426436 0.019452691 0.460538745 85.157829285
0.427600503 0.022435321 0.903689325 16.001556396 0.001371282 0.999674737 -0.025467139 -0.912777066 -0.903966725 0.012128974 0.427430630 85.572555542
0.393275440 0.023482328 0.919120789 16.878307343 -0.002377140 0.999696434 -0.024523795 -0.949729621 -0.919417679 0.007459728 0.393211842 85.965759277
0.358290493 0.026724061 0.933227599 17.772331238 -0.009509218 0.999642849 -0.024975101 -0.976460338 -0.933561742 0.000074076 0.358416617 86.315902710
0.322114229 0.028654175 0.946267188 18.703720093 -0.014379804 0.999574602 -0.025373435 -1.009822249 -0.946591675 -0.005433989 0.322389245 86.663116455
0.285640538 0.027735166 0.957935393 19.621292114 -0.017175540 0.999568760 -0.023819119 -1.044766903 -0.958182871 -0.009649356 0.285993695 86.949401855
0.249255419 0.027597131 0.968044519 20.588737488 -0.017416384 0.999559999 -0.024011148 -1.069037795 -0.968281209 -0.010874925 0.249626398 87.212203979
0.213271558 0.026905781 0.976622522 21.543045044 -0.016760526 0.999574363 -0.023877993 -1.102392316 -0.976849318 -0.011276204 0.213631749 87.418571472
0.178597808 0.025829349 0.983583212 22.531387329 -0.014209303 0.999618828 -0.023670346 -1.128006816 -0.983819664 -0.009748555 0.178896725 87.584831238
0.143957555 0.024730921 0.989274740 23.507194519 -0.005757031 0.999691665 -0.024153581 -1.162077188 -0.989567101 -0.002218195 0.144055545 87.714599609
0.110753477 0.028424978 0.993441403 24.492626190 -0.003401627 0.999595881 -0.028221846 -1.192791224 -0.993842185 -0.000253647 0.110805452 87.811271667
0.077531219 0.033237960 0.996435761 25.515933990 -0.002468397 0.999447465 -0.033146359 -1.230497360 -0.996986866 0.000110280 0.077570438 87.914718628
0.048293114 0.037281416 0.998137295 26.498264313 0.004207640 0.999286711 -0.037527934 -1.266159296 -0.998824418 0.006012148 0.048101842 87.954551697
0.023451865 0.035373352 0.999098957 27.535881042 0.005950960 0.999351203 -0.035521969 -1.308258295 -0.999707282 0.006778654 0.023226142 87.967330933
0.001055241 0.032564227 0.999469101 28.542922974 0.007691197 0.999439836 -0.032571394 -1.346347570 -0.999969900 0.007721484 0.000804186 87.966964722
-0.017499685 0.030131914 0.999392748 29.588443756 0.007640656 0.999520659 -0.030001981 -1.388129354 -0.999817729 0.007110990 -0.017721534 87.942741394
-0.034091711 0.033113964 0.998870015 30.595989227 0.009833830 0.999413669 -0.032796357 -1.430118680 -0.999370396 0.008704633 -0.034397364 87.907432556
-0.048567295 0.037697416 0.998108327 31.606159210 0.012691471 0.999230146 -0.037122231 -1.467260361 -0.998739302 0.010864538 -0.049008369 87.853973389
-0.060412884 0.042827852 0.997254372 32.613613129 0.017138273 0.998976350 -0.041863587 -1.512143970 -0.998026490 0.014562120 -0.061085105 87.786422729
-0.069309115 0.046544559 0.996508896 33.621364594 0.022173233 0.998736084 -0.045106400 -1.559258699 -0.997348845 0.018969540 -0.070253611 87.710601807
-0.074872017 0.051658858 0.995854139 34.648498535 0.026377363 0.998410404 -0.049808312 -1.617149591 -0.996844232 0.022538757 -0.076115608 87.621902466
-0.078385115 0.056367762 0.995328307 35.666130066 0.028363375 0.998122156 -0.054292288 -1.675033092 -0.996519625 0.023975167 -0.079836726 87.538223267
-0.080966711 0.060381442 0.994886220 36.692913055 0.030545197 0.997844815 -0.058075156 -1.737828732 -0.996248722 0.025686849 -0.082636476 87.445137024
-0.083490729 0.063395672 0.994489968 37.724693298 0.030792709 0.997661889 -0.061012719 -1.805646658 -0.996032715 0.025529047 -0.085247636 87.352996826
-0.085903287 0.066895463 0.994055092 38.758918762 0.031968933 0.997414589 -0.064358883 -1.874832153 -0.995790422 0.026250243 -0.087819695 87.262161255
-0.087826371 0.070981629 0.993603647 39.789657593 0.033190131 0.997112691 -0.068298578 -1.942978144 -0.995582700 0.026979422 -0.089928627 87.166099548
-0.089991212 0.072260886 0.993317783 40.827484131 0.035663951 0.996958554 -0.069294728 -2.020286798 -0.995303929 0.029189730 -0.092294574 87.068252563
-0.092039943 0.070968129 0.993223190 41.869976044 0.035682943 0.997051418 -0.067935012 -2.098900318 -0.995115817 0.029188398 -0.094300866 86.969055176
-0.094252706 0.070585549 0.993042827 42.914428711 0.035409898 0.997089863 -0.067512356 -2.178625584 -0.994918346 0.028800325 -0.096477866 86.869422913
-0.096413374 0.071927436 0.992739081 43.956523895 0.035352629 0.997003675 -0.068803020 -2.255404234 -0.994713366 0.028462410 -0.098667264 86.764724731
-0.098956227 0.074182615 0.992322922 45.003036499 0.034229260 0.996881008 -0.071109965 -2.331569195 -0.994502962 0.026929708 -0.101186872 86.664123535
-0.101758122 0.076201782 0.991886497 46.048069000 0.032561406 0.996782839 -0.073237464 -2.416189432 -0.994276285 0.024844715 -0.103911996 86.563293457
-0.104001164 0.079895526 0.991362870 47.112819672 0.030411800 0.996557593 -0.077123754 -2.497409821 -0.994112074 0.022128172 -0.106072903 86.450500488
-0.106190205 0.084078081 0.990784943 48.167068481 0.026853682 0.996297777 -0.081667788 -2.585621834 -0.993983328 0.017933913 -0.108054876 86.342773438
-0.108904123 0.086578950 0.990274727 49.232723236 0.024564363 0.996129990 -0.084389441 -2.675912619 -0.993748724 0.015135109 -0.110609412 86.227554321
-0.111823082 0.084800169 0.990103424 50.306285858 0.022636974 0.996311128 -0.082775213 -2.770236969 -0.993470371 0.013156774 -0.113330245 86.108184814
-0.114228249 0.080522418 0.990185857 51.373573303 0.020226162 0.996691704 -0.078718171 -2.865726709 -0.993248641 0.011035819 -0.115478992 85.979934692
-0.116540551 0.078680418 0.990064561 52.436851501 0.020300964 0.996837556 -0.076829046 -2.957037210 -0.992978513 0.011145561 -0.117769361 85.857345581
-0.118490219 0.079497464 0.989767909 53.516796112 0.019612553 0.996782839 -0.077712990 -3.040777445 -0.992761672 0.010203651 -0.119668126 85.731010437
-0.119654655 0.082315698 0.989397287 54.593914032 0.021538578 0.996537626 -0.080304958 -3.132321119 -0.992581964 0.011701358 -0.121013284 85.594657898
-0.120670915 0.084971599 0.989049196 55.671169281 0.021110248 0.996324182 -0.083021015 -3.224554062 -0.992468059 0.010860850 -0.122021198 85.474029541
-0.121083140 0.085802495 0.988927066 56.762428284 0.019874422 0.996267021 -0.084005930 -3.318616390 -0.992443383 0.009482655 -0.122336388 85.346817017
-0.121090889 0.084781580 0.989014208 57.853782654 0.016915195 0.996377468 -0.083341755 -3.411660910 -0.992497265 0.006637437 -0.122086287 85.219772339
-0.121106625 0.084106512 0.989069939 58.959903717 0.012870680 0.996453226 -0.083158404 -3.510423660 -0.992556095 0.002658973 -0.121759534 85.088615417
-0.121232748 0.085300073 0.988952339 60.058574677 0.009105401 0.996354461 -0.084822334 -3.606942415 -0.992582500 -0.001278430 -0.121567488 84.958831787
-0.121345758 0.085195936 0.988947332 61.157867432 0.005487677 0.996352136 -0.085160494 -3.709131718 -0.992595136 -0.004906838 -0.121370673 84.830032349
-0.121735215 0.084790379 0.988934398 62.267566681 0.002155797 0.996364772 -0.085162081 -3.806429625 -0.992560327 -0.008235274 -0.121475458 84.699066162
-0.121637344 0.079570763 0.989380121 63.389560699 0.002953388 0.996806145 -0.079804905 -3.909202337 -0.992570341 -0.006785223 -0.121483803 84.560874939
-0.121738553 0.071457915 0.989986777 64.524024963 0.006381872 0.997440875 -0.071211189 -3.996391296 -0.992541850 -0.002351168 -0.121883035 84.414840698
-0.121630669 0.065339476 0.990422547 65.661544800 0.011969820 0.997854948 -0.064359829 -4.093404770 -0.992503285 0.004027050 -0.122151852 84.272148132
-0.120234370 0.067806967 0.990427256 66.792221069 0.020168673 0.997625589 -0.065851383 -4.168525696 -0.992540717 0.012058004 -0.121316552 84.114212036
-0.119066238 0.073162965 0.990187168 67.917114258 0.025701301 0.997174323 -0.070588760 -4.252126217 -0.992553711 0.017044369 -0.120610118 83.967292786
-0.118212938 0.079340413 0.989813507 69.055183411 0.029208571 0.996649325 -0.076399989 -4.335099220 -0.992558599 0.019879572 -0.120134234 83.827621460
-0.117401481 0.083586015 0.989560723 70.182632446 0.029840998 0.996298552 -0.080614813 -4.427588463 -0.992636144 0.020065187 -0.119461179 83.690299988
-0.117803216 0.080877438 0.989737988 71.322647095 0.026957659 0.996571004 -0.078227185 -4.521619797 -0.992671013 0.017465610 -0.119579554 83.563934326
-0.116819620 0.076528274 0.990200281 72.486526489 0.026712842 0.996908188 -0.073895231 -4.617861748 -0.992793798 0.017818658 -0.118502617 83.417434692
-0.117039204 0.074617513 0.990320206 73.652542114 0.024202172 0.997091591 -0.072267435 -4.705583096 -0.992832422 0.015509782 -0.118504643 83.281112671
-0.116210699 0.075211525 0.990372837 74.818305969 0.022611255 0.997070670 -0.073066965 -4.797182083 -0.992967188 0.013902410 -0.117570996 83.140975952
-0.116529942 0.080216564 0.989942610 75.957115173 0.023049667 0.996683002 -0.078049496 -4.889029980 -0.992919862 0.013722757 -0.117992282 83.019676208
-0.115826726 0.083080918 0.989788711 77.127235413 0.022331044 0.996461630 -0.081027813 -4.982784271 -0.993018329 0.012717821 -0.117272258 82.878852844
-0.115462542 0.082088456 0.989914060 78.299263000 0.022216287 0.996543467 -0.080046915 -5.075234890 -0.993063331 0.012749794 -0.116887212 82.741889954
-0.114894271 0.075257003 0.990523100 79.480735779 0.023849698 0.997047722 -0.072986327 -5.173616409 -0.993091583 0.015237971 -0.116349936 82.601875305
-0.115105987 0.073589869 0.990623653 80.659767151 0.022902310 0.997183621 -0.071416043 -5.269454002 -0.993089199 0.014467152 -0.116467237 82.464851379
-0.114702344 0.076701500 0.990434408 81.841796875 0.020586159 0.996984184 -0.074824646 -5.360276222 -0.993186593 0.011806678 -0.115935445 82.329589844
-0.114768982 0.079980478 0.990167379 83.029884338 0.019907044 0.996738613 -0.078203872 -5.449348450 -0.993192852 0.010735932 -0.115986824 82.194847107
-0.114574909 0.079481982 0.990229845 84.237579346 0.018619863 0.996790886 -0.077854194 -5.546617508 -0.993240058 0.009517803 -0.115687132 82.062500000
-0.114867091 0.075911790 0.990476131 85.433410645 0.018465932 0.997066796 -0.074275382 -5.646637440 -0.993209243 0.009758257 -0.115931988 81.931304932
-0.113054276 0.075221740 0.990737259 86.655326843 0.019142710 0.997109890 -0.073521182 -5.736409187 -0.993404329 0.010653511 -0.114167452 81.775962830
-0.111772060 0.075688981 0.990847230 87.864974976 0.020529147 0.997058213 -0.073847644 -5.830811501 -0.993521810 0.012087151 -0.112997055 81.630180359
-0.110716820 0.075679056 0.990966618 89.075187683 0.022835331 0.997027040 -0.073590599 -5.929611683 -0.993589759 0.014481347 -0.112115741 81.493881226
-0.109748244 0.074657276 0.991151690 90.289726257 0.022838823 0.997101307 -0.072576530 -6.027554512 -0.993697047 0.014671593 -0.111135125 81.356201172
-0.108239889 0.075740911 0.991235316 91.513328552 0.023827553 0.997004628 -0.073579855 -6.119744778 -0.993839264 0.015654445 -0.109720349 81.214157104
-0.106547356 0.074026741 0.991548121 92.736984253 0.024187000 0.997122586 -0.071843892 -6.214047432 -0.994013429 0.016327802 -0.108031273 81.074897766
-0.106268406 0.073129937 0.991644621 93.967536926 0.022024347 0.997220218 -0.071180910 -6.305242062 -0.994093537 0.014276048 -0.107583642 80.957099915
-0.104724884 0.073052756 0.991814554 95.197624207 0.023131935 0.997207522 -0.071007505 -6.391110420 -0.994232237 0.015506336 -0.106122375 80.823791504
-0.102882624 0.073408522 0.991981089 96.430839539 0.020380892 0.997219265 -0.071682371 -6.486704350 -0.994484723 0.012842593 -0.104092717 80.694786072
-0.101149082 0.076207809 0.991948366 97.673751831 0.020954126 0.997003853 -0.074459523 -6.581500053 -0.994650781 0.013253914 -0.102442861 80.568267822
-0.100532055 0.074831493 0.992115855 98.916641235 0.017803669 0.997143149 -0.073406637 -6.679427147 -0.994774699 0.010283594 -0.101577163 80.453582764
-0.100164175 0.073344283 0.992263973 100.174026489 0.014436788 0.997281492 -0.072257839 -6.779703140 -0.994866192 0.007087456 -0.100950718 80.333168030
-0.099935532 0.074384704 0.992209613 101.429206848 0.011696770 0.997220576 -0.073582269 -6.875558853 -0.994925201 0.004252169 -0.100527763 80.208679199
-0.100401163 0.073986091 0.992192328 102.690490723 0.009214663 0.997257710 -0.073431358 -6.970344067 -0.994904399 0.001770126 -0.100807667 80.087127686
-0.101512671 0.071300514 0.992275953 103.959747314 0.006341463 0.997454464 -0.071023874 -7.070049763 -0.994814098 -0.000917337 -0.101706386 79.967010498
-0.103042006 0.069825105 0.992223203 105.241416931 0.004309698 0.997555017 -0.069752760 -7.170793533 -0.994667709 -0.002911279 -0.103091002 79.846252441
-0.104497552 0.068992585 0.992129147 106.517425537 0.002400043 0.997605443 -0.069120608 -7.266479015 -0.994522274 -0.004841779 -0.104412913 79.718582153
-0.105895877 0.069512218 0.991944671 107.788772583 0.002373374 0.997568488 -0.069652945 -7.362409115 -0.994374454 -0.005021698 -0.105803370 79.581855774
-0.108476996 0.067706540 0.991790652 109.060951233 0.001783937 0.997689605 -0.067914128 -7.461249352 -0.994097412 -0.005597829 -0.108347178 79.446723938
-0.111099124 0.063021474 0.991809070 110.349906921 -0.000611035 0.997982800 -0.063482210 -7.555964470 -0.993809164 -0.007658853 -0.110836506 79.309471130
-0.115543962 0.063125141 0.991294503 111.622200012 -0.001074173 0.997970104 -0.063675448 -7.648199081 -0.993301809 -0.008422140 -0.115241647 79.170730591
-0.120894790 0.069062717 0.990260065 112.879516602 -0.005742101 0.997511506 -0.070269473 -7.739218235 -0.992648840 -0.014181376 -0.120197296 79.029609680
-0.128128767 0.071952932 0.989144027 114.135093689 -0.004810363 0.997307897 -0.073169902 -7.839045048 -0.991745949 -0.014133309 -0.127437711 78.876556396
-0.136983991 0.068138555 0.988226950 115.399581909 -0.002938560 0.997599006 -0.069192089 -7.936588287 -0.990568876 -0.012382171 -0.136454821 78.698249817
-0.148124337 0.065563820 0.986793280 116.638313293 -0.001284211 0.997786462 -0.066486999 -8.041452408 -0.988968134 -0.011115574 -0.147712231 78.522994995
-0.160894513 0.066893317 0.984702110 117.880027771 -0.000936298 0.997689724 -0.067928582 -8.131698608 -0.986971200 -0.011851303 -0.160460114 78.325294495
-0.174806595 0.067428112 0.982291400 119.108901978 0.001208732 0.997666240 -0.068268403 -8.221993446 -0.984602153 -0.010746428 -0.174480081 78.109146118
-0.189439058 0.064920664 0.979744017 120.342086792 0.001747779 0.997832537 -0.065781325 -8.321552277 -0.981891036 -0.010749176 -0.189141989 77.880294800
-0.204702139 0.067373231 0.976503074 121.557746887 0.006408769 0.997699201 -0.067492194 -8.418848991 -0.978803515 -0.007557599 -0.204662919 77.625305176
-0.219768882 0.070512690 0.973000348 122.760276794 0.006868822 0.997471511 -0.070734665 -8.514736176 -0.975527823 -0.008861910 -0.219697595 77.359863281
-0.234942436 0.074792206 0.969127536 123.957748413 0.007142961 0.997141182 -0.075222507 -8.606291771 -0.971983075 -0.010750516 -0.234804988 77.076248169
-0.251016498 0.072744213 0.965245605 125.165596008 0.003389815 0.997232139 -0.074273288 -8.705629349 -0.967976868 -0.015371812 -0.250568271 76.777664185
-0.266946435 0.067055337 0.961375713 126.357719421 -0.001992092 0.997535825 -0.070130631 -8.804636955 -0.963709354 -0.020636268 -0.266155005 76.458267212
-0.282771230 0.063012689 0.957115412 127.556343079 -0.005777184 0.997709870 -0.067392081 -8.902865410 -0.959170043 -0.024585968 -0.281759620 76.125991821
-0.298056364 0.064590044 0.952360511 128.736633301 -0.007623788 0.997515142 -0.070038468 -8.989970207 -0.954517841 -0.028136002 -0.296823263 75.776046753
-0.312381625 0.066663601 0.947614670 129.902740479 -0.007682488 0.997324765 -0.072693184 -9.083446503 -0.949925542 -0.029988060 -0.311033845 75.403732300
-0.326272607 0.068899773 0.942761362 131.060607910 -0.005645724 0.997180283 -0.074830748 -9.184049606 -0.945258856 -0.029737798 -0.324963689 75.008682251
-0.340323210 0.068850569 0.937784612 132.217086792 -0.003464662 0.997217119 -0.074471340 -9.283533096 -0.940302253 -0.028593421 -0.339137554 74.596099854
-0.354259372 0.066651799 0.932768941 133.353439331 -0.003918358 0.997342229 -0.072754107 -9.386186600 -0.935139000 -0.029428747 -0.353056669 74.170349121
-0.368849158 0.065211654 0.927198946 134.483367920 -0.004057913 0.997413397 -0.071764253 -9.488743782 -0.929480433 -0.030232674 -0.367630482 73.731582642
-0.383416176 0.066704661 0.921163857 135.599136353 -0.005208469 0.997216403 -0.074379824 -9.584599495 -0.923561156 -0.033316270 -0.382001519 73.271286011
-0.398614526 0.068527937 0.914554954 136.712768555 -0.004503495 0.997046232 -0.076671921 -9.689230919 -0.917107701 -0.034681223 -0.397128463 72.806076050
-0.412905216 0.070756763 0.908021450 137.810882568 -0.003013158 0.996866107 -0.079050086 -9.783575058 -0.910769105 -0.035376202 -0.411398053 72.306961060
-0.427759051 0.073064797 0.900935173 138.918746948 -0.000203624 0.996719778 -0.080929510 -9.892844200 -0.903892994 -0.034801766 -0.426341057 71.801132202
-0.442193389 0.076425105 0.893657982 140.005950928 -0.000380941 0.996347070 -0.085395522 -9.998205185 -0.896919847 -0.038101748 -0.440548897 71.261596680
-0.457137585 0.078822143 0.885896564 141.092391968 0.000925063 0.996106744 -0.088150695 -10.105198860 -0.889395773 -0.039477464 -0.455430746 70.705459595
-0.472267270 0.076258443 0.878150463 142.178253174 -0.000342017 0.996234715 -0.086696789 -10.213730812 -0.881455302 -0.041244399 -0.470462918 70.128799438
-0.488280058 0.071834117 0.869725704 143.262069702 -0.003041585 0.996460319 -0.084009245 -10.326419830 -0.872681916 -0.043665368 -0.486333251 69.536148071
-0.504307032 0.071934365 0.860523045 144.331146240 -0.003202217 0.996361613 -0.085166276 -10.436984062 -0.863518536 -0.045705527 -0.502241731 68.921600342
-0.520386338 0.071467884 0.850934982 145.397552490 -0.004099012 0.996271074 -0.086181022 -10.543521881 -0.853921056 -0.048335422 -0.518152952 68.286605835
-0.536232948 0.070395447 0.841129601 146.454742432 -0.004668546 0.996253550 -0.086354285 -10.652883530 -0.844057322 -0.050232854 -0.533895373 67.629226685
-0.551961660 0.069808856 0.830942273 147.500366211 -0.005809112 0.996143520 -0.087546445 -10.767193794 -0.833849311 -0.053149320 -0.549427509 66.954391479
-0.567180634 0.069323592 0.820670664 148.549835205 -0.006005907 0.996076584 -0.088291258 -10.881509781 -0.823571503 -0.055005968 -0.564538956 66.240570068
-0.582580924 0.066630743 0.810037136 149.582565308 -0.006156939 0.996243656 -0.086375520 -10.995910645 -0.812749565 -0.055308063 -0.579982281 65.512832642
-0.597343802 0.063188627 0.799492180 150.608474731 -0.006070740 0.996506393 -0.083295614 -11.110810280 -0.801962376 -0.054609623 -0.594873309 64.760467529
-0.612384439 0.061589189 0.788157463 151.616699219 -0.005112650 0.996631324 -0.081852458 -11.220746994 -0.790543616 -0.054154746 -0.610006690 63.994262695
-0.627208591 0.059770215 0.776554585 152.620407104 -0.005922142 0.996656239 -0.081494309 -11.330891609 -0.778828859 -0.055712797 -0.624757409 63.198867798
-0.642223597 0.060903467 0.764094055 153.607025146 -0.007050339 0.996326983 -0.085339837 -11.440736771 -0.766484976 -0.060194377 -0.639435291 62.389877319
-0.657440424 0.060354993 0.751085460 154.572586060 -0.009109703 0.996077418 -0.088015728 -11.552420616 -0.753451467 -0.064707257 -0.654311776 61.562767029
-0.673475504 0.056706846 0.737031400 155.535339355 -0.011196866 0.996156275 -0.086875133 -11.671471596 -0.739124835 -0.066760711 -0.670251966 60.715202332
-0.689778328 0.049413059 0.722332478 156.489715576 -0.014488277 0.996526599 -0.082005352 -11.782983780 -0.723875642 -0.067030862 -0.686666608 59.839111328
-0.706692696 0.047067504 0.705953300 157.412597656 -0.015192512 0.996545255 -0.081650347 -11.895277977 -0.707357466 -0.068426907 -0.703536153 58.944221497
-0.724195480 0.044437118 0.688161552 158.319137573 -0.016844779 0.996483922 -0.082073443 -12.005442619 -0.689388990 -0.071029149 -0.720900655 58.022285461
-0.741835833 0.040418599 0.669362307 159.209930420 -0.019920392 0.996413112 -0.082244374 -12.119625092 -0.670285583 -0.074345790 -0.738369823 57.079315186
-0.758341670 0.038710736 0.650706828 160.067138672 -0.019324051 0.996461391 -0.081800252 -12.230262756 -0.651570797 -0.074606836 -0.754910111 56.105453491
-0.774305582 0.040518377 0.631513655 160.902725220 -0.017250212 0.996225715 -0.085069232 -12.349843979 -0.632577002 -0.076763310 -0.770684123 55.107475281
-0.789423227 0.039966200 0.612546742 161.708053589 -0.013742577 0.996477485 -0.082726955 -12.467355728 -0.613695323 -0.073724553 -0.786093235 54.091468811
-0.804001331 0.041525070 0.593175709 162.490264893 -0.009292568 0.996559381 -0.082359120 -12.586629868 -0.594554782 -0.071728975 -0.800849199 53.045379639
-0.818488955 0.042109765 0.572977245 163.260253906 -0.008243972 0.996346772 -0.085000820 -12.704626083 -0.574463367 -0.074295826 -0.815151691 51.983123779
-0.832239747 0.043724790 0.552689016 163.992294312 -0.006962185 0.995982349 -0.089278646 -12.823578835 -0.554372191 -0.078149162 -0.828591704 50.909965515
-0.845187664 0.044154167 0.532642722 164.697616577 -0.004229526 0.995997965 -0.089275979 -12.944593430 -0.534452975 -0.077707775 -0.841618419 49.817993164
-0.857002497 0.042258453 0.513576448 165.381042480 -0.002881125 0.996223390 -0.086779654 -13.067213058 -0.515304029 -0.075850070 -0.853644133 48.710769653
-0.867545724 0.043742567 0.495429933 166.032531738 -0.000340254 0.996072471 -0.088541187 -13.185174942 -0.497357130 -0.076982103 -0.864123583 47.599678040
-0.877014399 0.046608735 0.478197902 166.662643433 0.002610894 0.995731235 -0.092263013 -13.310150146 -0.480456859 -0.079667479 -0.873392344 46.457237244
-0.885954499 0.044523269 0.461630166 167.271423340 0.001252650 0.995607197 -0.093620181 -13.438652039 -0.463770568 -0.082364962 -0.882118464 45.305412292
-0.894214630 0.041707285 0.445691735 167.861785889 0.000111048 0.995670676 -0.092950843 -13.567110062 -0.447638929 -0.083068497 -0.890347838 44.158599854
-0.901645422 0.039633125 0.430656224 168.440353394 -0.000766025 0.995644093 -0.093232527 -13.696433067 -0.432475388 -0.084392577 -0.897687554 42.998222351
-0.908024430 0.037865467 0.417202711 168.986831665 -0.000909772 0.995725930 -0.092352532 -13.829339981 -0.418916553 -0.084237896 -0.904109001 41.814563751
-0.914292336 0.035238668 0.403519303 169.523376465 -0.002154185 0.995771468 -0.091840006 -13.954284668 -0.405049324 -0.084837861 -0.910350323 40.641288757
-0.919957161 0.030472115 0.390832931 170.045684814 -0.004415599 0.996105671 -0.088057078 -14.082462311 -0.391994178 -0.082734503 -0.916239977 39.439380646
-0.925140738 0.027287876 0.378642291 170.556503296 -0.005366867 0.996373355 -0.084919252 -14.202747345 -0.379586369 -0.080594383 -0.921639085 38.236827850
-0.929447293 0.027402747 0.367935956 171.055541992 -0.002938973 0.996656537 -0.081652112 -14.321300507 -0.368943274 -0.076972686 -0.926259279 37.022220612
-0.932579875 0.031613097 0.359576941 171.524932861 0.001648691 0.996520162 -0.083335586 -14.438280106 -0.360960156 -0.077124245 -0.929386854 35.810558319
-0.934973001 0.036701605 0.352815509 171.992736816 0.007053915 0.996360004 -0.084953167 -14.554089546 -0.354649156 -0.076940171 -0.931828618 34.598293304
-0.936994553 0.039757974 0.347073823 172.458236694 0.009960541 0.996139348 -0.087219223 -14.676607132 -0.349201560 -0.078266904 -0.933773160 33.366424561
-0.938677311 0.037199032 0.342784673 172.906738281 0.008057401 0.996258259 -0.086049773 -14.796762466 -0.344703048 -0.078011014 -0.935464859 32.160926819
-0.940687418 0.029833905 0.337961286 173.364669800 0.001990970 0.996594548 -0.082433797 -14.913633347 -0.339269698 -0.076871537 -0.937543273 30.932819366
-0.942616940 0.023308724 0.333061576 173.821090698 -0.003787668 0.996749401 -0.080475435 -15.031038284 -0.333854705 -0.077119038 -0.939464569 29.713787079
-0.944224715 0.017382475 0.328843206 174.259826660 -0.010289050 0.996560991 -0.082221165 -15.139987946 -0.329141527 -0.081018731 -0.940798640 28.482379913
-0.945607781 0.014509690 0.324985504 174.704803467 -0.013749601 0.996329427 -0.084490418 -15.260406494 -0.325018555 -0.084363207 -0.941937447 27.264503479
-0.946267247 0.014774012 0.323048621 175.129974365 -0.014123058 0.996114790 -0.086924374 -15.380079269 -0.323077738 -0.086816102 -0.942382097 26.030025482
-0.946492791 0.015531847 0.322351158 175.553619385 -0.013911632 0.995949149 -0.088835388 -15.503297806 -0.322425127 -0.088566482 -0.942442656 24.795097351
-0.946486592 0.018538842 0.322210580 175.979431152 -0.011250726 0.995846868 -0.090346225 -15.631860733 -0.322547317 -0.089136578 -0.942347050 23.573768616
-0.945941329 0.019143663 0.323772699 176.400283813 -0.011333267 0.995696008 -0.091983892 -15.757072449 -0.324140102 -0.090680756 -0.941653013 22.349639893
-0.945546746 0.020212028 0.324858427 176.829681396 -0.010775588 0.995579064 -0.093306787 -15.890569687 -0.325308174 -0.091726460 -0.941148758 21.119132996
-0.944732189 0.022050481 0.327100605 177.260803223 -0.008995161 0.995616496 -0.093096249 -16.022325516 -0.327719569 -0.090893351 -0.940392613 19.890350342
-0.943998575 0.021354284 0.329258263 177.698684692 -0.010022186 0.995587289 -0.093303598 -16.153423309 -0.329797775 -0.091378339 -0.939618945 18.680473328
-0.942667842 0.020170245 0.333122432 178.136047363 -0.011589961 0.995591223 -0.093079291 -16.285568237 -0.333531201 -0.091603734 -0.938278079 17.461799622
-0.940857291 0.018761504 0.338283271 178.570083618 -0.012795448 0.995785594 -0.090814799 -16.415962219 -0.338561416 -0.089772254 -0.936652184 16.242691040
-0.938745499 0.016943587 0.344194442 179.026687622 -0.014022733 0.996085167 -0.087279253 -16.548166275 -0.344325811 -0.086759545 -0.934832811 15.021720886
-0.936355710 0.014373391 0.350758433 179.495773315 -0.016362911 0.996288538 -0.084507018 -16.671329498 -0.350671262 -0.084868059 -0.932645202 13.817024231
-0.933502913 0.016638571 0.358184248 179.955352783 -0.014554660 0.996341288 -0.084215075 -16.792819977 -0.358274996 -0.083828241 -0.929845333 12.611076355
-0.930199027 0.016936947 0.366664559 180.432327271 -0.015224520 0.996294916 -0.084644198 -16.909648895 -0.366739661 -0.084318250 -0.926494718 11.414611816
-0.926409721 0.020169219 0.375976264 180.921646118 -0.013554927 0.996130347 -0.086836837 -17.030656815 -0.376272768 -0.085542820 -0.922551513 10.217201233
-0.922328115 0.021287220 0.385820597 181.425750732 -0.012963440 0.996214688 -0.085954942 -17.148107529 -0.386189878 -0.084280230 -0.918560863 9.037063599
-0.917350888 0.023362461 0.397393733 181.934768677 -0.012336884 0.996128380 -0.087040290 -17.270950317 -0.397888660 -0.084749073 -0.913511038 7.861930847
-0.911276579 0.025914093 0.410978854 182.461685181 -0.011344167 0.996059418 -0.087959878 -17.398052216 -0.411638767 -0.084817983 -0.907391548 6.677093506
-0.905094385 0.028174546 0.424276561 183.010940552 -0.010018269 0.996112406 -0.087519549 -17.525197983 -0.425092965 -0.083463959 -0.901293516 5.506820679
-0.898829222 0.027290627 0.437448829 183.583679199 -0.011183976 0.996306658 -0.085135259 -17.647987366 -0.438156575 -0.081414469 -0.895204306 4.339447021
-0.892029047 0.030369159 0.450957030 184.159378052 -0.009419778 0.996274233 -0.085725963 -17.766397476 -0.451880276 -0.080717951 -0.888419390 3.179321289
-0.885002494 0.032608289 0.464443028 184.764663696 -0.007627810 0.996395051 -0.084491245 -17.889766693 -0.465523839 -0.078317650 -0.881563425 2.021011353
-0.877525210 0.034473263 0.478289604 185.376571655 -0.005591176 0.996609211 -0.082089953 -18.008693695 -0.479497731 -0.074710213 -0.874356985 0.889312744
-0.869762897 0.036065646 0.492150515 186.002578735 -0.003664074 0.996826172 -0.079524569 -18.124267578 -0.493456602 -0.070970781 -0.866870165 -0.226257324
-0.861490846 0.038911194 0.506280422 186.640411377 -0.000585797 0.996982694 -0.077621900 -18.241596222 -0.507773221 -0.067167111 -0.858868599 -1.323532104
-0.852284193 0.042381637 0.521359622 187.294830322 0.002739175 0.997060180 -0.076573804 -18.346151352 -0.523072243 -0.063834533 -0.849894643 -2.396545410
-0.841982841 0.045170013 0.537610471 187.966171265 0.005667302 0.997174442 -0.074906684 -18.459856033 -0.539474964 -0.060023326 -0.839859724 -3.450195312
-0.830844760 0.048424933 0.554393649 188.657592773 0.008735209 0.997218966 -0.074013583 -18.566261292 -0.556435943 -0.056651045 -0.828957081 -4.500137329
-0.819471478 0.050259974 0.570911884 189.368408203 0.009957693 0.997245550 -0.073499061 -18.669805527 -0.573033392 -0.054545421 -0.817714810 -5.526458740
-0.807166338 0.052286044 0.588004291 190.099487305 0.011186301 0.997245669 -0.073320612 -18.777456284 -0.590218365 -0.052604329 -0.805528045 -6.557937622
-0.794127822 0.055267658 0.605232835 190.848953247 0.013738011 0.997234523 -0.073038146 -18.880432129 -0.607595682 -0.049686924 -0.792690992 -7.554580688
-0.779992461 0.056301251 0.623251200 191.624359131 0.014749943 0.997321963 -0.071633443 -18.975845337 -0.625615180 -0.046680618 -0.778733969 -8.550659180
-0.764722109 0.057857852 0.641757309 192.415130615 0.016861649 0.997416377 -0.069829971 -19.077537537 -0.644139528 -0.042579439 -0.763721943 -9.502914429
