1.000000000 0.000000000 -0.000000000 0.000000000 0.000000000 1.000000000 -0.000000000 0.000000000 -0.000000000 -0.000000000 1.000000000 0.000000000
0.999999572 -0.000897359 -0.000224985 0.010239569 0.000896980 0.999998188 -0.001678971 0.008512180 0.000226492 0.001678769 0.999998565 1.174442352
0.999996947 0.002471059 -0.000024356 0.013544515 -0.002471035 0.999996480 0.000965962 0.012698891 0.000026743 -0.000965898 0.999999533 2.248549492
0.999995619 0.002958435 0.000102933 0.021408630 -0.002958924 0.999982520 0.005119105 0.020198083 -0.000087787 -0.005119387 0.999986892 3.321745371
0.999994028 0.003454202 -0.000113841 0.032224875 -0.003453282 0.999967523 0.007282010 0.030495540 0.000138990 -0.007281573 0.999973479 4.501023741
0.999995149 0.003102199 -0.000280229 0.041765921 -0.003099875 0.999963636 0.007944665 0.042217960 0.000304865 -0.007943757 0.999968401 5.569557972
0.999997559 0.002133409 -0.000574867 0.051958227 -0.002129247 0.999972190 0.007147428 0.054859832 0.000590099 -0.007146186 0.999974292 6.742214534
0.999996613 0.002477075 -0.000799393 0.054745995 -0.002472213 0.999978780 0.006027269 0.069027672 0.000814306 -0.006025271 0.999981516 7.811148957
0.999995040 0.003011674 -0.000922100 0.048191539 -0.003006726 0.999981317 0.005322226 0.084630900 0.000938112 -0.005319427 0.999985412 8.886505962
0.999990865 0.004112054 -0.001166241 0.038787415 -0.004106181 0.999979097 0.004994558 0.100897941 0.001186755 -0.004989723 0.999986847 10.069047276
0.999987910 0.004756520 -0.001247412 0.043436279 -0.004749027 0.999971060 0.005943546 0.111834736 0.001275647 -0.005937550 0.999981559 11.139892917
0.999989378 0.004460130 -0.001162723 0.072409393 -0.004452216 0.999967486 0.006723442 0.114652531 0.001192672 -0.006718193 0.999976721 12.212559900
0.999980108 0.006189692 -0.001212624 0.092297980 -0.006182016 0.999961450 0.006235528 0.121521709 0.001251173 -0.006227906 0.999979824 13.379772090
0.999985679 0.005227428 -0.001147157 0.117875244 -0.005220868 0.999970414 0.005649282 0.125919516 0.001176654 -0.005643211 0.999983385 14.439461153
0.999983900 0.005532062 -0.001263460 0.136705704 -0.005523436 0.999962087 0.006731804 0.132884250 0.001300653 -0.006724717 0.999976543 15.494672956
0.999982532 0.005761248 -0.001320626 0.156829549 -0.005750349 0.999950547 0.008113950 0.140334874 0.001367308 -0.008106213 0.999966209 16.650193116
0.999983727 0.005511925 -0.001471142 0.173286839 -0.005499128 0.999948190 0.008566084 0.148935445 0.001518282 -0.008557853 0.999962228 17.694626853
0.999995306 0.002645909 -0.001545187 0.192482204 -0.002631682 0.999954784 0.009138096 0.159261452 0.001569296 -0.009133985 0.999957053 18.735883082
0.999991775 0.003681984 -0.001701036 0.211221369 -0.003667815 0.999959166 0.008259152 0.168284478 0.001731377 -0.008252844 0.999964446 19.874985560
0.999987293 0.004681777 -0.001869272 0.224467596 -0.004672184 0.999976061 0.005103823 0.176717347 0.001893123 -0.005095024 0.999985228 20.904239566
0.999992677 0.003090201 -0.002257632 0.239945578 -0.003081252 0.999987425 0.003956835 0.187676475 0.002269831 -0.003949849 0.999989623 21.929119802
0.999975474 0.006700990 -0.002036921 0.248994993 -0.006689643 0.999962343 0.005528138 0.195131706 0.002073889 -0.005514376 0.999982645 23.057258388
0.999955208 0.009300626 -0.001755281 0.260821624 -0.009287269 0.999928965 0.007470734 0.199417258 0.001824639 -0.007454097 0.999970553 24.081951755
0.999937559 0.011030129 -0.001792739 0.272700982 -0.011015529 0.999907642 0.007960278 0.208086622 0.001880376 -0.007940032 0.999966709 25.102003692
0.999912749 0.013111805 -0.001604949 0.286039869 -0.013097018 0.999874606 0.008901761 0.218717346 0.001721466 -0.008879963 0.999959091 26.223764029
0.999889410 0.014750296 -0.001896310 0.337095573 -0.014735411 0.999862250 0.007638565 0.227883394 0.002008720 -0.007609776 0.999969028 27.251655113
0.999846116 0.017331530 -0.002713560 0.345721299 -0.017316793 0.999835663 0.005364314 0.220509582 0.002806086 -0.005316497 0.999981930 28.277006869
0.999803412 0.019558065 -0.003258789 0.357240290 -0.019544512 0.999800413 0.004140825 0.210899657 0.003339125 -0.004076319 0.999986117 29.407354809
0.999732947 0.022812527 -0.003691023 0.365015260 -0.022788728 0.999720027 0.006367251 0.208155684 0.003835243 -0.006281436 0.999972917 30.438381518
0.999689003 0.024639500 -0.003846189 0.413328169 -0.024606369 0.999661617 0.008436649 0.195204703 0.004052762 -0.008339384 0.999957014 31.496613606
0.999626030 0.026926534 -0.004771008 0.413954609 -0.026885823 0.999603202 0.008401837 0.194919021 0.004995347 -0.008270422 0.999953322 32.639688248
0.999627747 0.026694029 -0.005638749 0.412447584 -0.026651381 0.999616589 0.007508569 0.195431536 0.005837022 -0.007355492 0.999955912 33.674588882
0.999622875 0.026607105 -0.006794834 0.418524795 -0.026555988 0.999619147 0.007505992 0.204672254 0.006991959 -0.007322716 0.999948744 34.815620555
0.999624766 0.026346750 -0.007495089 0.448989831 -0.026285400 0.999621094 0.008169868 0.193424095 0.007707499 -0.007969790 0.999938537 35.876976799
0.999620945 0.026314936 -0.008092575 0.470102782 -0.026247900 0.999621159 0.008281657 0.191783769 0.008307440 -0.008066104 0.999932960 36.935386365
0.999604642 0.027023554 -0.007764513 0.494366609 -0.026959011 0.999602074 0.008300894 0.190475665 0.007985743 -0.008088288 0.999935402 38.105575458
0.999588436 0.027948862 -0.006466858 0.515877782 -0.027888361 0.999568110 0.009264601 0.197144353 0.006723000 -0.009080437 0.999936171 39.167690492
0.999584494 0.028458809 -0.004575437 0.540022077 -0.028408770 0.999539615 0.010653663 0.206447198 0.004876521 -0.010519252 0.999932780 40.232103039
0.999567222 0.029335842 -0.002185740 0.569893539 -0.029311427 0.999515465 0.010472566 0.221772078 0.002491903 -0.010403965 0.999942772 41.402138794
0.999586377 0.028757349 0.000301358 0.597527132 -0.028758912 0.999543359 0.009273534 0.249987787 -0.000034538 -0.009278364 0.999956954 42.457891135
0.999636863 0.026820966 0.002603591 0.623845942 -0.026842079 0.999604031 0.008442954 0.275155390 -0.002376112 -0.008509773 0.999960968 43.522115601
0.999651200 0.025861006 0.005355919 0.652798522 -0.025908304 0.999624191 0.008957460 0.292369391 -0.005122257 -0.009093098 0.999945538 44.708134253
0.999672056 0.024368907 0.007870040 0.714928480 -0.024446461 0.999651993 0.009912777 0.321204088 -0.007625738 -0.010101920 0.999919896 45.781090968
0.999677049 0.023279146 0.010192121 0.773519061 -0.023378562 0.999679179 0.009745833 0.342087234 -0.009961977 -0.009980962 0.999900565 46.862034768
0.999649272 0.023323031 0.012544673 0.840474240 -0.023429758 0.999689952 0.008428872 0.351073397 -0.012344197 -0.008719834 0.999885786 48.061464232
0.999679036 0.020809583 0.014449407 0.898439082 -0.020923379 0.999750894 0.007769261 0.361396770 -0.014284133 -0.008069097 0.999865418 49.158042151
0.999663083 0.020585521 0.015810053 0.958040551 -0.020712325 0.999754274 0.007898852 0.369128928 -0.015643567 -0.008223652 0.999843813 50.257085294
0.999710334 0.016312889 0.017695727 1.030529482 -0.016468835 0.999826503 0.008702891 0.369678040 -0.017550688 -0.008991798 0.999805542 51.469069087
0.999720506 0.014662643 0.018545012 1.086952137 -0.014808479 0.999860306 0.007751001 0.361561476 -0.018428772 -0.008023457 0.999797982 52.574213567
0.999724480 0.013939826 0.018885076 1.139041551 -0.013997599 0.999897735 0.002930343 0.347942415 -0.018842297 -0.003193881 0.999817367 53.679009836
0.999722313 0.013218583 0.019508083 1.186934640 -0.013212021 0.999912609 -0.000465351 0.346340713 -0.019512531 0.000207481 0.999809591 54.892173996
0.999665741 0.015609958 0.020609109 1.229553422 -0.015643114 0.999876590 0.001448461 0.340692879 -0.020583956 -0.001770367 0.999786561 55.998935243
0.999619596 0.017010735 0.021709416 1.269523416 -0.017120221 0.999841591 0.004867276 0.337157025 -0.021623182 -0.005237094 0.999752475 57.106281751
0.999625537 0.016532582 0.021805045 1.294070795 -0.016653484 0.999846875 0.005374667 0.332677335 -0.021712850 -0.005735784 0.999747795 58.320392522
0.999650347 0.015329830 0.021544829 1.318144228 -0.015436671 0.999869319 0.004801385 0.327478633 -0.021468410 -0.005132286 0.999756354 59.426914897
0.999696303 0.013205621 0.020806547 1.333568095 -0.013303130 0.999901135 0.004554918 0.316288754 -0.020744341 -0.004830326 0.999773144 60.638137508
0.999730177 0.012339186 0.019680403 1.358576304 -0.012439762 0.999910141 0.004996135 0.310542289 -0.019616987 -0.005239605 0.999793839 61.742444056
0.999773301 0.011156765 0.018134843 1.384203586 -0.011264740 0.999919364 0.005862708 0.299188699 -0.018067972 -0.006065662 0.999818362 62.848807891
0.999784276 0.012812587 0.016347461 1.404991907 -0.012900684 0.999902763 0.005294903 0.279268658 -0.016278031 -0.005504653 0.999852351 63.956186135
0.999801339 0.013650176 0.014524315 1.440295908 -0.013719370 0.999894956 0.004674966 0.262371567 -0.014458976 -0.004873301 0.999883588 65.175169696
0.999786665 0.015909989 0.013171794 1.467527968 -0.015993917 0.999852298 0.006290939 0.246217640 -0.013069760 -0.006500265 0.999893458 66.285262192
0.999760203 0.018510841 0.011699799 1.493896620 -0.018608237 0.999792640 0.008271078 0.241036805 -0.011544269 -0.008486807 0.999897347 67.393784208
0.999722785 0.021445586 0.009717985 1.509126160 -0.021524325 0.999735745 0.008071137 0.239926693 -0.009542328 -0.008278072 0.999920206 68.619095038
0.999678894 0.024155075 0.007657733 1.529212729 -0.024201935 0.999688563 0.006086345 0.235755338 -0.007508332 -0.006269722 0.999952157 69.734228713
0.999648286 0.025882134 0.005780909 1.549280405 -0.025909463 0.999653231 0.004702845 0.241518489 -0.005657185 -0.004850971 0.999972232 70.850117407
0.999606167 0.027800135 0.003829382 1.567785098 -0.027817177 0.999603032 0.004470197 0.243874826 -0.003703590 -0.004574959 0.999982676 72.081690845
0.999563360 0.029490402 0.001845630 1.582028668 -0.029496374 0.999559458 0.003294417 0.242862969 -0.001747664 -0.003347418 0.999992870 73.201867064
0.999559617 0.029672900 0.000300449 1.593797186 -0.029673577 0.999556370 0.002557824 0.249250999 -0.000224417 -0.002565613 0.999996684 74.322692696
0.999547005 0.030068242 -0.001298048 1.601648956 -0.030063100 0.999540713 0.003817583 0.256450268 0.001412240 -0.003776830 0.999991871 75.550697199
0.999527634 0.030618655 -0.002647204 1.596791293 -0.030602242 0.999513424 0.006034685 0.259966743 0.002830690 -0.005950823 0.999978287 76.668014850
0.999523388 0.030598762 -0.004088225 1.594306283 -0.030569001 0.999507049 0.007155091 0.267607034 0.004305146 -0.007026707 0.999966045 77.785534938
0.999500226 0.031072081 -0.005815805 1.586373163 -0.031027966 0.999490163 0.007528565 0.281119318 0.006046769 -0.007344349 0.999954748 79.015290856
0.999499374 0.030824984 -0.007128940 1.583762824 -0.030772682 0.999499501 0.007334097 0.294713374 0.007351446 -0.007111048 0.999947693 80.136424637
0.999484581 0.030864709 -0.008828505 1.573697772 -0.030788943 0.999488967 0.008593348 0.316537857 0.009089225 -0.008317098 0.999924103 81.372079930
0.999497916 0.029979959 -0.010252745 1.570675020 -0.029867807 0.999494177 0.010922659 0.332585872 0.010575020 -0.010610947 0.999887782 82.498846197
0.999536098 0.028017280 -0.011942394 1.572308044 -0.027867842 0.999533439 0.012501525 0.346805679 0.012287081 -0.012162915 0.999850534 83.625732388
0.999544778 0.026714989 -0.014019491 1.577943872 -0.026532007 0.999562389 0.013079868 0.360763732 0.014362785 -0.012701947 0.999816169 84.864625564
0.999535478 0.025982596 -0.015928983 1.579687991 -0.025786724 0.999590790 0.012381353 0.375057584 0.016244165 -0.011964844 0.999796464 85.992617639
0.999486439 0.026666054 -0.017770203 1.582882778 -0.026473592 0.999589215 0.010979521 0.390158307 0.018055685 -0.010503440 0.999781811 87.122779463
0.999448618 0.026747774 -0.019672734 1.586538864 -0.026546460 0.999593227 0.010424322 0.408458577 0.019943560 -0.009896332 0.999752128 88.371815386
0.999395282 0.027769558 -0.020926597 1.591564565 -0.027543144 0.999559745 0.011031354 0.421263630 0.021223721 -0.010448297 0.999720154 89.510681002
0.999356172 0.028654374 -0.021590933 1.592701726 -0.028432578 0.999540450 0.010510805 0.434034821 0.021882192 -0.009890150 0.999711636 90.648295165
0.999374587 0.027804594 -0.021848086 1.596081301 -0.027588147 0.999567874 0.010146853 0.448363262 0.022120775 -0.009537758 0.999709809 91.899183772
0.999416695 0.026153663 -0.021960315 1.593836677 -0.025915263 0.999602832 0.011071457 0.475467790 0.022241153 -0.010495891 0.999697538 93.029245801
0.999488864 0.023460661 -0.021716563 1.593537222 -0.023209998 0.999661868 0.011723687 0.500130391 0.021984266 -0.011213652 0.999695427 94.157780782
0.999549927 0.021130990 -0.021293776 1.595254019 -0.020879250 0.999710272 0.011976165 0.527609590 0.021540676 -0.011526176 0.999701529 95.395629360
0.999624231 0.018768170 -0.019978799 1.598673570 -0.018532990 0.999757520 0.011892438 0.549096928 0.020197154 -0.011517701 0.999729672 96.520247353
0.999685704 0.017348574 -0.018097539 1.602669962 -0.017121446 0.999773635 0.012630718 0.571523373 0.018312568 -0.012316891 0.999756442 97.642338745
0.999722720 0.017503297 -0.015751739 1.606597985 -0.017325936 0.999785735 0.011326817 0.591196351 0.015946621 -0.011050762 0.999811775 98.873059316
0.999788962 0.015679997 -0.013272879 1.615522885 -0.015553905 0.999833417 0.009550648 0.610574503 0.013420422 -0.009342186 0.999866299 99.987762057
0.999826360 0.015130385 -0.010877563 1.626654739 -0.015049784 0.999858960 0.007454070 0.624478072 0.010988812 -0.007289069 0.999913054 101.211828656
0.999839536 0.015821641 -0.008401047 1.638553428 -0.015787902 0.999867089 0.004067637 0.632986736 0.008464287 -0.003934349 0.999956437 102.321641276
0.999861452 0.015516141 -0.006027171 1.654764646 -0.015498331 0.999875421 0.002990842 0.638457700 0.006072826 -0.002897016 0.999977364 103.434235460
0.999866411 0.015964907 -0.003504624 1.674204170 -0.015945282 0.999857414 0.005558709 0.643084866 0.003592869 -0.005502083 0.999978409 104.658396891
0.999849559 0.017287967 -0.001408852 1.692086796 -0.017276022 0.999818013 0.008091912 0.648791481 0.001548488 -0.008066354 0.999966267 105.768855803
0.999862834 0.016562343 0.000044057 1.712533626 -0.016562144 0.999828718 0.008260192 0.655630139 0.000092759 -0.008259788 0.999965883 106.877847304
0.999872958 0.015917178 0.000842874 1.724078085 -0.015923146 0.999844182 0.007620103 0.668902378 -0.000721452 -0.007632556 0.999970611 108.096921258
0.999893843 0.014550550 0.000764698 1.734335398 -0.014555401 0.999871127 0.006772722 0.678944261 -0.000666053 -0.006783132 0.999976772 109.205002427
0.999888639 0.014923230 0.000088482 1.730574063 -0.014923484 0.999863298 0.007118656 0.683207222 0.000017764 -0.007119183 0.999974658 110.316799074
0.999886205 0.015071426 -0.000654421 1.734706470 -0.015066053 0.999857911 0.007561213 0.688447538 0.000768287 -0.007550492 0.999971199 111.541840945
0.999850083 0.017257587 -0.001409876 1.727626283 -0.017246300 0.999821921 0.007660982 0.688196216 0.001541835 -0.007635517 0.999969660 112.659774115
0.999835039 0.018069427 -0.001841121 1.726924926 -0.018055247 0.999809240 0.007449255 0.693277505 0.001975374 -0.007414784 0.999970559 113.776861156
0.999759955 0.021752538 -0.002619004 1.720658782 -0.021732914 0.999737139 0.007302938 0.697175063 0.002777173 -0.007244265 0.999969904 115.007025465
0.999721117 0.023389527 -0.003258500 1.720477240 -0.023366057 0.999702013 0.007064831 0.703485745 0.003422772 -0.006986722 0.999969735 116.122529530
0.999676235 0.025149679 -0.003862396 1.722970589 -0.025120931 0.999657616 0.007320533 0.705864713 0.004045182 -0.007221135 0.999965745 117.239429662
0.999603694 0.027807247 -0.004383187 1.720502647 -0.027771529 0.999582202 0.008010192 0.692626124 0.004604097 -0.007885289 0.999958311 118.466502710
0.999533925 0.030184518 -0.004563738 1.715785884 -0.030144570 0.999508695 0.008583348 0.685494515 0.004820580 -0.008441774 0.999952748 119.570767995
0.999485157 0.031750804 -0.004616028 1.708827406 -0.031712739 0.999464212 0.008098873 0.676711386 0.004870700 -0.007948315 0.999956549 120.670299314
0.999368934 0.035218615 -0.004624219 1.706118255 -0.035184220 0.999354027 0.007321114 0.675858257 0.004879071 -0.007153793 0.999962508 121.877975151
0.999301936 0.037051497 -0.004777860 1.701058094 -0.037020771 0.999294208 0.006367709 0.667703794 0.005010421 -0.006186383 0.999968312 122.975002083
0.999283277 0.037545113 -0.004826738 1.694812717 -0.037519098 0.999281465 0.005373116 0.665108929 0.005025004 -0.005188170 0.999973916 124.068618086
0.999234372 0.038832591 -0.004764425 1.681201487 -0.038801385 0.999225949 0.006477376 0.661948796 0.005012270 -0.006287550 0.999967671 125.268182800
0.999200445 0.039693680 -0.004783649 1.674652605 -0.039655035 0.999182036 0.007920625 0.662966001 0.005094135 -0.007724596 0.999957189 126.356165022
0.999166568 0.040580650 -0.004402207 1.670225264 -0.040539910 0.999137558 0.008980812 0.665001267 0.004762858 -0.008794861 0.999949982 127.440274566
0.999079236 0.042715797 -0.004005213 1.644657004 -0.042684056 0.999058928 0.007702611 0.672099832 0.004330467 -0.007524559 0.999962313 128.611299803
0.999009706 0.044345186 -0.003620878 1.630129079 -0.044318847 0.998992502 0.007058336 0.681001421 0.003930233 -0.006890872 0.999968534 129.676636114
0.998989687 0.044839516 -0.003003678 1.614334075 -0.044814829 0.998964566 0.007837596 0.690263362 0.003352002 -0.007695068 0.999964774 130.844215259
0.998978047 0.045135055 -0.002384998 1.608960992 -0.045111394 0.998939710 0.009187887 0.711771842 0.002797165 -0.009070906 0.999954946 131.899764770
0.999029800 0.044003545 -0.001773989 1.590838961 -0.043980700 0.998968049 0.011337332 0.725899612 0.002271042 -0.011248310 0.999934157 132.951800898
0.999152579 0.041136127 -0.001393600 1.588551358 -0.041113157 0.999060010 0.013740606 0.738751950 0.001957525 -0.013671665 0.999904622 134.113296281
0.999192923 0.040151158 -0.001177672 1.557931311 -0.040132089 0.999106632 0.013242077 0.742502174 0.001708305 -0.013184126 0.999911626 135.165995870
0.999253414 0.038614276 -0.001246015 1.541644404 -0.038597732 0.999190638 0.011326273 0.751682073 0.001682363 -0.011269722 0.999935079 136.213261254
0.999318571 0.036896360 -0.001025742 1.521434587 -0.036883204 0.999261537 0.010770784 0.761240893 0.001422387 -0.010725610 0.999941467 137.362898192
0.999379370 0.035224682 -0.000310662 1.511683542 -0.035217114 0.999285509 0.013719582 0.771966229 0.000793708 -0.013700125 0.999905834 138.409090594
0.999336098 0.036432995 0.000028001 1.504724519 -0.036428824 0.999209286 0.015929319 0.786636978 0.000552374 -0.015919762 0.999873120 139.450133891
0.999436952 0.033551565 -0.000265499 1.499466029 -0.033544109 0.999330354 0.014616298 0.798458754 0.000755721 -0.014599160 0.999893141 140.591104314
0.999458251 0.032905682 -0.000648622 1.498640474 -0.032893310 0.999359748 0.014075672 0.800673010 0.001111376 -0.014046709 0.999900722 141.632535480
0.999469114 0.032578179 -0.000391588 1.493500234 -0.032568923 0.999361541 0.014689337 0.800854802 0.000869890 -0.014668784 0.999892029 142.672904149
0.999496296 0.031735686 -0.000021201 1.494932777 -0.031731200 0.999365665 0.016167830 0.809527526 0.000534284 -0.016159012 0.999869292 143.806260136
0.999488302 0.031984494 0.000355369 1.493071617 -0.031985790 0.999332689 0.017637609 0.809464571 0.000208998 -0.017639948 0.999844382 144.841286176
0.999521933 0.030909007 0.000733350 1.493163080 -0.030917163 0.999364217 0.017756444 0.814184668 -0.000184050 -0.017770627 0.999842073 145.866647355
0.999599547 0.028274164 0.001147421 1.493370008 -0.028289385 0.999460595 0.016680208 0.822961503 -0.000675183 -0.016705986 0.999860217 146.981835526
0.999676239 0.025395828 0.001571555 1.505034150 -0.025415296 0.999579788 0.013939506 0.837301510 -0.001216889 -0.013974933 0.999901605 147.981840245
0.999716604 0.023729848 0.001898922 1.520549658 -0.023748304 0.999664192 0.010369226 0.854290203 -0.001652225 -0.010411382 0.999944435 148.975824380
0.999792305 0.020247001 0.002325006 1.542477745 -0.020262657 0.999770755 0.006918302 0.871758482 -0.002184398 -0.006963975 0.999973365 150.065299156
0.999794870 0.020097594 0.002510937 1.559987255 -0.020109553 0.999786112 0.004830790 0.881673379 -0.002413313 -0.004880292 0.999985179 151.053861570
0.999788352 0.020269432 0.003521507 1.576049440 -0.020284650 0.999784825 0.004340090 0.889472182 -0.003432778 -0.004410604 0.999984381 152.137716312
0.999748506 0.022024991 0.004221799 1.584987566 -0.022051251 0.999737136 0.006277011 0.896903202 -0.004082439 -0.006368528 0.999971387 153.118381982
0.999708247 0.023476091 0.005682700 1.596766700 -0.023529069 0.999678566 0.009441838 0.906697913 -0.005459217 -0.009572791 0.999939277 154.098250880
0.999604753 0.027184063 0.007166962 1.607185502 -0.027256512 0.999576308 0.010212062 0.917926457 -0.006886320 -0.010403371 0.999922171 155.163531135
0.999542109 0.028871605 0.009055573 1.620602166 -0.028954371 0.999538897 0.009145362 0.930322470 -0.008787357 -0.009403372 0.999917176 156.124826726
0.999478742 0.030452203 0.010719527 1.634917462 -0.030526685 0.999510452 0.006854051 0.941065305 -0.010505559 -0.007177710 0.999919054 157.074709269
0.999427571 0.031283835 0.012878322 1.653353808 -0.031352799 0.999494916 0.005187963 0.950297881 -0.012709519 -0.005588764 0.999903612 158.109140479
0.999377255 0.032083715 0.014688027 1.671439262 -0.032152733 0.999472896 0.004486788 0.956591973 -0.014536332 -0.004956254 0.999882058 159.036985900
0.999337588 0.032408372 0.016555458 1.691001042 -0.032503435 0.999456461 0.005505308 0.961846330 -0.016368042 -0.006039770 0.999847793 159.954297889
0.999332927 0.031402391 0.018643783 1.716597899 -0.031555753 0.999470063 0.007989205 0.967807057 -0.018383023 -0.008572193 0.999794270 160.949687769
0.999333641 0.030115836 0.020623069 1.741804082 -0.030339565 0.999483202 0.010622596 0.974488979 -0.020292503 -0.011241212 0.999730889 161.841132994
0.999303928 0.029562682 0.022753194 1.767016978 -0.029860073 0.999471575 0.012843197 0.982610049 -0.022361492 -0.013513668 0.999658614 162.719283212
0.999271077 0.028969521 0.024861258 1.797628955 -0.029297514 0.999487085 0.012931451 0.991227600 -0.024473889 -0.013650397 0.999607271 163.667185090
0.999224424 0.028895075 0.026751154 1.824347088 -0.029221838 0.999502049 0.011905390 1.008989979 -0.026393827 -0.012677873 0.999571227 164.514072915
0.999179978 0.028806859 0.028452348 1.854062538 -0.029110362 0.999523023 0.010310848 1.024555596 -0.028141754 -0.011130650 0.999541970 165.429721280
0.999140106 0.028767862 0.029857291 1.881702247 -0.029052026 0.999536228 0.009127411 1.038695016 -0.029580869 -0.009986976 0.999512497 166.246954461
0.999064092 0.029854410 0.031299426 1.908792418 -0.030138676 0.999508300 0.008649785 1.049359621 -0.031025803 -0.009585012 0.999472624 167.050309421
0.998998454 0.030344644 0.032883005 1.939915647 -0.030645803 0.999492502 0.008693297 1.058645381 -0.032602524 -0.009692315 0.999421400 167.916156578
0.998997116 0.029051682 0.034069967 1.971208694 -0.029403238 0.999518968 0.009863187 1.066187755 -0.033767037 -0.010855062 0.999370779 168.687481515
0.999021139 0.027220527 0.034868406 2.003478821 -0.027623146 0.999556584 0.011117386 1.073891131 -0.034550325 -0.012069677 0.999330075 169.442752699
0.998980029 0.027276958 0.035984289 2.036478219 -0.027689175 0.999555978 0.011007101 1.082407643 -0.035668072 -0.011992248 0.999291737 170.251776812
0.998937316 0.027592448 0.036917420 2.064717673 -0.027957035 0.999564965 0.009396030 1.089519644 -0.036642101 -0.010418145 0.999274146 170.967642416
0.998922491 0.027276203 0.037548191 2.094919393 -0.027569257 0.999593174 0.007309027 1.095901953 -0.037333555 -0.008336326 0.999268088 171.663174285
0.998930469 0.025421964 0.038621769 2.129889153 -0.025682370 0.999650546 0.006261194 1.103386348 -0.038449102 -0.007246395 0.999234285 172.408756978
0.998882619 0.025616363 0.039715419 2.159061090 -0.025904563 0.999641571 0.006758882 1.108946764 -0.039528047 -0.007780140 0.999188172 173.065896607
0.998802760 0.026501412 0.041118395 2.186501092 -0.026848236 0.999608262 0.007905402 1.113366507 -0.040892785 -0.008999893 0.999123007 173.705730090
0.998727826 0.026701991 0.042775385 2.218447763 -0.027105235 0.999593190 0.008874719 1.116825777 -0.042521013 -0.010022865 0.999045297 174.388472548
0.998662718 0.026401320 0.044449365 2.248582784 -0.026827851 0.999599313 0.009026655 1.120580116 -0.044193241 -0.010207064 0.998970857 174.989718750
0.998550950 0.027033247 0.046531760 2.278074204 -0.027424165 0.999593587 0.007783106 1.124358280 -0.046302448 -0.009047921 0.998886489 175.574293952
0.998394654 0.027357815 0.049595012 2.311792831 -0.027661585 0.999602495 0.005448813 1.128326443 -0.049426232 -0.006811942 0.998754547 176.197592146
0.998295882 0.025922836 0.052281339 2.341237254 -0.026165383 0.999649784 0.003959976 1.132072247 -0.052160377 -0.005321189 0.998624544 176.745466964
0.998142728 0.024900489 0.055597302 2.378362827 -0.025156402 0.999675890 0.003907708 1.135109963 -0.055481980 -0.005299078 0.998445627 177.337241724
0.997973052 0.024653896 0.058668330 2.416837132 -0.024962223 0.999678140 0.004528176 1.136789207 -0.058537812 -0.005983489 0.998267260 177.866048942
0.997752351 0.026121153 0.061708438 2.456783871 -0.026457996 0.999639122 0.004647618 1.121473672 -0.061564770 -0.006269853 0.998083397 178.387165161
0.997533848 0.026651567 0.064930083 2.490789749 -0.027050611 0.999620152 0.005274174 1.123960116 -0.064764856 -0.007017564 0.997875878 178.925292390
0.997363602 0.026271795 0.067643464 2.534750323 -0.026764517 0.999621356 0.006387962 1.127085348 -0.067450031 -0.008181565 0.997689108 179.390579127
0.997178806 0.026195807 0.070343506 2.587955895 -0.026712418 0.999622587 0.006413274 1.125576856 -0.070148959 -0.008274225 0.997502211 179.839850229
0.997009648 0.024179380 0.073396996 2.661916547 -0.024714341 0.999674138 0.006388987 1.117043741 -0.073218600 -0.008183840 0.997282338 180.322058746
0.996882200 0.023539825 0.075311060 2.712431617 -0.024198393 0.999676403 0.007843952 1.102615256 -0.075102047 -0.009641902 0.997129238 180.761101643
0.996729708 0.025673645 0.076620835 2.756868392 -0.026311938 0.999626889 0.007332471 1.086957741 -0.076403998 -0.009324534 0.997033341 181.184307248
0.996580482 0.028139094 0.077688705 2.804415064 -0.028677295 0.999571776 0.005820464 1.068515754 -0.077491657 -0.008028462 0.996960675 181.631544224
0.996569282 0.029138809 0.077463510 2.841763700 -0.029643692 0.999546075 0.005375512 1.057039886 -0.077271714 -0.007653373 0.996980696 181.984429890
0.996767137 0.030390931 0.074375166 2.875152175 -0.030917216 0.999504330 0.005934679 1.052146031 -0.074157943 -0.008214965 0.997212672 182.356820428
0.996953768 0.031646101 0.071286099 2.908534845 -0.032190016 0.999460671 0.006493840 1.047253728 -0.071042150 -0.008768758 0.997434771 182.729195107
0.997129163 0.032904278 0.068196340 2.941911756 -0.033462090 0.999415101 0.007052993 1.042362975 -0.067924381 -0.009314737 0.997646989 183.101553899
0.997293308 0.034165427 0.065105921 2.975282982 -0.034733434 0.999367622 0.007612137 1.037473768 -0.064804680 -0.009852884 0.997849324 183.473896782
0.997446192 0.035429507 0.062014873 3.008648570 -0.036004046 0.999318237 0.008171268 1.032586104 -0.061683092 -0.010383185 0.998041776 183.846223728
0.997644073 0.037373199 0.057528666 3.021971814 -0.037996746 0.999229974 0.009782990 1.027650380 -0.057118748 -0.011945843 0.998295921 184.071616854
0.997989363 0.038626116 0.050251908 3.037512359 -0.039204691 0.999175201 0.010578739 1.025131023 -0.049801847 -0.012527578 0.998680547 184.362972476
0.998296682 0.040030640 0.042441519 3.047070014 -0.040531929 0.999117507 0.011016837 1.026637667 -0.041963056 -0.012718307 0.999038211 184.608825944
0.998589676 0.040873903 0.033881900 3.053359651 -0.041280147 0.999082825 0.011377986 1.026990775 -0.033385763 -0.012760588 0.999361075 184.837923888
0.998816701 0.042496756 0.023647886 3.055959731 -0.042777984 0.999018234 0.011515762 1.026566000 -0.023135287 -0.012513743 0.999654023 185.069964805
0.998939195 0.043824183 0.014139499 3.054902553 -0.043993061 0.998961416 0.011861712 1.028880924 -0.013604984 -0.012471167 0.999829673 185.265098311
0.998972142 0.045063509 0.004892838 3.052851108 -0.045120665 0.998906110 0.012276348 1.030170311 -0.004334270 -0.012484496 0.999912672 185.444203128
0.998911131 0.046378687 -0.005056552 3.047674160 -0.046309964 0.998843124 0.012953765 1.033391906 0.005651481 -0.012705490 0.999903311 185.624902197
0.998750125 0.047952355 -0.014098218 3.041157363 -0.047758025 0.998763428 0.013812555 1.033158501 0.014743130 -0.013121986 0.999805208 185.771662586
0.998495669 0.049051848 -0.024501343 3.032241730 -0.048740154 0.998724775 0.013161321 1.033897119 0.025115686 -0.011947322 0.999613157 185.911622376
0.998041123 0.050638010 -0.036738385 3.019806151 -0.050242350 0.998669515 0.011614918 1.034733002 0.037277663 -0.009746342 0.999257417 186.061933772
0.997525048 0.051105632 -0.048290702 3.007140755 -0.050618509 0.998654608 0.011257910 1.037428296 0.048801076 -0.008785642 0.998769877 186.199287354
0.996800530 0.051513757 -0.061114942 2.992827140 -0.050842627 0.998628607 0.012487313 1.041264547 0.061674400 -0.009340115 0.998052619 186.337778891
0.995816469 0.052061377 -0.075094429 2.974071702 -0.051119496 0.998588549 0.014412069 1.042784183 0.075738752 -0.010512985 0.997072274 186.490640351
0.994717189 0.053157533 -0.087817940 2.953714402 -0.051966950 0.998523964 0.015790169 1.044867921 0.088527687 -0.011143121 0.996011385 186.627703017
0.993377613 0.054033808 -0.101396575 2.931708255 -0.052564784 0.998470990 0.017106288 1.046834452 0.102165861 -0.011663113 0.994699004 186.760326158
0.991663894 0.054700436 -0.116664402 2.903771525 -0.052892947 0.998428150 0.018535542 1.039188657 0.117494930 -0.012210302 0.992998414 186.914051903
0.989863688 0.054587774 -0.131110847 2.885902883 -0.052539550 0.998437441 0.019033452 1.021001809 0.131944977 -0.011952016 0.991184984 187.055310120
0.987611830 0.054506859 -0.147145760 2.847650327 -0.052305769 0.998454333 0.018789678 1.010130224 0.147942493 -0.010860334 0.988936334 187.198088919
0.984529335 0.053678588 -0.166795072 2.815106911 -0.051450670 0.998519505 0.017652982 0.994025169 0.167495726 -0.008798158 0.985833543 187.366496784
0.981049358 0.052928565 -0.186388633 2.764933402 -0.050746389 0.998575876 0.016462825 0.991865537 0.186994553 -0.006692292 0.982338155 187.521402141
0.976702631 0.052249225 -0.208139346 2.707166633 -0.049920782 0.998618067 0.016427787 1.000423464 0.208710058 -0.005654583 0.977961215 187.684814640
0.970757495 0.051770878 -0.234413440 2.623946024 -0.048987788 0.998642816 0.017683975 1.009976063 0.235010821 -0.005683454 0.971976139 187.882786557
0.964039007 0.051677254 -0.260688037 2.545210164 -0.048302260 0.998645489 0.019341133 1.010109472 0.261334439 -0.006053784 0.965229333 188.092782095
0.955810498 0.052180829 -0.289315486 2.438200551 -0.048167285 0.998618913 0.020980465 1.019636993 0.290010705 -0.006117806 0.957003849 188.304452946
0.944943878 0.052297014 -0.323026447 2.316845198 -0.047216363 0.998607030 0.023550270 1.026109022 0.323808101 -0.007001548 0.946096874 188.558689242
0.933411415 0.051675557 -0.355067265 2.177840021 -0.045417000 0.998631150 0.025944611 1.037875791 0.355921946 -0.008090904 0.934480663 188.791109200
0.920129050 0.050420905 -0.388355840 2.029671800 -0.042704111 0.998681699 0.028481994 1.051708434 0.389279972 -0.009622717 0.921069222 189.036083499
0.903161686 0.049045901 -0.426489696 1.840343144 -0.039659294 0.998736334 0.030868685 1.066749074 0.427464754 -0.010965131 0.903965517 189.307824836
0.885422759 0.048523764 -0.462246661 1.655965857 -0.037669222 0.998755468 0.032688598 1.082621397 0.463257571 -0.011530754 0.886148674 189.560056706
0.865518383 0.048812540 -0.498492985 1.455131739 -0.036014396 0.998728862 0.035265045 1.102380024 0.499580726 -0.012569618 0.866176143 189.815348183
0.841065327 0.049638190 -0.538651238 1.210100711 -0.034348017 0.998672006 0.038398411 1.133631336 0.539841960 -0.013793967 0.841653370 190.092644387
0.816631734 0.050393587 -0.574954855 0.973418281 -0.032802281 0.998623146 0.040936824 1.162426229 0.576226200 -0.014570476 0.817160375 190.350653024
0.790335325 0.051944813 -0.610468506 0.716118823 -0.031978721 0.998538663 0.043564899 1.187615832 0.611839398 -0.014908873 0.790841507 190.615299963
0.759700724 0.053829956 -0.648040995 0.414000350 -0.031496260 0.998444172 0.046013264 1.215594416 0.649509670 -0.014545439 0.760214202 190.906629167
0.730667665 0.054397329 -0.680562765 0.109738934 -0.030460761 0.998425593 0.047100725 1.242599780 0.682053460 -0.013684514 0.731174281 191.165285031
0.701230574 0.054354624 -0.710859507 -0.211505955 -0.027861821 0.998417064 0.048857799 1.266417985 0.712389935 -0.014454738 0.701634990 191.423473734
0.668756482 0.054460855 -0.741484163 -0.582106492 -0.023489600 0.998363355 0.052142594 1.287823045 0.743110374 -0.017453528 0.668941228 191.713868077
0.638935662 0.055154213 -0.767280399 -0.937086066 -0.018796383 0.998247954 0.056104533 1.313075248 0.769030518 -0.021425086 0.638852917 191.978214003
0.608755104 0.056240331 -0.791362260 -1.312433937 -0.014743574 0.998113918 0.059592226 1.338321436 0.793221201 -0.024609559 0.608436125 192.241682364
0.574395381 0.057623173 -0.816547299 -1.753606639 -0.011026482 0.997973404 0.062669783 1.364552110 0.818503749 -0.026993585 0.573866694 192.524066741
0.541309470 0.057422906 -0.838860323 -2.181138494 -0.004583485 0.997851959 0.065348762 1.378491170 0.840810963 -0.031528994 0.540409911 192.778654871
0.506334452 0.059893741 -0.860254692 -2.628631183 0.000371190 0.997569846 0.069672557 1.380195287 0.862337122 -0.035596928 0.505081749 193.033390511
0.466930157 0.061447142 -0.882156703 -3.141525839 0.007137734 0.997288453 0.073244761 1.397574131 0.884265407 -0.040496781 0.465225460 193.295824756
0.430898184 0.061719267 -0.900287430 -3.636316472 0.011298465 0.997211160 0.073771594 1.414075078 0.902329834 -0.041959905 0.428999145 193.516526780
0.395276119 0.061573483 -0.916496298 -4.149257771 0.011438599 0.997343481 0.071938452 1.441477640 0.918491143 -0.038918978 0.393521746 193.715498241
0.358345655 0.060302228 -0.931639416 -4.739935547 0.013763820 0.997462068 0.069856853 1.471648770 0.933487537 -0.037855810 0.356606208 193.923295913
0.328054165 0.057499404 -0.942907340 -5.303514690 0.017917813 0.997587522 0.067067788 1.502489495 0.944488989 -0.038896697 0.326232477 194.100821645
0.297239945 0.052955764 -0.953333136 -5.947326143 0.021693174 0.997828478 0.062191119 1.547093925 0.954556365 -0.039166500 0.295445703 194.275937127
0.270692231 0.050911814 -0.961318714 -6.559624245 0.023236508 0.997964041 0.059395608 1.587834478 0.962385481 -0.038415612 0.268958100 194.417204802
0.245471953 0.051666814 -0.968025840 -7.187739669 0.021842123 0.998030390 0.058806991 1.622002339 0.969157612 -0.035579199 0.243859956 194.547379872
0.217453166 0.050872191 -0.974744123 -7.902969452 0.023726881 0.998070265 0.057382766 1.656343341 0.975782348 -0.035605696 0.215826500 194.678517251
0.191555837 0.052180041 -0.980093653 -8.569591966 0.025356631 0.997989352 0.058088677 1.691662436 0.981154136 -0.035979091 0.189847575 194.789497451
0.166780784 0.054167356 -0.984504968 -9.250017841 0.027241083 0.997855543 0.059516707 1.717537924 0.985617638 -0.036745218 0.164947551 194.892552803
0.142024586 0.056640774 -0.988241268 -10.004622007 0.025544645 0.997819335 0.060860882 1.757462402 0.989533488 -0.033888008 0.140268009 194.987862476
0.122145776 0.059136343 -0.990748841 -10.704868738 0.023241086 0.997779251 0.062421294 1.792787294 0.992240040 -0.030650570 0.120500127 195.061018617
0.104692166 0.060662582 -0.992652792 -11.413648612 0.021591438 0.997763989 0.063252130 1.833553244 0.994270283 -0.028054798 0.103148280 195.124626168
0.088464756 0.060752008 -0.994224896 -12.207560199 0.021053480 0.997801283 0.062843861 1.875650539 0.995856804 -0.026491355 0.086991205 195.188734639
0.076457513 0.060546251 -0.995232819 -12.939531986 0.021161917 0.997831216 0.062330074 1.916724328 0.996848262 -0.025826631 0.075010417 195.240065653
0.066565199 0.059940029 -0.995980035 -13.758342801 0.021047894 0.997887501 0.061461546 1.964059348 0.997560072 -0.025054476 0.065162968 195.289190552
0.059386528 0.060846074 -0.996378923 -14.517664266 0.020832034 0.997847682 0.062177415 2.014051427 0.998017687 -0.024449095 0.057991162 195.324739243
0.053834775 0.062095999 -0.996617212 -15.286322749 0.021717315 0.997755679 0.063340058 2.063956158 0.998313684 -0.025053742 0.052365394 195.360179218
0.048960672 0.063063385 -0.996807818 -16.136447462 0.022290184 0.997687189 0.064213866 2.115503189 0.998551970 -0.025362978 0.047441740 195.401941993
0.044954186 0.065508574 -0.996838859 -16.914164188 0.023057366 0.997513791 0.066592750 2.166553836 0.998722942 -0.025978096 0.043331964 195.438340466
0.040997614 0.067884639 -0.996850458 -17.696642828 0.024854848 0.997311264 0.068938239 2.215997106 0.998850073 -0.027602864 0.039200119 195.474040012
0.036996553 0.069055457 -0.996926558 -18.562625608 0.026091022 0.997202717 0.070042850 2.275504100 0.998974749 -0.028602171 0.035091335 195.508798417
0.034142232 0.067295596 -0.997148722 -19.356621290 0.026577145 0.997316453 0.068216924 2.325399942 0.999063561 -0.028830438 0.032262084 195.535760662
0.032082480 0.063092279 -0.997491876 -20.164748471 0.025823449 0.997620159 0.063930966 2.373183249 0.999151590 -0.027809738 0.030376868 195.557017202
0.031161429 0.058085381 -0.997825144 -21.069030877 0.025294338 0.997944426 0.058882260 2.418116233 0.999194275 -0.027074176 0.029628142 195.576917451
0.031126022 0.055015618 -0.998000208 -21.899957656 0.025272487 0.998121479 0.055810520 2.461716701 0.999195931 -0.026959101 0.029677169 195.594457871
0.031363506 0.054261267 -0.998034072 -22.825933162 0.022911753 0.998223910 0.054991605 2.504882512 0.999245425 -0.024591434 0.030064580 195.608427593
0.032658494 0.054908605 -0.997957129 -23.673582916 0.021457219 0.998221123 0.055625334 2.544024256 0.999236232 -0.023230019 0.031422212 195.632015344
0.034338734 0.058808066 -0.997678518 -24.523938600 0.020670104 0.998011941 0.059539166 2.589570903 0.999196494 -0.022666613 0.033054897 195.658597491
0.036336008 0.063173108 -0.997340873 -25.460495024 0.018601822 0.997784273 0.063878921 2.637451824 0.999166504 -0.020873457 0.035080362 195.690499637
0.038191476 0.065533018 -0.997119250 -26.320664653 0.017419980 0.997651961 0.066235255 2.684161911 0.999118607 -0.019899414 0.036960217 195.717162634
0.039946801 0.065081523 -0.997080043 -27.179478372 0.017522081 0.997677489 0.065822530 2.731381893 0.999048180 -0.020100311 0.038713660 195.750769602
0.041778994 0.063663319 -0.997096515 -28.127484067 0.018712341 0.997742983 0.064488664 2.797456495 0.998951651 -0.021352276 0.040493408 195.795835723
0.043688765 0.062973856 -0.997058448 -29.003125251 0.020616425 0.997742024 0.063920403 2.853117271 0.998832464 -0.023348379 0.042291821 195.834507193
0.045273799 0.063538903 -0.996951882 -29.883212287 0.020378304 0.997708802 0.064512578 2.911165169 0.998766762 -0.023236912 0.043875252 195.874689475
0.047506069 0.064275433 -0.996800785 -30.856487169 0.020935795 0.997644224 0.065327599 2.973503281 0.998651542 -0.023972269 0.046048498 195.924509853
0.049240703 0.064231431 -0.996719439 -31.751780082 0.021049586 0.997641622 0.065330777 3.028164074 0.998565123 -0.024197460 0.047772529 195.971569984
0.051635733 0.062607926 -0.996701541 -32.732784753 0.021782093 0.997724919 0.063800675 3.092130730 0.998428429 -0.025004635 0.050154525 196.031692362
0.053363417 0.061091533 -0.996704637 -33.630360053 0.021077231 0.997835553 0.062289332 3.152398974 0.998352709 -0.024331740 0.051960274 196.084452400
0.055299612 0.061009951 -0.996604085 -34.537223224 0.020726183 0.997846230 0.062236057 3.214033314 0.998254684 -0.024097423 0.053916005 196.138735367
0.056936489 0.062630268 -0.996411385 -35.458971924 0.020189779 0.997754082 0.063868349 3.274633188 0.998173655 -0.023753759 0.055544122 196.190650561
