1.000000000 -0.000000000 0.000000000 0.000000000 0.000000000 1.000000000 0.000000000 0.000000000 0.000000000 0.000000000 1.000000000 0.000000000
0.999955815 -0.000083454 0.009400043 0.012499995 0.000082040 0.999999985 0.000150808 -0.001169005 -0.009400056 -0.000150030 0.999955807 0.087772474
0.999844759 -0.000326202 0.017616788 0.023989114 0.000321531 0.999999912 0.000267941 -0.002245360 -0.017616874 -0.000262235 0.999844776 0.168374960
0.999602373 -0.000264020 0.028196206 0.037438767 0.000251034 0.999999861 0.000464080 -0.003493013 -0.028196325 -0.000456817 0.999602300 0.263034491
0.999199617 -0.001398746 0.039977102 0.052535845 0.001379650 0.999998921 0.000505261 -0.003913788 -0.039977767 -0.000449702 0.999200468 0.353314245
0.998374690 -0.002541733 0.056934324 0.075032853 0.002591599 0.999996320 -0.000802027 0.000634042 -0.056932078 0.000948274 0.998377604 0.476022098
0.997626171 -0.002411171 0.068820114 0.092067376 0.002543745 0.999995074 -0.001838808 0.006497462 -0.068815344 0.002009503 0.997627391 0.557405845
0.996312579 -0.000545180 0.085795958 0.113875763 0.000840872 0.999993831 -0.003410357 0.014089748 -0.085793573 0.003469924 0.996306892 0.667210829
0.994209633 0.001953277 0.107440165 0.144615434 -0.001361935 0.999983521 -0.005577024 0.020086011 -0.107449292 0.005398404 0.994195910 0.799305822
0.991480850 0.002878984 0.130220716 0.180806889 -0.001953758 0.999971938 -0.007232256 0.021604225 -0.130237888 0.006916223 0.991458652 0.931489468
0.987728839 0.003681937 0.156135145 0.223339656 -0.002373067 0.999960474 -0.008568505 0.023289263 -0.156160528 0.008092839 0.987698535 1.074517340
0.982121797 0.005379643 0.188169695 0.281987238 -0.003545286 0.999942874 -0.010083631 0.030686491 -0.188213199 0.009236237 0.982084765 1.244745461
0.975298802 0.007656642 0.220756925 0.344553486 -0.005144382 0.999915328 -0.011952897 0.037091980 -0.220829760 0.010521987 0.975255611 1.409930738
0.966600204 0.010741044 0.256063805 0.418036760 -0.007652362 0.999885491 -0.013055498 0.034663254 -0.256174723 0.010659952 0.966571715 1.585398700
0.954806606 0.011269329 0.297014047 0.515781660 -0.008034936 0.999894409 -0.012108285 0.037044098 -0.297119148 0.009174580 0.954796335 1.788069504
0.941588824 0.010477805 0.336601691 0.621354621 -0.007297737 0.999916001 -0.010711349 0.043392080 -0.336685661 0.007629254 0.941586196 1.979205411
0.924159213 0.009841176 0.381880734 0.753881989 -0.006346032 0.999925668 -0.010410849 0.054591174 -0.381954817 0.007197853 0.924152971 2.194233125
0.905260204 0.011218593 0.424709430 0.890535131 -0.007402489 0.999916054 -0.010634269 0.057573283 -0.424793095 0.006482872 0.905267257 2.396468660
0.883206160 0.012213731 0.468825868 1.042366683 -0.008022776 0.999908021 -0.010935500 0.058585329 -0.468916326 0.005897014 0.883222912 2.602417011
0.855694580 0.013649400 0.517301140 1.231415198 -0.007836997 0.999879248 -0.013419027 0.058471828 -0.517421856 0.007428499 0.855698224 2.827602150
0.827144567 0.014339808 0.561806215 1.423763209 -0.006815093 0.999856843 -0.015486996 0.060181129 -0.561947890 0.008981220 0.827123883 3.031184588
0.794608866 0.015902060 0.606913389 1.633040198 -0.007301016 0.999834918 -0.016638265 0.060857800 -0.607077803 0.008789826 0.794593791 3.234596824
0.755140072 0.016840917 0.655347113 1.885380243 -0.007723675 0.999829147 -0.016793521 0.059184799 -0.655517987 0.007619770 0.755141128 3.457655197
0.716471532 0.018361775 0.697374627 2.136911887 -0.008560503 0.999809692 -0.017529928 0.057918603 -0.697563817 0.006589814 0.716492368 3.656120696
0.669920008 0.020442975 0.742151768 2.436066282 -0.009576974 0.999775615 -0.018894497 0.056219143 -0.742371527 0.005550231 0.669965470 3.867516051
0.623664669 0.022008947 0.781382086 2.731461278 -0.011313598 0.999752998 -0.019129723 0.053299481 -0.781610136 0.003090287 0.623759623 4.050134097
0.573929513 0.022392127 0.818598487 3.048905715 -0.011612172 0.999748114 -0.019205902 0.053400407 -0.818822384 0.001517125 0.574044969 4.216980365
0.515523541 0.018593761 0.856673639 3.426487512 -0.008392359 0.999826149 -0.016650535 0.054425639 -0.856834332 0.001394228 0.515589963 4.378743225
0.458582398 0.014668380 0.888530806 3.790386731 -0.004900823 0.999890301 -0.013977392 0.057118227 -0.888638394 0.002055251 0.458603980 4.507332387
0.398724669 0.012858166 0.916980521 4.170054479 -0.003383393 0.999915522 -0.012549929 0.058163305 -0.917064459 0.001901459 0.398734490 4.620997986
0.331002042 0.012818461 0.943542952 4.610905141 -0.001686860 0.999914171 -0.012992530 0.053582762 -0.943628547 0.002708926 0.330995256 4.721693734
0.268155995 0.012020626 0.963300489 5.031469989 -0.001667526 0.999926445 -0.012013477 0.043958396 -0.963374079 0.001615155 0.268156316 4.795716982
0.205999801 0.009573041 0.978505188 5.474568823 -0.003212282 0.999953374 -0.009106614 0.029701108 -0.978546779 -0.001267277 0.206020948 4.851837474
0.140166324 0.008482141 0.990091622 5.979242280 -0.003053577 0.999962253 -0.008134415 0.019391687 -0.990123282 -0.001883152 0.140186934 4.884803601
0.081761605 0.008531474 0.996615381 6.457158935 -0.001729662 0.999963070 -0.008418235 0.012646857 -0.996650432 -0.001035522 0.081773343 4.888540314
0.024193276 0.008977740 0.999666969 6.950593194 -0.000214720 0.999959699 -0.008975176 0.013353773 -0.999707295 0.000002488 0.024194229 4.865578234
-0.036736758 0.009842801 0.999276485 7.512026999 0.001447605 0.999950968 -0.009796230 0.010618769 -0.999323947 0.001086673 -0.036749205 4.813258695
-0.093115032 0.010640619 0.995598479 8.093595900 0.003456396 0.999940321 -0.010363763 0.013422845 -0.995649376 0.002476158 -0.093146252 4.728819508
-0.135559317 0.010581121 0.990712711 8.586457656 0.005040590 0.999937395 -0.009989943 0.015686175 -0.990756428 0.003639544 -0.135604165 4.634710900
-0.182540913 0.010748503 0.983139486 9.205729927 0.008127990 0.999922570 -0.009422858 0.016554743 -0.983164679 0.006270887 -0.182614142 4.490609158
-0.218974295 0.011541595 0.975662347 9.784606347 0.010683478 0.999898459 -0.009430538 0.013419014 -0.975672156 0.008358418 -0.219075364 4.338865823
-0.249565281 0.012358609 0.968279093 10.380232241 0.013202081 0.999869048 -0.009359093 0.008223367 -0.968267995 0.010447591 -0.249695759 4.166610619
-0.277605235 0.013584752 0.960599164 11.054588814 0.017118399 0.999811214 -0.009192216 0.009556825 -0.960542726 0.013892108 -0.277785376 3.954096003
-0.292320149 0.014234468 0.956214556 11.684093096 0.020318571 0.999755954 -0.008671142 0.010324279 -0.956104659 0.016894159 -0.292538033 3.736485246
-0.306964340 0.014974866 0.951603181 12.313303057 0.023507346 0.999690454 -0.008148689 0.011097728 -0.951430676 0.019868303 -0.307221339 3.519029520
-0.321533904 0.015805231 0.946766133 12.942221391 0.026684673 0.999614820 -0.007625032 0.011876895 -0.946522007 0.022812433 -0.321831813 3.301733820
-0.325787849 0.016641445 0.945296413 13.711558968 0.030264141 0.999516250 -0.007165701 0.013369411 -0.944958408 0.026274081 -0.326133887 3.023918876
-0.330033107 0.017508820 0.943806949 14.480854925 0.033842245 0.999404688 -0.006706183 0.014871132 -0.943362541 0.029727278 -0.330429172 2.746125525
-0.329156227 0.017375396 0.944115587 15.289421171 0.035554738 0.999349742 -0.005996130 0.021514860 -0.943605888 0.031594112 -0.329559968 2.455668927
-0.327097089 0.016770670 0.944841895 16.046232147 0.036163309 0.999332269 -0.005218401 0.028239896 -0.944298545 0.032461680 -0.327485158 2.188642712
-0.325525847 0.015815692 0.945400843 16.824465911 0.036308136 0.999331749 -0.004216088 0.038935447 -0.944835793 0.032953290 -0.325882552 1.914358862
-0.323950860 0.015344943 0.945949439 17.623101884 0.036626218 0.999322305 -0.003667696 0.052502389 -0.945364688 0.033458391 -0.324293347 1.634814296
-0.322185773 0.015759548 0.946545261 18.522273982 0.037898060 0.999274620 -0.003737705 0.066125151 -0.945917596 0.034667988 -0.322549322 1.321204341
-0.320270535 0.015710452 0.947195826 19.361011029 0.037639100 0.999283991 -0.003847688 0.070082099 -0.946578108 0.034419291 -0.320632545 1.040253697
-0.318398256 0.015823491 0.947824950 20.220212894 0.037897786 0.999273808 -0.003951591 0.071309209 -0.947199209 0.034662281 -0.318766713 0.756397462
-0.316332468 0.016598523 0.948503150 21.190413521 0.037844776 0.999271785 -0.004865466 0.073485439 -0.947893230 0.034356778 -0.316730277 0.437265638
-0.315308428 0.015858616 0.948856716 22.092592162 0.037311172 0.999294432 -0.004302974 0.076782080 -0.948255506 0.034046186 -0.315677660 0.142450655
-0.314443407 0.014318192 0.949168215 23.016312360 0.035095612 0.999378008 -0.003449029 0.079717364 -0.948627258 0.032227109 -0.314750331 -0.155777929
-0.314195109 0.014480022 0.949247981 24.052360057 0.035065291 0.999378401 -0.003638337 0.084201268 -0.948710647 0.032142503 -0.314507551 -0.494081561
-0.314086359 0.014689161 0.949280757 25.015501559 0.033946777 0.999414678 -0.004233046 0.089643704 -0.948787336 0.030895474 -0.314401166 -0.808402078
-0.314392112 0.015442188 0.949167586 25.996859263 0.033438387 0.999427336 -0.005184106 0.096300502 -0.948704120 0.030108785 -0.314728432 -1.130580677
-0.314549045 0.017200563 0.949085353 27.097747923 0.034259938 0.999390109 -0.006757714 0.102513043 -0.948622785 0.030389967 -0.314946494 -1.494707258
-0.315026604 0.018455268 0.948903372 28.119459935 0.035067539 0.999354549 -0.007794424 0.106773046 -0.948434784 0.030820249 -0.315470450 -1.832714868
-0.315198916 0.019162888 0.948832121 29.160831914 0.036128286 0.999313676 -0.008180736 0.111100467 -0.948337716 0.031701113 -0.315674909 -2.177865865
-0.315407139 0.019609899 0.948753791 30.330097715 0.037451370 0.999264779 -0.008203454 0.116752375 -0.948217151 0.032944695 -0.315909662 -2.568263839
-0.315356005 0.019670866 0.948769526 31.412957711 0.037998900 0.999245056 -0.008087149 0.120985130 -0.948212374 0.033501862 -0.315865400 -2.928831972
-0.314551880 0.018619840 0.949057629 32.627396150 0.039325935 0.999204839 -0.006569668 0.126674805 -0.948425336 0.035256071 -0.315034003 -3.332947874
-0.313967412 0.017718127 0.949268402 33.747221185 0.040816637 0.999153385 -0.005149270 0.131464216 -0.948556008 0.037129234 -0.314424797 -3.704821867
-0.312922495 0.016636275 0.949632936 34.994932284 0.041250798 0.999141171 -0.003910659 0.137533339 -0.948882457 0.037949377 -0.313340007 -4.116799985
-0.311938293 0.015153064 0.949981502 36.140660326 0.042039446 0.999113676 -0.002132596 0.140149482 -0.949171860 0.039271451 -0.312298840 -4.489760325
-0.310631546 0.013431652 0.950435480 37.298984065 0.041827288 0.999124755 -0.000449295 0.130613942 -0.949609685 0.039614566 -0.310921476 -4.848374726
-0.309222490 0.012324028 0.950909847 38.466165681 0.041617871 0.999133430 0.000584522 0.127323276 -0.950078648 0.039755584 -0.309467426 -5.213582214
-0.308221349 0.011748935 0.951242099 39.406919653 0.041305812 0.999146006 0.001043295 0.124389957 -0.950417521 0.039613387 -0.308443428 -5.505692343
-0.306718867 0.011295503 0.951733112 40.949694547 0.041167987 0.999151246 0.001409089 0.125841783 -0.950909442 0.039613124 -0.306923550 -5.987992137
-0.305573295 0.011144569 0.952103318 42.147364735 0.040343849 0.999185071 0.001252501 0.129705178 -0.951313497 0.038794236 -0.305773888 -6.363196845
-0.304294838 0.011240158 0.952511563 43.477247139 0.040039411 0.999197601 0.001000137 0.133530377 -0.951736061 0.038442332 -0.304500721 -6.777423885
-0.303191263 0.010141464 0.952875740 44.695404722 0.039381347 0.999222456 0.001895837 0.138215210 -0.952115645 0.038100325 -0.303354902 -7.155891532
-0.302015454 0.009498293 0.953255692 45.921022662 0.038523399 0.999255169 0.002248545 0.141447624 -0.952524355 0.037401738 -0.302156409 -7.534048833
-0.300756601 0.009098659 0.953657511 47.276957049 0.037465713 0.999295309 0.002281541 0.147263801 -0.952964753 0.036415641 -0.300885548 -7.952660662
-0.300085190 0.008499411 0.953874523 48.517521581 0.036602215 0.999326505 0.002610502 0.155052846 -0.953209940 0.035697287 -0.300194181 -8.336588591
-0.300154933 0.006528405 0.953868106 49.764904518 0.034539736 0.999395206 0.004028660 0.163138610 -0.953264945 0.034155568 -0.300198890 -8.721729390
-0.301081124 0.004593220 0.953587451 51.143092579 0.032785639 0.999447067 0.005537460 0.172991581 -0.953034780 0.032931192 -0.301065238 -9.147961046
-0.302339669 0.004193914 0.953191011 52.399698137 0.032402842 0.999457592 0.005880271 0.183170996 -0.952649366 0.032663931 -0.302311572 -9.540194161
-0.303365864 0.004846122 0.952861813 53.660588925 0.032060340 0.999472801 0.005123976 0.195762333 -0.952334668 0.032103507 -0.303361298 -9.937238743
-0.304627159 0.005378068 0.952456475 55.043618585 0.031439186 0.999495931 0.004411612 0.210763509 -0.951952680 0.031288347 -0.304642687 -10.392429769
-0.305694156 0.004996574 0.952116634 56.308528716 0.032030970 0.999474175 0.005039014 0.223841878 -0.951590844 0.032037611 -0.305693458 -10.810739730
-0.306463152 0.003890865 0.951874553 57.578681401 0.032531197 0.999450304 0.006388323 0.237043133 -0.951326490 0.032923398 -0.306421264 -11.234641146
-0.306902149 0.003656849 0.951734031 58.985946432 0.033671389 0.999408319 0.007017856 0.251063878 -0.951145279 0.034199995 -0.306843692 -11.697795163
-0.307385500 0.003931733 0.951576935 60.268436517 0.034469167 0.999381210 0.007005233 0.266867821 -0.950960601 0.034953365 -0.307330816 -12.124806281
-0.307664335 0.004007872 0.951486501 61.558887194 0.034876306 0.999366645 0.007067738 0.282926329 -0.950855580 0.035358818 -0.307609254 -12.549597658
-0.307650211 0.004404499 0.951489314 62.927245152 0.035286573 0.999354214 0.006783327 0.270124907 -0.950845013 0.035661683 -0.307606954 -13.001630712
-0.307635812 0.004801116 0.951492051 64.295603453 0.035696840 0.999341533 0.006498916 0.257323659 -0.950834358 0.035964552 -0.307604628 -13.453663746
-0.307526003 0.004123458 0.951530726 65.607708435 0.035551232 0.999342212 0.007159178 0.252450763 -0.950875334 0.036029716 -0.307470310 -13.882723880
-0.307486132 0.003148682 0.951547335 67.057284675 0.035783220 0.999325470 0.008256322 0.248777166 -0.950879526 0.036588126 -0.307391393 -14.360014988
-0.307300402 0.002465133 0.951609349 68.582118041 0.035874165 0.999315824 0.008996018 0.252408068 -0.950936139 0.036902664 -0.307178589 -14.859010912
-0.307114788 0.001781460 0.951670794 70.106951279 0.035965112 0.999305622 0.009735709 0.256039359 -0.950992666 0.037216920 -0.306965604 -15.358006448
-0.307138486 0.002431554 0.951661707 71.172747553 0.036860973 0.999276725 0.009343261 0.263198253 -0.950950710 0.037948844 -0.307005969 -15.704427429
-0.306894125 0.003202491 0.951738256 72.508387847 0.037772331 0.999247468 0.008817573 0.270111544 -0.950993838 0.038655427 -0.306784143 -16.141495555
-0.306750697 0.003755588 0.951782471 73.847485774 0.038860360 0.999207801 0.008581610 0.280822719 -0.950996275 0.039619017 -0.306653632 -16.579102392
-0.306325586 0.003698859 0.951919598 75.323669169 0.040283490 0.999147027 0.009080762 0.291318776 -0.951074082 0.041128307 -0.306213301 -17.061689669
-0.306113348 0.002658861 0.951991342 76.668392693 0.041384965 0.999087923 0.010516954 0.302241079 -0.951095125 0.042617501 -0.305944185 -17.498483739
-0.305819494 0.001425758 0.952088426 78.014600318 0.042197369 0.999036528 0.012058113 0.314113196 -0.951153959 0.043863225 -0.305585008 -17.934470407
-0.305583079 0.001119561 0.952164742 79.496124222 0.042960933 0.998997132 0.012613040 0.328219093 -0.951195760 0.044760210 -0.305324716 -18.413591941
-0.305352672 0.001622345 0.952237933 80.892035659 0.043811474 0.998963516 0.012347001 0.360288824 -0.951230957 0.045489129 -0.305107256 -18.860282153
-0.305121613 0.002124771 0.952311007 82.287947758 0.044661989 0.998929105 0.012080967 0.392359120 -0.951265547 0.046218261 -0.304889756 -19.306972350
-0.304889903 0.002626838 0.952383964 83.683860510 0.045512479 0.998893899 0.011814939 0.424429982 -0.951299530 0.046947603 -0.304672217 -19.753662531
-0.304901979 0.002233756 0.952381101 85.037108598 0.046138370 0.998857742 0.012428293 0.457087220 -0.951265509 0.047730715 -0.304656763 -20.184200710
-0.305637435 0.001417257 0.952146899 86.389389446 0.046536570 0.998826015 0.013451412 0.483584492 -0.951010063 0.048420898 -0.305344575 -20.615194362
-0.306715520 0.001089662 0.951800593 87.874316339 0.046968869 0.998798351 0.013992137 0.517309356 -0.950641651 0.048996595 -0.306398136 -21.093504165
-0.307816182 0.001102064 0.951445191 89.222320845 0.048050123 0.998741286 0.014388558 0.544158993 -0.950231770 0.050146081 -0.307481683 -21.529401649
-0.308790946 0.001023342 0.951129366 90.704455156 0.049070791 0.998684804 0.014856670 0.574705610 -0.949863276 0.051260267 -0.308435041 -22.009989325
-0.309589288 0.001422890 0.950869295 92.049578134 0.050418605 0.998616704 0.014921225 0.599689308 -0.949532764 0.052560946 -0.309232774 -22.447841939
-0.310160973 0.002179104 0.950681540 93.392614122 0.051620074 0.998560765 0.014552255 0.625882180 -0.949281609 0.053587785 -0.309827063 -22.887947517
-0.310627067 0.003222828 0.950526384 94.868654693 0.053267090 0.998481849 0.014021978 0.655237477 -0.949038185 0.054987372 -0.310327158 -23.374504288
-0.310840900 0.003869222 0.950454066 96.209997555 0.054797310 0.998401345 0.013856750 0.678858435 -0.948881037 0.056389562 -0.310555995 -23.815571300
-0.311046759 0.004063411 0.950385906 97.550975155 0.056286806 0.998314317 0.014153474 0.703323433 -0.948726379 0.057896570 -0.310751149 -24.257310359
-0.310875970 0.004359901 0.950440472 99.025154118 0.057861138 0.998221552 0.014346491 0.726499596 -0.948687648 0.059453537 -0.310575361 -24.741200035
-0.310863498 0.004544188 0.950443688 100.364137615 0.059218541 0.998138321 0.014596499 0.751534791 -0.948607971 0.060821398 -0.310553870 -25.184839070
-0.310752042 0.004656301 0.950479592 101.702191702 0.060673206 0.998045761 0.014947314 0.775314725 -0.948552563 0.062313543 -0.310427271 -25.626466734
-0.310399819 0.004974570 0.950593064 103.173086911 0.061561574 0.997992375 0.014879252 0.800992872 -0.948610646 0.063138513 -0.310082895 -26.111187215
-0.310209793 0.005263186 0.950653539 104.510186581 0.062264068 0.997950084 0.014792478 0.823081066 -0.948626957 0.063780319 -0.309901596 -26.549762319
-0.310069711 0.005148968 0.950699863 105.842471874 0.062748468 0.997915732 0.015060650 0.839495169 -0.948640837 0.064324802 -0.309746532 -26.992098438
-0.309951495 0.006108779 0.950732728 107.294179866 0.063325124 0.997891452 0.014233036 0.845370763 -0.948641151 0.064616809 -0.309684786 -27.493544861
-0.309621510 0.007157503 0.950832929 108.616556912 0.063719082 0.997880080 0.013237303 0.855262670 -0.948722527 0.064684746 -0.309421206 -27.944260475
-0.309524022 0.008060842 0.950857439 109.935654738 0.064449535 0.997842420 0.012520515 0.863301515 -0.948704997 0.065157710 -0.309375716 -28.398613382
-0.309329965 0.008820975 0.950913840 111.391603336 0.065772298 0.997760806 0.012140022 0.874583049 -0.948677506 0.066299051 -0.309217491 -28.890101420
-0.309204856 0.008918482 0.950953619 112.712027558 0.066605774 0.997703553 0.012300098 0.883223239 -0.948660140 0.067142242 -0.309088805 -29.339785785
-0.308964861 0.008868525 0.951032087 114.034559136 0.067268113 0.997655999 0.012550303 0.896648110 -0.948691599 0.067851727 -0.308837215 -29.787323353
-0.308773386 0.008645303 0.951096326 115.488173566 0.067945695 0.997604446 0.012990508 0.912054564 -0.948705651 0.068634014 -0.308621113 -30.280162429
-0.308748381 0.008787943 0.951103137 116.679579764 0.069065775 0.997524732 0.013203353 0.929300996 -0.948632906 0.069765178 -0.308591092 -30.683234872
-0.308755511 0.009146644 0.951097440 118.139593917 0.070327457 0.997436114 0.013238172 0.957620396 -0.948537884 0.070975612 -0.308607156 -31.176433959
-0.309305974 0.009540490 0.950914697 119.600308781 0.072000536 0.997314392 0.013413740 0.990187641 -0.948232973 0.072615307 -0.309162219 -31.684802954
-0.310313868 0.009844798 0.950583163 120.926521508 0.073399388 0.997209439 0.013633228 1.019002654 -0.947796321 0.074002791 -0.310170520 -32.150736518
-0.311480676 0.010562454 0.950193765 121.986039730 0.074905348 0.997099660 0.013470667 1.042832347 -0.947295630 0.075370436 -0.311368459 -32.527450457
-0.313785091 0.012138137 0.949416426 123.703402516 0.077131903 0.996939414 0.012746617 1.076071161 -0.946355969 0.077229982 -0.313760962 -33.131903787
-0.315672203 0.012820755 0.948781669 125.023335841 0.078931586 0.996797959 0.012791983 1.102694592 -0.945579663 0.078926904 -0.315673370 -33.603082042
-0.317527809 0.012830256 0.948162139 126.341345477 0.080023210 0.996704112 0.013311668 1.125159596 -0.944866345 0.080101791 -0.317507991 -34.068172629
-0.319905772 0.013618580 0.947351465 127.784765483 0.081584029 0.996578742 0.013223401 1.137259303 -0.943930282 0.081518980 -0.319922350 -34.594953833
-0.322001170 0.013089597 0.946648761 129.095899256 0.082638141 0.996476579 0.014330653 1.147463290 -0.943125770 0.082843769 -0.321948323 -35.071454932
-0.324250083 0.012804824 0.945884712 130.405210554 0.083489224 0.996393791 0.015131584 1.159184693 -0.942279930 0.083877586 -0.324149833 -35.549151914
-0.326783547 0.013743959 0.944999251 131.842524149 0.084748498 0.996292211 0.014816318 1.172354361 -0.941291793 0.084928984 -0.326736682 -36.080725809
-0.329278357 0.014499704 0.944121544 133.278522039 0.085983264 0.996188295 0.014688772 1.190055554 -0.940309883 0.086015334 -0.329269977 -36.615314140
-0.331112845 0.015754444 0.943459617 134.452381604 0.087242087 0.996088974 0.013984850 1.205873406 -0.939549432 0.086939937 -0.331192304 -37.054844125
-0.333120967 0.016999840 0.942730818 135.886863422 0.089025043 0.995937919 0.013498356 1.225572338 -0.938671932 0.088423224 -0.333281214 -37.591459514
-0.334696704 0.017648403 0.942160612 137.194639984 0.090780098 0.995778146 0.013596300 1.244070498 -0.937943028 0.090080057 -0.334885786 -38.083882461
-0.336301511 0.018031526 0.941581715 138.509872980 0.092578589 0.995606956 0.013999847 1.265617285 -0.937192900 0.091878463 -0.336493457 -38.568240426
-0.337786302 0.018424208 0.941042470 139.957348816 0.094573262 0.995412908 0.014458275 1.293009625 -0.936459474 0.093881251 -0.337979282 -39.106282222
-0.338991158 0.018961467 0.940598440 141.270462325 0.096245146 0.995250233 0.014623500 1.316370015 -0.935853568 0.095485259 -0.339205977 -39.596892191
-0.340197403 0.019658022 0.940148529 142.715731404 0.097803313 0.995098906 0.014583600 1.342851731 -0.935254122 0.096910930 -0.340452683 -40.138285929
-0.341386589 0.019314246 0.939724494 144.027863239 0.098952880 0.994971424 0.015498220 1.365889558 -0.934699715 0.098279316 -0.341581101 -40.630964966
-0.342774050 0.019136064 0.939222939 145.341155397 0.100267913 0.994826550 0.016324311 1.386820777 -0.934051567 0.099769461 -0.342919458 -41.118916327
-0.344250988 0.019218703 0.938680919 146.651012896 0.101031105 0.994743340 0.016685514 1.406682494 -0.933425951 0.100579961 -0.344383063 -41.607275884
-0.346204431 0.019725186 0.937951692 148.081219384 0.101741987 0.994671717 0.016635649 1.419207147 -0.932625913 0.101188390 -0.346366635 -42.142687349
-0.348290820 0.021088399 0.937149269 149.379282230 0.102301296 0.994630530 0.015638308 1.427460390 -0.931787520 0.101318250 -0.348578053 -42.629307581
-0.350428773 0.022185140 0.936326579 150.675650455 0.102782760 0.994592201 0.014901704 1.439064537 -0.930932550 0.101460202 -0.350813974 -43.120804749
-0.352977543 0.022736415 0.935355482 152.099526244 0.103455599 0.994522963 0.014866656 1.450752966 -0.929894524 0.102015344 -0.353396481 -43.664311596
-0.355280164 0.023190196 0.934472144 153.391011052 0.103804316 0.994487826 0.014786143 1.465850547 -0.928978311 0.102255451 -0.355729040 -44.165297645
-0.357576608 0.024141739 0.933571698 154.679809533 0.103962056 0.994481275 0.014102703 1.480305938 -0.928079142 0.102098816 -0.358113065 -44.668347769
-0.360342163 0.024285239 0.932504006 156.100160637 0.103143771 0.994568552 0.013955658 1.483345396 -0.927100276 0.101210778 -0.360889853 -45.220544114
-0.362939041 0.024231046 0.931497760 157.391470882 0.101703079 0.994719759 0.013750876 1.480223080 -0.926246063 0.099726906 -0.363487007 -45.723397475
-0.365997347 0.023678978 0.930314579 158.681702329 0.100497202 0.994835781 0.014215629 1.474872155 -0.925173653 0.098696881 -0.366486927 -46.227813306
-0.369191031 0.022485068 0.929081467 159.966554253 0.099127582 0.994956930 0.015311179 1.480794342 -0.924051805 0.097750336 -0.369558065 -46.740995334
-0.372899033 0.021325312 0.927626817 161.380140130 0.097300375 0.995122604 0.016237034 1.490015386 -0.922756187 0.096313198 -0.373155217 -47.309921450
-0.376701636 0.021011183 0.926096311 162.661411111 0.096379942 0.995205773 0.016624646 1.503262197 -0.921307124 0.095519627 -0.376920699 -47.832854134
-0.381191424 0.020593248 0.924266729 164.067617071 0.095582662 0.995272099 0.017245453 1.518739129 -0.919541780 0.094917680 -0.381357545 -48.413240057
-0.385449379 0.020976067 0.922490515 165.339974619 0.096062869 0.995221269 0.017508622 1.539080527 -0.917714952 0.095365760 -0.385622441 -48.952833650
-0.389779491 0.021223401 0.920663611 166.607969615 0.095908272 0.995233468 0.017662076 1.565677214 -0.915900423 0.095183558 -0.389957094 -49.501574656
-0.395217780 0.021726476 0.918330461 168.001681926 0.096119039 0.995210302 0.017820963 1.603685571 -0.913544782 0.095312190 -0.395413134 -50.117763823
-0.400583990 0.021866488 0.915999069 169.265148916 0.096554841 0.995156296 0.018469170 1.632809633 -0.911158418 0.095842585 -0.400754994 -50.681796008
-0.406448471 0.022535809 0.913395723 170.652377881 0.097056554 0.995104360 0.018637046 1.672948510 -0.908504099 0.096226027 -0.406645893 -51.311569912
-0.411807623 0.023764937 0.910960855 171.909846225 0.097026648 0.995120785 0.017901233 1.710928785 -0.906090692 0.095759329 -0.412104157 -51.893180566
-0.417104907 0.024234758 0.908535164 173.171055362 0.096444750 0.995180390 0.017731416 1.748456799 -0.903726695 0.095019294 -0.417431938 -52.487438915
-0.422950917 0.025714375 0.905787648 174.552343953 0.096663499 0.995173899 0.016884347 1.781579832 -0.900982087 0.094697840 -0.423395354 -53.144146978
-0.428404661 0.026250507 0.903205585 175.811331392 0.096530505 0.995187185 0.016862098 1.812920487 -0.898416017 0.094410680 -0.428876802 -53.753661703
-0.433472385 0.026547986 0.900775703 177.067519591 0.097546517 0.995075082 0.017614233 1.841529780 -0.895871866 0.095502803 -0.433927232 -54.370027234
-0.438601620 0.027605902 0.898257482 178.450608051 0.099749372 0.994847386 0.018131291 1.878308495 -0.893128609 0.097553020 -0.439095346 -55.062945888
-0.443223783 0.030690747 0.895885443 179.831348584 0.103126236 0.994523844 0.016950059 1.909941559 -0.890459257 0.099901950 -0.443961641 -55.764464258
-0.446898925 0.032647316 0.893988520 181.094724232 0.105211510 0.994316546 0.016283358 1.942957082 -0.888376001 0.101334883 -0.447793868 -56.416469854
-0.450559921 0.034615917 0.892074810 182.358076811 0.107295520 0.994104519 0.015616640 1.975975666 -0.886275047 0.102751849 -0.451617786 -57.068450478
-0.454085435 0.035785023 0.890239193 183.626557189 0.108026677 0.994032643 0.015144076 2.008371534 -0.884384919 0.103046272 -0.455241482 -57.730233577
-0.457731583 0.035928660 0.888364171 184.901163562 0.107971317 0.994034259 0.015430106 2.049195785 -0.882510070 0.102980683 -0.458880139 -58.405370011
-0.461939228 0.035790956 0.886189104 186.304073789 0.107993366 0.994020475 0.016147140 2.081682069 -0.880312225 0.103161528 -0.463042236 -59.151784904
-0.466114930 0.035379040 0.884016497 187.582710575 0.107259188 0.994089648 0.016770231 2.110178540 -0.878198365 0.102635733 -0.467154754 -59.838385335
-0.470124623 0.036239950 0.881855700 188.858302978 0.106679999 0.994164396 0.016016698 2.136418762 -0.876129127 0.101606196 -0.471247239 -60.529302349
-0.474446263 0.038292503 0.879451192 190.265281700 0.107067405 0.994146403 0.014474216 2.166874361 -0.873749017 0.101027780 -0.475768925 -61.302183190
-0.478364089 0.038880470 0.877300450 191.551338323 0.107853237 0.994057343 0.014753997 2.195831448 -0.871513344 0.101677462 -0.479714719 -62.022139804
-0.482271533 0.039474674 0.875131927 192.837374039 0.108638031 0.993967690 0.015033698 2.224788608 -0.869259441 0.102322920 -0.483650772 -62.742078203
-0.486660195 0.038885980 0.872725448 194.261946560 0.109313008 0.993867540 0.016672788 2.259104827 -0.866725187 0.103514213 -0.487926514 -63.551880267
-0.490644089 0.038284247 0.870518619 195.560566389 0.109536874 0.993819185 0.018030620 2.290189450 -0.864447847 0.104200491 -0.491805045 -64.295822967
-0.494683000 0.038579453 0.868216751 196.863409084 0.110219483 0.993732415 0.018642858 2.324492675 -0.862055929 0.104916692 -0.495834739 -65.051697905
-0.498685043 0.040129390 0.865853817 198.169453755 0.110822230 0.993681300 0.017773847 2.360371953 -0.859669524 0.104819388 -0.499981230 -65.818634127
-0.503726626 0.042920815 0.862796189 199.878291712 0.112243522 0.993550198 0.016105838 2.407384335 -0.856540079 0.104956208 -0.505295272 -66.833895755
-0.506900168 0.044328665 0.860864195 200.938783868 0.113024879 0.993472885 0.015394986 2.436516203 -0.854562827 0.105102778 -0.508601814 -67.471289827
-0.511311203 0.043934885 0.858271841 202.408378240 0.113233278 0.993429674 0.016604545 2.476870248 -0.851903227 0.105675009 -0.512926612 -68.360297303
-0.515358494 0.043195361 0.855885364 203.753349137 0.112110440 0.993544053 0.017362795 2.511865032 -0.849609852 0.104901735 -0.516874017 -69.180341723
-0.519434319 0.042937538 0.853430917 205.103912390 0.110854208 0.993683004 0.017476712 2.550801728 -0.847289420 0.103684398 -0.520912861 -70.013385453
-0.523609106 0.044156817 0.850813524 206.593727251 0.110705584 0.993715318 0.016557254 2.593611860 -0.844735347 0.102859323 -0.525206795 -70.943541200
-0.527073098 0.044944822 0.848630594 207.950360537 0.111079865 0.993676759 0.016363506 2.628922319 -0.842529074 0.102890522 -0.528732753 -71.798707058
-0.530219359 0.045842360 0.846620271 209.312625439 0.111485749 0.993636931 0.016018077 2.650129790 -0.840498892 0.102879176 -0.531956306 -72.655943814
-0.533519051 0.045515280 0.844562464 210.814287031 0.111290564 0.993646681 0.016753666 2.678444173 -0.838434172 0.102930219 -0.535194855 -73.611266635
-0.536492230 0.045694072 0.842667261 212.182646127 0.111423297 0.993626615 0.017058780 2.706751457 -0.836517163 0.103044654 -0.538164342 -74.491254743
-0.539451497 0.046223485 0.840746957 213.554190526 0.111076933 0.993672504 0.016639490 2.735339544 -0.834658029 0.102363777 -0.541172482 -75.379586259
-0.542680470 0.047040474 0.838620936 215.061961144 0.111281539 0.993655653 0.016274664 2.761550383 -0.832534896 0.102154957 -0.544472253 -76.364341468
-0.544698394 0.046877555 0.837320804 216.023535935 0.111270409 0.993648923 0.016754593 2.778520707 -0.831217530 0.102295214 -0.546455057 -76.997006650
-0.548682564 0.046781818 0.834720840 217.811475016 0.110120628 0.993778110 0.016688826 2.812691463 -0.828746595 0.101076837 -0.550420364 -78.182247138
-0.552013176 0.047690269 0.832470460 219.325449169 0.109641640 0.993846098 0.015768524 2.843646998 -0.826595543 0.099977846 -0.553844980 -79.196708699
-0.555036271 0.047065179 0.830493577 220.706296752 0.108405997 0.993975999 0.016120040 2.871268409 -0.824732020 0.098977678 -0.556794879 -80.127739818
-0.558350332 0.047384077 0.828250947 222.225644293 0.109635962 0.993825523 0.017052512 2.902316237 -0.822328943 0.100327352 -0.560097809 -81.163557347
-0.561380999 0.046350767 0.826258407 223.614244163 0.109762397 0.993779532 0.018827124 2.928323510 -0.820246071 0.101261279 -0.562976518 -82.105796014
-0.564446691 0.047174197 0.824120442 224.997997074 0.111504457 0.993572671 0.019496322 2.957024616 -0.817903855 0.102897724 -0.566078939 -83.055269509
-0.567762749 0.047543930 0.821818113 226.376666815 0.112229907 0.993479758 0.020060419 2.987352424 -0.815505938 0.103622115 -0.569396649 -84.012569769
-0.571708825 0.047664713 0.819070858 227.888989659 0.113073004 0.993362251 0.021117215 3.028807474 -0.812627554 0.104687686 -0.573303557 -85.072220686
-0.575261143 0.048490380 0.816531246 229.256943426 0.114109207 0.993237534 0.021407772 3.063906501 -0.809971440 0.105488778 -0.576904157 -86.042264367
-0.578856914 0.049588643 0.813919907 230.619212007 0.114909658 0.993149383 0.021214996 3.098047352 -0.807292060 0.105807692 -0.580589601 -87.017495842
-0.582941855 0.050914677 0.810917052 232.108821587 0.115698933 0.993066083 0.020820994 3.136516349 -0.804234155 0.105959653 -0.584790559 -88.099662738
-0.586681801 0.051724603 0.808163972 233.456152275 0.116275691 0.992998000 0.020855164 3.166591447 -0.801426512 0.106205155 -0.588588169 -89.090516582
-0.590530300 0.051288567 0.805384023 234.798385995 0.116876960 0.992892224 0.022467983 3.197836459 -0.798507212 0.107398847 -0.592327394 -90.087354155
-0.594704834 0.051946146 0.802264131 236.269435078 0.117609833 0.992795828 0.022899199 3.231689202 -0.795294985 0.107972400 -0.596529855 -91.189589018
-0.598166863 0.052143191 0.799673351 237.601421551 0.117636830 0.992784268 0.023258874 3.265401149 -0.792690359 0.107983712 -0.599984611 -92.197264885
-0.601301195 0.052239744 0.797312899 238.929303505 0.117346106 0.992814208 0.023448738 3.302216089 -0.790358646 0.107661304 -0.603110500 -93.210625953
-0.604631911 0.052817838 0.794751851 240.384959814 0.116278439 0.992962409 0.022471812 3.342666323 -0.787971828 0.105999665 -0.606518334 -94.328812572
-0.607644855 0.053142812 0.792428891 241.705080702 0.114750864 0.993164039 0.021387698 3.376417241 -0.785875304 0.103928011 -0.609589202 -95.349001214
-0.610514555 0.052977077 0.790231222 243.022443010 0.113646821 0.993294779 0.021210465 3.408774543 -0.783808907 0.102756550 -0.612441596 -96.374389659
-0.613688896 0.052341996 0.787811038 244.466924403 0.112999593 0.993350861 0.022026368 3.446383663 -0.781419897 0.102539650 -0.615523017 -97.509898773
-0.616437930 0.052509752 0.785650674 245.774944325 0.112894074 0.993359287 0.022186866 3.483304469 -0.779268395 0.102372118 -0.618272382 -98.548090316
-0.619499464 0.053773620 0.783153107 247.332629375 0.112722717 0.993405451 0.020957131 3.520474988 -0.776861653 0.101262065 -0.621475653 -99.803279595
-0.621655631 0.053760308 0.781443589 248.496381066 0.112089272 0.993479968 0.020821881 3.550181743 -0.775229190 0.100535469 -0.623628369 -100.748814120
-0.624040141 0.053302868 0.779572116 249.779041373 0.111199527 0.993574529 0.021078978 3.585419493 -0.773439456 0.099842166 -0.625957642 -101.806230119
-0.626368455 0.052690856 0.777744309 251.061990666 0.110728946 0.993610166 0.021861859 3.622258736 -0.771622760 0.099812373 -0.628200467 -102.866401296
-0.628873670 0.052696560 0.775719639 252.466347291 0.110600433 0.993617774 0.022164513 3.671115126 -0.769600855 0.099733594 -0.630688318 -104.040825520
-0.630987812 0.053197063 0.773966686 253.743692157 0.110411480 0.993648646 0.021718113 3.711115988 -0.767895637 0.099158659 -0.632853751 -105.109477915
-0.633170289 0.053206232 0.772181624 255.020117743 0.110175203 0.993671468 0.021873271 3.750396407 -0.766131081 0.098924759 -0.635025258 -106.181451196
-0.635668417 0.053006820 0.770140195 256.417641004 0.109908202 0.993691008 0.022324194 3.797655166 -0.764098079 0.098835496 -0.637483874 -107.365610399
-0.637989080 0.053048126 0.768215991 257.685473571 0.108830749 0.993822216 0.021754833 3.841407063 -0.762316093 0.097484855 -0.639820988 -108.446339770
-0.640840924 0.052412908 0.765882351 258.947736410 0.107479107 0.993965896 0.021909833 3.894531836 -0.760112607 0.096357056 -0.642607316 -109.536759917
-0.644417790 0.051024222 0.762969344 260.341380616 0.105575197 0.994152518 0.022685922 3.944433752 -0.757350390 0.095169838 -0.646036460 -110.736832147
-0.648091721 0.049881056 0.759926957 261.591044372 0.103983801 0.994303315 0.023415578 4.000966028 -0.754429926 0.094195523 -0.649586568 -111.835490120
-0.651819742 0.049509820 0.756756091 262.844230298 0.102781274 0.994427060 0.023469842 4.050634808 -0.751376774 0.093078450 -0.653275872 -112.939213878
-0.656214123 0.050321282 0.752894928 264.213843730 0.102353264 0.994488135 0.022741191 4.114878524 -0.747600733 0.091984331 -0.657747706 -114.166557928
-0.660459273 0.050953593 0.749131002 265.458412964 0.101703600 0.994571065 0.022017650 4.168316594 -0.743942167 0.090731069 -0.662055846 -115.290358757
-0.664835891 0.051860785 0.745187007 266.699717597 0.101919686 0.994555608 0.021714573 4.219595216 -0.740003809 0.090385841 -0.666501898 -116.422999474
-0.669896133 0.051872356 0.740640540 268.059124993 0.101216688 0.994623596 0.021888062 4.276115578 -0.735523198 0.089627898 -0.671544848 -117.680244600
-0.674601729 0.051047013 0.736414754 269.330211787 0.100059840 0.994722248 0.022708574 4.331250374 -0.731368961 0.089004774 -0.676149104 -118.882026484
-0.679279424 0.050215028 0.732159747 270.601278894 0.098901100 0.994819072 0.023528475 4.386385337 -0.727185023 0.088393802 -0.680726447 -120.083780342
-0.683929029 0.049376524 0.727875692 271.872326463 0.097740475 0.994914061 0.024347753 4.441520461 -0.722971579 0.087795039 -0.685276692 -121.285506067
-0.688307363 0.048759289 0.723778617 273.091961361 0.097205264 0.994939816 0.025414578 4.498525179 -0.718876993 0.087848121 -0.689564060 -122.469664548
-0.692730173 0.048964436 0.719532746 274.367375894 0.094786993 0.995219429 0.023531160 4.552135436 -0.714940804 0.084503078 -0.694059719 -123.721965923
-0.697132787 0.049129757 0.715256685 275.642791624 0.092366039 0.995489790 0.021647068 4.605750937 -0.710967238 0.081156297 -0.698526492 -124.974225198
-0.701683018 0.048673938 0.710824712 276.853364834 0.089283066 0.995806541 0.019946651 4.650250781 -0.706873041 0.077460826 -0.703086297 -126.178601413
-0.706159105 0.045225292 0.706607369 278.062169923 0.084980158 0.996157748 0.021168723 4.693320177 -0.702935069 0.074996082 -0.707289116 -127.393829962
-0.710831947 0.041499683 0.702136526 279.385544723 0.082083401 0.996331321 0.024211898 4.743630903 -0.698555852 0.074844335 -0.711630567 -128.744202569
-0.714926032 0.039967592 0.698056833 280.584064648 0.080778128 0.996401222 0.025680743 4.790846011 -0.694518309 0.074747546 -0.715581679 -129.980982653
-0.718932924 0.040932294 0.693873173 281.774440525 0.081561384 0.996336088 0.025732125 4.842265818 -0.690277633 0.075092918 -0.719637311 -131.227464483
-0.722707475 0.042483383 0.689847121 283.078951284 0.081833602 0.996347946 0.024372810 4.894334312 -0.686292347 0.074067076 -0.723544676 -132.608393814
-0.725635090 0.042588558 0.686760449 284.262463001 0.081480738 0.996378549 0.024303884 4.943160571 -0.683238337 0.073593489 -0.726477384 -133.873574625
-0.728584905 0.041730278 0.683683116 285.444727171 0.080751390 0.996414747 0.025236207 4.989268495 -0.680178850 0.073595071 -0.729342522 -135.146607211
-0.731990206 0.040197257 0.680128298 286.743866692 0.078187202 0.996618971 0.025246569 5.040005610 -0.676813947 0.071657560 -0.732658236 -136.552168891
-0.735233169 0.038587776 0.676714972 287.922336306 0.076567887 0.996716020 0.026354056 5.086661618 -0.673475733 0.071191002 -0.735773262 -137.838713001
-0.738349929 0.037884191 0.673352920 289.096747051 0.075328463 0.996806126 0.026517387 5.134243677 -0.670197750 0.070301741 -0.738845489 -139.130850977
-0.741735947 0.036293514 0.669709302 290.385204223 0.073795383 0.996888423 0.027707684 5.188097860 -0.666619864 0.069973230 -0.742106272 -140.560126485
-0.744929402 0.035019874 0.666223520 291.552071610 0.072269013 0.996980740 0.028400621 5.237576039 -0.663217456 0.069303764 -0.745211117 -141.867257555
-0.748329916 0.033175478 0.662496573 292.717125848 0.070445176 0.997075135 0.029642083 5.288961049 -0.659575494 0.068851736 -0.748478204 -143.180717291
-0.752046953 0.030983484 0.658380884 293.992410641 0.067392904 0.997273916 0.030048864 5.345095295 -0.655655087 0.066968347 -0.752084877 -144.633058151
-0.755479882 0.029553765 0.654504932 295.148806311 0.065587437 0.997375370 0.030670177 5.397721554 -0.651880704 0.066097994 -0.755435383 -145.958242843
-0.758744029 0.028027670 0.650785628 296.297843775 0.064002805 0.997447300 0.031662673 5.451023791 -0.648236960 0.065675960 -0.758601032 -147.292736654
-0.762365589 0.027603037 0.646557628 297.551747755 0.063127711 0.997497124 0.031849342 5.511536371 -0.644060259 0.065096537 -0.762199998 -148.766685666
