1.000000000 0.000000000 -0.000000000 0.000000000 0.000000000 1.000000000 0.000000000 0.000000000 0.000000000 0.000000000 1.000000000 0.000000000
0.999999656 0.000526063 0.000641349 -0.014535200 -0.000526618 0.999999488 0.000864098 -0.008909108 -0.000640894 -0.000864436 0.999999421 1.425426915
0.999996737 0.002196007 0.001305403 -0.022341139 -0.002195261 0.999997426 -0.000572722 -0.012240228 -0.001306657 0.000569854 0.999998984 2.984179719
0.999992080 0.003126143 0.002463073 -0.030061790 -0.003124264 0.999994826 -0.000766654 -0.012320553 -0.002465457 0.000758953 0.999996673 4.399768968
0.999980738 0.005054117 0.003602646 -0.036452157 -0.005052020 0.999987064 -0.000591064 -0.020168193 -0.003605587 0.000572852 0.999993336 5.817531524
0.999974327 0.005307713 0.004813815 -0.041035337 -0.005309929 0.999985802 0.000447453 -0.024870387 -0.004811372 -0.000473002 0.999988313 7.371312917
0.999975822 0.004000800 0.005687634 -0.037866115 -0.004001824 0.999991978 0.000168487 -0.035775905 -0.005686914 -0.000191244 0.999983811 8.777289467
0.999975380 0.002773337 0.006445697 -0.034802545 -0.002765095 0.999995348 -0.001287409 -0.049610424 -0.006449237 0.001269554 0.999978398 10.180402074
0.999970465 0.001686011 0.007498402 -0.028568122 -0.001667366 0.999995505 -0.002492101 -0.060932330 -0.007502570 0.002479524 0.999968781 11.721665847
0.999961872 0.001302216 0.008634759 -0.021064776 -0.001284033 0.999996947 -0.002111063 -0.070557887 -0.008637482 0.002099895 0.999960491 13.120954023
0.999949309 0.001609572 0.009939203 -0.015153138 -0.001596317 0.999997826 -0.001341465 -0.084385178 -0.009941341 0.001325530 0.999949705 14.519381414
0.999931033 0.001002356 0.011701434 -0.002310708 -0.000997633 0.999999419 -0.000409495 -0.100678388 -0.011701838 0.000397793 0.999931452 16.053886941
0.999912023 0.001530989 0.013175853 0.007667007 -0.001519427 0.999998452 -0.000887510 -0.121767397 -0.013177192 0.000867412 0.999912801 17.445410171
0.999889592 0.000436197 0.014853093 0.023445130 -0.000415018 0.999998893 -0.001428973 -0.139231176 -0.014853701 0.001422651 0.999888666 18.832719197
0.999858472 0.000848301 0.016802272 0.039335800 -0.000831075 0.999999122 -0.001032167 -0.161162177 -0.016803134 0.001018057 0.999858299 20.359734873
0.999828451 0.000618429 0.018511773 0.058223479 -0.000598896 0.999999258 -0.001060687 -0.180456595 -0.018512416 0.001049418 0.999828080 21.744051092
0.999794481 0.000931677 0.020251630 0.079362716 -0.000919117 0.999999379 -0.000629489 -0.200281449 -0.020252204 0.000610746 0.999794717 23.126585779
0.999756610 -0.000033491 0.022061717 0.105621304 0.000024431 0.999999915 0.000410922 -0.221240446 -0.022061730 -0.000410283 0.999756526 24.645103658
0.999724587 -0.000528981 0.023462119 0.133502399 0.000540314 0.999999740 -0.000476702 -0.237324679 -0.023461862 0.000489247 0.999724613 26.020541854
0.999695093 -0.001646492 0.024637585 0.162683781 0.001695323 0.999996640 -0.001961180 -0.253699757 -0.024634274 0.002002350 0.999694525 27.392919238
0.999674619 -0.001784020 0.025445490 0.196506889 0.001864095 0.999993384 -0.003123540 -0.273088346 -0.025439750 0.003169957 0.999671331 28.899352047
0.999663693 -0.002806906 0.025780258 0.227791381 0.002888300 0.999990960 -0.003120510 -0.295971741 -0.025771267 0.003193921 0.999662763 30.268053071
0.999661635 -0.003978601 0.025705749 0.260778580 0.004021577 0.999990601 -0.001620340 -0.313907821 -0.025699062 0.001723169 0.999668239 31.634976663
0.999658132 -0.006214400 0.025396858 0.297652855 0.006212178 0.999980690 0.000166408 -0.332548420 -0.025397403 -0.000008581 0.999677434 33.136231824
0.999642693 -0.009463506 0.024998553 0.332285406 0.009349699 0.999945406 0.004665541 -0.343368925 -0.025041341 -0.004430145 0.999676600 34.501635901
0.999648866 -0.009662888 0.024673317 0.362282123 0.009480075 0.999926819 0.007515663 -0.357252160 -0.024744136 -0.007279118 0.999667316 35.862478407
0.999621869 -0.013089920 0.024182094 0.400149561 0.013075213 0.999914222 0.000766297 -0.368281441 -0.024190051 -0.000449821 0.999707277 37.342624256
0.999652262 -0.011878749 0.023542528 0.429741148 0.011986427 0.999918312 -0.004437882 -0.378890798 -0.023487889 0.004718529 0.999712986 38.687308916
0.999664220 -0.011388572 0.023275472 0.460585393 0.011561714 0.999906384 -0.007317752 -0.396078916 -0.023189955 0.007584398 0.999702307 40.166596570
0.999686616 -0.010350702 0.022793264 0.488066387 0.010515731 0.999919272 -0.007132245 -0.415808580 -0.022717601 0.007369697 0.999714758 41.511399636
0.999706240 -0.009118388 0.022456367 0.513633608 0.009215590 0.999948594 -0.004228765 -0.440392393 -0.022416654 0.004434471 0.999738880 42.855035459
0.999705693 -0.011089684 0.021576537 0.542261881 0.011101532 0.999938284 -0.000429317 -0.457040995 -0.021570446 0.000668724 0.999767107 44.197751746
0.999714413 -0.012809906 0.020174198 0.572734207 0.012800368 0.999917891 0.000601982 -0.472688342 -0.020180254 -0.000343573 0.999796299 45.668677077
0.999708109 -0.015399777 0.018615679 0.600168394 0.015402322 0.999881377 0.000006781 -0.482695812 -0.018613576 0.000279945 0.999826713 47.001621175
0.999676152 -0.018829838 0.017118091 0.627314509 0.018814067 0.999822414 0.001082096 -0.490698755 -0.017135427 -0.000759684 0.999852889 48.334988887
0.999602977 -0.023740036 0.015175579 0.656417647 0.023737591 0.999718165 0.000341473 -0.507339636 -0.015179409 0.000018894 0.999884786 49.797103865
0.999584167 -0.026021747 0.012424199 0.677646575 0.026056780 0.999656910 -0.002665872 -0.520681327 -0.012350566 0.002988498 0.999919263 51.121683684
0.999647318 -0.024852020 0.009360388 0.689827193 0.024895760 0.999679537 -0.004585235 -0.539244111 -0.009243437 0.004816651 0.999945678 52.444125271
0.999781386 -0.019785918 0.006760033 0.692115405 0.019820719 0.999790441 -0.005119927 -0.558340571 -0.006657315 0.005252796 0.999964044 53.896750752
0.999896342 -0.013371451 0.005339465 0.690329694 0.013403557 0.999892029 -0.006022903 -0.574236424 -0.005258354 0.006093846 0.999967607 55.210576767
0.999952658 -0.008746116 0.004264688 0.688537896 0.008767214 0.999949298 -0.004953432 -0.588716010 -0.004221149 0.004990587 0.999978638 56.522532747
0.999971409 -0.007071186 0.002679565 0.690033436 0.007081400 0.999967626 -0.003821114 -0.598299826 -0.002652459 0.003839979 0.999989109 57.960187588
0.999976313 -0.006771097 0.001235488 0.692252108 0.006775692 0.999970004 -0.003752530 -0.605943295 -0.001210042 0.003760812 0.999992196 59.260574379
0.999974514 -0.007125985 0.000438013 0.694312767 0.007127286 0.999969980 -0.003039944 -0.610201856 -0.000416337 0.003042988 0.999995283 60.554535931
0.999978886 -0.006487787 -0.000369661 0.695806532 0.006486913 0.999976265 -0.002321359 -0.616712799 0.000384713 0.002318912 0.999997237 61.971884857
0.999973086 -0.007224708 -0.001276960 0.696943527 0.007221136 0.999970060 -0.002781200 -0.623822176 0.001297016 0.002771903 0.999995317 63.253259033
0.999968431 -0.007609516 -0.002287420 0.696160771 0.007603051 0.999967113 -0.002822426 -0.623682496 0.002308822 0.002804945 0.999993401 64.527796551
0.999961848 -0.008201457 -0.003006389 0.692911645 0.008198808 0.999965991 -0.000892821 -0.626749162 0.003013610 0.000868138 0.999995082 65.921937181
0.999961521 -0.007881874 -0.003851329 0.688439531 0.007884640 0.999968669 0.000703118 -0.627219969 0.003845667 -0.000733457 0.999992336 67.179296159
0.999961548 -0.007544960 -0.004469455 0.681185901 0.007548026 0.999971289 0.000669333 -0.632008253 0.004464277 -0.000703043 0.999989788 68.424621633
0.999969938 -0.005905494 -0.005024785 0.672791390 0.005905626 0.999982562 0.000011218 -0.634350344 0.005024631 -0.000040892 0.999987376 69.777179461
0.999973286 -0.004862306 -0.005457531 0.663885074 0.004861064 0.999988156 -0.000240869 -0.637462308 0.005458637 0.000214333 0.999985079 70.995607348
0.999975655 -0.003965623 -0.005741327 0.654698155 0.003966709 0.999992117 0.000177685 -0.640726223 0.005740577 -0.000200455 0.999983503 72.202914556
0.999979424 -0.003342693 -0.005475302 0.645294705 0.003346593 0.999994153 0.000703192 -0.644800574 0.005472920 -0.000721501 0.999984763 73.515441668
0.999981333 -0.003387947 -0.005084873 0.637452850 0.003396334 0.999992885 0.001641594 -0.648348525 0.005079276 -0.001658833 0.999985725 74.696620575
0.999986061 -0.003550634 -0.003907803 0.631589757 0.003560653 0.999990385 0.002559719 -0.650305683 0.003898677 -0.002573597 0.999989088 75.865401767
0.999995850 -0.001861042 -0.002199052 0.624440357 0.001865771 0.999995948 0.002150217 -0.652935465 0.002195041 -0.002154311 0.999995270 77.142172414
0.999999785 -0.000586113 -0.000292372 0.620179555 0.000586025 0.999999783 -0.000299592 -0.654692682 0.000292547 0.000299420 0.999999912 78.295120543
0.999996687 0.001315394 0.002212820 0.617698264 -0.001309193 0.999995219 -0.002801304 -0.660572312 -0.002216495 0.002798397 0.999993628 79.446317988
0.999964330 0.004945996 0.006846570 0.618598104 -0.004920065 0.999980679 -0.003799218 -0.673294479 -0.006865229 0.003765396 0.999969345 80.711280943
0.999884339 0.008390392 0.012685043 0.625521668 -0.008346651 0.999959050 -0.003497354 -0.685961362 -0.012713868 0.003391071 0.999913425 81.857874895
0.999741449 0.009943003 0.020449253 0.646108545 -0.009888280 0.999947258 -0.002775485 -0.697405868 -0.020475772 0.002572560 0.999787040 83.114805403
0.999557254 0.010058067 0.028002337 0.675623256 -0.010003700 0.999947796 -0.002080982 -0.706175883 -0.028021807 0.001799933 0.999605692 84.251926662
0.999299168 0.010218348 0.036010533 0.714579306 -0.010195768 0.999947693 -0.000810686 -0.712561454 -0.036016935 0.000442963 0.999351082 85.381735189
0.998903737 0.010465078 0.045626822 0.769008688 -0.010484164 0.999945024 0.000178978 -0.716557918 -0.045622443 -0.000657141 0.998958538 86.616897801
0.998408340 0.011099005 0.055295556 0.827926511 -0.011155534 0.999937520 0.000713713 -0.717837464 -0.055284182 -0.001329428 0.998469775 87.735725220
0.997815736 0.010533683 0.065213479 0.899601548 -0.010653094 0.999942154 0.001483579 -0.717669720 -0.065194081 -0.002175064 0.997870233 88.850209542
0.997121376 0.010285545 0.075121023 0.981484789 -0.010466800 0.999943182 0.002019509 -0.717552781 -0.075095986 -0.002799972 0.997172379 89.960624512
0.996253124 0.009208357 0.085993711 1.086337017 -0.009371847 0.999954962 0.001497655 -0.715810669 -0.085976050 -0.002297963 0.996294554 91.175525816
0.995389088 0.007188118 0.095649848 1.193951048 -0.007276497 0.999973360 0.000575202 -0.714643499 -0.095643168 -0.001268546 0.995414876 92.275629798
0.994417424 0.006770355 0.105300281 1.310348977 -0.006795915 0.999976901 -0.000116083 -0.714479503 -0.105298639 -0.000600177 0.994440464 93.372543590
0.993211752 0.006733079 0.116125277 1.451196649 -0.006600507 0.999977052 -0.001526148 -0.713866057 -0.116132892 0.000749302 0.993233402 94.572530054
0.992036986 0.007744485 0.125708555 1.587361013 -0.007479441 0.999968700 -0.002580272 -0.717621188 -0.125724608 0.001619495 0.992063859 95.663608285
0.990746609 0.010486248 0.135318864 1.731769669 -0.010085983 0.999942498 -0.003643202 -0.723735461 -0.135349292 0.002244666 0.990795403 96.749996400
0.989227620 0.012777645 0.145826770 1.901958535 -0.012211227 0.999914021 -0.004778718 -0.733901655 -0.145875298 0.002946515 0.989298598 97.938621461
0.987733947 0.015252942 0.155399475 2.067591784 -0.014584739 0.999878843 -0.005439235 -0.744185609 -0.155463617 0.003106055 0.987836736 99.013874870
0.986195928 0.017057506 0.164701646 2.241466083 -0.016535383 0.999852970 -0.004540776 -0.755339214 -0.164754890 0.001754690 0.986332980 100.086385527
0.984466838 0.016845035 0.174760658 2.446393055 -0.016653351 0.999858037 -0.002563363 -0.767599091 -0.174779035 -0.000386805 0.984607607 101.260015366
0.982844917 0.016932821 0.183654971 2.641855111 -0.016940340 0.999855334 -0.001528121 -0.777065406 -0.183654284 -0.001609272 0.982989581 102.318870008
0.981214479 0.014612828 0.192365825 2.847693344 -0.014448680 0.999893067 -0.002256189 -0.785728788 -0.192378231 -0.000565628 0.981320691 103.369068332
0.979505148 0.013061097 0.200995200 3.083808270 -0.012469046 0.999913390 -0.004211412 -0.795219603 -0.201032804 0.001618881 0.979583173 104.515685301
0.978095505 0.011279316 0.207850808 3.305573547 -0.010591230 0.999934129 -0.004423079 -0.803921830 -0.207887014 0.002124797 0.978150539 105.552370610
0.976793191 0.009724740 0.213963756 3.534489756 -0.008926317 0.999949126 -0.004697434 -0.813763519 -0.213998560 0.002678512 0.976830304 106.583282681
0.975398633 0.007575251 0.220318224 3.791540869 -0.006919410 0.999969035 -0.003748371 -0.822705371 -0.220339805 0.002131683 0.975420847 107.712657213
0.974259284 0.006293376 0.225342494 4.030094259 -0.005908334 0.999979706 -0.002383039 -0.829653887 -0.225352927 0.000990299 0.974276696 108.735768019
0.973197335 0.004797456 0.229921571 4.272255752 -0.004597611 0.999988444 -0.001404905 -0.835826996 -0.229925663 0.000310160 0.973208146 109.754234577
0.972119825 0.002116404 0.234475082 4.544295355 -0.001480914 0.999994738 -0.002886309 -0.841536783 -0.234479965 0.002458600 0.972117844 110.867598458
0.971314127 0.002038275 0.237791317 4.791674681 -0.000731629 0.999984147 -0.005583052 -0.848411295 -0.237798936 0.005248921 0.971300220 111.874563030
0.970625457 0.001783998 0.240588937 5.041162830 0.000278610 0.999963504 -0.008538876 -0.856893081 -0.240595398 0.008355080 0.970589537 112.877759131
0.970093769 0.001601558 0.242725177 5.318020800 0.000739150 0.999954105 -0.009552075 -0.867756842 -0.242729344 0.009445817 0.970048063 113.979279391
0.969757689 0.001834356 0.244062813 5.567737626 -0.000071017 0.999973835 -0.007233544 -0.878926632 -0.244069705 0.006997451 0.969732446 114.980176795
0.969704743 0.003626317 0.244253064 5.812605644 -0.002514843 0.999985017 -0.004862205 -0.887813787 -0.244267045 0.004100644 0.969699334 115.978998972
0.969743889 0.003984403 0.244092016 6.085611114 -0.002520822 0.999976926 -0.006308113 -0.900367709 -0.244111527 0.005501940 0.969731557 117.070832963
0.970049953 0.004804900 0.242857981 6.337183411 -0.002541707 0.999950386 -0.009631470 -0.917984079 -0.242892219 0.008725732 0.970014038 118.057728939
0.970495093 0.005927589 0.241047995 6.582859013 -0.002979365 0.999916260 -0.012593486 -0.933204118 -0.241102467 0.011503745 0.970431485 119.042772311
0.971262307 0.006816597 0.237913983 6.849913033 -0.004041566 0.999918020 -0.012149848 -0.949136801 -0.237977308 0.010839142 0.971210233 120.126944841
0.972053995 0.005559572 0.234691540 7.089680210 -0.003747557 0.999959634 -0.008166127 -0.961624723 -0.234727475 0.007058395 0.972035593 121.113612169
0.972929784 0.004153625 0.231063587 7.325240896 -0.003398669 0.999987507 -0.003665259 -0.973727968 -0.231075933 0.002780731 0.972931746 122.098491478
0.973976906 0.004088791 0.226610385 7.581733668 -0.004094033 0.999991520 -0.000446863 -0.987292362 -0.226610298 -0.000492517 0.973985386 123.176676934
0.975003029 0.003307955 0.222166940 7.808077512 -0.003389123 0.999994257 -0.000015897 -0.993804415 -0.222165724 -0.000737452 0.975008640 124.153678082
0.976074624 0.002564115 0.217420678 8.030041100 -0.002370172 0.999996527 -0.001152795 -0.999950175 -0.217422886 0.000609889 0.976077312 125.128348532
0.977181696 0.002946971 0.212384666 8.263939316 -0.002392321 0.999993024 -0.002868469 -1.008846176 -0.212391646 0.002294923 0.977181930 126.201306134
0.978123911 0.002986015 0.208001676 8.473967462 -0.002239150 0.999990174 -0.003826029 -1.022864223 -0.208011064 0.003276583 0.978120986 127.176116023
0.979129413 0.002978300 0.203215945 8.678610820 -0.002368534 0.999991934 -0.003243716 -1.036391105 -0.203223974 0.002694693 0.979128570 128.150596844
0.980216880 0.002131327 0.197914942 8.899082992 -0.001850049 0.999996999 -0.001606102 -1.052050353 -0.197917779 0.001208175 0.980217881 129.222021429
0.981188517 0.000767689 0.193050520 9.094695326 -0.000763579 0.999999704 -0.000095694 -1.058814688 -0.193050543 -0.000053516 0.981188813 130.192423283
0.982127051 -0.000649655 0.188218042 9.284815243 0.000830971 0.999999264 -0.000884424 -1.064902374 -0.188217336 0.001025020 0.982126868 131.159519800
0.983145376 0.001869430 0.182815954 9.482626144 -0.001427369 0.999995731 -0.002549622 -1.078051867 -0.182819946 0.002245702 0.983143848 132.222735070
0.983876279 -0.000708022 0.178849001 9.660825109 0.001507114 0.999989481 -0.004332138 -1.093027575 -0.178844059 0.004531832 0.983866996 133.188929138
0.984558179 0.000349935 0.175057329 9.831771884 0.000031604 0.999997630 -0.002176719 -1.110299892 -0.175057683 0.002148638 0.984555835 134.158685995
0.985005994 0.003217463 0.172490111 10.010434573 -0.003372056 0.999994133 0.000603225 -1.123888726 -0.172487164 -0.001175827 0.985011064 135.223763643
0.985426560 0.003483199 0.170065756 10.173803354 -0.003858973 0.999990789 0.001879083 -1.135246373 -0.170057651 -0.002507978 0.985430924 136.190716573
0.985763757 0.005179621 0.168056495 10.351104259 -0.004764783 0.999984525 -0.002871596 -1.145210248 -0.168068774 0.002029962 0.985773183 137.246752879
0.986021945 0.006867132 0.166473919 10.510058231 -0.006299957 0.999972413 -0.003934839 -1.159661550 -0.166496353 0.002831059 0.986038007 138.209205626
0.986245122 0.008364790 0.165077520 10.668599469 -0.007871209 0.999962382 -0.003643953 -1.169537845 -0.165101797 0.002294471 0.986273863 139.169299538
0.986452079 0.009321446 0.163784634 10.827139169 -0.009106557 0.999956407 -0.002062822 -1.179150485 -0.163796729 0.000543361 0.986493962 140.128017978
0.986585341 0.009048601 0.162995357 11.004245895 -0.009129363 0.999958294 -0.000253557 -1.192198603 -0.162990860 -0.001237889 0.986626803 141.181744452
0.986584348 0.009062037 0.163000623 11.165784379 -0.009175198 0.999957905 -0.000058591 -1.206643142 -0.162994298 -0.001437758 0.986625964 142.133826275
0.986467718 0.013236084 0.163420456 11.324578926 -0.013001182 0.999912338 -0.002506903 -1.223610852 -0.163439318 0.000348320 0.986553328 143.079988067
0.986122217 0.018621471 0.164973368 11.494421866 -0.017604058 0.999815944 -0.007627253 -1.238644662 -0.165085040 0.004617202 0.986268529 144.117082403
0.985668513 0.021245454 0.167350567 11.656466913 -0.019478988 0.999735950 -0.012190114 -1.254635162 -0.167565369 0.008755590 0.985822087 145.058792907
0.984848046 0.024092627 0.171737797 11.818297490 -0.022313498 0.999675568 -0.012282737 -1.270211909 -0.171978009 0.008264557 0.985066121 146.000141322
0.983810843 0.026007486 0.177312818 12.003528778 -0.024668958 0.999648131 -0.009749721 -1.295782204 -0.177503999 0.005217758 0.984106248 147.033183913
0.982720614 0.028484295 0.182890238 12.175494218 -0.027408890 0.999588964 -0.008405643 -1.313645024 -0.183054499 0.003247579 0.983097404 147.968281824
0.981501328 0.027197997 0.189513618 12.356228628 -0.026050101 0.999624109 -0.008545922 -1.328436560 -0.189674820 0.003450984 0.981840901 148.897810199
0.979842012 0.026710379 0.197980268 12.562492616 -0.025586689 0.999638711 -0.008232233 -1.343390260 -0.198128633 0.003000627 0.980171435 149.915862328
0.978002155 0.028243529 0.206673863 12.755020877 -0.027013795 0.999596587 -0.008770289 -1.354157829 -0.206838200 0.002994316 0.978370582 150.837050583
0.975981274 0.028745584 0.215949628 12.959823650 -0.027952544 0.999586621 -0.006726320 -1.373600065 -0.216053719 0.000528420 0.976381336 151.754410732
0.973525883 0.029461686 0.226670161 13.190436204 -0.029516141 0.999559341 -0.003149868 -1.389292408 -0.226663085 -0.003623950 0.973966485 152.760902448
0.970884822 0.030002765 0.237660461 13.408305458 -0.030283461 0.999538297 -0.002470600 -1.404939804 -0.237624866 -0.004798514 0.971345150 153.668563825
0.967732228 0.031141170 0.250049116 13.658898346 -0.031698822 0.999495849 -0.001797661 -1.417047593 -0.249979044 -0.006186608 0.968231484 154.662164321
0.964609450 0.032401575 0.261684435 13.898783946 -0.032605614 0.999461944 -0.003563309 -1.431124207 -0.261659100 -0.005095180 0.965146910 155.556804354
0.961366151 0.031364884 0.273480101 14.152767453 -0.031424010 0.999497464 -0.004165376 -1.444824319 -0.273473324 -0.004589390 0.961868640 156.445940764
0.957830487 0.028681188 0.285898838 14.445973257 -0.028500079 0.999582288 -0.004795286 -1.460732470 -0.285916959 -0.003555069 0.958247806 157.418666344
0.954411940 0.027449687 0.297227793 14.723130152 -0.027359124 0.999615695 -0.004465489 -1.472505007 -0.297236154 -0.003869977 0.954796154 158.298543888
0.950956236 0.023997415 0.308393186 15.010780451 -0.023830401 0.999706731 -0.004308502 -1.483590355 -0.308406148 -0.003251937 0.951249219 159.174005006
0.947099630 0.021626703 0.320210201 15.340528055 -0.021333049 0.999762630 -0.004425376 -1.498534721 -0.320229911 -0.002639789 0.947336181 160.133591416
0.943245245 0.022995254 0.331299896 15.645764123 -0.022819274 0.999729829 -0.004421593 -1.509274901 -0.331312076 -0.003389377 0.943515143 161.006669629
0.939209937 0.022529765 0.342603414 15.963658609 -0.022643564 0.999736872 -0.003668325 -1.521604320 -0.342595924 -0.004312436 0.939472959 161.876174662
0.934749633 0.021740373 0.354641332 16.325270426 -0.021039201 0.999761633 -0.005833525 -1.535037929 -0.354683633 -0.002008486 0.934984220 162.827173296
0.930516330 0.019871857 0.365710902 16.665594144 -0.018350002 0.999802457 -0.007637065 -1.545270468 -0.365790434 0.000395617 0.930697162 163.686141003
0.926435077 0.019452798 0.375951634 17.016209944 -0.016671646 0.999804300 -0.010649764 -1.562353296 -0.376085242 0.003598581 0.926578084 164.539971215
0.922475004 0.016603988 0.385699584 17.414113531 -0.013471466 0.999850680 -0.010822984 -1.581997209 -0.385821710 0.004787991 0.922560940 165.474714122
0.919025982 0.015359636 0.393897602 17.781449391 -0.011551490 0.999860826 -0.012037091 -1.600494634 -0.394027681 0.006512293 0.919075504 166.321762369
0.915663203 0.014267521 0.401693079 18.154405961 -0.010587541 0.999879195 -0.011379778 -1.616594394 -0.401806929 0.006167100 0.915703645 167.167756309
0.912352832 0.013099010 0.409195210 18.570326476 -0.009988425 0.999902696 -0.009738065 -1.635962505 -0.409282967 0.004797333 0.912394895 168.096170080
0.909366646 0.013668855 0.415770921 18.953302950 -0.010903798 0.999899832 -0.009024051 -1.655217059 -0.415852637 0.003672688 0.909424599 168.936138861
0.906337630 0.014472101 0.422306350 19.342839075 -0.010994504 0.999882638 -0.010669204 -1.674700084 -0.422411208 0.005026850 0.906390373 169.768639451
0.903227229 0.013390438 0.428953684 19.777833603 -0.008930645 0.999883135 -0.012408039 -1.693925937 -0.429069719 0.007376443 0.903241259 170.680674825
0.900407485 0.012595192 0.434865168 20.178325424 -0.007774492 0.999887047 -0.012862746 -1.717937106 -0.434978073 0.008200855 0.900403703 171.504037153
0.897497673 0.011601126 0.440866570 20.580629524 -0.006619728 0.999895710 -0.012835465 -1.739714565 -0.440969514 0.008601381 0.897480870 172.320240853
0.894051330 0.010812329 0.447834016 21.025681804 -0.005822552 0.999904704 -0.012517229 -1.769045644 -0.447926696 0.008583506 0.894029086 173.203638149
0.891120469 0.009049704 0.453676542 21.430235686 -0.005076645 0.999937366 -0.009974588 -1.792660193 -0.453738410 0.006585402 0.891110597 173.993948936
0.888152775 0.006949765 0.459495747 21.829699430 -0.003962922 0.999964289 -0.007464351 -1.813041297 -0.459531230 0.004808536 0.888148599 174.768515889
0.884654965 0.005637644 0.466212186 22.264390574 -0.003286172 0.999977451 -0.005856539 -1.832452039 -0.466234707 0.003648961 0.884653543 175.599405038
0.881587386 0.004973273 0.471994639 22.662515295 -0.002408207 0.999978869 -0.006038467 -1.845254592 -0.472014713 0.004186774 0.881580734 176.332277072
0.878531667 0.004499969 0.477662907 23.059436333 -0.001618411 0.999977928 -0.006443970 -1.860624829 -0.477681379 0.004888175 0.878519559 177.044211878
0.875360197 0.003051084 0.483461692 23.489395659 0.000266678 0.999976888 -0.006793615 -1.876213175 -0.483471263 0.006075787 0.875339152 177.812814155
0.872384050 0.001706570 0.488818114 23.876385257 0.001331662 0.999981898 -0.005867746 -1.890006656 -0.488819297 0.005769867 0.872365985 178.492748862
0.869415163 0.000451876 0.494082039 24.257712091 0.002280805 0.999985256 -0.004927999 -1.898911108 -0.494076999 0.005411380 0.869401314 179.154885571
0.866213973 -0.001416277 0.499671230 24.678325945 0.003906826 0.999984613 -0.003938374 -1.907336695 -0.499657982 0.005363601 0.866206178 179.854458141
0.863481920 -0.002751777 0.504372276 25.053515300 0.005303800 0.999979367 -0.003624337 -1.915664129 -0.504351914 0.005804637 0.863478699 180.471177746
0.860550297 -0.003889462 0.509350614 25.463691541 0.007318924 0.999962032 -0.004729528 -1.917314174 -0.509312898 0.007797893 0.860546091 181.120598726
0.858094786 -0.003393059 0.513480103 25.823127072 0.007615741 0.999952276 -0.006119283 -1.920695369 -0.513434853 0.009161454 0.858079675 181.696283209
0.855914871 -0.003587648 0.517104296 26.174364800 0.009032492 0.999927099 -0.008013196 -1.924909869 -0.517037869 0.011529351 0.855884879 182.253512275
0.853983087 -0.004308861 0.520282913 26.552330748 0.011139572 0.999887914 -0.010003457 -1.932100167 -0.520181513 0.014338509 0.853935367 182.840578892
0.852387706 -0.005799133 0.522878149 26.885949582 0.012039337 0.999891083 -0.008536752 -1.935537823 -0.522771712 0.013571726 0.852364684 183.359984175
0.851023360 -0.006399722 0.525088825 27.208864090 0.012017921 0.999901200 -0.007291036 -1.938595509 -0.524990304 0.012515315 0.851016191 183.857935494
0.849521286 -0.006630036 0.527512670 27.547380929 0.011992814 0.999905326 -0.006746269 -1.945843308 -0.527418019 0.012057458 0.849520371 184.387386589
0.848358443 -0.007632817 0.529367246 27.845866117 0.011960133 0.999917195 -0.004749620 -1.951166834 -0.529287178 0.010360681 0.848379484 184.846199208
0.847336977 -0.008164079 0.530992830 28.131300484 0.013246475 0.999895644 -0.005764673 -1.956628302 -0.530890374 0.011918401 0.847356698 185.284257627
0.846720058 -0.006861060 0.531994416 28.430609309 0.013207967 0.999879748 -0.008126429 -1.963490166 -0.531874706 0.013907372 0.846708859 185.741082860
0.846374699 -0.006018981 0.532553875 28.688729106 0.012578086 0.999883138 -0.008689254 -1.970333409 -0.532439358 0.014052870 0.846351498 186.137860105
0.846097985 -0.006081229 0.532992690 28.938369901 0.012554290 0.999884885 -0.008520997 -1.977555886 -0.532879536 0.013900940 0.846076932 186.520281749
0.845869553 -0.006411364 0.533351275 29.203576700 0.013020226 0.999877991 -0.008630017 -1.985565468 -0.533230891 0.014244220 0.845849827 186.920644282
0.845835587 -0.006111688 0.533408657 29.434166271 0.013108374 0.999870554 -0.009329867 -1.994076397 -0.533282608 0.014883651 0.845806212 187.271978202
0.845767126 -0.005436599 0.533524508 29.655652723 0.012509344 0.999875269 -0.009641677 -2.004439644 -0.533405563 0.014828653 0.845729642 187.607218152
0.845476952 -0.004864745 0.533989745 29.887481189 0.011955235 0.999880314 -0.009819875 -2.013107735 -0.533878082 0.014686448 0.845433920 187.964328677
0.845293071 -0.004824683 0.534281139 30.090811976 0.011751805 0.999885211 -0.009563485 -2.020412565 -0.534173688 0.014362713 0.845252740 188.271658574
0.845237442 -0.004798070 0.534369381 30.285035712 0.011865926 0.999881661 -0.009791021 -2.027404798 -0.534259185 0.014616522 0.845194351 188.566327220
0.845119154 -0.005272694 0.534551965 30.490246858 0.012424434 0.999874982 -0.009780325 -2.037498113 -0.534433587 0.014907043 0.845079009 188.873321032
0.844953936 -0.005245365 0.534813352 30.665387875 0.012329160 0.999877212 -0.009672255 -2.045424410 -0.534696969 0.014766406 0.844914857 189.139216726
0.844709860 -0.004542026 0.535205205 30.847435621 0.011564298 0.999885437 -0.009766292 -2.054358158 -0.535099550 0.014438953 0.844665613 189.415559816
0.844292520 -0.003111736 0.535873536 31.003039673 0.010480204 0.999887769 -0.010705831 -2.060600381 -0.535780100 0.014654914 0.844230376 189.653312906
0.843781364 -0.002146199 0.536682767 31.153108403 0.010225317 0.999874776 -0.012077903 -2.066902549 -0.536589659 0.015678858 0.843697648 189.879034312
0.843183024 -0.002044017 0.537622729 31.299063961 0.010823703 0.999854636 -0.013174000 -2.077465007 -0.537517670 0.016927159 0.843082580 190.090337985
0.842609708 -0.001483750 0.538522671 31.453137178 0.011202873 0.999828097 -0.014774038 -2.084532670 -0.538408196 0.018481745 0.842481484 190.317294026
0.842082057 -0.000770714 0.539348871 31.591041750 0.011256347 0.999806286 -0.016145770 -2.091658170 -0.539231967 0.019667158 0.841927610 190.519578695
0.841384495 0.000243848 0.540436918 31.719054713 0.010300420 0.999811015 -0.016487430 -2.101347603 -0.540338823 0.019438992 0.841222974 190.736622408
0.840533552 0.000451593 0.541759294 31.857990067 0.009090656 0.999847104 -0.014937493 -2.113405974 -0.541683226 0.017480408 0.840400933 190.972704733
0.839935495 -0.000187092 0.542686206 31.981669210 0.008342940 0.999886214 -0.012567963 -2.122893290 -0.542622125 0.015083874 0.839841484 191.175751897
0.839204470 -0.001054121 0.543814982 32.110509695 0.007955248 0.999914915 -0.010338163 -2.134333301 -0.543757833 0.013002013 0.839141452 191.387749898
0.838587759 -0.001352395 0.544764839 32.220497644 0.007601440 0.999928612 -0.009218981 -2.142370328 -0.544713501 0.011871919 0.838538174 191.565948355
0.838053612 -0.001195811 0.545586568 32.335874567 0.007008189 0.999938690 -0.008573343 -2.153458743 -0.545542885 0.011008492 0.838010611 191.755689708
0.837602095 -0.001359275 0.546279115 32.426671333 0.006541716 0.999950159 -0.007542202 -2.165679144 -0.546241656 0.009890965 0.837569241 191.900930101
0.837014782 -0.001395146 0.547178488 32.527940972 0.005875717 0.999962011 -0.006438429 -2.177309030 -0.547148738 0.008604124 0.836991182 192.062131023
0.836514541 -0.001346452 0.547943062 32.612655313 0.005507942 0.999967121 -0.005951468 -2.190096970 -0.547917053 0.007996526 0.836494453 192.198925049
0.836121768 -0.001426934 0.548542015 32.696859935 0.005055000 0.999974198 -0.005103890 -2.198174909 -0.548520598 0.007040351 0.836107408 192.332592386
0.835704212 -0.001264694 0.549178349 32.766425986 0.004443013 0.999980192 -0.004458253 -2.206869473 -0.549161853 0.006165785 0.835693277 192.446068089
0.835347444 -0.000821240 0.549721713 32.829484147 0.003889389 0.999982684 -0.004416354 -2.214462247 -0.549708588 0.005827269 0.835336174 192.545017642
0.835046018 -0.000781003 0.550179540 32.894113988 0.003724503 0.999984103 -0.004233420 -2.223487373 -0.550167508 0.005584244 0.835035652 192.644264785
0.834730488 -0.001267237 0.550657240 32.947670064 0.004132064 0.999983612 -0.003962436 -2.229159618 -0.550643214 0.005582915 0.834722045 192.724962863
0.834522360 -0.001482776 0.550972070 32.995535072 0.004391292 0.999982517 -0.003960057 -2.234529009 -0.550956585 0.005724233 0.834514281 192.797684626
0.834301414 -0.001498107 0.551306535 33.040830786 0.004182251 0.999984732 -0.003611737 -2.240216927 -0.551292727 0.005318978 0.834294941 192.868442164
0.834074527 -0.001253737 0.551650343 33.075338951 0.003765453 0.999987061 -0.003420551 -2.243752161 -0.551638936 0.004930206 0.834068455 192.923168890
0.833937253 -0.001021485 0.551858318 33.103950363 0.003601910 0.999987062 -0.003592036 -2.247690607 -0.551847529 0.004983274 0.833930143 192.968715533
0.833868929 -0.000975434 0.551961635 33.128732510 0.003534653 0.999987371 -0.003572740 -2.249580549 -0.551951199 0.004930188 0.833861846 193.007531400
0.833844102 -0.000884128 0.551999293 33.145370924 0.003491621 0.999987160 -0.003672743 -2.251896224 -0.551988978 0.004989865 0.833836483 193.034904749
0.833699591 -0.000576923 0.552217935 33.156055051 0.003250371 0.999987258 -0.003862456 -2.253328173 -0.552208691 0.005015039 0.833690843 193.053065511
0.833696437 -0.000580850 0.552222693 33.161890358 0.003128585 0.999988366 -0.003671431 -2.254943340 -0.552214156 0.004788533 0.833688555 193.063736417
0.833776028 -0.000302693 0.552102737 33.166915132 0.003241171 0.999985301 -0.004346515 -2.250138469 -0.552093326 0.005413477 0.833764754 193.054141985
0.833895865 0.000292087 0.551921724 33.175021004 0.003645728 0.999975128 -0.006037519 -2.243552058 -0.551909780 0.007046816 0.833874060 193.041849033
0.834007642 0.000977527 0.551752015 33.186542691 0.003745724 0.999965356 -0.007433514 -2.235391847 -0.551740187 0.008266316 0.833975087 193.030917860
0.834092409 0.000755298 0.551624212 33.195375528 0.003779481 0.999967766 -0.007084008 -2.228291927 -0.551611801 0.007993568 0.834062668 193.025146411
0.834218797 0.000844784 0.551432928 33.205118481 0.003682455 0.999967994 -0.007102823 -2.220144740 -0.551421300 0.007955933 0.834188986 193.017143483
0.834236990 0.000938084 0.551405253 33.213545424 0.003761603 0.999965602 -0.007392240 -2.214969556 -0.551393241 0.008241046 0.834204765 193.013459432
0.834286853 0.000769302 0.551330068 33.219470912 0.003711775 0.999968526 -0.007012066 -2.210542293 -0.551318130 0.007896485 0.834257740 193.010813224
0.834326398 0.000792024 0.551270191 33.224283237 0.003762145 0.999967500 -0.007130543 -2.207776758 -0.551257942 0.008023156 0.834296303 193.010628110
0.834374829 0.001007452 0.551196534 33.217297669 0.003690114 0.999965710 -0.007413610 -2.197721113 -0.551185122 0.008219705 0.834342501 192.999445991
0.834391107 0.000887632 0.551172098 33.214643936 0.003695548 0.999967216 -0.007204892 -2.190190055 -0.551160443 0.008048578 0.834360472 192.993402164
0.834382843 0.000978086 0.551184454 33.212715487 0.003748771 0.999965226 -0.007449345 -2.183749018 -0.551172594 0.008281867 0.834350163 192.987862609
0.834407909 0.001016301 0.551146439 33.206342962 0.003707776 0.999965320 -0.007457299 -2.180432972 -0.551134924 0.008265954 0.834375204 192.979621820
0.834455714 0.001041361 0.551074011 33.200361324 0.003723840 0.999964728 -0.007528398 -2.183920097 -0.551062433 0.008334224 0.834422403 192.975860836
0.834436620 0.001098722 0.551102811 33.192642204 0.003652613 0.999965022 -0.007524111 -2.188314413 -0.551091822 0.008291357 0.834403421 192.970707702
0.834476579 0.001073591 0.551042353 33.189441141 0.003673024 0.999965050 -0.007510505 -2.190274031 -0.551031177 0.008291330 0.834443471 192.968318631
0.834440850 0.001224719 0.551096140 33.182326669 0.003614381 0.999963861 -0.007694960 -2.197723734 -0.551085669 0.008412857 0.834406269 192.964664245
0.834433618 0.001173590 0.551107203 33.177950409 0.003592723 0.999964899 -0.007569197 -2.205276888 -0.551096762 0.008295965 0.834400112 192.962785939
0.834461954 0.001315035 0.551063976 33.170401527 0.003494564 0.999964418 -0.007678000 -2.213480879 -0.551054485 0.008332725 0.834427667 192.956306924
0.834418340 0.001257915 0.551130148 33.166532715 0.003572285 0.999964044 -0.007690835 -2.214431469 -0.551120026 0.008386165 0.834383845 192.951489440
0.834506240 0.001315954 0.550996907 33.159297664 0.003533768 0.999963800 -0.007740258 -2.214006955 -0.550987167 0.008406386 0.834471381 192.945950984
0.834486077 0.001316923 0.551027442 33.155518663 0.003484608 0.999964537 -0.007667012 -2.211473118 -0.551018018 0.008318127 0.834451894 192.942340149
0.834570144 0.001423064 0.550899844 33.152617131 0.003471188 0.999963229 -0.007841647 -2.207272586 -0.550890766 0.008456679 0.834534517 192.936463596
0.834580359 0.001453319 0.550884290 33.148987689 0.003474755 0.999962740 -0.007902254 -2.203217674 -0.550875268 0.008509251 0.834544213 192.928502623
0.834575377 0.001476529 0.550891776 33.147315484 0.003470939 0.999962466 -0.007938463 -2.199725717 -0.550882840 0.008537355 0.834538927 192.923327317
0.834613368 0.001499808 0.550834155 33.141985859 0.003466410 0.999962192 -0.007974931 -2.193438020 -0.550825309 0.008565398 0.834576613 192.915876864
0.834672124 0.001460211 0.550745224 33.139817815 0.003451110 0.999962985 -0.007881509 -2.189364065 -0.550736367 0.008479156 0.834636190 192.911629812
0.834702489 0.001593374 0.550698833 33.135529811 0.003387846 0.999962034 -0.008028267 -2.188802954 -0.550690737 0.008566895 0.834665401 192.905580990
0.834685735 0.001514130 0.550724450 33.133055201 0.003456522 0.999962122 -0.007987993 -2.193443498 -0.550715704 0.008571053 0.834648885 192.903316767
0.834691742 0.001518635 0.550715333 33.130284035 0.003477263 0.999961731 -0.008027778 -2.197014521 -0.550706469 0.008615700 0.834654519 192.900734019
0.834688148 0.001531577 0.550720745 33.127798918 0.003443423 0.999962072 -0.007999887 -2.198793661 -0.550712130 0.008573773 0.834651216 192.896817087
0.834712792 0.001575067 0.550683269 33.126398311 0.003434414 0.999961572 -0.008065900 -2.198479629 -0.550674831 0.008623982 0.834675307 192.893718805
0.834715721 0.001617643 0.550678705 33.124310539 0.003414280 0.999961262 -0.008112778 -2.197188423 -0.550670517 0.008652032 0.834677863 192.889611987
0.834739324 0.001617054 0.550642928 33.123129458 0.003440319 0.999960855 -0.008151855 -2.198069272 -0.550634575 0.008699059 0.834701085 192.887507098
0.834750795 0.001640146 0.550625471 33.120670188 0.003402873 0.999961101 -0.008137353 -2.199234544 -0.550617419 0.008666368 0.834712743 192.885309834
0.834725131 0.001601091 0.550664491 33.120575780 0.003409921 0.999961572 -0.008076382 -2.197497257 -0.550656281 0.008619279 0.834687594 192.882669965
0.834721937 0.001704818 0.550669020 33.119059354 0.003361006 0.999960809 -0.008190504 -2.195374111 -0.550661422 0.008687592 0.834683494 192.879878191
0.834757664 0.001673421 0.550614956 33.118163668 0.003370598 0.999961115 -0.008149051 -2.192463664 -0.550607203 0.008658382 0.834719565 192.877926502
0.834811845 0.001755307 0.550532553 33.116241310 0.003327408 0.999960565 -0.008233841 -2.192025161 -0.550525316 0.008705552 0.834773084 192.875781623
0.834823541 0.001710767 0.550514956 33.114636140 0.003306992 0.999961545 -0.008122317 -2.191196352 -0.550507701 0.008601248 0.834785781 192.874721179
0.834895171 0.001786822 0.550406077 33.112820412 0.003293087 0.999960616 -0.008241434 -2.189198659 -0.550399146 0.008693266 0.834856406 192.872986348
0.834944019 0.001757313 0.550332068 33.111449748 0.003266184 0.999961467 -0.008148401 -2.189469860 -0.550325201 0.008600942 0.834906107 192.872063208
0.834954816 0.001833815 0.550315438 33.110330385 0.003267692 0.999960298 -0.008290005 -2.189881964 -0.550308812 0.008720039 0.834915675 192.870934662
0.835004184 0.001797635 0.550240648 33.108261996 0.003248767 0.999961127 -0.008196958 -2.188393677 -0.550234013 0.008632096 0.834965885 192.869483626
0.835038584 0.001833018 0.550188323 33.107069628 0.003244370 0.999960659 -0.008255575 -2.189900825 -0.550181831 0.008678736 0.834999787 192.868849124
0.835089318 0.001861100 0.550111222 33.104536216 0.003181374 0.999961217 -0.008212448 -2.191021969 -0.550105191 0.008608235 0.835051010 192.868636444
0.835102621 0.001860151 0.550091030 33.103530479 0.003187839 0.999961126 -0.008220916 -2.190149103 -0.550084958 0.008618908 0.835064228 192.868189280
0.835128952 0.001926699 0.550050825 33.102250089 0.003180742 0.999960231 -0.008331872 -2.188362221 -0.550045023 0.008707755 0.835089611 192.866556562
0.835102855 0.001916082 0.550090482 33.101215850 0.003182789 0.999960365 -0.008314929 -2.187303498 -0.550084631 0.008694641 0.835063658 192.865400937
0.835171515 0.002006081 0.549985913 33.098937517 0.003112035 0.999960102 -0.008373095 -2.188280617 -0.549980787 0.008704544 0.835131951 192.865399823
0.835279506 0.001935177 0.549822144 33.097670462 0.003099793 0.999961340 -0.008228655 -2.189013716 -0.549816831 0.008577560 0.835241216 192.865433444
0.835290993 0.002090947 0.549804123 33.095944599 0.003031264 0.999960056 -0.008408180 -2.192078396 -0.549799763 0.008689876 0.835251290 192.865588301
0.835310319 0.002071294 0.549774835 33.093518037 0.002973554 0.999961255 -0.008285309 -2.196573545 -0.549770715 0.008555587 0.835271797 192.867155540
0.835320077 0.002047349 0.549760098 33.092147573 0.003028141 0.999960762 -0.008324971 -2.199028419 -0.549755591 0.008618764 0.835281102 192.867543896
0.835346502 0.002087612 0.549719795 33.090352187 0.002945120 0.999961443 -0.008272810 -2.201046049 -0.549715890 0.008529651 0.835308145 192.867554275
0.835366966 0.002071562 0.549688757 33.089325455 0.002973294 0.999961242 -0.008287006 -2.201944595 -0.549684639 0.008557075 0.835328430 192.867189815
0.835390950 0.002101086 0.549652194 33.087412107 0.002951331 0.999961133 -0.008308018 -2.204091122 -0.549648306 0.008562646 0.835352280 192.867198813
