1.000000000 0.000000000 -0.000000000 0.000000000 0.000000000 1.000000000 0.000000000 0.000000000 0.000000000 0.000000000 1.000000000 0.000000000
0.999118305 -0.001501040 0.041956638 0.048198779 0.001600052 0.999996014 -0.002326380 -0.023417955 -0.041952972 0.002391461 0.999116724 0.968419429
0.995952383 -0.005388498 0.089720772 0.150088858 0.006046934 0.999956734 -0.007068527 -0.051587316 -0.089678787 0.007582450 0.995941876 2.025234603
0.991026714 -0.005941232 0.133531858 0.285657785 0.007488008 0.999910529 -0.011084367 -0.079014159 -0.133454033 0.011984789 0.990982534 2.979862079
0.983224133 -0.003676838 0.182364445 0.477717523 0.006320271 0.999883189 -0.013916283 -0.112289464 -0.182291944 0.014835414 0.983132520 4.021427886
0.973947909 -0.006183646 0.226687541 0.701467633 0.009507746 0.999862653 -0.013574868 -0.144830325 -0.226572426 0.015376498 0.973872933 4.958550073
0.962734397 -0.007297309 0.270350219 0.965965420 0.011523353 0.999834922 -0.014047794 -0.179979950 -0.270203034 0.016639631 0.962659561 5.881527728
0.948362421 -0.009779442 0.317038007 1.303441756 0.016022665 0.999725546 -0.017091129 -0.220753905 -0.316783799 0.021288373 0.948258832 6.877348312
0.933667694 -0.012645856 0.357917225 1.654421997 0.020812401 0.999603342 -0.018973738 -0.255970923 -0.357535255 0.025164276 0.933560539 7.764341314
0.916934795 -0.012250514 0.398849010 2.038266509 0.021716566 0.999579334 -0.019223604 -0.291792325 -0.398445661 0.026288415 0.916815111 8.636479607
0.896121603 -0.013087088 0.443615638 2.505321147 0.023451288 0.999564998 -0.017884429 -0.333265490 -0.443188534 0.026429974 0.896038697 9.573961097
0.874843317 -0.013517823 0.484217387 2.966871447 0.024479753 0.999567054 -0.016323206 -0.370788069 -0.483787011 0.026133763 0.874795471 10.403305193
0.849244782 -0.013506597 0.527826598 3.517942890 0.025265636 0.999567132 -0.015073058 -0.411910248 -0.527394444 0.026136584 0.849218425 11.286403609
0.824303609 -0.014019833 0.565974432 4.053301656 0.026993930 0.999529624 -0.014555354 -0.446099397 -0.565504052 0.027275898 0.824294328 12.062231028
0.797835829 -0.016228685 0.602656353 4.626266411 0.031254773 0.999406783 -0.014464499 -0.480102097 -0.602064006 0.030376175 0.797869764 12.806974715
0.767166963 -0.015193487 0.641267556 5.288893161 0.032029458 0.999379706 -0.014639572 -0.516895332 -0.640647247 0.031770439 0.767177734 13.595463482
0.737513382 -0.018318789 0.675084076 5.928182909 0.037195009 0.999216559 -0.013520363 -0.548665387 -0.674307397 0.035081197 0.737616952 14.278579318
0.706493958 -0.018170294 0.707485838 6.592948035 0.038307683 0.999186651 -0.012591961 -0.579066096 -0.706681486 0.035998278 0.706615395 14.931462735
0.669998335 -0.016837226 0.742171699 7.351721731 0.038571763 0.999181928 -0.012152941 -0.612323239 -0.741359803 0.036769311 0.670099670 15.614476837
0.635604521 -0.017872991 0.771807974 8.071203434 0.043587759 0.998968083 -0.012762285 -0.638767240 -0.770783302 0.041753135 0.635727675 16.195599222
0.596678169 -0.016289073 0.802315360 8.887598143 0.044490174 0.998927737 -0.012806326 -0.669618102 -0.801246328 0.043336394 0.596763078 16.798182958
0.560218305 -0.015595577 0.828198252 9.654492107 0.047270124 0.998795359 -0.013166899 -0.697343942 -0.826995085 0.046525359 0.560280649 17.306851118
0.522746434 -0.014178799 0.852370371 10.443585296 0.052952263 0.998470999 -0.015865745 -0.723854891 -0.850841995 0.053428688 0.522697955 17.777795421
0.480998453 -0.013190583 0.876622282 11.338095639 0.054832936 0.998381906 -0.015063869 -0.749554887 -0.875004976 0.055313457 0.480943432 18.260332948
0.443694207 -0.014822054 0.896055742 12.174401004 0.059627110 0.998135877 -0.013014574 -0.774675285 -0.894192330 0.059203690 0.443750904 18.662872224
0.407518478 -0.015756698 0.913061091 13.029705941 0.063263298 0.997936090 -0.011014367 -0.800277161 -0.911002911 0.062251799 0.407674219 19.030267831
0.369663858 -0.013362127 0.929069551 13.986845132 0.065547564 0.997780498 -0.011730124 -0.824394150 -0.926850583 0.065234433 0.369719244 19.402995201
0.336959735 -0.013653523 0.941420133 14.878494708 0.066945211 0.997711506 -0.009491585 -0.844047283 -0.939135947 0.066221835 0.337102644 19.712423310
0.301469730 -0.016044269 0.953340829 15.881233500 0.068991746 0.997604562 -0.005027679 -0.864565285 -0.950976334 0.067288325 0.301854502 20.022790034
0.269496326 -0.015809463 0.962871719 16.806159349 0.069708073 0.997562519 -0.003131410 -0.882792801 -0.960475069 0.067963819 0.269941482 20.273996560
0.237874757 -0.013052787 0.971208208 17.740851344 0.067542259 0.997711493 -0.003133918 -0.896874919 -0.968944521 0.066343060 0.238211995 20.500337874
0.204419242 -0.010870870 0.978823150 18.783112903 0.067607944 0.997707338 -0.003038774 -0.911783783 -0.976545840 0.066797389 0.204685536 20.714762791
0.174629229 -0.010555764 0.984577763 19.748685654 0.069316234 0.997593456 -0.001598943 -0.925133705 -0.982191290 0.068526428 0.174940663 20.879233667
0.144881384 -0.010908449 0.989388981 20.729736724 0.071004047 0.997475847 0.000600113 -0.936698275 -0.986897991 0.070163660 0.145290227 21.017102230
0.112256646 -0.011878104 0.993608335 21.828173870 0.069637138 0.997564135 0.004057871 -0.947188720 -0.991236071 0.068736501 0.112810363 21.139610978
0.083536213 -0.011818977 0.996434735 22.841210957 0.070146134 0.997518975 0.005951125 -0.953057539 -0.994032723 0.069398894 0.084158014 21.223175903
0.054245104 -0.011156314 0.998465409 23.971655752 0.072978011 0.997307715 0.007178591 -0.956036892 -0.995857174 0.072476599 0.054913227 21.278824345
0.029627014 -0.010536308 0.999505575 25.013108562 0.077029082 0.996994907 0.008226568 -0.957049955 -0.996588477 0.076747250 0.030349585 21.303082903
0.007372907 -0.010098373 0.999921913 26.067354354 0.081133180 0.996658307 0.009467176 -0.956310790 -0.996675915 0.081057025 0.008167583 21.302733506
-0.014572681 -0.009980221 0.999844088 27.240292407 0.087382108 0.996111719 0.011216553 -0.954628247 -0.996068189 0.087531920 -0.013643924 21.275640951
-0.031981726 -0.010633916 0.999431967 28.317791554 0.091679905 0.995696636 0.013527918 -0.951622126 -0.995274735 0.092060453 -0.030869179 21.230743454
-0.047299146 -0.010264235 0.998828116 29.404564272 0.094822962 0.995385329 0.014719161 -0.947768576 -0.994369765 0.095408022 -0.046107589 21.170807657
-0.062808684 -0.010873009 0.997966440 30.608068294 0.097395492 0.995101043 0.016971536 -0.942523425 -0.993261809 0.098263370 -0.061442004 21.087591104
-0.075821193 -0.011914820 0.997050325 31.708191395 0.097534221 0.995044864 0.019307891 -0.936074249 -0.992339688 0.098710452 -0.074283385 21.000579051
-0.087877126 -0.012088128 0.996058058 32.813240989 0.097303781 0.995040262 0.020660391 -0.928410046 -0.991367449 0.098735769 -0.086265057 20.901514950
-0.099967716 -0.009105451 0.994949101 34.039559444 0.097380185 0.995067956 0.018890830 -0.917834104 -0.990213810 0.098776778 -0.098587979 20.775374197
-0.109931739 -0.005390500 0.993924606 35.170385638 0.097978680 0.995056106 0.016233439 -0.907237197 -0.989098087 0.099167969 -0.108860093 20.646668514
-0.120082187 -0.002440546 0.992761038 36.438146058 0.099059735 0.994976885 0.014428037 -0.895053124 -0.987809330 0.100075173 -0.119237239 20.488564975
-0.127432518 -0.001255672 0.991846532 37.613130933 0.098901363 0.994999225 0.013966514 -0.884417649 -0.986903901 0.099874739 -0.126671068 20.335591591
-0.133141038 -0.000742560 0.991096907 38.809029168 0.098379712 0.995051008 0.013961560 -0.873613734 -0.986202176 0.099362663 -0.132409070 20.173447104
-0.138613960 0.000978207 0.990346090 40.145491046 0.099401801 0.994963365 0.012930018 -0.862427578 -0.985345264 0.100234443 -0.138013046 19.983258143
-0.142975569 0.002831564 0.989722251 41.380331334 0.098706165 0.995051181 0.011412308 -0.852335028 -0.984791814 0.099323347 -0.142547501 19.803603128
-0.147013386 0.003971728 0.989126612 42.636361412 0.098996386 0.995030067 0.010718346 -0.844120484 -0.984167982 0.099495678 -0.146675925 19.614317171
-0.150273832 0.002973016 0.988640026 44.042287030 0.098768294 0.995037854 0.012020576 -0.835549598 -0.983698346 0.099452644 -0.149821790 19.398766695
-0.152502863 0.000614688 0.988302921 45.343000665 0.099349749 0.994943816 0.014711621 -0.825210537 -0.983296670 0.100431189 -0.151792849 19.195518951
-0.154713692 -0.000405148 0.987959348 46.661041825 0.099283414 0.994931264 0.015955712 -0.812954041 -0.982957941 0.100556522 -0.153889264 18.987822725
-0.156829637 0.000369196 0.987625685 48.131897152 0.101617223 0.994698660 0.015764424 -0.796943664 -0.982383959 0.102832086 -0.156035745 18.751021351
-0.157813825 0.000874788 0.987468580 49.488645985 0.101305542 0.994737564 0.015309071 -0.783264245 -0.982258531 0.102452000 -0.157071959 18.532409193
-0.158370754 0.001776037 0.987378202 51.003938681 0.103390652 0.994530793 0.014794461 -0.767186195 -0.981951585 0.104428663 -0.157688216 18.284691459
-0.158447221 0.002271497 0.987364919 52.400693289 0.102936171 0.994586164 0.014230552 -0.755215371 -0.981986996 0.103890333 -0.157823231 18.057862887
-0.157962165 0.003511492 0.987439005 53.815770324 0.102979328 0.994599366 0.012936806 -0.745254695 -0.982060614 0.103729308 -0.157470679 17.828406530
-0.156695659 0.003521528 0.987640741 55.396163688 0.103305373 0.994566758 0.012843845 -0.734368290 -0.982229254 0.104041147 -0.156208085 17.574151036
-0.155255349 0.002317914 0.987871737 56.854277317 0.102415720 0.994646484 0.013761988 -0.725688224 -0.982551085 0.103310195 -0.154661576 17.342938099
-0.154162498 0.003036808 0.988040924 58.330790024 0.103401663 0.994553717 0.013076772 -0.715821712 -0.982619895 0.104180999 -0.153636896 17.108718585
-0.152883058 0.003967441 0.988236406 59.978541404 0.103346317 0.994573103 0.011995093 -0.704374778 -0.982825593 0.103964416 -0.152463396 16.851604418
-0.151952371 0.004623671 0.988377086 61.498511239 0.104339442 0.994476534 0.011388861 -0.696339766 -0.982864993 0.104857255 -0.151595497 16.614834526
-0.150849226 0.004478475 0.988546721 63.192095106 0.103969319 0.994515628 0.011359882 -0.688194884 -0.983074122 0.104492135 -0.150487535 16.354056297
-0.149933606 0.002810341 0.988692157 64.750781347 0.105662237 0.994314501 0.013197185 -0.680621394 -0.983033694 0.106446103 -0.149378104 16.113091748
-0.149274685 0.001058199 0.988795284 66.323424109 0.106889530 0.994156648 0.015072769 -0.672638158 -0.983001289 0.107941822 -0.148515530 15.870280853
-0.148440982 0.001686478 0.988919914 68.065912974 0.108545025 0.993984345 0.014597941 -0.662944882 -0.982946128 0.109509246 -0.147731070 15.604219460
-0.147414328 0.003931735 0.989067097 69.661302663 0.110861906 0.993756289 0.012572902 -0.656211663 -0.982842048 0.111503265 -0.146929794 15.359584754
-0.146775188 0.003642025 0.989163255 71.273331023 0.110115732 0.993837885 0.012680081 -0.652303819 -0.983021570 0.110783532 -0.146271785 15.117937285
-0.146557689 0.003222591 0.989196959 73.063199374 0.110510519 0.993788149 0.013135493 -0.647600020 -0.983009718 0.111241753 -0.146003423 14.848457422
-0.146343818 0.001708602 0.989232396 74.708437872 0.109821024 0.993845171 0.014529991 -0.641778187 -0.983118847 0.110764864 -0.145630736 14.603919413
-0.145937038 0.001999090 0.989291944 76.534360512 0.111733318 0.993632805 0.014474660 -0.632899124 -0.982963826 0.112649235 -0.145231193 14.329421193
-0.145922042 0.002187893 0.989293756 78.209224889 0.112389074 0.993560218 0.014380194 -0.625814584 -0.982891292 0.113284172 -0.145228230 14.079826987
-0.145896978 0.003183641 0.989294750 79.895703358 0.112885912 0.993516910 0.013450702 -0.618949534 -0.982838074 0.113639832 -0.145310501 13.827506652
-0.146278655 0.003899900 0.989235822 81.766366975 0.112305562 0.993592691 0.012689583 -0.613406583 -0.982847828 0.112952875 -0.145779382 13.549401510
-0.147363005 0.004166081 0.989073786 83.480993662 0.111226564 0.993717886 0.012386100 -0.610220654 -0.982808544 0.111836507 -0.146900631 13.292712500
-0.148501141 0.004996380 0.988899698 85.207983195 0.110661393 0.993790508 0.011596711 -0.608308712 -0.982701025 0.111155119 -0.148131929 13.032462930
-0.149567705 0.004348752 0.988742006 87.125405212 0.109486775 0.993913495 0.012190640 -0.605689376 -0.982670843 0.110077475 -0.149133491 12.742941098
-0.150525722 0.003871606 0.988598595 88.882640804 0.109667131 0.993885875 0.012805789 -0.601245104 -0.982504435 0.110344348 -0.150029975 12.473603590
-0.150907367 0.002782105 0.988544077 90.655832634 0.107037376 0.994162771 0.013541996 -0.595702728 -0.982735877 0.107854727 -0.150324274 12.203573691
-0.152405997 0.003936933 0.988310213 92.619175767 0.106805226 0.994201261 0.012509887 -0.588242589 -0.982529844 0.107463254 -0.151942718 11.897917560
-0.154899850 0.005252823 0.987916297 94.417975232 0.105714864 0.994332408 0.011288568 -0.582288939 -0.982257727 0.106186011 -0.154577241 11.616441304
-0.158970110 0.005195555 0.987269809 96.410522246 0.106385046 0.994253823 0.011897799 -0.574986255 -0.981534800 0.106922115 -0.158609368 11.295666628
-0.163511731 0.004762456 0.986529978 98.233178525 0.104194311 0.994478796 0.012468781 -0.572889551 -0.981023597 0.104829580 -0.163105169 10.997591786
-0.168210102 0.003589338 0.985744715 100.063903712 0.101970100 0.994692039 0.013778528 -0.570952233 -0.980462798 0.102834152 -0.167683254 10.689690575
-0.173204911 0.004931647 0.984873546 102.084379955 0.100988302 0.994805540 0.012778936 -0.569672228 -0.979694473 0.101674059 -0.172803242 10.338341956
-0.177710696 0.006243162 0.984063054 103.929977188 0.101482918 0.994764718 0.012015611 -0.568004112 -0.978836025 0.102000871 -0.177413904 10.006424084
-0.182141233 0.007964743 0.983240203 105.783234726 0.101240701 0.994804462 0.010696002 -0.569706371 -0.978046385 0.101492088 -0.182001266 9.664237326
-0.187257356 0.008787365 0.982271667 107.834542266 0.100099903 0.994925291 0.010182180 -0.574269510 -0.977197284 0.100231964 -0.187186692 9.276054293
-0.192084933 0.007655323 0.981348530 109.709576365 0.097991262 0.995121777 0.011417617 -0.577046184 -0.976473723 0.098356711 -0.191898053 8.914031774
-0.197798529 0.007461666 0.980214378 111.780937973 0.096037019 0.995307784 0.011802849 -0.578430335 -0.975526767 0.096471432 -0.197587011 8.504427830
-0.203222618 0.006593905 0.979110438 113.671214080 0.095095702 0.995382797 0.013034417 -0.577820261 -0.974503574 0.095758061 -0.202911349 8.118449400
-0.208539401 0.006446225 0.977992805 115.567961254 0.095021381 0.995380946 0.013700763 -0.575603900 -0.973386920 0.095787354 -0.208188674 7.720093775
-0.214323606 0.007908142 0.976730779 117.660005470 0.095588724 0.995337113 0.012916199 -0.572983675 -0.972074086 0.096132673 -0.214080168 7.265498932
-0.219819980 0.008874357 0.975500171 119.570187093 0.095231813 0.995377834 0.012404418 -0.570829103 -0.970881002 0.095625368 -0.219649055 6.841315892
-0.225535721 0.008857967 0.974194711 121.487186511 0.095719678 0.995321994 0.013109979 -0.569565099 -0.969521131 0.096206351 -0.225328544 6.400734272
-0.231448663 0.009216198 0.972803545 123.602665686 0.094729656 0.995416739 0.013107569 -0.568458885 -0.968223967 0.095187054 -0.231260920 5.903770759
-0.236434871 0.009566242 0.971600329 125.531653532 0.094232423 0.995463640 0.013129864 -0.565555427 -0.967067032 0.094660590 -0.236263766 5.440046975
-0.241902087 0.009740396 0.970251856 127.661112986 0.093037196 0.995575114 0.013201306 -0.563697066 -0.965829852 0.093462915 -0.241737916 4.916742905
-0.246153731 0.009825901 0.969181072 129.602420985 0.094607021 0.995417142 0.013936505 -0.560307293 -0.964602351 0.095121835 -0.245955242 4.424998624
-0.249903020 0.008581296 0.968232927 131.550620894 0.096235883 0.995229660 0.016018122 -0.554403901 -0.963476507 0.097181706 -0.249536725 3.921707465
-0.253693518 0.009913706 0.967233930 133.699296183 0.097709316 0.995095396 0.015428670 -0.547409526 -0.962336912 0.098421898 -0.253417912 3.356424215
-0.256629096 0.010350842 0.966454616 135.659402730 0.097994279 0.995068378 0.015363767 -0.540922840 -0.961529237 0.098649792 -0.256377821 2.834509552
-0.259905139 0.010141622 0.965580977 137.626856021 0.097147223 0.995146233 0.015696935 -0.534670933 -0.960734917 0.097883203 -0.259628849 2.304988978
-0.264080003 0.010386038 0.964444939 139.798262211 0.095784315 0.995281284 0.015509117 -0.527029055 -0.959732756 0.096474324 -0.263828702 1.713699511
-0.268396785 0.011279333 0.963242492 141.779385689 0.094495197 0.995417166 0.014673938 -0.522637866 -0.958662438 0.094960205 -0.268232609 1.165295700
-0.273147112 0.011115717 0.961908131 143.965827085 0.093596481 0.995496092 0.015074154 -0.516910533 -0.957408063 0.094148657 -0.272957274 0.548619849
-0.277561593 0.011343230 0.960640957 145.960261532 0.093746092 0.995478079 0.015331819 -0.510588670 -0.956122941 0.094311839 -0.277369864 -0.023687617
-0.281909438 0.011863001 0.959367757 147.959242626 0.093248485 0.995528497 0.015090843 -0.505120975 -0.954898757 0.093713820 -0.281755084 -0.607310531
-0.286732670 0.012376955 0.957930761 150.164750937 0.092866135 0.995566602 0.014933926 -0.500058029 -0.953498875 0.093241351 -0.286610869 -1.262966961
-0.290785519 0.011411268 0.956720293 152.176345392 0.092543843 0.995575952 0.016253049 -0.494095796 -0.952302088 0.093264704 -0.290555111 -1.871173218
-0.294895226 0.011467578 0.955460860 154.191607865 0.093087538 0.995516481 0.016782376 -0.487499708 -0.950984419 0.093890520 -0.294640545 -2.491083520
-0.299056125 0.012138400 0.954158397 156.414253953 0.094118338 0.995418656 0.016835644 -0.479467659 -0.949582551 0.094838584 -0.298828491 -3.186692786
-0.302522220 0.013278508 0.953049915 158.439375528 0.094253483 0.995418852 0.016049622 -0.471998104 -0.948470577 0.094683620 -0.302387866 -3.828059928
-0.305995626 0.015418316 0.951908139 160.468939970 0.094742546 0.995398626 0.014332717 -0.465342667 -0.947306907 0.094571928 -0.306048395 -4.479537325
-0.309609142 0.016061941 0.950728324 162.708420498 0.095407190 0.995336268 0.014254230 -0.459737888 -0.946065271 0.095119536 -0.309697631 -5.207944830
-0.312858367 0.016908438 0.949649356 164.750050876 0.095197649 0.995364936 0.013640098 -0.456815901 -0.945016878 0.094671783 -0.313017890 -5.880572906
-0.316602040 0.017050865 0.948405277 167.002008977 0.095043002 0.995377060 0.013832445 -0.453526992 -0.943784841 0.094518643 -0.316758972 -6.631075126
-0.320461606 0.016977075 0.947109439 169.055162487 0.095039287 0.995370591 0.014315090 -0.449713413 -0.942481694 0.094600021 -0.320591546 -7.323478060
-0.324130210 0.017175962 0.945856619 171.112298578 0.096356994 0.995234598 0.014947400 -0.445972710 -0.941092338 0.095984783 -0.324240622 -8.029375802
-0.327516872 0.018157031 0.944670933 173.380164197 0.098824142 0.994989763 0.015138085 -0.440610092 -0.939662886 0.098314251 -0.327670287 -8.818793389
-0.330185043 0.017701335 0.943750312 175.448443846 0.099469406 0.994909715 0.016139942 -0.433709100 -0.938660496 0.099203429 -0.330265047 -9.545369490
-0.332777176 0.017056006 0.942851311 177.522370690 0.099355318 0.994905599 0.017069565 -0.425522728 -0.937756751 0.099357632 -0.332776479 -10.279275443
-0.335726197 0.017052482 0.941805332 179.809663204 0.098132363 0.995028755 0.016965173 -0.415761419 -0.936833930 0.098117214 -0.335730619 -11.094905656
-0.338610404 0.018814452 0.940738625 181.892489178 0.097253232 0.995145072 0.015102858 -0.408467795 -0.935887096 0.096603836 -0.338796240 -11.844814892
-0.341760143 0.020248778 0.939569125 183.981053345 0.097166808 0.995171090 0.013896517 -0.402598118 -0.934750485 0.096044187 -0.342077323 -12.604415880
-0.345155314 0.021640206 0.938296147 186.283989390 0.095452978 0.995359710 0.012156405 -0.402916609 -0.933678956 0.093758988 -0.345619314 -13.451164132
-0.348347640 0.023105592 0.937080681 188.382027765 0.094271914 0.995491129 0.010498543 -0.403768291 -0.932612772 0.091997512 -0.348955192 -14.230918480
-0.352344359 0.023087368 0.935585685 190.696114481 0.095014371 0.995412681 0.011218976 -0.405236804 -0.931034681 0.092847008 -0.352921674 -15.103797584
-0.355816654 0.021941521 0.934298253 192.805311782 0.094165844 0.995478253 0.012483661 -0.407525432 -0.929799526 0.092420858 -0.356273881 -15.907978780
-0.359409404 0.021206224 0.932939078 194.917660715 0.093850127 0.995494436 0.013527073 -0.407209064 -0.928448647 0.092418187 -0.359780268 -16.722020230
-0.363532497 0.021305939 0.931337923 197.243342262 0.094083982 0.995466509 0.013951145 -0.405636016 -0.926818312 0.092695655 -0.363888972 -17.629445551
-0.366857609 0.021445535 0.930029962 199.360235396 0.093140240 0.995557590 0.013783357 -0.404142835 -0.925602640 0.091679723 -0.367225318 -18.463731959
-0.370509746 0.022024517 0.928567496 201.477564568 0.092135963 0.995659635 0.013147504 -0.404500563 -0.924247450 0.090425719 -0.370930847 -19.306955916
-0.373930911 0.022091170 0.927193507 203.806853779 0.092105781 0.995658748 0.013423225 -0.406473663 -0.922871636 0.090419220 -0.374342306 -20.246992644
-0.376641203 0.022715163 0.926080758 205.924786395 0.093079042 0.995568061 0.013436092 -0.409514637 -0.921671066 0.091259275 -0.377086257 -21.111297597
-0.379322806 0.022859553 0.924982051 208.256487279 0.094390541 0.995435283 0.014107598 -0.411684890 -0.920437120 0.092660869 -0.379749029 -22.077293111
-0.381914462 0.022525728 0.923923200 210.377910250 0.095288779 0.995334806 0.015121946 -0.410650330 -0.919272131 0.093814783 -0.382279205 -22.962772595
-0.384316315 0.023136814 0.922911589 212.499681687 0.096281031 0.995238992 0.015143061 -0.408646798 -0.918167083 0.094678584 -0.384714217 -23.855601086
-0.386999483 0.024351806 0.921758392 214.833849407 0.096737523 0.995206866 0.014322931 -0.407170213 -0.916991337 0.094711569 -0.387500274 -24.843384263
-0.389658986 0.024519917 0.920632821 216.956734001 0.096053106 0.995275677 0.014146654 -0.408691540 -0.915936425 0.093941992 -0.390173324 -25.748795071
-0.392263771 0.025331537 0.919503991 219.079226037 0.095501394 0.995340168 0.013320481 -0.412012699 -0.914881674 0.093039034 -0.392855084 -26.660005421
-0.395319253 0.026538096 0.918160422 221.413395673 0.095447804 0.995358118 0.012326212 -0.417991860 -0.913571160 0.092509164 -0.396017229 -27.670608823
-0.397684959 0.026559854 0.917137607 223.535689362 0.093605051 0.995539974 0.011758234 -0.425765983 -0.912734698 0.090524765 -0.398397409 -28.594256470
-0.400509840 0.027206307 0.915888545 225.655548416 0.093776033 0.995527643 0.011435439 -0.434950434 -0.911481094 0.090468380 -0.401269915 -29.526929229
-0.403229697 0.026974706 0.914701218 227.985996987 0.095689464 0.995328541 0.012830565 -0.445060880 -0.910081974 0.092700914 -0.403927219 -30.564262690
-0.405667923 0.026320817 0.913641555 230.104140236 0.095783294 0.995305776 0.013855481 -0.451611127 -0.908987876 0.093132301 -0.406284720 -31.512059123
-0.409048801 0.025494825 0.912156364 232.431506092 0.094833279 0.995384539 0.014706118 -0.453211044 -0.907571259 0.092518279 -0.409578609 -32.560598334
-0.411986617 0.025818854 0.910824107 234.544822840 0.093671737 0.995502569 0.014150659 -0.454519168 -0.906362232 0.091148338 -0.412552232 -33.519675575
-0.415256208 0.025289156 0.909353001 236.656646187 0.092161099 0.995640031 0.014396574 -0.457237112 -0.905024020 0.089785218 -0.415776379 -34.486423998
-0.418918225 0.024325931 0.907698138 238.977699076 0.090990924 0.995734050 0.015308607 -0.459158474 -0.903453394 0.089005327 -0.419344579 -35.558092592
-0.422348324 0.024387175 0.906105567 241.082323716 0.090430429 0.995784472 0.015350049 -0.460881587 -0.901911356 0.088422563 -0.422773244 -36.540286937
-0.425855864 0.023883469 0.904475816 243.182587207 0.089603249 0.995850748 0.015891739 -0.462186155 -0.900343215 0.087811542 -0.426228916 -37.529769830
-0.429957406 0.024635531 0.902513079 245.485606861 0.089087549 0.995906949 0.015256454 -0.464193724 -0.898443043 0.086962285 -0.430392287 -38.626287095
-0.433920491 0.023876773 0.900634801 247.575385017 0.087979783 0.995994023 0.015983284 -0.463721107 -0.896645097 0.086173110 -0.434282888 -39.630546482
-0.437642191 0.023961229 0.898829966 249.659136050 0.087835159 0.996003035 0.016215424 -0.463561717 -0.894848682 0.086045407 -0.437997588 -40.645568797
-0.441337689 0.025070416 0.896990889 251.945792200 0.088534799 0.995948957 0.015724668 -0.465024898 -0.892962765 0.086354778 -0.441769414 -41.772267678
-0.444851414 0.025013591 0.895255089 254.022419836 0.088131232 0.995980935 0.015964431 -0.464509381 -0.891257523 0.086001715 -0.445268005 -42.805269764
-0.448720430 0.025224719 0.893316195 256.306263301 0.087182309 0.996069182 0.015666248 -0.461828929 -0.889409404 0.084911115 -0.449155740 -43.948628921
-0.452221572 0.025088956 0.891552762 258.382895097 0.087018004 0.996076508 0.016107732 -0.458551678 -0.887650486 0.084865387 -0.452630474 -44.998575597
-0.455548561 0.025905198 0.889834009 260.455050728 0.087568551 0.996032653 0.015833626 -0.453669112 -0.885893406 0.085134441 -0.456009721 -46.055796260
-0.459254507 0.027089255 0.887891662 262.732668861 0.089106575 0.995898272 0.015705124 -0.448858358 -0.883824182 0.086329615 -0.459784599 -47.233859505
-0.462356492 0.029009029 0.886219546 264.800524473 0.091220050 0.995717816 0.014997830 -0.446434089 -0.881989368 0.087775316 -0.463022801 -48.312343516
-0.465107353 0.029747468 0.884754413 266.869680882 0.092042488 0.995643446 0.014910082 -0.444920615 -0.880456246 0.088369767 -0.465819118 -49.400388861
-0.468181731 0.031970210 0.883053738 269.145005090 0.094074945 0.995468956 0.013836999 -0.441624862 -0.878610063 0.089551443 -0.469067973 -50.610218423
-0.470716671 0.034262033 0.881619000 271.218372158 0.095928168 0.995309293 0.012537913 -0.438130378 -0.877053860 0.090473880 -0.471795369 -51.722882124
-0.473698591 0.035088039 0.879987844 273.504650293 0.096819109 0.995224313 0.012434944 -0.433261455 -0.875348832 0.091090035 -0.474833546 -52.961179958
-0.476804492 0.036203605 0.878263574 275.588838343 0.097500050 0.995164257 0.011909775 -0.426609148 -0.873585193 0.091309357 -0.478028640 -54.097791088
-0.479947844 0.036246703 0.876547987 277.677932652 0.096473830 0.995267134 0.011667643 -0.420545097 -0.871976341 0.090163782 -0.481173172 -55.244395765
-0.483428239 0.037410361 0.874584319 279.980552584 0.097252802 0.995196836 0.011187111 -0.414902287 -0.869964886 0.090463921 -0.484744515 -56.521377644
-0.486611672 0.037715280 0.872803968 282.080671954 0.096366200 0.995288232 0.010718715 -0.412665992 -0.868287113 0.089324634 -0.487953348 -57.691462921
-0.489316330 0.037553907 0.871297516 284.185808277 0.094718038 0.995450978 0.010288108 -0.411519781 -0.866947459 0.087561711 -0.490647450 -58.872889023
-0.492208388 0.037821595 0.869655425 286.508577018 0.095929245 0.995327296 0.011007011 -0.409838434 -0.865175333 0.088843112 -0.493536640 -60.189796168
-0.494144022 0.037852093 0.868555716 288.625250198 0.097490312 0.995162976 0.012095075 -0.406606900 -0.863896522 0.090652457 -0.495444047 -61.399695099
-0.496120966 0.037771101 0.867431530 290.748323039 0.098169271 0.995087186 0.012817482 -0.401015814 -0.862685723 0.091514123 -0.497391576 -62.620435418
-0.498455745 0.037779634 0.866091621 293.091275743 0.098159474 0.995084649 0.013086622 -0.392703300 -0.861339924 0.091538180 -0.499714088 -63.970857603
-0.500674686 0.037119032 0.864839386 295.227934907 0.097549211 0.995135548 0.013762031 -0.384212904 -0.860121437 0.091254680 -0.501860109 -65.210379210
-0.503367780 0.037051073 0.863277604 297.585540114 0.098456230 0.995032762 0.014702868 -0.372775001 -0.858444597 0.092395988 -0.504515341 -66.587499386
-0.505436676 0.037079967 0.862066685 299.735024304 0.098934327 0.994977729 0.015209137 -0.360475147 -0.857173053 0.092975223 -0.506566716 -67.849941085
-0.507328505 0.037767578 0.860924807 301.889958543 0.098565126 0.995025941 0.014432355 -0.349076373 -0.856097297 0.092179087 -0.508527588 -69.120902247
-0.509734966 0.040033202 0.859399635 304.265408240 0.097897301 0.995127628 0.011709949 -0.338699501 -0.854743389 0.090101856 -0.511170489 -70.529817580
-0.512928337 0.039329888 0.857530061 306.432118362 0.096342276 0.995276175 0.011979262 -0.332352603 -0.853007951 0.088760882 -0.514294483 -71.823851121
-0.517243263 0.037006462 0.855038041 308.605595179 0.093699841 0.995507650 0.013596341 -0.325122563 -0.850693614 0.087149525 -0.518387124 -73.128362630
-0.522433986 0.034494408 0.851981801 311.000185950 0.091122880 0.995718047 0.015562515 -0.313350321 -0.847796692 0.085765403 -0.523340177 -74.580844746
-0.527032581 0.033105015 0.849200117 313.177525511 0.089798842 0.995816351 0.016910496 -0.298379541 -0.845087396 0.085169551 -0.527800452 -75.919224724
-0.531234900 0.033449408 0.846564079 315.353848891 0.090081895 0.995786127 0.017182614 -0.281524534 -0.842421874 0.085388082 -0.532009529 -77.277432426
-0.535624337 0.034708759 0.843742847 317.747437164 0.092416749 0.995562839 0.017713814 -0.258600657 -0.839384058 0.087463902 -0.536455355 -78.789964835
-0.539216161 0.035903207 0.841401813 319.924984120 0.093812402 0.995433531 0.017644246 -0.239593845 -0.836925952 0.088447969 -0.540122012 -80.182720544
-0.543094014 0.035788652 0.838908924 322.321006514 0.094230440 0.995377778 0.018539263 -0.220163859 -0.834367665 0.089119301 -0.543956092 -81.729794736
-0.546893802 0.034270170 0.836500355 324.497100619 0.094553202 0.995297409 0.021041884 -0.202613408 -0.831845386 0.090601443 -0.547562337 -83.148021959
-0.550674835 0.032905992 0.834071064 326.668924318 0.093118959 0.995407277 0.022208418 -0.184091765 -0.829509476 0.089897427 -0.551209908 -84.576442363
-0.554675954 0.032781659 0.831420511 329.051596217 0.092331564 0.995477496 0.022348125 -0.160887145 -0.826927660 0.089162304 -0.555194210 -86.159182148
-0.558561601 0.032231003 0.828836665 331.213842218 0.091882897 0.995499315 0.023208809 -0.139173658 -0.824358149 0.089119445 -0.559009168 -87.608818458
-0.562507331 0.031733645 0.826183148 333.370609775 0.093161258 0.995332120 0.025198250 -0.114361760 -0.821526853 0.091142442 -0.562837960 -89.071497112
-0.566603334 0.032001253 0.823369113 335.737126132 0.093729008 0.995262940 0.025817707 -0.084504238 -0.818642427 0.091801950 -0.566918745 -90.694300821
-0.570144403 0.031090237 0.820956071 337.884577518 0.091984883 0.995416051 0.026185250 -0.053418752 -0.816378607 0.090444902 -0.570390721 -92.178422853
-0.573579641 0.029861399 0.818605403 340.027377079 0.091470054 0.995420269 0.027779824 -0.018230897 -0.814026728 0.090811803 -0.573684223 -93.675483074
-0.576727196 0.028841606 0.816427594 342.380022664 0.091597274 0.995357830 0.029542015 0.023529203 -0.811785421 0.091820206 -0.576691742 -95.335630319
-0.579418610 0.028371401 0.814536218 344.515609973 0.089692953 0.995543473 0.029126758 0.062268419 -0.810079712 0.089934726 -0.579381129 -96.851999172
-0.582549342 0.027366087 0.812334582 346.862286731 0.085409542 0.995960870 0.027697597 0.104174223 -0.808295345 0.085516323 -0.582533674 -98.525379738
-0.585547271 0.026557479 0.810203188 348.992419003 0.082429162 0.996233345 0.026917594 0.140792390 -0.806436432 0.082545876 -0.585530826 -100.055788540
-0.588654109 0.023646252 0.808039173 351.119709096 0.079750619 0.996394663 0.028939842 0.174908765 -0.804441465 0.081477164 -0.588417615 -101.597043527
-0.591898169 0.022726767 0.805692349 353.449528933 0.080116666 0.996310962 0.030753646 0.215945021 -0.802021053 0.082752394 -0.591535427 -103.304939470
-0.594831914 0.022692456 0.803529810 355.562040140 0.079404007 0.996371447 0.030642197 0.254500444 -0.799918677 0.082030426 -0.594475406 -104.863375035
-0.597561843 0.023256000 0.801485565 357.666956777 0.078254850 0.996498905 0.029429762 0.289541065 -0.797994935 0.080306218 -0.597289616 -106.431410103
-0.601032820 0.018725186 0.799005022 359.982103453 0.075062451 0.996629085 0.033107336 0.331921758 -0.795691568 0.079873853 -0.600412347 -108.166119781
-0.604080867 0.016245431 0.796757491 362.079162821 0.072438528 0.996772633 0.034597383 0.380690934 -0.793623879 0.078615540 -0.603308070 -109.749391585
-0.606959361 0.016367834 0.794564368 364.169661391 0.071981443 0.996810788 0.034451801 0.432411270 -0.791466298 0.078104716 -0.606201818 -111.338367199
-0.609868064 0.016064153 0.792340201 366.459351384 0.071267511 0.996855410 0.034644384 0.487654151 -0.789291950 0.077596600 -0.609095131 -113.095537471
-0.612387201 0.015853921 0.790399061 368.534662819 0.071109123 0.996850814 0.035099130 0.536129755 -0.787353355 0.077698825 -0.611586036 -114.700939567
-0.615374120 0.014268165 0.788106095 370.809405886 0.070330187 0.996842205 0.036868469 0.589436840 -0.785091239 0.078115533 -0.614434376 -116.475552994
-0.618051612 0.013594919 0.786020030 372.869986691 0.067825275 0.997044378 0.036086586 0.636815221 -0.783206125 0.075615381 -0.617146963 -118.092409493
-0.620799256 0.010820966 0.783894952 374.926913852 0.059160045 0.997700292 0.033078957 0.681586316 -0.781734144 0.066910638 -0.620011766 -119.707173144
-0.624316423 0.012247432 0.781075609 377.175755250 0.049812204 0.998466370 0.024158894 0.717609572 -0.779581712 0.053989879 -0.623969024 -121.484846503
-0.626859967 0.022051779 0.778819879 379.202936254 0.058971784 0.998074884 0.019205620 0.734661944 -0.776896911 0.057967619 -0.626953620 -123.123987738
-0.627639227 0.024302180 0.778124995 381.226153139 0.066686341 0.997517205 0.022635330 0.751961914 -0.775642851 0.066097115 -0.627701549 -124.777931733
-0.629643280 0.013296841 0.776770646 383.465399121 0.065674418 0.997185516 0.036165161 0.794983609 -0.774103424 0.073785095 -0.628744420 -126.597589928
-0.632472687 0.003883015 0.774572994 385.498369184 0.060382601 0.997191516 0.044306004 0.859589735 -0.772225447 0.074793054 -0.630930864 -128.245489758
-0.635850493 -0.002174353 0.771809254 387.726378954 0.054227488 0.997398900 0.047484881 0.944327322 -0.769904820 0.072046546 -0.634078672 -130.058027961
-0.638543570 -0.002494759 0.769581696 389.737977258 0.052880482 0.997489000 0.047109989 1.019473768 -0.767766674 0.070777616 -0.636808261 -131.712266564
-0.640948118 0.002045896 0.767581542 391.736428559 0.057885455 0.997277713 0.045677551 1.090457039 -0.765398384 0.073708731 -0.639321700 -133.378799448
-0.643042618 0.009437028 0.765772312 393.923210358 0.063213334 0.997165964 0.040793565 1.159831315 -0.763216987 0.074639006 -0.641816757 -135.216351542
-0.645365305 0.012999602 0.763763532 395.905483382 0.064664112 0.997195937 0.037667183 1.216778620 -0.761132103 0.073697168 -0.644396267 -136.894390809
-0.648149972 0.012052527 0.761417394 397.886630912 0.063992947 0.997200125 0.038688691 1.273475781 -0.758819096 0.073801401 -0.647106509 -138.578261733
-0.651148280 0.011611547 0.758861771 400.060809209 0.064648702 0.997097415 0.040215551 1.339429281 -0.756192017 0.075245699 -0.650008938 -140.433622887
-0.653453856 0.011221163 0.756883241 402.029092933 0.065228080 0.997005652 0.041533453 1.402260544 -0.754150689 0.076510219 -0.652229122 -142.128674941
-0.655230979 0.011698304 0.755338077 403.986947521 0.065876244 0.996955869 0.041705113 1.463807410 -0.752550723 0.077085300 -0.654007009 -143.832792773
-0.656712456 0.011750534 0.754049582 406.137637214 0.066164682 0.996920656 0.042088503 1.534548771 -0.751232914 0.077531479 -0.655467681 -145.712271924
-0.657885640 0.012340932 0.753016788 408.087322251 0.066879605 0.996872757 0.042093072 1.598314915 -0.750142326 0.078053876 -0.656653627 -147.424367143
-0.658977609 0.012010821 0.752066717 410.231459446 0.068323696 0.996694712 0.043949108 1.671039532 -0.749052929 0.080345439 -0.657620121 -149.311783044
-0.660011851 0.011162937 0.751172312 412.178747655 0.070020189 0.996451156 0.046714755 1.742942139 -0.747984918 0.083429501 -0.658451201 -151.028513303
-0.661091691 0.010778293 0.750227765 414.122955361 0.071544710 0.996246249 0.048731572 1.821132313 -0.746886228 0.085890847 -0.659381247 -152.748870830
-0.662262488 0.011493191 0.749183822 416.255183352 0.070743236 0.996374838 0.047250170 1.907550051 -0.745924727 0.084291686 -0.660674743 -154.639283914
-0.663673897 0.011678343 0.747930925 418.191619649 0.067041779 0.996782808 0.043925319 1.983264542 -0.745011587 0.079294691 -0.662321667 -156.357135075
-0.664920308 0.011185226 0.746830616 420.124536175 0.064012211 0.997062442 0.042058596 2.052094022 -0.744166197 0.075771877 -0.663683056 -158.079672546
-0.666052749 0.009986023 0.745837857 422.248534434 0.063022868 0.997088283 0.042931054 2.122923986 -0.743237352 0.075599171 -0.664742739 -159.978466994
-0.666907229 0.008684766 0.745090207 424.176611586 0.061332652 0.997178861 0.043273850 2.189085673 -0.742612255 0.074557985 -0.665558450 -161.707047255
-0.667790007 0.008355757 0.744302883 426.099352545 0.058584111 0.997425130 0.041364395 2.256630997 -0.742040644 0.071227037 -0.666560048 -163.435926487
-0.668685325 0.006979574 0.743512821 428.213233747 0.057264460 0.997469392 0.042137794 2.330369106 -0.741337053 0.070753769 -0.667392826 -165.341509043
-0.669127644 0.005540631 0.743126901 430.131471210 0.057744005 0.997336562 0.044557980 2.399544199 -0.740900624 0.072726084 -0.667665401 -167.078829736
-0.669043988 0.004730810 0.743207814 432.236720194 0.059830431 0.997077135 0.047513233 2.479142495 -0.740810617 0.076254870 -0.667371509 -168.988302077
-0.668175478 0.003323143 0.743996358 434.142530291 0.064176699 0.996520281 0.053185362 2.553792655 -0.741230592 0.083284367 -0.666063682 -170.722343095
-0.666738711 0.002305599 0.745288045 436.054714495 0.068191810 0.995989325 0.057923600 2.651378209 -0.742165262 0.089442428 -0.664221861 -172.455750800
-0.664904244 0.000476652 0.746928520 438.162765017 0.063633448 0.996400373 0.056009660 2.762365285 -0.744213032 0.084770679 -0.662541167 -174.344223226
-0.664248797 0.000741883 0.747511257 440.084035275 0.056678011 0.997170845 0.049375196 2.848256576 -0.745359675 0.075164850 -0.662411582 -176.053205348
-0.662647360 -0.001647699 0.748929808 442.014806310 0.051208097 0.997557605 0.047503229 2.923645778 -0.747178770 0.069829144 -0.660944536 -177.766612241
-0.660089092 -0.002477106 0.751183300 444.141926768 0.049470443 0.997680341 0.046761234 3.014115519 -0.749556517 0.068027936 -0.658435366 -179.647665134
-0.657395897 -0.002377479 0.753541690 446.077247157 0.051176793 0.997545304 0.047794377 3.102624089 -0.751805478 0.069983659 -0.655660517 -181.354330328
-0.654569185 -0.002070795 0.755999332 448.014996799 0.052198801 0.997485950 0.047927706 3.193734215 -0.754197833 0.070834243 -0.652815472 -183.051373796
-0.652015431 -0.000834194 0.758205302 450.151148785 0.050226064 0.997755375 0.044289440 3.284433735 -0.756540234 0.066959051 -0.650510001 -184.907865716
-0.650533534 -0.005571111 0.759457162 452.104298131 0.043563030 0.998053030 0.044636453 3.362950499 -0.758227068 0.062121751 -0.649024269 -186.585931882
-0.649588685 -0.012621196 0.760181126 454.260862660 0.034223065 0.998363318 0.045819939 3.446470084 -0.759515126 0.055779829 -0.648093578 -188.424737582
-0.649005975 -0.015416405 0.760627160 456.220447192 0.027650135 0.998656154 0.043833287 3.523909254 -0.760280618 0.049479498 -0.647707544 -190.090682244
-0.648486601 -0.016479530 0.761047733 458.178664091 0.025310876 0.998746037 0.043193911 3.598159146 -0.760805094 0.047273446 -0.647256310 -191.758901428
-0.647300330 -0.016540988 0.762055626 460.330922935 0.027241096 0.998623830 0.044814830 3.678997446 -0.761748061 0.049767873 -0.645958939 -193.597792547
-0.646007716 -0.017496744 0.763130391 462.289166782 0.029166348 0.998441431 0.047581854 3.757357028 -0.762773398 0.052995960 -0.644490552 -195.267876940
-0.644689369 -0.019360527 0.764199508 464.250345895 0.027997798 0.998410536 0.048913452 3.839549135 -0.763931701 0.052929874 -0.643122605 -196.931285903
-0.643689351 -0.019989528 0.765025842 466.409194398 0.025495472 0.998543765 0.047542944 3.931017577 -0.764862016 0.050107570 -0.642242344 -198.752860280
-0.642823302 -0.018935721 0.765780478 468.372143637 0.024707983 0.998661692 0.045435012 4.010432652 -0.765615843 0.048127564 -0.641495142 -200.407318587
-0.641798612 -0.017568897 0.766672013 470.335969314 0.025025881 0.998725229 0.043836314 4.083257310 -0.766464708 0.047320717 -0.640540788 -202.060898237
-0.640567841 -0.017034347 0.767712688 472.499197998 0.027310303 0.998616088 0.044945034 4.162265414 -0.767415722 0.049756799 -0.639216138 -203.881222883
