1.000000000 0.000000000 0.000000000 -0.000000000 0.000000000 1.000000000 0.000000000 0.000000000 -0.000000000 0.000000000 1.000000000 -0.000000000
0.999999997 -0.000059481 0.000047523 0.001595196 0.000059469 0.999999965 0.000259524 -0.008840666 -0.000047539 -0.000259521 0.999999965 0.378130407
0.999999954 0.000279954 -0.000115766 0.001760720 -0.000279889 0.999999801 0.000564974 -0.015440412 0.000115925 -0.000564941 0.999999834 0.719392449
0.999999963 0.000270635 0.000026228 0.002728046 -0.000270642 0.999999935 0.000238162 -0.022381799 -0.000026164 -0.000238169 0.999999971 1.057972351
0.999999986 0.000152559 0.000073793 0.004297480 -0.000152568 0.999999981 0.000119456 -0.029361617 -0.000073775 -0.000119467 0.999999990 1.427949780
0.999999935 -0.000076110 0.000352322 0.005923751 0.000075947 0.999999890 0.000461942 -0.035510328 -0.000352357 -0.000461916 0.999999831 1.761713005
0.999999861 -0.000260284 0.000459099 0.008945273 0.000260169 0.999999934 0.000251947 -0.043436935 -0.000459165 -0.000251827 0.999999863 2.092602464
0.999999959 -0.000083997 0.000272505 0.010680720 0.000084025 0.999999991 -0.000102776 -0.051973624 -0.000272496 0.000102799 0.999999958 2.452601410
0.999999977 0.000201114 -0.000074329 0.012094236 -0.000201099 0.999999960 0.000201001 -0.059485828 0.000074369 -0.000200986 0.999999977 2.777161303
0.999999700 0.000601917 -0.000486687 0.012080407 -0.000601821 0.999999800 0.000196730 -0.067097454 0.000486805 -0.000196437 0.999999862 3.130257113
0.999999624 0.000560690 -0.000661470 0.012728397 -0.000560574 0.999999828 0.000174327 -0.073760172 0.000661568 -0.000173956 0.999999766 3.447805844
0.999999423 0.000455036 -0.000972601 0.013837450 -0.000454740 0.999999850 0.000304761 -0.081399079 0.000972740 -0.000304318 0.999999481 3.762389581
0.999999004 0.000246005 -0.001389994 0.014462855 -0.000245208 0.999999805 0.000573911 -0.088959171 0.001390135 -0.000573569 0.999998869 4.105073523
0.999998288 0.000194009 -0.001839945 0.014841503 -0.000193299 0.999999907 0.000385992 -0.095422264 0.001840019 -0.000385636 0.999998233 4.412660548
0.999997242 -0.000038331 -0.002348266 0.015494574 0.000038005 0.999999990 -0.000139035 -0.102370477 0.002348271 0.000138945 0.999997233 4.716688263
0.999995815 0.000317858 -0.002875720 0.014587702 -0.000318213 0.999999942 -0.000122857 -0.109361939 0.002875680 0.000123771 0.999995858 5.047953510
0.999994831 0.000866985 -0.003096039 0.013123505 -0.000867036 0.999999624 -0.000015055 -0.115087103 0.003096025 0.000017740 0.999995207 5.345784786
0.999993839 0.001098229 -0.003334168 0.011968206 -0.001097942 0.999999393 0.000087909 -0.120900776 0.003334262 -0.000084248 0.999994438 5.640289998
0.999992664 0.001216275 -0.003632276 0.011489366 -0.001216313 0.999999260 -0.000008158 -0.127849614 0.003632263 0.000012576 0.999993403 5.961365475
0.999992371 0.001054326 -0.003761227 0.011819373 -0.001055053 0.999999425 -0.000191339 -0.133756424 0.003761023 0.000195306 0.999992908 6.249952442
0.999991931 0.001044412 -0.003879127 0.011372340 -0.001045700 0.999999399 -0.000330023 -0.139386354 0.003878779 0.000334076 0.999992422 6.564434276
0.999990988 0.001148120 -0.004087154 0.010136250 -0.001149627 0.999999272 -0.000366316 -0.144542444 0.004086730 0.000371011 0.999991580 6.846777017
0.999991227 0.000995756 -0.004068597 0.009495147 -0.000997647 0.999999395 -0.000462930 -0.150261252 0.004068133 0.000466985 0.999991616 7.126199488
0.999991385 0.000988996 -0.004031359 0.008609137 -0.000991696 0.999999285 -0.000667892 -0.157584610 0.004030695 0.000671884 0.999991651 7.429304281
0.999990960 0.001132296 -0.004098614 0.007472166 -0.001133633 0.999999305 -0.000323661 -0.163943747 0.004098244 0.000328305 0.999991548 7.702377503
0.999990555 0.001484770 -0.004084723 0.005942481 -0.001484054 0.999998883 0.000178315 -0.169572263 0.004084983 -0.000172252 0.999991642 7.972796798
0.999989377 0.001994799 -0.004155277 0.003931321 -0.001994448 0.999998007 0.000088571 -0.175569771 0.004155444 -0.000080282 0.999991363 8.266332678
0.999988800 0.002234648 -0.004172184 0.002309581 -0.002235915 0.999997456 -0.000298913 -0.180536195 0.004171505 0.000308238 0.999991252 8.530354222
0.999988652 0.002508399 -0.004050126 0.000219984 -0.002507973 0.999996849 0.000110259 -0.185070764 0.004050389 -0.000100100 0.999991792 8.791785414
0.999989831 0.002193112 -0.003940539 0.000181342 -0.002191082 0.999997465 0.000519524 -0.191272778 0.003941668 -0.000510885 0.999992101 9.077055722
0.999990761 0.002036096 -0.003785711 -0.000810840 -0.002035899 0.999997926 0.000055909 -0.196118676 0.003785816 -0.000048201 0.999992833 9.332576666
0.999992250 0.001818828 -0.003491575 -0.001653752 -0.001818644 0.999998345 0.000055722 -0.201270048 0.003491670 -0.000049371 0.999993903 9.611066375
0.999992229 0.001958906 -0.003421156 -0.002523705 -0.001958178 0.999998059 0.000216079 -0.206085472 0.003421572 -0.000209378 0.999994124 9.862021962
0.999992173 0.002325910 -0.003200553 -0.003635569 -0.002325240 0.999997274 0.000213161 -0.210804534 0.003201039 -0.000205717 0.999994855 10.111433084
0.999991238 0.002746327 -0.003159497 -0.004396861 -0.002749185 0.999995815 -0.000900727 -0.216972719 0.003157009 0.000909405 0.999994603 10.387291800
0.999991114 0.002694753 -0.003241947 -0.004622416 -0.002700335 0.999994877 -0.001718679 -0.221798842 0.003237298 0.001727418 0.999993268 10.641707056
0.999991596 0.002425590 -0.003305082 -0.004596734 -0.002433152 0.999994427 -0.002286116 -0.226797680 0.003299518 0.002294138 0.999991925 10.900462240
0.999990830 0.002344518 -0.003583711 -0.005297743 -0.002353567 0.999994048 -0.002522830 -0.232298851 0.003577774 0.002531241 0.999990396 11.191212306
0.999990151 0.002449301 -0.003701149 -0.006252391 -0.002459207 0.999993400 -0.002674402 -0.237065905 0.003694573 0.002683478 0.999989574 11.461101598
0.999988395 0.002414702 -0.004168921 -0.007118454 -0.002427598 0.999992276 -0.003090948 -0.241615904 0.004161424 0.003101032 0.999986533 11.737787592
0.999985463 0.002335831 -0.004859715 -0.008116932 -0.002352967 0.999991025 -0.003523367 -0.247571442 0.004851441 0.003534750 0.999981984 12.050343820
0.999981552 0.002227222 -0.005651068 -0.009371718 -0.002248630 0.999990309 -0.003784809 -0.252706007 0.005642583 0.003797446 0.999976870 12.343497136
0.999975373 0.002411538 -0.006590755 -0.011743884 -0.002436740 0.999989741 -0.003818423 -0.258803069 0.006581478 0.003834388 0.999970990 12.676508918
0.999968880 0.002835183 -0.007362144 -0.015239885 -0.002866472 0.999986891 -0.004242848 -0.264154187 0.007350017 0.004263818 0.999963898 12.990253215
0.999963561 0.002962557 -0.008006286 -0.018286014 -0.003000750 0.999984156 -0.004762682 -0.269941399 0.007992048 0.004786533 0.999956607 13.314705232
0.999956889 0.002672411 -0.008892628 -0.021649540 -0.002719099 0.999982562 -0.005242276 -0.276023975 0.008878462 0.005266229 0.999946718 13.685104275
0.999950992 0.002754826 -0.009509216 -0.025240762 -0.002808134 0.999980393 -0.005597226 -0.281499878 0.009493608 0.005623653 0.999939121 14.035029795
0.999943337 0.003014670 -0.010209490 -0.029533615 -0.003074449 0.999978194 -0.005844528 -0.287093217 0.010191646 0.005875584 0.999930802 14.397492404
0.999937870 0.002871814 -0.010770754 -0.033950516 -0.002934985 0.999978559 -0.005853827 -0.293503059 0.010753710 0.005885074 0.999924859 14.811959243
0.999936388 0.002614511 -0.010971950 -0.037620144 -0.002682159 0.999977459 -0.006155343 -0.300028790 0.010955608 0.006184379 0.999920861 15.201292778
0.999935970 0.002857152 -0.010949534 -0.042065972 -0.002926149 0.999975933 -0.006290501 -0.306517792 0.010931296 0.006322137 0.999920265 15.604234895
0.999932935 0.003380568 -0.011076868 -0.047406396 -0.003449622 0.999974700 -0.006220903 -0.313866139 0.011055556 0.006258695 0.999919298 16.062449011
0.999929768 0.003266176 -0.011392567 -0.051107858 -0.003338120 0.999974572 -0.006301695 -0.322214841 0.011371693 0.006339281 0.999915245 16.492679003
0.999931059 0.003106161 -0.011323840 -0.055208363 -0.003182142 0.999972506 -0.006697908 -0.332142009 0.011302722 0.006733479 0.999913451 16.980554388
0.999934668 0.002902582 -0.011056011 -0.059169248 -0.002981277 0.999970293 -0.007108076 -0.340942062 0.011035049 0.007140572 0.999913616 17.438213475
0.999934200 0.002845885 -0.011112873 -0.063889501 -0.002923428 0.999971451 -0.006967804 -0.348328848 0.011092724 0.006999832 0.999913973 17.909827246
0.999928638 0.003385106 -0.011456888 -0.070083751 -0.003469209 0.999967125 -0.007329007 -0.357034416 0.011431700 0.007368228 0.999907508 18.442673484
0.999927530 0.003771554 -0.011432878 -0.075823961 -0.003858245 0.999963904 -0.007570037 -0.365945075 0.011403913 0.007613597 0.999905988 18.941136205
0.999930764 0.003467793 -0.011244669 -0.081332223 -0.003556671 0.999962519 -0.007893687 -0.374892547 0.011216872 0.007933133 0.999905619 19.451587571
0.999930156 0.003378591 -0.011325543 -0.087405026 -0.003465899 0.999964362 -0.007698155 -0.385258889 0.011299128 0.007736869 0.999906231 20.028740975
0.999927075 0.003259516 -0.011628462 -0.093160601 -0.003342863 0.999968813 -0.007155289 -0.394750995 0.011604775 0.007193638 0.999906786 20.566696579
0.999927705 0.003409191 -0.011530889 -0.100090958 -0.003488157 0.999970557 -0.006835033 -0.404072178 0.011507245 0.006874760 0.999910156 21.117228831
0.999929957 0.003484351 -0.011311086 -0.107993381 -0.003562184 0.999970068 -0.006868259 -0.414142868 0.011286815 0.006908069 0.999912439 21.735744589
0.999925580 0.004035393 -0.011513056 -0.114574315 -0.004098952 0.999976461 -0.005502350 -0.424023427 0.011490579 0.005549131 0.999918584 22.311383610
0.999926812 0.003576521 -0.011557655 -0.121168184 -0.003613140 0.999988514 -0.003149058 -0.435671241 0.011546258 0.003190586 0.999928249 22.953192094
0.999928745 0.003254963 -0.011485176 -0.127102638 -0.003265699 0.999994248 -0.000916105 -0.446190458 0.011482126 0.000953546 0.999933624 23.538952916
0.999924859 0.003178746 -0.011839392 -0.133336422 -0.003168456 0.999994586 0.000887819 -0.455698869 0.011842148 -0.000850239 0.999929518 24.123378767
0.999920227 0.003403739 -0.012163645 -0.140703452 -0.003376446 0.999991738 0.002263726 -0.465653876 0.012171248 -0.002222475 0.999923458 24.764239913
0.999919521 0.003510665 -0.012191250 -0.147570685 -0.003480299 0.999990791 0.002511088 -0.474609347 0.012199951 -0.002468457 0.999922531 25.343883954
0.999914986 0.003597377 -0.012533139 -0.154420815 -0.003564723 0.999990196 0.002626759 -0.484052564 0.012542464 -0.002581858 0.999918007 25.921748112
0.999909208 0.003519244 -0.013007307 -0.161278665 -0.003484834 0.999990371 0.002667205 -0.495082544 0.013016566 -0.002621634 0.999911844 26.555530617
0.999908352 0.003251515 -0.013142119 -0.167348505 -0.003215325 0.999990984 0.002773893 -0.504481698 0.013151017 -0.002731382 0.999909791 27.129928344
0.999905383 0.003593552 -0.013278251 -0.174327610 -0.003552577 0.999988859 0.003108182 -0.513398601 0.013289271 -0.003060715 0.999907009 27.702841053
0.999896880 0.004135452 -0.013752332 -0.182790651 -0.004087276 0.999985419 0.003529348 -0.523077606 0.013766725 -0.003472773 0.999899203 28.330157360
0.999895274 0.003951652 -0.013922099 -0.189204483 -0.003907421 0.999987237 0.003202848 -0.532772248 0.013934576 -0.003148112 0.999897953 28.897679988
0.999893813 0.003769872 -0.014076606 -0.196476267 -0.003722950 0.999987432 0.003358032 -0.543316561 0.014089086 -0.003305269 0.999895281 29.518789629
0.999885681 0.004157450 -0.014537552 -0.203358388 -0.004103653 0.999984629 0.003728442 -0.552755028 0.014552827 -0.003668358 0.999887373 30.080962619
0.999881238 0.004316773 -0.014794407 -0.210434476 -0.004262905 0.999984177 0.003670700 -0.561480535 0.014810016 -0.003607197 0.999883819 30.639460443
0.999879180 0.004441149 -0.014896388 -0.218211047 -0.004391745 0.999984753 0.003347546 -0.571377854 0.014911025 -0.003281720 0.999883439 31.250155227
0.999873280 0.004689624 -0.015212903 -0.225158886 -0.004634889 0.999982666 0.003631211 -0.581027450 0.015229666 -0.003560240 0.999877683 31.802302592
0.999865839 0.004737886 -0.015679782 -0.232092568 -0.004678859 0.999981838 0.003799052 -0.590036695 0.015697494 -0.003725178 0.999869847 32.351352367
0.999866381 0.004290737 -0.015773730 -0.239853533 -0.004246367 0.999986936 0.002845363 -0.599836795 0.015785730 -0.002778001 0.999871538 32.950559493
0.999863190 0.004376574 -0.015951390 -0.246506208 -0.004342970 0.999988278 0.002140689 -0.609212365 0.015960569 -0.002071119 0.999870477 33.493010598
0.999854691 0.004346885 -0.016483344 -0.254333763 -0.004314606 0.999988705 0.001993333 -0.619190256 0.016491820 -0.001921924 0.999862154 34.086485365
0.999853313 0.003919836 -0.016672984 -0.261123730 -0.003897134 0.999991435 0.001393892 -0.628490208 0.016678302 -0.001328710 0.999860025 34.622944460
0.999852077 0.004232005 -0.016670771 -0.269166236 -0.004216584 0.999990649 0.000960037 -0.638000041 0.016674675 -0.000889601 0.999860572 35.156996130
0.999849864 0.004524573 -0.016726577 -0.278194724 -0.004506691 0.999989232 0.001106653 -0.648302585 0.016731401 -0.001031105 0.999859489 35.743278259
0.999847337 0.004764758 -0.016810710 -0.287075425 -0.004743901 0.999987928 0.001280368 -0.656615935 0.016816605 -0.001200424 0.999857870 36.274308666
0.999855445 0.004360431 -0.016434012 -0.293821695 -0.004345496 0.999990112 0.000944380 -0.665894014 0.016437965 -0.000872829 0.999864507 36.803669325
0.999857156 0.004296888 -0.016346400 -0.302149605 -0.004289569 0.999990683 0.000482794 -0.675641533 0.016348319 -0.000412605 0.999866272 37.383699312
0.999856310 0.004397438 -0.016371349 -0.310344718 -0.004390722 0.999990261 0.000446102 -0.684234826 0.016373149 -0.000374156 0.999865881 37.909365576
0.999859420 0.004609585 -0.016121174 -0.318280523 -0.004602526 0.999989296 0.000474948 -0.692837924 0.016123188 -0.000400683 0.999869933 38.433379366
0.999865460 0.004443549 -0.015789792 -0.326661889 -0.004437014 0.999990056 0.000448923 -0.702035868 0.015791627 -0.000378802 0.999875233 39.007534347
0.999862537 0.004927404 -0.015831234 -0.334600243 -0.004913734 0.999987520 0.000902282 -0.710393278 0.015835480 -0.000824368 0.999874271 39.528038902
0.999863654 0.004983720 -0.015742798 -0.342934173 -0.004963909 0.999986838 0.001297214 -0.720249973 0.015749054 -0.001218891 0.999875233 40.097750648
0.999869311 0.004676360 -0.015475528 -0.350209739 -0.004659877 0.999988537 0.001101029 -0.729839545 0.015480497 -0.001028771 0.999879641 40.613253079
0.999873430 0.004448047 -0.015275435 -0.357727560 -0.004429817 0.999989436 0.001227005 -0.738753339 0.015280729 -0.001159182 0.999882571 41.126791824
0.999873739 0.004363337 -0.015279620 -0.365097953 -0.004345892 0.999989866 0.001174780 -0.748275384 0.015284589 -0.001108228 0.999882570 41.689564790
0.999873374 0.004656352 -0.015216935 -0.373624365 -0.004643942 0.999988855 0.000850805 -0.756805456 0.015220724 -0.000780030 0.999883854 42.197991864
0.999877418 0.004675499 -0.014942834 -0.381069795 -0.004663703 0.999988785 0.000824190 -0.765431528 0.014946517 -0.000754400 0.999888010 42.705281206
0.999878688 0.004745453 -0.014835464 -0.388977388 -0.004727786 0.999988073 0.001225717 -0.775300903 0.014841101 -0.001155429 0.999889197 43.260061020
0.999875966 0.004673362 -0.015040369 -0.395837270 -0.004651451 0.999988070 0.001491509 -0.784838077 0.015047157 -0.001421364 0.999885775 43.761842565
0.999878581 0.003913920 -0.015083283 -0.402218776 -0.003889476 0.999991075 0.001649605 -0.796352163 0.015089602 -0.001590738 0.999884880 44.310739263
0.999876248 0.003854250 -0.015252312 -0.409105349 -0.003823854 0.999990646 0.002021552 -0.806243535 0.015259959 -0.001962979 0.999881633 44.807267920
0.999869860 0.004169153 -0.015584675 -0.417651724 -0.004131962 0.999988540 0.002417844 -0.814122409 0.015594574 -0.002353134 0.999875628 45.300848419
0.999860128 0.004473202 -0.016115687 -0.427100034 -0.004437623 0.999987639 0.002242796 -0.823146995 0.016125518 -0.002170967 0.999867618 45.840183142
0.999855460 0.004235467 -0.016465740 -0.434647616 -0.004203546 0.999989219 0.001972765 -0.832093224 0.016473916 -0.001903265 0.999862484 46.327681762
0.999847131 0.003890376 -0.017046389 -0.442469352 -0.003845492 0.999989055 0.002665023 -0.841776274 0.017056568 -0.002599063 0.999851148 46.813395796
0.999829509 0.003996687 -0.018027192 -0.452263757 -0.003938422 0.999986910 0.003266403 -0.852054116 0.018040007 -0.003194847 0.999832161 47.344306035
0.999813601 0.004226349 -0.018838808 -0.462926874 -0.004165241 0.999985940 0.003281804 -0.859895875 0.018852410 -0.003202724 0.999817148 47.824127099
0.999802301 0.003906323 -0.019496144 -0.472545116 -0.003848680 0.999988114 0.002993306 -0.867903297 0.019507602 -0.002917680 0.999805451 48.300627619
0.999785561 0.003814024 -0.020354005 -0.483814081 -0.003752704 0.999988307 0.003050036 -0.876363465 0.020365397 -0.002972999 0.999788183 48.821875262
0.999765359 0.004273283 -0.021235961 -0.495080673 -0.004200460 0.999985148 0.003472677 -0.883976092 0.021250482 -0.003382661 0.999768460 49.294015879
0.999741843 0.004417378 -0.022287529 -0.507580431 -0.004338400 0.999984142 0.003590729 -0.893257816 0.022303033 -0.003493109 0.999745154 49.810142714
0.999726219 0.004228303 -0.023013216 -0.518802061 -0.004152186 0.999985754 0.003354292 -0.901119174 0.023027068 -0.003257817 0.999729534 50.276079845
0.999708241 0.004168174 -0.023792017 -0.529639760 -0.004087904 0.999985791 0.003421481 -0.909415396 0.023805936 -0.003323222 0.999711075 50.739812669
0.999678555 0.004557516 -0.024940231 -0.542711545 -0.004471445 0.999983858 0.003505791 -0.919164925 0.024955802 -0.003393145 0.999682797 51.246779017
0.999656394 0.004643851 -0.025797862 -0.554841136 -0.004554668 0.999983451 0.003514682 -0.927938551 0.025813752 -0.003395973 0.999661001 51.704588171
0.999641757 0.004388619 -0.026402609 -0.566627257 -0.004303948 0.999985415 0.003262885 -0.936508939 0.026416539 -0.003148080 0.999646065 52.159316018
0.999618985 0.004619402 -0.027212965 -0.580530680 -0.004525712 0.999983622 0.003503451 -0.944757402 0.027228698 -0.003378957 0.999623519 52.655381366
0.999590814 0.004978465 -0.028167700 -0.593813079 -0.004883574 0.999982170 0.003436590 -0.952903490 0.028184302 -0.003297624 0.999597304 53.102614325
0.999564847 0.005122505 -0.029049566 -0.606731538 -0.005020861 0.999981020 0.003570856 -0.961455506 0.029067302 -0.003423448 0.999571594 53.546466460
0.999545525 0.005260071 -0.029682902 -0.620981222 -0.005151895 0.999979811 0.003719711 -0.971492087 0.029701863 -0.003565096 0.999552444 54.030964582
0.999527350 0.005486231 -0.030248592 -0.634151979 -0.005368477 0.999977698 0.003972752 -0.979854202 0.030269708 -0.003808484 0.999534512 54.466392201
0.999508999 0.006143806 -0.030724835 -0.649004367 -0.006004135 0.999971228 0.004636068 -0.987684128 0.030752429 -0.004449315 0.999517129 54.940934859
0.999496759 0.006485289 -0.031051087 -0.662332110 -0.006348983 0.999969781 0.004486342 -0.995116738 0.031079239 -0.004286941 0.999507730 55.366235202
0.999490681 0.006785604 -0.031182292 -0.674826472 -0.006661116 0.999969432 0.004094429 -1.003229111 0.031209117 -0.003884634 0.999505328 55.787098621
0.999495736 0.006516496 -0.031077468 -0.686984997 -0.006393626 0.999971353 0.004051379 -1.012078188 0.031102974 -0.003850637 0.999508768 56.246116482
0.999497348 0.006632963 -0.031000907 -0.698826116 -0.006497760 0.999968943 0.004459989 -1.019398500 0.031029522 -0.004256309 0.999509406 56.659452630
0.999493858 0.007108356 -0.031008052 -0.711097107 -0.006972782 0.999965662 0.004478184 -1.026067654 0.031038814 -0.004259704 0.999509103 57.068434492
0.999493125 0.007613755 -0.030911565 -0.724893686 -0.007490742 0.999963566 0.004093392 -1.032811820 0.030941599 -0.003859766 0.999513741 57.513399112
0.999501565 0.007545124 -0.030654410 -0.735800624 -0.007434872 0.999965482 0.003709016 -1.039855414 0.030681332 -0.003479255 0.999523162 57.914184227
0.999508887 0.007395065 -0.030451570 -0.747574580 -0.007281697 0.999966145 0.003832131 -1.047805660 0.030478873 -0.003608510 0.999528897 58.350986754
0.999510672 0.007457461 -0.030377674 -0.758515151 -0.007330805 0.999963976 0.004278630 -1.054623980 0.030408482 -0.004053843 0.999529334 58.744317765
0.999506781 0.007750357 -0.030432326 -0.770125311 -0.007627223 0.999962259 0.004160160 -1.061233525 0.030463415 -0.003925993 0.999528172 59.132956004
0.999502116 0.008124406 -0.030487949 -0.783076692 -0.007992163 0.999958130 0.004456904 -1.067898265 0.030522877 -0.004211019 0.999525198 59.557497741
0.999498067 0.008239043 -0.030589739 -0.794484960 -0.008103573 0.999956814 0.004549934 -1.074800612 0.030625899 -0.004299763 0.999521669 59.938102773
0.999489567 0.008478991 -0.030801175 -0.806352831 -0.008356157 0.999956622 0.004114497 -1.081334910 0.030834720 -0.003855017 0.999517063 60.314751938
0.999476689 0.008335676 -0.031254826 -0.818532316 -0.008226022 0.999959558 0.003635330 -1.089525481 0.031283860 -0.003376324 0.999504838 60.724604978
0.999456579 0.008412139 -0.031871349 -0.829986152 -0.008291876 0.999958002 0.003903699 -1.095736254 0.031902844 -0.003637303 0.999484356 61.094745780
0.999450497 0.008387352 -0.032067987 -0.840732258 -0.008259646 0.999957431 0.004112768 -1.102457710 0.032101111 -0.003845637 0.999477228 61.461737371
0.999445096 0.008185147 -0.032287837 -0.852505365 -0.008072337 0.999960856 0.003622682 -1.110655527 0.032316220 -0.003360033 0.999472047 61.860087125
0.999430244 0.008543238 -0.032652729 -0.865273429 -0.008431282 0.999958102 0.003564826 -1.116107109 0.032681811 -0.003287490 0.999460400 62.219454606
0.999417261 0.008695653 -0.033007936 -0.878436151 -0.008586240 0.999957169 0.003455071 -1.121776909 0.033036561 -0.003169643 0.999449118 62.611063637
0.999402755 0.008973780 -0.033370731 -0.890370151 -0.008886898 0.999956727 0.002750934 -1.127904175 0.033393968 -0.002452728 0.999439256 62.963908705
0.999401579 0.008777733 -0.033457977 -0.901598492 -0.008695516 0.999958808 0.002602045 -1.134266064 0.033479433 -0.002309553 0.999436738 63.315695365
0.999402540 0.008575432 -0.033481718 -0.914730734 -0.008501930 0.999961127 0.002337038 -1.139771706 0.033500452 -0.002050982 0.999436598 63.702487155
0.999405688 0.008922502 -0.033296562 -0.927350693 -0.008859279 0.999958663 0.002045849 -1.144060616 0.033313434 -0.001749649 0.999443422 64.054924845
0.999411148 0.009115697 -0.033079634 -0.939570261 -0.009054193 0.999956993 0.002008610 -1.148758019 0.033096516 -0.001707918 0.999450701 64.408365878
0.999411623 0.009236330 -0.033031786 -0.953224385 -0.009181141 0.999956192 0.001822089 -1.154370444 0.033047163 -0.001517747 0.999452641 64.797215576
0.999418072 0.009371639 -0.032797722 -0.964817954 -0.009324162 0.999955249 0.001600244 -1.160587287 0.032811246 -0.001293501 0.999460729 65.151521869
0.999422347 0.009208151 -0.032713634 -0.976594398 -0.009175192 0.999957237 0.001157480 -1.166615280 0.032722888 -0.000856658 0.999464096 65.506311908
0.999435502 0.008620624 -0.032470944 -0.988405055 -0.008598295 0.999962692 0.000827250 -1.173744509 0.032476859 -0.000547588 0.999472338 65.898771545
0.999436610 0.008536863 -0.032458977 -1.000225023 -0.008514227 0.999963404 0.000835549 -1.179431629 0.032464917 -0.000558714 0.999472719 66.258157723
0.999434601 0.009004723 -0.032394337 -1.013809597 -0.008993221 0.999959435 0.000500764 -1.185202430 0.032397527 -0.000209151 0.999475040 66.655910893
0.999434723 0.009093236 -0.032365845 -1.026310553 -0.009114054 0.999958343 -0.000495730 -1.190614624 0.032359983 0.000790434 0.999475966 67.019449229
0.999450027 0.008438962 -0.032069114 -1.036739329 -0.008513131 0.999961393 -0.002176962 -1.198032419 0.032049499 0.002448773 0.999483283 67.385698442
0.999485218 0.007920370 -0.031089664 -1.047544763 -0.008040511 0.999960676 -0.003741204 -1.206383145 0.031058805 0.003989254 0.999509598 67.793487577
0.999531075 0.008165211 -0.029512042 -1.058325694 -0.008292847 0.999956772 -0.004205071 -1.212919372 0.029476426 0.004447837 0.999555580 68.171544275
0.999579355 0.009167769 -0.027514829 -1.069723775 -0.009267106 0.999950987 -0.003484975 -1.217992176 0.027481526 0.003738491 0.999615321 68.556694184
0.999645169 0.010119452 -0.024640086 -1.079360891 -0.010180809 0.999945375 -0.002365940 -1.223894934 0.024614794 0.002615956 0.999693587 68.991238524
0.999717045 0.010590497 -0.021299585 -1.086226066 -0.010647692 0.999940000 -0.002573630 -1.230063201 0.021271047 0.002799693 0.999769826 69.394472942
0.999815212 0.010158742 -0.016320009 -1.090410715 -0.010207401 0.999943695 -0.002900971 -1.238966794 0.016289617 0.003067019 0.999862611 69.848708176
0.999896395 0.008803977 -0.011388146 -1.089318841 -0.008829239 0.999958667 -0.002169952 -1.248370687 0.011368569 0.002270276 0.999932798 70.272943051
0.999948945 0.007793236 -0.006432130 -1.086589514 -0.007803819 0.999968234 -0.001621897 -1.256495391 0.006419285 0.001672009 0.999977998 70.708145331
0.999968539 0.007895413 -0.000763357 -1.082902544 -0.007896890 0.999966915 -0.001951381 -1.263055363 0.000747924 0.001957347 0.999997805 71.200539694
0.999952072 0.008575815 0.004723164 -1.078718016 -0.008559611 0.999957447 -0.003440382 -1.266556812 -0.004752466 0.003399788 0.999982928 71.660731285
0.999910368 0.008717610 0.010161691 -1.070898796 -0.008662738 0.999947727 -0.005431420 -1.271757230 -0.010208507 0.005342904 0.999933618 72.133304971
0.999835183 0.008757217 0.015903417 -1.058500689 -0.008665397 0.999945440 -0.005833376 -1.280033928 -0.015953631 0.005694604 0.999856516 72.669748814
0.999742287 0.007828816 0.021308882 -1.042835921 -0.007740832 0.999961184 -0.004208379 -1.289719372 -0.021340998 0.004042345 0.999764083 73.173319398
0.999609213 0.007363115 0.026966750 -1.024424616 -0.007268023 0.999967026 -0.003622596 -1.298701017 -0.026992530 0.003425184 0.999629767 73.689730111
0.999420473 0.007576890 0.033185985 -1.002496925 -0.007454001 0.999964902 -0.003825212 -1.306265172 -0.033213798 0.003575626 0.999441873 74.272964925
0.999224525 0.007683892 0.038617453 -0.978570420 -0.007533515 0.999963470 -0.004038024 -1.313345467 -0.038647064 0.003743967 0.999245909 74.816149909
0.998962383 0.006721129 0.045044249 -0.946383281 -0.006533292 0.999969344 -0.004315977 -1.323368898 -0.045071869 0.004017211 0.998975670 75.428559381
0.998682443 0.006380297 0.050918279 -0.913778331 -0.006183273 0.999972779 -0.004026002 -1.332897028 -0.050942572 0.003705855 0.998694708 75.998716558
0.998385976 0.006834512 0.056380249 -0.877792211 -0.006644112 0.999971577 -0.003563833 -1.341720125 -0.056402994 0.003183483 0.998403008 76.581410835
0.998004189 0.006674539 0.062794022 -0.832855218 -0.006447345 0.999971919 -0.003820023 -1.352356474 -0.062817745 0.003407543 0.998019198 77.234110506
0.997628408 0.006090567 0.068559938 -0.786656031 -0.005842010 0.999975619 -0.003825309 -1.361902116 -0.068581553 0.003415708 0.997639666 77.838756335
0.997261124 0.005958301 0.073720755 -0.737241730 -0.005709614 0.999977279 -0.003583664 -1.370997000 -0.073740421 0.003152931 0.997272485 78.453336161
0.996804047 0.005815641 0.079673532 -0.678846447 -0.005593407 0.999979820 -0.003012214 -1.380429782 -0.079689428 0.002556940 0.996816461 79.139947561
0.996343809 0.005742643 0.085241061 -0.620800396 -0.005524168 0.999980825 -0.002798681 -1.389614185 -0.085255484 0.002317562 0.996356427 79.773859003
0.995888422 0.005838747 0.090400005 -0.559676256 -0.005643302 0.999981154 -0.002417450 -1.398554518 -0.090412401 0.001897355 0.995902604 80.415920376
0.995385795 0.005433190 0.095799791 -0.486825423 -0.005243166 0.999983756 -0.002235171 -1.408558101 -0.095810363 0.001722562 0.995398114 81.132233650
0.994987672 0.004437650 0.099899156 -0.416226295 -0.004230554 0.999988441 -0.002284800 -1.417637035 -0.099908124 0.001850718 0.994994945 81.792698400
0.994728265 0.003769421 0.102476692 -0.336148177 -0.003613410 0.999992013 -0.001708008 -1.426929708 -0.102482294 0.001328712 0.994733940 82.530666640
0.994597783 0.002728251 0.103768053 -0.261706973 -0.002581059 0.999995464 -0.001552723 -1.436286587 -0.103771801 0.001276503 0.994600313 83.210439755
0.994518375 0.002370814 0.104535082 -0.186220666 -0.002184643 0.999995817 -0.001895403 -1.446053776 -0.104539120 0.001656640 0.994519395 83.899727368
0.994537257 0.002934180 0.104340967 -0.104338419 -0.002703186 0.999993573 -0.002355190 -1.456611486 -0.104347190 0.002060270 0.994538796 84.669822319
0.994609843 0.002968177 0.103645802 -0.028236601 -0.002675358 0.999992028 -0.002964099 -1.466901435 -0.103653757 0.002670831 0.994609855 85.380876979
0.994717891 0.003046991 0.102601337 0.047768747 -0.002716706 0.999990669 -0.003358696 -1.478593009 -0.102610596 0.003062216 0.994716888 86.101735233
0.994886298 0.002733056 0.100964277 0.131441635 -0.002371690 0.999990346 -0.003699011 -1.492699368 -0.100973395 0.003440639 0.994883176 86.905624178
0.995045175 0.002159658 0.099400385 0.206674366 -0.001820263 0.999992201 -0.003504983 -1.505106654 -0.099407162 0.003306680 0.995041346 87.647845477
0.995285838 0.002239514 0.096959203 0.279909235 -0.001933831 0.999992860 -0.003246557 -1.516086492 -0.096965765 0.003043748 0.995283063 88.399999561
0.995637883 0.001819993 0.093283945 0.358998003 -0.001496643 0.999992628 -0.003536145 -1.529443239 -0.093289677 0.003381106 0.995633267 89.237933227
0.996008947 0.002096178 0.089228830 0.427116409 -0.001856479 0.999994442 -0.002769253 -1.542820401 -0.089234123 0.002592549 0.996007304 90.008249454
0.996430342 0.001869579 0.084398337 0.497432869 -0.001770366 0.999997651 -0.001250363 -1.556946952 -0.084400462 0.001096483 0.996431312 90.859306435
0.996799301 0.001491909 0.079930776 0.559237016 -0.001492572 0.999998885 -0.000051451 -1.570744834 -0.079930750 -0.000068017 0.996800416 91.632813710
0.997174248 0.001581579 0.075106712 0.616022291 -0.001652247 0.999998249 0.000878778 -1.583579766 -0.075105178 -0.001000389 0.997175115 92.404932950
0.997575936 0.001033975 0.069578613 0.674639528 -0.001143311 0.999998174 0.001531595 -1.596946826 -0.069576891 -0.001607433 0.997575296 93.252303255
0.997932642 0.001078467 0.064259473 0.722124756 -0.001200170 0.999997559 0.001855349 -1.609475111 -0.064257305 -0.001928636 0.997931500 94.018748027
0.998270127 0.001314453 0.058779480 0.764750200 -0.001425614 0.999997274 0.001849248 -1.622663882 -0.058776879 -0.001929846 0.998269279 94.783483097
0.998601736 0.001561556 0.052840659 0.807086452 -0.001670953 0.999996551 0.002026217 -1.636999222 -0.052837304 -0.002111678 0.998600901 95.622650640
0.998883609 0.002428132 0.047176690 0.840360121 -0.002516044 0.999995207 0.001804152 -1.649523237 -0.047172076 -0.001920837 0.998884931 96.383535607
0.999120864 0.002358575 0.041856143 0.870794389 -0.002436889 0.999995374 0.001820092 -1.662604559 -0.041851650 -0.001920491 0.999121990 97.142717665
0.999351241 0.002345849 0.035938765 0.898780404 -0.002406618 0.999995747 0.001647728 -1.676352647 -0.035934741 -0.001733150 0.999352636 97.974061961
0.999522824 0.002750456 0.030766213 0.919639228 -0.002821198 0.999993475 0.002256189 -1.689019939 -0.030759801 -0.002341910 0.999524062 98.727100236
0.999679488 0.003789275 0.025031232 0.936890374 -0.003856725 0.999989060 0.002646911 -1.703498496 -0.025020924 -0.002742600 0.999683166 99.550891188
0.999793472 0.004107806 0.019903260 0.949963152 -0.004166248 0.999987129 0.002895707 -1.716774416 -0.019891105 -0.002978030 0.999797717 100.296398622
0.999883409 0.003967923 0.014745273 0.959541233 -0.004010959 0.999987779 0.002890165 -1.729635928 -0.014733623 -0.002948970 0.999887106 101.037457434
0.999950677 0.003796245 0.009177841 0.965643382 -0.003824833 0.999987883 0.003099246 -1.742489436 -0.009165962 -0.003134196 0.999953080 101.849108915
0.999981755 0.004199034 0.004342467 0.967212555 -0.004212053 0.999986649 0.002993251 -1.754593056 -0.004329840 -0.003011487 0.999986092 102.582616758
0.999989609 0.004558262 -0.000058292 0.965342909 -0.004558068 0.999985146 0.002988680 -1.766926565 0.000071915 -0.002988382 0.999995532 103.312933047
0.999975862 0.005335093 -0.004451074 0.959855308 -0.005320250 0.999980270 0.003339957 -1.780041155 0.004468804 -0.003316195 0.999984516 104.112945449
0.999955219 0.005233903 -0.007884619 0.953184494 -0.005205917 0.999980091 0.003565852 -1.791159099 0.007903124 -0.003524645 0.999962558 104.836959106
0.999920727 0.005437071 -0.011356828 0.943873123 -0.005384082 0.999974501 0.004691278 -1.802003951 0.011382044 -0.004629759 0.999924504 105.631302551
0.999886194 0.005146925 -0.014181277 0.934086518 -0.005078744 0.999975392 0.004839693 -1.812495064 0.014205835 -0.004767119 0.999887728 106.350490211
0.999850226 0.005289822 -0.016478586 0.922141629 -0.005228634 0.999979284 0.003754087 -1.822792943 0.016498100 -0.003667364 0.999857171 107.068719676
0.999807294 0.006133468 -0.018648200 0.906271194 -0.006082940 0.999977676 0.002765052 -1.832553016 0.018664740 -0.002651083 0.999822284 107.862635809
0.999781775 0.005955583 -0.020023331 0.891973737 -0.005913112 0.999980142 0.002179615 -1.840222340 0.020035911 -0.002060738 0.999797137 108.588347088
0.999753123 0.005887837 -0.021424883 0.877534646 -0.005834419 0.999979716 0.002554900 -1.848497282 0.021439487 -0.002429267 0.999767196 109.318778085
0.999720863 0.005547793 -0.022965587 0.860155618 -0.005491937 0.999981808 0.002494515 -1.859095551 0.022979004 -0.002367693 0.999733144 110.126661511
0.999695298 0.005318258 -0.024104516 0.843318999 -0.005271008 0.999984061 0.002023323 -1.867807127 0.024114889 -0.001895651 0.999707396 110.865731734
0.999660816 0.006036249 -0.025334107 0.824175151 -0.005990196 0.999980266 0.001893336 -1.876029205 0.025345031 -0.001740938 0.999677247 111.610749064
0.999629138 0.006085048 -0.026543523 0.802515478 -0.006037199 0.999980004 0.001882448 -1.886331823 0.026554442 -0.001721501 0.999645886 112.436337609
0.999594065 0.006449475 -0.027750840 0.781459623 -0.006399205 0.999977720 0.001899913 -1.896279012 0.027762470 -0.001721558 0.999613066 113.193185273
0.999556332 0.006993675 -0.028952167 0.757027170 -0.006942269 0.999974143 0.001875699 -1.907676169 0.028964531 -0.001673873 0.999579038 114.031685221
0.999529213 0.006687594 -0.029943748 0.734346121 -0.006641545 0.999976605 0.001637074 -1.917551478 0.029953990 -0.001437431 0.999550245 114.800393587
0.999480635 0.007853389 -0.031253551 0.708922688 -0.007820705 0.999968736 0.001167893 -1.928125581 0.031261740 -0.000922861 0.999510806 115.575362595
0.999438476 0.008081320 -0.032518077 0.680752927 -0.008058545 0.999967184 0.000831362 -1.939329916 0.032523723 -0.000568847 0.999470802 116.436488877
0.999398880 0.007714252 -0.033798948 0.655000490 -0.007693265 0.999970124 0.000750951 -1.949250152 0.033803726 -0.000490475 0.999428370 117.226360409
0.999338005 0.007691122 -0.035558379 0.627816333 -0.007665341 0.999970250 0.000861327 -1.959464564 0.035563940 -0.000588190 0.999367230 118.023779132
0.999269019 0.007049866 -0.037572965 0.595325620 -0.007012715 0.999974783 0.001120479 -1.971140352 0.037579911 -0.000856171 0.999293259 118.908401224
0.999176204 0.007281648 -0.039923562 0.562533861 -0.007222752 0.999972605 0.001619249 -1.981530145 0.039934253 -0.001329556 0.999201425 119.720122220
0.999082601 0.006355918 -0.042350422 0.525340715 -0.006301114 0.999979129 0.001427436 -1.993253920 0.042358604 -0.001159271 0.999101799 120.620412405
0.998986761 0.006719709 -0.044500531 0.488932683 -0.006657798 0.999976652 0.001539306 -2.003886632 0.044509828 -0.001241470 0.999008175 121.446932135
0.998885241 0.006159471 -0.046801028 0.450788257 -0.006119160 0.999980773 0.001004553 -2.014820054 0.046806308 -0.000717050 0.998903727 122.279668703
0.998768909 0.006005910 -0.049240196 0.405980134 -0.005993537 0.999981959 0.000398922 -2.027184639 0.049241695 -0.000103308 0.998786886 123.204391847
0.998667453 0.005943413 -0.051263965 0.363097132 -0.005936185 0.999982338 0.000293243 -2.038040331 0.051264794 0.000011460 0.998685096 124.052780949
0.998570074 0.006272481 -0.053089213 0.317928980 -0.006272836 0.999980313 0.000159946 -2.049857056 0.053089162 0.000173303 0.998589761 124.907964609
0.998463479 0.006946071 -0.054976671 0.265845708 -0.006918250 0.999975826 0.000696341 -2.062195435 0.054980170 -0.000314929 0.998487397 125.857635284
0.998380904 0.006611971 -0.056496482 0.217435372 -0.006577058 0.999978048 0.000803889 -2.073758498 0.056500547 -0.000431006 0.998402475 126.727173886
0.998275527 0.007186263 -0.058260884 0.166325331 -0.007104637 0.999973469 0.001608071 -2.084589038 0.058270884 -0.001191375 0.998300097 127.604151784
0.998175158 0.006844364 -0.059995917 0.108994364 -0.006759998 0.999975856 0.001609047 -2.097903430 0.060005471 -0.001200538 0.998197326 128.574513401
0.998058616 0.007381742 -0.061842624 0.054914847 -0.007261515 0.999971283 0.002168617 -2.109896510 0.061856846 -0.001715335 0.998083557 129.463060487
0.997941674 0.006822681 -0.063764148 -0.005677833 -0.006724668 0.999975855 0.001751601 -2.123400696 0.063774548 -0.001319203 0.997963459 130.444761132
0.997823442 0.006356960 -0.065635110 -0.063077870 -0.006275496 0.999979262 0.001447260 -2.134733127 0.065642938 -0.001032216 0.997842642 131.342063795
0.997711539 0.005667997 -0.067376249 -0.122424503 -0.005577187 0.999983268 0.001535836 -2.145503220 0.067383816 -0.001156551 0.997726457 132.243515043
0.997574765 0.006327427 -0.069314885 -0.191001558 -0.006185512 0.999978311 0.002261845 -2.159027861 0.069327682 -0.001827611 0.997592267 133.240511813
0.997473334 0.005775823 -0.070806707 -0.253987720 -0.005632966 0.999981677 0.002217078 -2.171481547 0.070818203 -0.001812623 0.997487592 134.151255684
0.997380224 0.005966199 -0.072090869 -0.319005555 -0.005782508 0.999979482 0.002756487 -2.183267218 0.072105823 -0.002332399 0.997394260 135.065774784
0.997291563 0.005845189 -0.073316939 -0.391706898 -0.005599401 0.999977995 0.003557493 -2.196109239 0.073336107 -0.003137326 0.997302347 136.073794308
0.997209802 0.006361379 -0.074378395 -0.459933218 -0.006063429 0.999972666 0.004230996 -2.207967990 0.074403264 -0.003768202 0.997221116 136.990949244
0.997151292 0.006804034 -0.075119956 -0.533462964 -0.006466614 0.999967885 0.004734073 -2.221053875 0.075149741 -0.004234814 0.997163267 138.001556298
0.997120554 0.007970369 -0.075412700 -0.602258506 -0.007607084 0.999958043 0.005103327 -2.232964682 0.075450198 -0.004514960 0.997139349 138.919453227
0.997125073 0.007792485 -0.075371533 -0.668918946 -0.007423729 0.999959071 0.005171449 -2.244266508 0.075408734 -0.004597043 0.997142111 139.837930160
0.997116387 0.008266245 -0.075435943 -0.743818083 -0.007935759 0.999957561 0.004679715 -2.256430272 0.075471412 -0.004067578 0.997139669 140.847657537
0.997123782 0.008290131 -0.075335503 -0.811356687 -0.007983484 0.999958580 0.004370666 -2.267683557 0.075368603 -0.003756654 0.997148665 141.766591567
0.997116891 0.008658455 -0.075385266 -0.878861998 -0.008391423 0.999957348 0.003858275 -2.279905192 0.075415445 -0.003214560 0.997147018 142.684269898
0.997113755 0.008905720 -0.075397932 -0.952658224 -0.008651699 0.999955746 0.003695037 -2.294177841 0.075427489 -0.003032051 0.997146679 143.693472388
0.997103492 0.009979655 -0.075399162 -1.021085706 -0.009742929 0.999946387 0.003506823 -2.306652481 0.075430103 -0.002762056 0.997147266 144.609882664
0.997115376 0.009919550 -0.075249786 -1.088027223 -0.009644362 0.999945413 0.004019498 -2.319166289 0.075285538 -0.003282166 0.997156615 145.526082249
0.997108693 0.010504507 -0.075258953 -1.161429199 -0.010212125 0.999938743 0.004268798 -2.333336544 0.075299172 -0.003487901 0.997154887 146.532464446
0.997127060 0.010704188 -0.074986979 -1.228459222 -0.010393045 0.999935692 0.004538312 -2.345874265 0.075030723 -0.003745930 0.997174186 147.446148729
0.997135028 0.010913487 -0.074850740 -1.300343940 -0.010582834 0.999932418 0.004812719 -2.359422604 0.074898192 -0.004006797 0.997183135 148.450864299
0.997148785 0.010834398 -0.074678756 -1.364829673 -0.010470171 0.999931314 0.005267040 -2.371726416 0.074730680 -0.004470122 0.997193734 149.363950774
0.997153567 0.011190656 -0.074562286 -1.429230170 -0.010843675 0.999928419 0.005056787 -2.384102979 0.074613524 -0.004233862 0.997203538 150.275767767
0.997154263 0.011257739 -0.074542882 -1.500738873 -0.010964406 0.999930457 0.004343162 -2.397566014 0.074586579 -0.003513483 0.997208352 151.277113666
