1.000000000 -0.000000000 -0.000000000 -0.000000000 0.000000000 1.000000000 0.000000000 0.000000000 -0.000000000 -0.000000000 1.000000000 0.000000000
0.999999999 -0.000041301 -0.000026385 0.041288670 0.000041300 0.999999999 -0.000032439 0.022186746 0.000026386 0.000032438 0.999999999 -0.018428165
0.999999992 -0.000111292 -0.000064588 0.066703737 0.000111287 0.999999992 -0.000067631 0.036060206 0.000064595 0.000067624 0.999999996 -0.029724867
0.999999997 -0.000082108 0.000005989 0.094984166 0.000082108 0.999999990 -0.000118234 0.051193936 -0.000005979 0.000118234 0.999999993 -0.042538410
0.999999991 -0.000130026 -0.000036287 0.112313230 0.000130025 0.999999991 -0.000017280 0.060794780 0.000036289 0.000017275 0.999999999 -0.050323497
0.999999986 -0.000160586 -0.000052349 0.131695412 0.000160580 0.999999980 -0.000118964 0.071646851 0.000052368 0.000118956 0.999999992 -0.058996088
0.999999988 -0.000136946 -0.000077858 0.162734985 0.000136942 0.999999990 -0.000045343 0.087749637 0.000077864 0.000045332 0.999999996 -0.072170867
0.999999972 -0.000145105 -0.000187758 0.181791510 0.000145080 0.999999981 -0.000132860 0.097133969 0.000187777 0.000132833 0.999999974 -0.080464833
0.999999947 -0.000183024 -0.000268207 0.204277470 0.000183002 0.999999980 -0.000080038 0.107578981 0.000268222 0.000079989 0.999999961 -0.089863577
0.999999938 -0.000168007 -0.000307896 0.219398339 0.000167975 0.999999980 -0.000105125 0.114155388 0.000307914 0.000105074 0.999999947 -0.095490652
0.999999935 -0.000201262 -0.000297647 0.248468464 0.000201231 0.999999974 -0.000106387 0.125286987 0.000297669 0.000106327 0.999999950 -0.104731049
0.999999938 -0.000207630 -0.000283119 0.268943265 0.000207619 0.999999978 -0.000041707 0.133547168 0.000283127 0.000041648 0.999999959 -0.111156123
0.999999898 -0.000237014 -0.000384779 0.292238519 0.000236965 0.999999964 -0.000126429 0.142584491 0.000384809 0.000126338 0.999999918 -0.118291037
0.999999887 -0.000252513 -0.000403345 0.307070906 0.000252503 0.999999968 -0.000025991 0.148467515 0.000403352 0.000025889 0.999999918 -0.122727164
0.999999874 -0.000306658 -0.000397375 0.323919923 0.000306639 0.999999952 -0.000047176 0.155173388 0.000397389 0.000047054 0.999999920 -0.127772171
0.999999878 -0.000267217 -0.000414921 0.337139286 0.000267193 0.999999963 -0.000056746 0.160299101 0.000414937 0.000056635 0.999999912 -0.130393481
0.999999885 -0.000296221 -0.000376081 0.349940729 0.000296177 0.999999949 -0.000117673 0.165778613 0.000376116 0.000117562 0.999999922 -0.132424312
0.999999820 -0.000285311 -0.000527037 0.364756819 0.000285298 0.999999959 -0.000026189 0.172108651 0.000527045 0.000026039 0.999999861 -0.134809186
0.999999833 -0.000298138 -0.000494841 0.371924758 0.000298127 0.999999955 -0.000021934 0.175457472 0.000494847 0.000021787 0.999999877 -0.135994026
0.999999891 -0.000271129 -0.000379763 0.380861547 0.000271093 0.999999959 -0.000094563 0.180224649 0.000379789 0.000094460 0.999999923 -0.137313278
0.999999874 -0.000283235 -0.000414222 0.390927049 0.000283203 0.999999957 -0.000075780 0.184784025 0.000414243 0.000075662 0.999999911 -0.137711766
0.999999882 -0.000303156 -0.000378335 0.407071000 0.000303123 0.999999950 -0.000087619 0.189118154 0.000378361 0.000087505 0.999999925 -0.137729164
0.999999864 -0.000296862 -0.000428226 0.417617297 0.000296846 0.999999955 -0.000037460 0.191950785 0.000428237 0.000037333 0.999999908 -0.137058260
0.999999901 -0.000320926 -0.000309349 0.427944399 0.000320910 0.999999947 -0.000050201 0.195240510 0.000309365 0.000050102 0.999999951 -0.136644707
0.999999910 -0.000281751 -0.000316232 0.435162910 0.000281756 0.999999960 0.000013005 0.198495655 0.000316228 -0.000013094 0.999999950 -0.135540552
0.999999861 -0.000303813 -0.000429983 0.445125063 0.000303801 0.999999953 -0.000029424 0.201813616 0.000429992 0.000029293 0.999999907 -0.133811079
0.999999884 -0.000257412 -0.000407187 0.457237364 0.000257403 0.999999967 -0.000020905 0.204987743 0.000407192 0.000020801 0.999999917 -0.132462376
0.999999855 -0.000299329 -0.000448663 0.466051948 0.000299322 0.999999955 -0.000013989 0.207271369 0.000448667 0.000013855 0.999999899 -0.131629589
0.999999782 -0.000308847 -0.000582993 0.476933442 0.000308853 0.999999952 0.000010081 0.210019512 0.000582989 -0.000010261 0.999999830 -0.130772567
0.999999818 -0.000330869 -0.000504322 0.486169632 0.000330886 0.999999945 0.000032270 0.212546453 0.000504311 -0.000032437 0.999999872 -0.130037228
0.999999807 -0.000357791 -0.000508060 0.504164241 0.000357764 0.999999935 -0.000053688 0.216094248 0.000508079 0.000053506 0.999999869 -0.128621069
0.999999771 -0.000392665 -0.000550839 0.516292102 0.000392658 0.999999923 -0.000013728 0.219245983 0.000550844 0.000013511 0.999999848 -0.127818533
0.999999735 -0.000428683 -0.000588459 0.529896987 0.000428677 0.999999908 -0.000010896 0.222339643 0.000588464 0.000010643 0.999999827 -0.127356921
0.999999731 -0.000439712 -0.000586978 0.538002623 0.000439716 0.999999903 0.000006066 0.224669816 0.000586976 -0.000006324 0.999999828 -0.126671108
0.999999692 -0.000425893 -0.000658799 0.550619591 0.000425848 0.999999907 -0.000069300 0.228409100 0.000658828 0.000069019 0.999999781 -0.125558679
0.999999637 -0.000477615 -0.000705510 0.564921340 0.000477654 0.999999884 0.000054759 0.232969581 0.000705484 -0.000055096 0.999999750 -0.123947977
0.999999654 -0.000484426 -0.000676451 0.578395027 0.000484375 0.999999880 -0.000075945 0.237320220 0.000676488 0.000075617 0.999999768 -0.122750693
0.999999610 -0.000561249 -0.000681678 0.595771683 0.000561231 0.999999842 -0.000026874 0.243293833 0.000681693 0.000026492 0.999999767 -0.121502048
0.999999556 -0.000583751 -0.000739648 0.606463210 0.000583726 0.999999829 -0.000034568 0.247762749 0.000739668 0.000034137 0.999999726 -0.120293413
0.999999485 -0.000640536 -0.000787230 0.621624470 0.000640472 0.999999792 -0.000081538 0.251600726 0.000787282 0.000081034 0.999999687 -0.118557222
0.999999442 -0.000649298 -0.000833905 0.632791690 0.000649275 0.999999789 -0.000027463 0.254520761 0.000833922 0.000026922 0.999999652 -0.116765006
0.999999460 -0.000614196 -0.000838494 0.645314937 0.000614163 0.999999811 -0.000040333 0.257280320 0.000838519 0.000039818 0.999999648 -0.115327456
0.999999421 -0.000659830 -0.000850520 0.652384067 0.000659855 0.999999782 0.000028923 0.258358311 0.000850501 -0.000029484 0.999999638 -0.114372764
0.999999310 -0.000699431 -0.000944255 0.659132299 0.000699413 0.999999755 -0.000018977 0.258893335 0.000944268 0.000018316 0.999999554 -0.113809367
0.999999253 -0.000670417 -0.001022276 0.666109764 0.000670407 0.999999775 -0.000010166 0.258566364 0.001022282 0.000009481 0.999999477 -0.112336089
0.999999093 -0.000690999 -0.001156139 0.674368072 0.000690934 0.999999760 -0.000057132 0.258124941 0.001156178 0.000056333 0.999999330 -0.110664659
0.999998996 -0.000621073 -0.001273374 0.682270514 0.000620908 0.999999799 -0.000130413 0.257274894 0.001273454 0.000129622 0.999999181 -0.107626568
0.999998827 -0.000531411 -0.001436712 0.686926562 0.000530620 0.999999708 -0.000550712 0.257545086 0.001437004 0.000549949 0.999998816 -0.104050353
0.999998626 -0.000507208 -0.001578014 0.692886367 0.000505917 0.999999537 -0.000818528 0.257898383 0.001578428 0.000817728 0.999998420 -0.098791304
0.999998649 -0.000557253 -0.001546131 0.703225290 0.000555682 0.999999329 -0.001016350 0.258255320 0.001546697 0.001015489 0.999998288 -0.091289059
0.999998432 -0.000568753 -0.001677036 0.710942224 0.000567339 0.999999483 -0.000843317 0.255378929 0.001677515 0.000842364 0.999998238 -0.082768357
0.999998360 -0.000592661 -0.001711255 0.714699731 0.000591485 0.999999589 -0.000687512 0.253153183 0.001711662 0.000686498 0.999998299 -0.074302821
0.999998351 -0.000461555 -0.001756209 0.718735437 0.000460359 0.999999662 -0.000681376 0.250675594 0.001756523 0.000680566 0.999998226 -0.065554533
0.999997967 -0.000492494 -0.001955218 0.725079901 0.000491220 0.999999667 -0.000651835 0.250690205 0.001955538 0.000650874 0.999997876 -0.057295707
0.999998088 -0.000485029 -0.001894306 0.736914881 0.000483795 0.999999670 -0.000652225 0.252467905 0.001894622 0.000651307 0.999997993 -0.048584943
0.999997881 -0.000559699 -0.001980934 0.744297389 0.000558557 0.999999677 -0.000577281 0.254095355 0.001981257 0.000576173 0.999997871 -0.040911088
0.999997798 -0.000495295 -0.002039050 0.749396417 0.000494067 0.999999696 -0.000602905 0.254655980 0.002039348 0.000601896 0.999997739 -0.033777476
0.999997654 -0.000483424 -0.002111565 0.755215842 0.000482204 0.999999717 -0.000578228 0.255714013 0.002111844 0.000577208 0.999997603 -0.027589801
0.999997518 -0.000506897 -0.002169724 0.758369118 0.000505703 0.999999720 -0.000550907 0.256513034 0.002170003 0.000549809 0.999997494 -0.021820739
0.999997615 -0.000527142 -0.002119273 0.766488567 0.000526003 0.999999717 -0.000538076 0.258635041 0.002119556 0.000536960 0.999997610 -0.017864747
0.999997536 -0.000497129 -0.002163729 0.772081004 0.000495851 0.999999702 -0.000591047 0.259893593 0.002164022 0.000589973 0.999997484 -0.014460851
0.999997641 -0.000477270 -0.002119000 0.778591035 0.000476010 0.999999710 -0.000595057 0.260920486 0.002119284 0.000594047 0.999997578 -0.011861498
0.999997565 -0.000527587 -0.002142709 0.782291844 0.000526394 0.999999706 -0.000557544 0.261927817 0.002143003 0.000556415 0.999997549 -0.010942392
0.999997441 -0.000503251 -0.002205800 0.788058286 0.000501743 0.999999640 -0.000684113 0.263961839 0.002206143 0.000683004 0.999997333 -0.011859331
0.999997419 -0.000569496 -0.002199417 0.792790091 0.000567880 0.999999568 -0.000735325 0.266250424 0.002199835 0.000734074 0.999997311 -0.013057125
0.999997288 -0.000502749 -0.002274205 0.795101968 0.000500954 0.999999563 -0.000789573 0.267487295 0.002274601 0.000788431 0.999997102 -0.013753002
0.999997188 -0.000458008 -0.002326814 0.797208052 0.000456655 0.999999726 -0.000582277 0.268422541 0.002327080 0.000581213 0.999997123 -0.014180081
0.999997083 -0.000466219 -0.002369945 0.798453622 0.000464508 0.999999631 -0.000722332 0.268840362 0.002370281 0.000721229 0.999996931 -0.014949723
0.999997072 -0.000466153 -0.002374447 0.803660694 0.000464387 0.999999615 -0.000744235 0.272589491 0.002374793 0.000743130 0.999996904 -0.016990851
0.999997296 -0.000409225 -0.002289031 0.807027967 0.000407614 0.999999669 -0.000704136 0.275847659 0.002289318 0.000703201 0.999997132 -0.018133512
0.999997305 -0.000419315 -0.002283400 0.812089335 0.000417762 0.999999681 -0.000680266 0.280285092 0.002283684 0.000679311 0.999997162 -0.020382227
0.999997282 -0.000431297 -0.002291357 0.816473740 0.000429534 0.999999611 -0.000770117 0.283142405 0.002291688 0.000769131 0.999997078 -0.021878755
0.999997271 -0.000427124 -0.002297044 0.821940283 0.000425391 0.999999625 -0.000754980 0.286567084 0.002297365 0.000754000 0.999997077 -0.023048392
0.999997096 -0.000442248 -0.002369194 0.826059188 0.000440533 0.999999641 -0.000724331 0.290855034 0.002369513 0.000723285 0.999996931 -0.023413626
0.999997208 -0.000452595 -0.002319156 0.829122015 0.000450811 0.999999602 -0.000769497 0.295242108 0.002319503 0.000768449 0.999997015 -0.023982841
0.999997112 -0.000498725 -0.002351145 0.832374866 0.000496980 0.999999601 -0.000742794 0.300003870 0.002351515 0.000741624 0.999996960 -0.024895638
0.999997264 -0.000499393 -0.002285375 0.834559014 0.000497675 0.999999593 -0.000752304 0.302979673 0.002285750 0.000751165 0.999997106 -0.025354579
0.999996962 -0.000564474 -0.002399278 0.839003640 0.000562725 0.999999575 -0.000729741 0.307677666 0.002399689 0.000728388 0.999996855 -0.025780545
0.999997049 -0.000504238 -0.002376353 0.842576304 0.000501204 0.999999059 -0.001277360 0.312509641 0.002376995 0.001276165 0.999996361 -0.024358099
0.999996956 -0.000495358 -0.002417258 0.847047757 0.000491024 0.999998271 -0.001793550 0.320081605 0.002418142 0.001792357 0.999995470 -0.018026680
0.999997100 -0.000509393 -0.002353762 0.849953944 0.000504596 0.999997796 -0.002038080 0.326080862 0.002354795 0.002036886 0.999995153 -0.005438981
0.999996770 -0.000547912 -0.002482051 0.852304934 0.000543325 0.999998145 -0.001848121 0.331656742 0.002483059 0.001846767 0.999995212 0.014979314
0.999996624 -0.000560528 -0.002537375 0.856417711 0.000555901 0.999998182 -0.001823857 0.335820437 0.002538393 0.001822440 0.999995118 0.040109031
0.999996063 -0.000605991 -0.002740006 0.863188393 0.000600630 0.999997904 -0.001957284 0.343620241 0.002741187 0.001955630 0.999994331 0.073700682
0.999995880 -0.000690737 -0.002786041 0.868098290 0.000685436 0.999997954 -0.001903282 0.348330270 0.002787350 0.001901365 0.999994308 0.110326164
0.999995809 -0.000780536 -0.002788112 0.873255503 0.000775374 0.999997984 -0.001852293 0.353018112 0.002789553 0.001850124 0.999994398 0.151977680
0.999995782 -0.000859065 -0.002774458 0.879267023 0.000853685 0.999997754 -0.001939692 0.359210000 0.002776118 0.001937315 0.999994270 0.203964730
0.999995745 -0.000906595 -0.002772581 0.883302646 0.000900672 0.999997311 -0.002136824 0.363147429 0.002774511 0.002134317 0.999993873 0.258376763
0.999995158 -0.000855602 -0.002991902 0.885390161 0.000847914 0.999996338 -0.002569866 0.370496855 0.002994090 0.002567317 0.999992222 0.328048588
0.999995127 -0.000608109 -0.003062109 0.885356712 0.000597954 0.999994322 -0.003316250 0.375958768 0.003064108 0.003314402 0.999989813 0.400280117
0.999995142 -0.000412598 -0.003089701 0.886679083 0.000400068 0.999991700 -0.004054648 0.382593573 0.003091349 0.004053392 0.999987007 0.483570810
0.999994945 -0.000349452 -0.003160215 0.886945112 0.000336225 0.999991186 -0.004185013 0.387761369 0.003161650 0.004183929 0.999986249 0.578077962
0.999994092 -0.000402761 -0.003413866 0.889641262 0.000389791 0.999992707 -0.003799140 0.392074971 0.003415371 0.003797786 0.999986956 0.692969762
0.999993674 -0.000595340 -0.003506836 0.893382013 0.000582381 0.999993003 -0.003695135 0.393778071 0.003509011 0.003693069 0.999987024 0.818589387
0.999993894 -0.000561790 -0.003449072 0.896812098 0.000549955 0.999993962 -0.003431366 0.395232586 0.003450979 0.003429448 0.999988165 0.928869497
0.999993235 -0.000097094 -0.003677161 0.901420325 0.000085243 0.999994803 -0.003222706 0.396821476 0.003677455 0.003222371 0.999988046 1.072522144
0.999992234 -0.000097920 -0.003939816 0.903960377 0.000084416 0.999994122 -0.003427731 0.398319495 0.003940128 0.003427371 0.999986364 1.210695032
0.999991532 -0.000305852 -0.004103925 0.908217058 0.000291090 0.999993488 -0.003597174 0.398395564 0.004104998 0.003595948 0.999985109 1.356197783
0.999990344 -0.000526154 -0.004362844 0.913072133 0.000508216 0.999991418 -0.004111535 0.397486249 0.004364970 0.004109278 0.999982030 1.524889667
0.999989169 -0.000499798 -0.004627266 0.918959560 0.000479315 0.999990088 -0.004426519 0.395292787 0.004629433 0.004424253 0.999979497 1.688653845
0.999988477 -0.000276248 -0.004792760 0.924323701 0.000255110 0.999990241 -0.004410534 0.391515228 0.004793932 0.004409260 0.999978788 1.864330459
0.999986787 0.000120176 -0.005139235 0.930645312 -0.000143778 0.999989445 -0.004592298 0.377566528 0.005138629 0.004592975 0.999976249 2.068450899
0.999986316 0.000221237 -0.005226663 0.927416730 -0.000246055 0.999988697 -0.004748245 0.375058171 0.005225554 0.004749466 0.999975068 2.267493169
0.999985508 -0.000269895 -0.005376848 0.927534143 0.000242881 0.999987349 -0.005024256 0.360221191 0.005378136 0.005022877 0.999972923 2.503817383
0.999982729 -0.001248304 -0.005743201 0.929575740 0.001216040 0.999983481 -0.005617758 0.351137279 0.005750119 0.005610677 0.999967728 2.727527048
0.999984146 -0.000699271 -0.005587363 0.929970625 0.000666058 0.999982113 -0.005943984 0.340210977 0.005591419 0.005940168 0.999966725 2.988309887
0.999981709 0.000276389 -0.006042025 0.928786799 -0.000312429 0.999982162 -0.005964746 0.331489974 0.006040269 0.005966524 0.999963957 3.243034812
0.999978127 0.000594256 -0.006587218 0.925860983 -0.000639716 0.999975982 -0.006901164 0.323653870 0.006582959 0.006905226 0.999954490 3.513326760
0.999978408 -0.000669527 -0.006537166 0.924103095 0.000616851 0.999967355 -0.008056600 0.314096459 0.006542347 0.008052393 0.999946177 3.802104091
0.999974073 -0.002829256 -0.006621780 0.924679960 0.002773033 0.999960161 -0.008484455 0.307125603 0.006645522 0.008465872 0.999942081 4.138713673
0.999969648 -0.003449801 -0.006985861 0.922837870 0.003391604 0.999959591 -0.008325518 0.299894626 0.007014300 0.008301571 0.999940940 4.466783903
0.999969713 -0.002953291 -0.007200836 0.918378622 0.002892124 0.999959775 -0.008490215 0.294792687 0.007225621 0.008469132 0.999938030 4.850367419
0.999970828 -0.002052656 -0.007357305 0.905731905 0.001989251 0.999960912 -0.008614931 0.288349523 0.007374702 0.008600044 0.999935824 5.224172101
0.999968538 -0.001935657 -0.007692561 0.902105796 0.001874959 0.999967116 -0.007889949 0.285585242 0.007707580 0.007875276 0.999939285 5.618411330
0.999968708 -0.000773132 -0.007873038 0.895969221 0.000706339 0.999963769 -0.008482999 0.283564353 0.007879311 0.008477171 0.999933025 6.030687284
0.999966027 -0.001951701 -0.008008426 0.891332561 0.001887811 0.999966396 -0.007977698 0.278522430 0.008023727 0.007962308 0.999936109 6.507307326
0.999956480 -0.003755199 -0.008540322 0.890222418 0.003694076 0.999967532 -0.007161649 0.273369141 0.008566939 0.007129788 0.999937885 6.957127992
0.999949693 -0.005806480 -0.008178961 0.883606322 0.005759367 0.999966755 -0.005772223 0.269433423 0.008212206 0.005724827 0.999949892 7.472712181
0.999956818 -0.004612788 -0.008067447 0.875201241 0.004567559 0.999973799 -0.005615849 0.267693956 0.008093140 0.005578757 0.999951688 7.955461864
0.999968234 -0.003705546 -0.007056868 0.871164862 0.003663609 0.999975608 -0.005946525 0.266842048 0.007078731 0.005920482 0.999957419 8.453797389
0.999979602 -0.003608685 -0.005270052 0.869331874 0.003572234 0.999969746 -0.006909801 0.270158594 0.005294828 0.006890834 0.999962240 8.967412587
0.999983757 -0.004036866 -0.004023588 0.867431698 0.004007052 0.999964659 -0.007390883 0.273069760 0.004053282 0.007374639 0.999964592 9.552324932
0.999978505 -0.005724304 -0.003197212 0.867352265 0.005697606 0.999949336 -0.008298345 0.272801626 0.003244553 0.008279949 0.999960457 10.102750802
0.999977745 -0.006299186 -0.002197572 0.868013017 0.006280143 0.999943575 -0.008567757 0.272936412 0.002251418 0.008553764 0.999960881 10.670051358
0.999981406 -0.005859922 -0.001687741 0.865941994 0.005845450 0.999947161 -0.008456079 0.269652600 0.001737204 0.008446055 0.999962822 11.313698739
0.999984957 -0.005239785 -0.001621883 0.865726390 0.005225097 0.999946455 -0.008932222 0.268126368 0.001668600 0.008923612 0.999958792 11.915025597
0.999982277 -0.005832032 -0.001196933 0.861860239 0.005820838 0.999941174 -0.009152449 0.264534974 0.001250240 0.009145318 0.999957399 12.534857386
0.999976847 -0.006746789 -0.000887001 0.860865024 0.006738815 0.999939394 -0.008706131 0.263023372 0.000945686 0.008699951 0.999961708 13.234263401
0.999966203 -0.008135879 -0.001183682 0.858315805 0.008126070 0.999934425 -0.008069230 0.263779315 0.001249255 0.008059338 0.999966743 13.887189087
0.999980905 -0.005909168 -0.001808553 0.854401134 0.005895762 0.999955747 -0.007331091 0.263398878 0.001851794 0.007320287 0.999971492 14.622281447
0.999981453 -0.005570828 -0.002461740 0.849509134 0.005553045 0.999958856 -0.007172833 0.263743743 0.002501597 0.007159029 0.999971245 15.306800997
0.999974877 -0.006080416 -0.003643248 0.844335976 0.006053382 0.999954400 -0.007386171 0.261950972 0.003687993 0.007363931 0.999966085 16.006982425
0.999954386 -0.008161345 -0.004961740 0.838520421 0.008121700 0.999935347 -0.007958573 0.256493886 0.005026372 0.007917911 0.999956020 16.796367091
0.999960225 -0.006750999 -0.005828628 0.830516262 0.006689654 0.999922694 -0.010481138 0.254267998 0.005898936 0.010441728 0.999928084 17.527172342
0.999961426 -0.005863178 -0.006539845 0.824272053 0.005795666 0.999930209 -0.010295062 0.253958170 0.006599750 0.010256761 0.999925618 18.274278048
0.999961377 -0.005257161 -0.007043146 0.817103082 0.005183829 0.999932585 -0.010390030 0.250350809 0.007097293 0.010353117 0.999921218 19.115560040
0.999955602 -0.005974517 -0.007286848 0.809199591 0.005904779 0.999936918 -0.009554784 0.244606344 0.007343473 0.009511332 0.999927801 19.896723617
0.999946445 -0.007124472 -0.007506569 0.802403382 0.007061350 0.999939767 -0.008402331 0.240771295 0.007565980 0.008348873 0.999936524 20.692095746
0.999945523 -0.006702015 -0.008002118 0.796257820 0.006643134 0.999950831 -0.007362353 0.238722592 0.008051067 0.007308792 0.999940879 21.579883911
0.999948573 -0.005905026 -0.008245064 0.787597883 0.005849305 0.999960003 -0.006766011 0.236723832 0.008284688 0.006717434 0.999943118 22.398613424
0.999952520 -0.004735570 -0.008516586 0.778856545 0.004680721 0.999968252 -0.006448782 0.234519531 0.008546854 0.006408612 0.999942939 23.226647277
0.999949554 -0.004018981 -0.009205275 0.766692124 0.003949826 0.999963934 -0.007518585 0.230444644 0.009235160 0.007481846 0.999929364 24.149670403
0.999939417 -0.004682188 -0.009961927 0.759102192 0.004596863 0.999952704 -0.008570851 0.227385729 0.010001587 0.008524537 0.999913647 25.000833835
0.999923735 -0.004738023 -0.011405017 0.748655824 0.004644023 0.999955148 -0.008254442 0.224662368 0.011443616 0.008200847 0.999900890 25.952462958
0.999914503 -0.004269689 -0.012359456 0.740569570 0.004187309 0.999968897 -0.006683616 0.220389895 0.012387609 0.006631291 0.999901282 26.830914476
0.999881806 -0.007508709 -0.013416164 0.736534902 0.007433900 0.999956591 -0.005617302 0.218002937 0.013457760 0.005516903 0.999894221 27.719161279
0.999865960 -0.006910302 -0.014842854 0.723597425 0.006827624 0.999960934 -0.005613728 0.212922612 0.014881068 0.005511634 0.999874080 28.619298575
0.999855628 -0.005346802 -0.016128669 0.709116212 0.005271489 0.999975021 -0.004708431 0.209823907 0.016153442 0.004622728 0.999858838 29.620997328
0.999827036 -0.007273262 -0.017117192 0.698400221 0.007174500 0.999957302 -0.005824130 0.204056613 0.017158822 0.005700314 0.999836527 30.540154954
0.999799587 -0.008236425 -0.018246825 0.687401947 0.008005553 0.999887432 -0.012689950 0.195194054 0.018349292 0.012541329 0.999752979 31.555564097
0.999774350 -0.010309680 -0.018573086 0.673419811 0.009889649 0.999696422 -0.022566753 0.185298907 0.018800104 0.022377977 0.999572800 32.488137715
0.999764789 -0.008898336 -0.019778414 0.653596891 0.008368692 0.999608398 -0.026702341 0.168288575 0.020008276 0.026530538 0.999447747 33.438099005
0.999760164 -0.008266933 -0.020279839 0.632218506 0.007811100 0.999717354 -0.022454389 0.143759249 0.020459737 0.022290593 0.999542159 34.502497030
0.999756025 -0.007484364 -0.020781578 0.615367765 0.007077922 0.999783573 -0.019562994 0.125142566 0.020923498 0.019411128 0.999592625 35.479414373
0.999779776 -0.004221522 -0.020556694 0.596907341 0.003878510 0.999853064 -0.016697546 0.107764282 0.020624163 0.016614138 0.999649246 36.465022823
0.999798556 -0.002028465 -0.019968293 0.574590862 0.001674349 0.999841326 -0.017734703 0.091001533 0.020001099 0.017697695 0.999643310 37.556724283
0.999833944 0.000558616 -0.018214624 0.553865075 -0.000933250 0.999788066 -0.020565777 0.073687853 0.018199276 0.020579359 0.999622567 38.556154661
0.999862036 0.000943016 -0.016583716 0.537003842 -0.001351562 0.999695440 -0.024641456 0.056887606 0.016555429 0.024660468 0.999558792 39.565022707
0.999897041 -0.001267432 -0.014293376 0.528611358 0.000918269 0.999701646 -0.024408528 0.035211549 0.014320048 0.024392887 0.999599882 40.689560658
0.999920630 -0.001293190 -0.012532397 0.519659766 0.001047824 0.999808031 -0.019565374 0.014559957 0.012555293 0.019550687 0.999730031 41.726832094
0.999937106 -0.002283399 -0.010980461 0.510754045 0.002084228 0.999833720 -0.018115995 -0.005638558 0.011020002 0.018091968 0.999775595 42.770869990
0.999943156 -0.003626571 -0.010026642 0.503251659 0.003415261 0.999773384 -0.021012291 -0.026341841 0.010100573 0.020976851 0.999728938 43.924541836
0.999951494 -0.002629815 -0.009491766 0.497027683 0.002395470 0.999694089 -0.024616856 -0.046801601 0.009553601 0.024592922 0.999651898 44.981467689
0.999959439 -0.000775001 -0.008973295 0.490722528 0.000562127 0.999718924 -0.023701400 -0.069500022 0.008989142 0.023695392 0.999678810 46.051429362
0.999960500 0.000360583 -0.008880787 0.485063207 -0.000538517 0.999799003 -0.020041566 -0.096451612 0.008871776 0.020045555 0.999759705 47.241940021
0.999963253 -0.000535352 -0.008556106 0.481242328 0.000378711 0.999832494 -0.018298657 -0.118771003 0.008564469 0.018294742 0.999795955 48.333323462
0.999957316 -0.003570302 -0.008521708 0.480232932 0.003412690 0.999824166 -0.018438856 -0.134190294 0.008586043 0.018408985 0.999793673 49.433596252
0.999940287 -0.006253699 -0.008961773 0.481295847 0.006107090 0.999848585 -0.016294520 -0.151581005 0.009062318 0.016238815 0.999827073 50.653913637
0.999889394 -0.010870653 -0.010150344 0.483689959 0.010711791 0.999821302 -0.015576348 -0.167377876 0.010317856 0.015465896 0.999827159 51.772482334
0.999887844 -0.008273535 -0.012483911 0.476440436 0.008042892 0.999798102 -0.018413754 -0.185276722 0.012633738 0.018311280 0.999752512 53.006288923
0.999884614 -0.005458334 -0.014176248 0.463828580 0.005156386 0.999760906 -0.021249537 -0.200553569 0.014288846 0.021173985 0.999673692 54.135824757
0.999844147 0.006821218 -0.016283531 0.436093705 -0.007171836 0.999741583 -0.021571574 -0.220282546 0.016132179 0.021684993 0.999634690 55.270720099
0.999740415 0.013837540 -0.018100395 0.408654206 -0.014279159 0.999597825 -0.024500908 -0.244558615 0.017754084 0.024753003 0.999535933 56.520337915
0.999632062 0.018908033 -0.019448065 0.384167496 -0.019479426 0.999371317 -0.029623012 -0.265423948 0.018875726 0.029990946 0.999371928 57.656546595
0.999528304 0.021730320 -0.021701697 0.362336081 -0.022293245 0.999412213 -0.026043043 -0.291374042 0.021123018 0.026514557 0.999425233 58.804573219
0.999668317 0.011232983 -0.023174901 0.356870030 -0.011671918 0.999753389 -0.018892514 -0.314701827 0.022956967 0.019156741 0.999552899 59.961076838
0.999679602 -0.000031982 -0.025311916 0.354734848 -0.000386798 0.999863135 -0.016539714 -0.335823219 0.025308981 0.016544203 0.999542768 61.232481406
0.999618106 -0.006590540 -0.026836663 0.345170577 0.006097780 0.999812072 -0.018402098 -0.350895311 0.026952900 0.018231424 0.999470438 62.388317331
0.999534617 -0.012594028 -0.027783808 0.334321990 0.012020183 0.999712949 -0.020725248 -0.367718228 0.028036848 0.020381634 0.999399081 63.549030027
0.999574220 -0.004182808 -0.028877036 0.300494752 0.003659151 0.999828341 -0.018163138 -0.386373246 0.028948053 0.018049737 0.999417939 64.834356551
0.999569740 0.005850054 -0.028742177 0.258649489 -0.006353391 0.999827514 -0.017452118 -0.407655173 0.028635124 0.017627218 0.999434496 66.005462186
0.999507600 0.013572432 -0.028290385 0.215254429 -0.014168429 0.999679620 -0.020974126 -0.423899153 0.027996653 0.021364626 0.999379678 67.293378364
0.999363170 0.021630866 -0.028378861 0.175179333 -0.022205590 0.999551444 -0.020095327 -0.440517509 0.027931453 0.020712697 0.999395226 68.473966989
0.999229947 0.025820589 -0.029543350 0.139621374 -0.026332383 0.999507533 -0.017067430 -0.459099619 0.029088111 0.017832232 0.999417777 69.658019851
0.999257065 0.023560268 -0.030499693 0.109717017 -0.024024894 0.999599453 -0.014957886 -0.479894623 0.030135066 0.015679523 0.999422849 70.967665486
0.999270134 0.021816694 -0.031356515 0.082385084 -0.022304451 0.999634291 -0.015290393 -0.497219486 0.031011463 0.015978621 0.999391301 72.161908641
0.999320879 0.017696716 -0.032320387 0.053359557 -0.018309047 0.999656570 -0.018748885 -0.519654619 0.031977495 0.019327905 0.999301692 73.359996410
0.999274032 0.013155734 -0.035753824 0.023711544 -0.013885712 0.999698604 -0.020245685 -0.544150785 0.035476703 0.020727452 0.999155532 74.684630996
0.999210069 0.007218558 -0.039078521 -0.007600620 -0.007996585 0.999772185 -0.019789736 -0.567624925 0.038926767 0.020086596 0.999040157 75.895988701
0.999091755 0.002886781 -0.042512733 -0.045578305 -0.003707083 0.999808228 -0.019229250 -0.588043327 0.042449072 0.019369381 0.998910859 77.113459216
0.998919331 0.001605942 -0.046449877 -0.098184466 -0.002340108 0.999873136 -0.015755495 -0.610915063 0.046418683 0.015847165 0.998796362 78.462567173
0.998732700 0.001775484 -0.050297533 -0.152238655 -0.002358079 0.999930793 -0.011525996 -0.626521088 0.050273590 0.011629994 0.998667767 79.697095138
0.998541459 0.002635648 -0.053925955 -0.213573109 -0.003088977 0.999960577 -0.008324868 -0.638322955 0.053901890 0.008479301 0.998510234 80.936707230
0.998365027 0.005583231 -0.056886738 -0.289356700 -0.006144698 0.999934076 -0.009699762 -0.649689018 0.056828834 0.010033454 0.998333518 82.303779283
0.998277912 0.006120505 -0.058341667 -0.357788720 -0.006899864 0.999889512 -0.013166453 -0.659681117 0.058254637 0.013546328 0.998209845 83.551082665
0.998215743 0.007368300 -0.059254018 -0.428528135 -0.008355590 0.999830080 -0.016431513 -0.674830171 0.059122880 0.016897295 0.998107693 84.804810339
0.998170054 0.004891409 -0.060271195 -0.504312644 -0.005941620 0.999833418 -0.017257871 -0.695818265 0.060176742 0.017584397 0.998032840 86.196809657
0.998118908 0.003059320 -0.061231421 -0.577471619 -0.004154892 0.999833415 -0.017772979 -0.720077531 0.061166849 0.017993955 0.997965347 87.470101083
0.998069848 0.000710078 -0.062097302 -0.647162823 -0.001893439 0.999817695 -0.018999791 -0.742922531 0.062072492 0.019080694 0.997889239 88.751553541
0.998022304 0.000208809 -0.062860452 -0.727076522 -0.001418341 0.999814705 -0.019197523 -0.769116890 0.062844798 0.019248711 0.997837671 90.170827120
0.998007539 -0.000424059 -0.063093353 -0.801463701 -0.000793241 0.999814053 -0.019267329 -0.792303036 0.063089794 0.019278986 0.997821627 91.469419356
0.997988032 -0.000817611 -0.063397322 -0.887988034 -0.000401730 0.999815233 -0.019218195 -0.819465413 0.063401323 0.019204996 0.997803307 92.907091421
0.997957221 -0.002449953 -0.063838724 -0.963144657 0.001265502 0.999826434 -0.018587642 -0.842951661 0.063873185 0.018468881 0.997787110 94.223797497
0.997924158 -0.003406322 -0.064309959 -1.038584029 0.002344085 0.999859700 -0.016585698 -0.864717541 0.064357435 0.016400519 0.997792135 95.549485555
0.997896136 -0.005828499 -0.064570344 -1.120632871 0.004989206 0.999901065 -0.013151760 -0.885213381 0.064640613 0.012801935 0.997826489 97.015229498
0.997887914 -0.007759001 -0.064494252 -1.195495639 0.006929652 0.999890532 -0.013073051 -0.901606324 0.064588628 0.012598516 0.997832444 98.348169190
0.997872758 -0.010946568 -0.064266101 -1.268121634 0.010079989 0.999854062 -0.013793051 -0.917190417 0.064407712 0.013115906 0.997837472 99.684977169
0.997902675 -0.010716114 -0.063838983 -1.351862547 0.009875658 0.999860555 -0.013466313 -0.938277745 0.063974390 0.012807616 0.997869351 101.161195114
0.997924092 -0.010951665 -0.063463125 -1.428145890 0.010014790 0.999836408 -0.015061899 -0.958616391 0.063617699 0.014395060 0.997870518 102.504120842
0.997965725 -0.009324460 -0.063067161 -1.506571200 0.008264581 0.999820556 -0.017045631 -0.979125123 0.063214788 0.016489730 0.997863708 103.848806544
0.998013689 -0.008175755 -0.062464651 -1.584284744 0.007182229 0.999844374 -0.016113461 -0.999724120 0.062586672 0.015632818 0.997917093 105.199373747
0.998056462 -0.007033052 -0.061917965 -1.668064793 0.006106491 0.999866723 -0.015140891 -1.023198799 0.062016201 0.014733361 0.997966392 106.689046526
0.998068719 -0.006591958 -0.061768740 -1.742969718 0.005662200 0.999868210 -0.015215221 -1.041318189 0.061860900 0.014836088 0.997974508 108.047368835
0.998073800 -0.005839393 -0.061762382 -1.823979264 0.005080115 0.999909673 -0.012443438 -1.059032587 0.061829468 0.012105708 0.998013311 109.547448651
0.998072147 -0.005103000 -0.061854255 -1.900539029 0.004184618 0.999879217 -0.014967980 -1.077713827 0.061923167 0.014680286 0.997972951 110.910113677
0.998062575 -0.004938890 -0.062021804 -1.977184222 0.003679894 0.999785185 -0.020397120 -1.097581230 0.062109222 0.020129366 0.997866350 112.273652098
0.998019474 -0.003974773 -0.062780016 -2.062212427 0.002545764 0.999736217 -0.022825781 -1.127029745 0.062854185 0.022620748 0.997766332 113.782586663
0.997965746 -0.003540234 -0.063654040 -2.140134040 0.002250491 0.999790953 -0.020322071 -1.155683294 0.063712681 0.020137476 0.997765091 115.162883044
0.997903728 -0.002995084 -0.064646566 -2.218646171 0.001745112 0.999810603 -0.019383287 -1.182600388 0.064692379 0.019229837 0.997719955 116.546101345
0.997839246 -0.002353876 -0.065660478 -2.306903580 0.000828697 0.999729435 -0.023245845 -1.209968502 0.065697433 0.023141202 0.997571217 118.066330967
0.997781450 -0.002072982 -0.066542322 -2.389588136 0.000347100 0.999663501 -0.025937698 -1.238080481 0.066573701 0.025857054 0.997446417 119.455647243
0.997729979 -0.002761199 -0.067284954 -2.473050128 0.001072491 0.999683841 -0.025121069 -1.269916607 0.067333048 0.024991879 0.997417499 120.852325684
0.997656487 -0.002906994 -0.068359956 -2.567836187 0.001111301 0.999653699 -0.026291568 -1.306973486 0.068412715 0.026153982 0.997314228 122.390255059
0.997591807 -0.005291059 -0.069156277 -2.651605965 0.003374668 0.999607850 -0.027798542 -1.341554538 0.069276244 0.027498215 0.997218457 123.792816893
0.997535330 -0.005276372 -0.069967315 -2.739871875 0.003420111 0.999639675 -0.026623719 -1.376767496 0.070082584 0.026318801 0.997193939 125.203496354
0.997501418 -0.005279604 -0.070448899 -2.838551005 0.003754643 0.999756146 -0.021761250 -1.413802250 0.070546613 0.021442365 0.997277996 126.764147259
0.997481559 -0.005908018 -0.070679800 -2.929923411 0.004538591 0.999799165 -0.019520023 -1.442674204 0.070780932 0.019150075 0.997308044 128.184827766
0.997447715 -0.008531018 -0.070889190 -3.018352094 0.006965512 0.999727019 -0.022301793 -1.470349331 0.071060098 0.021751090 0.997234853 129.605499766
0.997423281 -0.008802692 -0.071199087 -3.118482569 0.006951312 0.999632316 -0.026209002 -1.503925452 0.071403621 0.025646539 0.997117735 131.171026447
0.997396829 -0.009870910 -0.071429198 -3.209284674 0.008053845 0.999637715 -0.025682163 -1.537091813 0.071656829 0.025040025 0.997114986 132.603239490
0.997371048 -0.010453152 -0.071705817 -3.301695072 0.008893327 0.999717577 -0.022038017 -1.570824216 0.071915935 0.021342375 0.997182331 134.042124561
0.997332188 -0.011702242 -0.072052509 -3.404684434 0.010317609 0.999755460 -0.019559335 -1.604762854 0.072263780 0.018763743 0.997209039 135.627245838
0.997269343 -0.013691612 -0.072569948 -3.496165017 0.012190124 0.999703200 -0.021092941 -1.635468652 0.072837208 0.020150705 0.997140256 137.067375096
0.997242482 -0.013853438 -0.072907573 -3.590706889 0.012181839 0.999653769 -0.023322626 -1.668186995 0.073205432 0.022370163 0.997065966 138.509460083
0.997244731 -0.013482718 -0.072946296 -3.696273934 0.011841462 0.999667963 -0.022885435 -1.704669402 0.073230636 0.021958586 0.997073264 140.101261844
0.997239973 -0.011541974 -0.073343164 -3.795344651 0.009988813 0.999718769 -0.021508295 -1.739276590 0.073570788 0.020716318 0.997074808 141.551980790
0.997226608 -0.010037275 -0.073745136 -3.893858284 0.008446301 0.999725488 -0.021854255 -1.772671182 0.073944252 0.021170769 0.997037635 143.002913309
0.997232545 -0.008844213 -0.073817552 -4.002824426 0.007206451 0.999722587 -0.022423575 -1.804415550 0.073995396 0.021829554 0.997019635 144.600419017
0.997210227 -0.006263569 -0.074380981 -4.108054373 0.004767382 0.999783060 -0.020275733 -1.835916771 0.074491846 0.019864563 0.997023753 146.058596460
0.997190323 -0.004766109 -0.074757903 -4.216563155 0.003163228 0.999762881 -0.021544740 -1.870976281 0.074842864 0.021247728 0.996968946 147.590639422
0.997168034 -0.003269615 -0.075134695 -4.325071682 0.001559076 0.999738518 -0.022813689 -1.906032715 0.075189643 0.022631938 0.996912390 149.122678666
0.997162530 -0.002371575 -0.075241372 -4.428772080 0.000588056 0.999718533 -0.023717278 -1.939611350 0.075276444 0.023605732 0.996883256 150.586392542
0.997156370 -0.000569995 -0.075358131 -4.534683282 -0.001016150 0.999778790 -0.021008073 -1.973028309 0.075353439 0.021024906 0.996935210 152.056123417
0.997175209 -0.000547553 -0.075108604 -4.647036641 -0.000981634 0.999793020 -0.020321250 -2.007392497 0.075104187 0.020337574 0.996968276 153.674236900
0.997198496 0.001234795 -0.074790605 -4.752623900 -0.002913890 0.999746058 -0.022345652 -2.036139334 0.074744023 0.022500980 0.996948864 155.146191692
0.997262777 0.000583785 -0.073936551 -4.853972818 -0.002374812 0.999705810 -0.024138235 -2.067556868 0.073900711 0.024247746 0.996970778 156.620779674
0.997320269 0.000734407 -0.073155593 -4.967952186 -0.002690889 0.999641227 -0.026649149 -2.105870379 0.073109778 0.026774587 0.996964434 158.245958458
0.997383148 0.000186434 -0.072296758 -5.068410546 -0.001981782 0.999691408 -0.024762098 -2.141903818 0.072269834 0.024840573 0.997075733 159.729736466
0.997446601 -0.000669052 -0.071413104 -5.166466712 -0.000979326 0.999733954 -0.023044777 -2.178246577 0.071409525 0.023055869 0.997180579 161.216422204
0.997483722 -0.002589452 -0.070848558 -5.274702469 0.001011338 0.999750784 -0.022301285 -2.213955663 0.070888652 0.022173514 0.997237752 162.853966486
0.997527630 -0.002883213 -0.070216197 -5.372148757 0.001377204 0.999768176 -0.021487152 -2.247101556 0.070261874 0.021337323 0.997300350 164.343783454
0.997583950 -0.002764309 -0.069416290 -5.468819063 0.001191715 0.999741935 -0.022685754 -2.278820471 0.069461089 0.022548217 0.997329803 165.833876024
0.997633245 -0.001382250 -0.068745896 -5.576226939 -0.000127027 0.999759167 -0.021945220 -2.313843846 0.068759676 0.021902011 0.997392806 167.476901097
0.997684140 -0.000354273 -0.068016406 -5.674166892 -0.001047010 0.999787962 -0.020565389 -2.345132088 0.068009272 0.020588974 0.997472222 168.973785408
0.997729792 -0.001118040 -0.067335080 -5.767696484 -0.000301020 0.999778152 -0.021060769 -2.376631898 0.067343691 0.021033223 0.997508111 170.469168879
0.997766831 -0.003370217 -0.066708262 -5.867316166 0.001960487 0.999773609 -0.021186958 -2.410852015 0.066764567 0.021008861 0.997547553 172.114311449
0.997778939 -0.004454284 -0.066463139 -5.957134036 0.003154287 0.999801909 -0.019651810 -2.441206119 0.066537511 0.019398516 0.997595337 173.611268238
0.997793812 -0.004738062 -0.066219787 -6.047794138 0.003542187 0.999828729 -0.018164948 -2.470353570 0.066294515 0.017890308 0.997639702 175.107372306
0.997828873 -0.004087806 -0.065733015 -6.148482024 0.002855747 0.999818689 -0.018826441 -2.502973230 0.065798059 0.018597848 0.997659629 176.749538266
0.997869873 -0.003406161 -0.065146861 -6.239838115 0.002131640 0.999805171 -0.019623336 -2.532730438 0.065201012 0.019442664 0.997682721 178.241567583
0.997896362 -0.003024248 -0.064758816 -6.331187555 0.001805729 0.999820380 -0.018866537 -2.560515883 0.064804244 0.018709910 0.997722581 179.733550365
0.997917974 -0.002719986 -0.064438487 -6.429343041 0.001470222 0.999810058 -0.019434179 -2.591947460 0.064479110 0.019298976 0.997732426 181.370507540
0.997930280 -0.002403048 -0.064260258 -6.518589825 0.001018095 0.999766686 -0.021576317 -2.619995023 0.064297117 0.021466234 0.997699896 182.856026358
0.997952559 -0.001485788 -0.063941248 -6.608570310 -0.000034542 0.999717469 -0.023769320 -2.654023550 0.063958501 0.023722859 0.997670555 184.338585847
0.997970940 -0.001489341 -0.063653631 -6.706501507 -0.000018456 0.999719580 -0.023680380 -2.690669284 0.063671052 0.023633503 0.997691062 185.971032723
0.998011162 -0.002549288 -0.062985888 -6.792645765 0.001506586 0.999861134 -0.016596482 -2.721274675 0.063019453 0.016468578 0.997876412 187.462020534
0.998002165 -0.005318336 -0.062955489 -6.874143895 0.004373570 0.999875891 -0.015135210 -2.745803728 0.063028173 0.014829631 0.997901564 188.948070075
0.997977337 -0.008812760 -0.062956885 -6.962913144 0.007900931 0.999860472 -0.014717721 -2.765782713 0.063077807 0.014190533 0.997907721 190.581347787
