1.000000000 0.000000000 0.000000000 0.000000000 0.000000000 1.000000000 0.000000000 0.000000000 0.000000000 -0.000000000 1.000000000 -0.000000000
0.999984030 0.001533588 -0.005439460 -0.017162104 -0.001529554 0.999998552 0.000745893 -0.009634074 0.005440596 -0.000737561 0.999984928 1.596877775
0.999936796 0.000357588 -0.011237231 -0.049875274 -0.000342570 0.999999046 0.001338331 -0.026896469 0.011237699 -0.001334396 0.999935965 3.188713834
0.999836438 -0.002343176 -0.017933410 -0.081830666 0.002355001 0.999997023 0.000638259 -0.037018215 0.017931862 -0.000680388 0.999838980 4.942074232
0.999681340 -0.006124243 -0.024489037 -0.119635143 0.006117098 0.999981223 -0.000366688 -0.048889843 0.024490823 0.000216769 0.999700031 6.535374481
0.999460284 -0.010481778 -0.031133134 -0.163054518 0.010496324 0.999944866 0.000303766 -0.056588845 0.031128234 -0.000630385 0.999515200 8.132610102
0.999169124 -0.013239432 -0.038545792 -0.231864065 0.013342193 0.999908085 0.002409863 -0.068191479 0.038510345 -0.002922146 0.999253929 9.888469479
0.998855266 -0.015706989 -0.045182386 -0.307017904 0.015878376 0.999868024 0.003436753 -0.073561154 0.045122444 -0.004150241 0.998972843 11.484525811
0.998505990 -0.017730225 -0.051685855 -0.390571900 0.018029056 0.999823304 0.005321092 -0.073838827 0.051582380 -0.006244989 0.998649217 13.081735102
0.998051962 -0.021254633 -0.058655958 -0.492496004 0.021630947 0.999749269 0.005788029 -0.077001851 0.058518231 -0.007045537 0.998261477 14.839547765
0.997607636 -0.024492918 -0.064645973 -0.589532496 0.024893731 0.999675509 0.005401754 -0.078639013 0.064492693 -0.006998109 0.997893641 16.439707386
0.997117678 -0.027577382 -0.070681148 -0.711990576 0.028045476 0.999590745 0.005638571 -0.088513924 0.070496727 -0.007604604 0.997483023 18.035523511
0.996595886 -0.029929900 -0.076816928 -0.846474737 0.030380588 0.999527331 0.004704831 -0.091718807 0.076639807 -0.007022558 0.997034114 19.794121940
0.996136772 -0.032307418 -0.081656364 -0.980134428 0.032728576 0.999456961 0.003824061 -0.100142601 0.081488479 -0.006481783 0.996653207 21.391520935
0.995753607 -0.032493613 -0.086133146 -1.129395084 0.032819287 0.999458499 0.002367275 -0.103565797 0.086009587 -0.005184050 0.996280822 23.151379139
0.995412678 -0.034080844 -0.089398528 -1.274868234 0.034390674 0.999406608 0.001927189 -0.113254819 0.089279803 -0.004992823 0.995994071 24.750684003
0.995044831 -0.037571688 -0.092055161 -1.424894112 0.038212780 0.999256039 0.005210866 -0.120418967 0.091790898 -0.008702728 0.995740274 26.353606309
0.994591273 -0.041945935 -0.095019664 -1.591567094 0.043249634 0.998995766 0.011701692 -0.122302773 0.094433407 -0.015747965 0.995406617 28.118862939
0.994007596 -0.048612583 -0.097906664 -1.739217161 0.050300484 0.998623805 0.014844477 -0.113474057 0.097050301 -0.019680273 0.995084884 29.722967309
0.993514438 -0.052919482 -0.100640886 -1.894695195 0.054738568 0.998381983 0.015398237 -0.099399316 0.099663184 -0.020807306 0.994803652 31.323635140
0.993198137 -0.054580422 -0.102851535 -2.073620837 0.056133614 0.998347921 0.012265665 -0.085905180 0.102012154 -0.017955662 0.994621091 33.080492889
0.992905483 -0.056409315 -0.104674208 -2.246697700 0.057752061 0.998282471 0.009839089 -0.082618478 0.103939415 -0.015814435 0.994457894 34.676513533
0.992562628 -0.058680260 -0.106658593 -2.425765428 0.059965017 0.998161018 0.008875769 -0.084315229 0.105941621 -0.015205539 0.994256086 36.273964311
0.992181133 -0.061437749 -0.108637015 -2.615067074 0.062810473 0.997982550 0.009256100 -0.083052107 0.107849176 -0.016007268 0.994038391 38.034181261
0.991860049 -0.063722731 -0.110240895 -2.794020364 0.065200909 0.997823519 0.009852315 -0.084182585 0.109373146 -0.016959922 0.993856064 39.632780457
0.991660088 -0.064915648 -0.111338343 -2.972498915 0.066367658 0.997751135 0.009381188 -0.080413492 0.110478976 -0.016692212 0.993738279 41.231959660
0.991532412 -0.065314803 -0.112238366 -3.179929262 0.066356024 0.997780507 0.005562288 -0.084207626 0.111625958 -0.012962878 0.993665743 42.985452393
0.991430552 -0.065608671 -0.112964425 -3.364342736 0.066413045 0.997786533 0.003367992 -0.088517394 0.112493417 -0.010841440 0.993593325 44.583724015
0.991302688 -0.066116883 -0.113787244 -3.568703430 0.067005639 0.997744581 0.003999556 -0.098822487 0.113266172 -0.011589156 0.993497089 46.343418096
0.991137716 -0.067165177 -0.114607438 -3.751225055 0.068225306 0.997655604 0.005348246 -0.104660622 0.113979541 -0.013119974 0.993396462 47.944725239
0.990961292 -0.068418194 -0.115389202 -3.936276900 0.069529940 0.997563964 0.005632621 -0.111878610 0.114722740 -0.013604712 0.993304387 49.543997950
0.990731237 -0.070522971 -0.116095331 -4.149039444 0.071558139 0.997425037 0.004767596 -0.123841675 0.115460169 -0.013030970 0.993226633 51.299885694
0.990553237 -0.072234762 -0.116560813 -4.337104900 0.073115079 0.997318089 0.003288693 -0.131333771 0.116010654 -0.011779977 0.993178111 52.898577218
0.990333902 -0.074201691 -0.117187325 -4.527656495 0.075043117 0.997176421 0.002778076 -0.141871562 0.116650303 -0.011545323 0.993105942 54.499432374
0.990159079 -0.074871978 -0.118233601 -4.733551987 0.076408733 0.997040246 0.008512083 -0.142795087 0.117246346 -0.017462393 0.992949324 56.269580237
0.989970853 -0.076359790 -0.118856599 -4.928403656 0.078349685 0.996851858 0.012153256 -0.142015598 0.117554406 -0.021343743 0.992837049 57.877404535
0.989959228 -0.075953568 -0.119213172 -5.122111677 0.077756401 0.996916693 0.010538064 -0.134409603 0.118045202 -0.019701839 0.992812756 59.482505668
0.989795203 -0.077585725 -0.119523676 -5.333513527 0.079088344 0.996836525 0.007872647 -0.126651088 0.118534765 -0.017245235 0.992800137 61.249666577
0.989797968 -0.077003421 -0.119876831 -5.523563098 0.078466817 0.996888301 0.007528351 -0.117609379 0.118924106 -0.016857898 0.992760227 62.861448059
0.989801882 -0.076192608 -0.120361616 -5.734750377 0.077860318 0.996921761 0.009207333 -0.110603013 0.119289588 -0.018484826 0.992687416 64.638163144
0.989707114 -0.076454771 -0.120973114 -5.927153946 0.078550106 0.996830024 0.012640626 -0.101462248 0.119623201 -0.022012966 0.992575297 66.256047325
0.989653489 -0.076133534 -0.121612728 -6.118067998 0.078721977 0.996758121 0.016616260 -0.088689579 0.119953424 -0.026017930 0.992438534 67.875063861
0.989544490 -0.076763332 -0.122102788 -6.330892858 0.079400951 0.996699879 0.016877245 -0.071535942 0.120404285 -0.026395859 0.992373955 69.649936377
0.989658904 -0.074927569 -0.122315624 -6.524746172 0.077288424 0.996900912 0.014665367 -0.053214010 0.120837721 -0.023967289 0.992382897 71.259138297
0.989664416 -0.075085570 -0.122174053 -6.723246297 0.076438540 0.997053638 0.006418310 -0.050892529 0.121332166 -0.015690777 0.992487937 72.859980027
0.989664117 -0.074061360 -0.122800040 -6.942682028 0.075005024 0.997178421 0.003073119 -0.059133259 0.122225955 -0.012251974 0.992426675 74.625517698
0.989571783 -0.072987158 -0.124179548 -7.142617406 0.074187893 0.997231412 0.005066436 -0.069936727 0.123465966 -0.014226219 0.992246829 76.236599136
0.989326831 -0.074040298 -0.125500810 -7.336607683 0.075537748 0.997116887 0.007208546 -0.065969782 0.124605259 -0.016611655 0.992067328 77.848393865
0.989097960 -0.074044060 -0.127289829 -7.550480813 0.076054250 0.997043022 0.010998361 -0.056984599 0.126099077 -0.020559386 0.991804585 79.622132810
0.988815089 -0.075129560 -0.128842023 -7.742488416 0.077261441 0.996943131 0.011621740 -0.044297694 0.127575038 -0.021446269 0.991597029 81.232103160
0.988644583 -0.074834540 -0.130313765 -7.945457549 0.076912638 0.996977370 0.010980490 -0.036715351 0.129098160 -0.020878575 0.991411998 82.834788564
0.988441533 -0.073941813 -0.132347806 -8.175768152 0.076216312 0.997016714 0.012196155 -0.027967913 0.131051174 -0.022142245 0.991128302 84.594823410
0.988169201 -0.073770154 -0.134460378 -8.383848031 0.076251610 0.996998666 0.013392316 -0.014864154 0.133068869 -0.023486692 0.990828467 86.195456047
0.987754520 -0.074834394 -0.136897113 -8.611166066 0.077519186 0.996887163 0.014379186 0.000550634 0.135394922 -0.024815255 0.990480903 87.956627311
0.987343410 -0.075666089 -0.139383037 -8.824135122 0.078696469 0.996764509 0.016351755 0.015130649 0.137694796 -0.027113747 0.990103524 89.555872448
0.986967629 -0.075618537 -0.142044831 -9.044863693 0.078676902 0.996771260 0.016031280 0.029756859 0.140373948 -0.026997998 0.989730399 91.150240931
0.986533456 -0.075907329 -0.144878621 -9.288611640 0.078902123 0.996769061 0.015029791 0.049152702 0.143269661 -0.026258620 0.989335277 92.902056574
0.986125922 -0.075611912 -0.147778562 -9.518681118 0.078555326 0.996808971 0.014175263 0.060959557 0.146235182 -0.025587384 0.988918883 94.492906964
0.985527180 -0.076998210 -0.151021360 -9.747401623 0.080083410 0.996683494 0.014445112 0.074844019 0.149408254 -0.026330353 0.988424952 96.082492715
0.984821762 -0.078130746 -0.154989297 -10.009772242 0.081463690 0.996559469 0.015260846 0.085104701 0.153263716 -0.027655210 0.987798271 97.826744469
0.984125242 -0.079223054 -0.158811880 -10.252161128 0.082706054 0.996454482 0.015432950 0.096631231 0.157026170 -0.028322656 0.987188234 99.407733760
0.983499114 -0.078382830 -0.163050983 -10.502154336 0.082129231 0.996487503 0.016353804 0.108952958 0.161196415 -0.029475200 0.986482098 100.983266910
0.982726887 -0.077590176 -0.168010797 -10.786384242 0.081474456 0.996541479 0.016340011 0.121985210 0.166161909 -0.029746353 0.985649722 102.705506104
0.982020730 -0.076982433 -0.172362954 -11.046036256 0.080515788 0.996660655 0.013592242 0.134294626 0.170741016 -0.027225799 0.984939725 104.260420858
0.981201443 -0.075348779 -0.177669039 -11.349018184 0.079416453 0.996714952 0.015884994 0.142540864 0.175888479 -0.029696221 0.983962082 105.960629913
0.980472977 -0.072124920 -0.182950089 -11.628683339 0.077403201 0.996760050 0.021866606 0.154316981 0.180780219 -0.035600534 0.982878993 107.499839634
0.979518216 -0.071736046 -0.188143570 -11.911679877 0.077299567 0.996756422 0.022392254 0.168492842 0.185926986 -0.036477032 0.981886237 109.020888336
0.978490192 -0.070953382 -0.193707406 -12.224450717 0.076136123 0.996908032 0.019433653 0.187388289 0.191729592 -0.033763765 0.980866848 110.676522638
0.977522374 -0.070612387 -0.198655223 -12.517674023 0.075670908 0.996970757 0.017978435 0.199352487 0.196783955 -0.032606739 0.979904524 112.165616787
0.976669858 -0.068864256 -0.203405262 -12.820772417 0.073929606 0.997111639 0.017401004 0.208964312 0.201619454 -0.032032703 0.978939989 113.643489662
0.975765794 -0.066988905 -0.208311303 -13.158506533 0.071737545 0.997305936 0.015316500 0.215598568 0.206724070 -0.029889055 0.977942639 115.250968222
0.974989121 -0.066737299 -0.211996095 -13.464024153 0.071098403 0.997384499 0.013006899 0.222300105 0.210573581 -0.027754165 0.977183951 116.698911048
0.974444711 -0.064984723 -0.215022064 -13.773592984 0.069709103 0.997462650 0.014453507 0.229086208 0.213537229 -0.029073135 0.976502231 118.138207245
0.973938730 -0.062965811 -0.217895971 -14.115096687 0.068813043 0.997442020 0.019343784 0.239490117 0.216120608 -0.033833741 0.975780284 119.712499589
0.973629688 -0.060116112 -0.220071083 -14.433153025 0.066563383 0.997539802 0.021992266 0.250887743 0.218207583 -0.036060994 0.975235898 121.127557074
0.973436951 -0.057652849 -0.221577637 -14.783980937 0.064087598 0.997702732 0.021955384 0.267551916 0.219802832 -0.035572556 0.974895538 122.667243368
0.973482180 -0.053869159 -0.222329839 -15.101966082 0.060152951 0.997955787 0.021584051 0.285100458 0.220712642 -0.034385480 0.974732563 124.061026913
0.973701566 -0.050258466 -0.222214637 -15.422591244 0.056435917 0.998173983 0.021533418 0.303219796 0.220726641 -0.033508006 0.974759953 125.446250257
0.974175196 -0.046357090 -0.220983498 -15.770938062 0.052501217 0.998378315 0.022008261 0.327655790 0.219604901 -0.033041800 0.975029194 126.963933120
0.974754003 -0.043543423 -0.218994526 -16.093223242 0.049811459 0.998489617 0.023179837 0.345712367 0.217654439 -0.033503071 0.975450712 128.336543300
0.975445350 -0.041982950 -0.216203141 -16.400636455 0.047833231 0.998615326 0.021895515 0.364516164 0.214984540 -0.031699569 0.976102856 129.704944581
0.976349344 -0.042287066 -0.212023021 -16.732455659 0.047004027 0.998745668 0.017254355 0.385477536 0.211027445 -0.026812210 0.977112340 131.199952284
0.977246141 -0.041730531 -0.207962833 -17.021188541 0.045801256 0.998840997 0.014795572 0.400171158 0.207104384 -0.023983871 0.978024821 132.558443166
0.978213684 -0.040623631 -0.203587100 -17.306654361 0.045113257 0.998829312 0.017458503 0.410977466 0.202639542 -0.026262620 0.978901166 133.916556269
0.979265552 -0.040096776 -0.198572973 -17.617774480 0.044919467 0.998793582 0.019839948 0.422451713 0.197537900 -0.028348365 0.979885274 135.402517826
0.980200827 -0.040787928 -0.193759341 -17.886198669 0.045370638 0.998784323 0.019271265 0.438641471 0.192737764 -0.027680691 0.980859794 136.749010003
0.981250552 -0.041396226 -0.188238426 -18.172543095 0.046083311 0.998725381 0.020589880 0.456812183 0.187146157 -0.028878477 0.981907506 138.226942650
0.982147801 -0.041936097 -0.183376824 -18.421031881 0.046867379 0.998644548 0.022638803 0.474896278 0.182178889 -0.030829037 0.982781982 139.568233444
0.982931114 -0.043048935 -0.178866466 -18.666650512 0.048072506 0.998559191 0.023844860 0.491918116 0.177582265 -0.032036409 0.983584368 140.902420680
0.983674227 -0.044135747 -0.174462171 -18.925328771 0.049377937 0.998446366 0.025820046 0.515921630 0.173051540 -0.034013092 0.984325289 142.367812603
0.984377213 -0.044835045 -0.170268375 -19.157481227 0.050053903 0.998395405 0.026480612 0.535758462 0.168807910 -0.034589503 0.985041855 143.691462046
0.985091722 -0.044759178 -0.166105130 -19.378703019 0.049630182 0.998447458 0.025288730 0.558446285 0.164715348 -0.033155542 0.985783731 145.008840540
0.985808339 -0.044663980 -0.161824122 -19.616134207 0.049261320 0.998485208 0.024507406 0.583157598 0.160484399 -0.032131271 0.986515251 146.446518916
0.986430660 -0.043911135 -0.158197230 -19.826106833 0.048425396 0.998519048 0.024793000 0.604896462 0.156874265 -0.032117335 0.987096217 147.747406164
0.987054041 -0.042780829 -0.154577231 -20.030376771 0.047254757 0.998560290 0.025383784 0.626070603 0.153268750 -0.032359672 0.987654566 149.042402765
0.987680553 -0.041545753 -0.150867735 -20.249105173 0.045984780 0.998602340 0.026053154 0.648411361 0.149574481 -0.032669809 0.988210584 150.455475663
0.988235322 -0.040319448 -0.147530640 -20.439439666 0.044901203 0.998602946 0.027857462 0.671219672 0.146201339 -0.034154027 0.988665096 151.731826185
0.988768970 -0.039205497 -0.144218067 -20.643066449 0.043820189 0.998619581 0.028960724 0.698160168 0.142883571 -0.034955124 0.989122047 153.122793020
0.989207453 -0.038258433 -0.141438699 -20.823976356 0.042802169 0.998656106 0.029222558 0.722143690 0.140130616 -0.034961051 0.989515607 154.374586224
0.989601229 -0.037735191 -0.138800080 -20.999898335 0.042207579 0.998675625 0.029419660 0.745030532 0.137506105 -0.034972143 0.989883337 155.613241110
0.990034575 -0.037238170 -0.135811851 -21.182229857 0.041593990 0.998702651 0.029376112 0.772977927 0.134541748 -0.034732319 0.990299038 156.962538058
0.990416187 -0.036903503 -0.133093603 -21.346297679 0.041224555 0.998703704 0.029857147 0.797507331 0.131819245 -0.035057722 0.990653644 158.174214643
0.990752667 -0.036962307 -0.130548610 -21.503608658 0.041252412 0.998688875 0.030311218 0.821659920 0.129257076 -0.035416361 0.990978451 159.373418408
0.991113093 -0.036893818 -0.127803295 -21.675404808 0.041090807 0.998694083 0.030359104 0.845813515 0.126516335 -0.035340841 0.991334778 160.677904503
0.991356360 -0.037764093 -0.125644103 -21.822565895 0.041858283 0.998669881 0.030105722 0.869849520 0.124340070 -0.035104741 0.991618477 161.855589414
0.991547207 -0.037926996 -0.124079320 -21.966439258 0.041998503 0.998656194 0.030363340 0.896383851 0.122760995 -0.035317826 0.991807637 163.028370945
0.991737091 -0.038224491 -0.122459907 -22.122820592 0.042250754 0.998642887 0.030450928 0.923719083 0.121129748 -0.035373333 0.992006206 164.309207534
0.991861918 -0.038110317 -0.121480608 -22.261627227 0.042118528 0.998643963 0.030598463 0.950181771 0.120149763 -0.035466030 0.992122067 165.466912797
0.991992488 -0.038540412 -0.120272771 -22.416273060 0.042516425 0.998624962 0.030668211 0.972130274 0.118925430 -0.035536199 0.992267061 166.729028772
0.992063860 -0.038091903 -0.119826136 -22.552162089 0.042038396 0.998647883 0.030580720 0.993316951 0.118499244 -0.035375321 0.992323796 167.869541618
0.992066198 -0.039037412 -0.119502044 -22.687167422 0.042997976 0.998602007 0.030744193 1.014331804 0.118134812 -0.035638616 0.992357826 169.001559118
0.992070810 -0.038554922 -0.119620337 -22.832115653 0.042567098 0.998607325 0.031168130 1.042802376 0.118252064 -0.036012879 0.992330349 170.238645578
0.992066406 -0.038283041 -0.119744116 -22.966501700 0.042324610 0.998610631 0.031391656 1.065081874 0.118375983 -0.036210725 0.992308375 171.353040784
0.992059505 -0.037615595 -0.120012517 -23.099621640 0.041625930 0.998649589 0.031085052 1.086937820 0.118681172 -0.035833850 0.992285601 172.459444501
0.992059693 -0.037081322 -0.120177117 -23.245473109 0.041044872 0.998686341 0.030674289 1.109871523 0.118881807 -0.035363376 0.992278463 173.667926702
0.992002069 -0.036822296 -0.120731162 -23.376046486 0.040800982 0.998697100 0.030649365 1.131492737 0.119445285 -0.035330179 0.992211975 174.760008397
0.991908357 -0.036553619 -0.121579783 -23.506031173 0.040626841 0.998687361 0.031193183 1.153680094 0.120279973 -0.035880177 0.992091398 175.846123569
0.991772903 -0.036182780 -0.122789714 -23.651048484 0.040317977 0.998694644 0.031360301 1.176552675 0.121494731 -0.036052925 0.991937103 177.031380711
0.991639932 -0.036546903 -0.123752041 -23.780781094 0.040683740 0.998688973 0.031067180 1.198859940 0.122454394 -0.035842148 0.991826730 178.099785029
0.991519321 -0.036418097 -0.124752384 -23.924209403 0.040656769 0.998673352 0.031600063 1.224883814 0.123436071 -0.036404098 0.991684566 179.261684191
0.991382306 -0.036835275 -0.125715095 -24.052298248 0.041160014 0.998640712 0.031977851 1.248510258 0.124366304 -0.036876706 0.991550872 180.305788329
0.991250414 -0.037141342 -0.126661507 -24.180672848 0.041674473 0.998575218 0.033328269 1.270645927 0.125243190 -0.038315207 0.991385943 181.336955047
0.991088601 -0.037800135 -0.127728361 -24.322593970 0.042587187 0.998481030 0.034956623 1.293401491 0.126212985 -0.040084698 0.991192968 182.454206356
0.990939651 -0.038664872 -0.128622063 -24.454209743 0.043555026 0.998422751 0.035425560 1.312011760 0.127049474 -0.040706724 0.991060742 183.452774245
0.990801462 -0.038970112 -0.129590862 -24.581240170 0.043964160 0.998387830 0.035901161 1.333331826 0.127982872 -0.041268271 0.990917411 184.435896902
0.990677742 -0.039215842 -0.130459677 -24.720873860 0.044325443 0.998350339 0.036494602 1.358544508 0.128813301 -0.041937068 0.990781720 185.499257079
0.990550356 -0.039380473 -0.131374157 -24.842989052 0.044598325 0.998319087 0.037013384 1.380694959 0.129695728 -0.042522683 0.990641630 186.447562400
0.990399301 -0.040227613 -0.132253407 -24.980274192 0.045510768 0.998272127 0.037168964 1.400335540 0.130529676 -0.042831065 0.990518805 187.468836575
0.990271486 -0.040826630 -0.133024695 -25.099244842 0.046139627 0.998245677 0.037103971 1.419413971 0.131276501 -0.042880709 0.990417955 188.382316550
0.990139695 -0.041375613 -0.133833637 -25.217811206 0.046689033 0.998231064 0.036808658 1.436302004 0.132073917 -0.042694271 0.990319989 189.278042917
0.989971794 -0.042328696 -0.134774357 -25.347738793 0.047679287 0.998187452 0.036721888 1.454146416 0.132975688 -0.042779573 0.990195625 190.241755201
0.989884242 -0.042325567 -0.135416884 -25.462750170 0.047661562 0.998199853 0.036406452 1.471128651 0.133632195 -0.042492348 0.990119608 191.102427418
0.989798350 -0.043012358 -0.135827692 -25.584827908 0.048239262 0.998207366 0.035426378 1.482138669 0.134060436 -0.041617193 0.990098889 191.946748415
0.989763089 -0.043114239 -0.136052157 -25.711792609 0.048311572 0.998214281 0.035131782 1.499464486 0.134294531 -0.041345030 0.990078566 192.863655155
0.989711164 -0.043607146 -0.136272619 -25.827625486 0.048757970 0.998208027 0.034690007 1.513459295 0.134515695 -0.040977458 0.990063824 193.683516809
0.989721273 -0.043454849 -0.136247847 -25.939477274 0.048576450 0.998223734 0.034492129 1.530778632 0.134506989 -0.040756025 0.990074147 194.492074418
0.989716120 -0.044160748 -0.136058185 -26.060094752 0.049214555 0.998209163 0.034005804 1.547801514 0.134312810 -0.040352131 0.990117051 195.366199168
0.989718615 -0.044400943 -0.135961823 -26.167941930 0.049438950 0.998201562 0.033903279 1.561268133 0.134211972 -0.040276511 0.990133804 196.145621113
0.989759529 -0.044150430 -0.135745399 -26.273276139 0.049161653 0.998219207 0.033786783 1.575472637 0.134011969 -0.040114254 0.990167480 196.911335033
0.989779960 -0.044319969 -0.135541026 -26.387237635 0.049345449 0.998204825 0.033943402 1.589430448 0.133793341 -0.040284827 0.990190121 197.733927582
0.989836459 -0.044144699 -0.135185163 -26.486871978 0.049154469 0.998214155 0.033946140 1.602126079 0.133445206 -0.040246077 0.990238674 198.467098582
0.989850784 -0.044647029 -0.134915038 -26.596979791 0.049656125 0.998187765 0.033991984 1.612633221 0.133152904 -0.040346345 0.990273940 199.254866828
0.989890758 -0.044674100 -0.134612448 -26.693556503 0.049711300 0.998174742 0.034292457 1.624427207 0.132834766 -0.040637541 0.990304759 199.958392724
0.989950224 -0.044458984 -0.134245860 -26.788536331 0.049491559 0.998182490 0.034384626 1.636745698 0.132473166 -0.040683100 0.990351324 200.647961049
0.989969312 -0.045407008 -0.133787008 -26.885363026 0.050481249 0.998119187 0.034781209 1.652904517 0.131956073 -0.041186060 0.990399568 201.390898811
0.990041762 -0.045175242 -0.133328566 -26.972974500 0.050282625 0.998114890 0.035189837 1.668096996 0.131487522 -0.041543513 0.990446954 202.051766807
0.990082503 -0.045807605 -0.132809263 -27.060272941 0.050902412 0.998082336 0.035222084 1.680202876 0.130941144 -0.041633076 0.990515575 202.695833670
0.990088146 -0.046784394 -0.132426139 -27.153851926 0.051876971 0.998030506 0.035268828 1.694248483 0.130515301 -0.041789110 0.990565206 203.385578683
0.990146049 -0.047029517 -0.131905364 -27.234461158 0.052127704 0.998010473 0.035465451 1.708033131 0.129975017 -0.041991895 0.990627668 203.996227184
0.990225876 -0.046884502 -0.131356600 -27.321711232 0.051916451 0.998032765 0.035146595 1.723122272 0.129450365 -0.041622631 0.990711946 204.651680626
0.990266370 -0.047188614 -0.130941782 -27.397043253 0.052216916 0.998013967 0.035235146 1.737571018 0.129019034 -0.041729551 0.990763712 205.233079356
0.990322981 -0.047355780 -0.130452379 -27.472537632 0.052390490 0.997997807 0.035434645 1.750034568 0.128513158 -0.041926202 0.990821156 205.799897094
0.990390304 -0.047607490 -0.129848263 -27.556236800 0.052615909 0.997986628 0.035415495 1.763101940 0.127900792 -0.041907242 0.990901191 206.404616509
0.990434050 -0.047576105 -0.129525695 -27.628472768 0.052575220 0.997987482 0.035451834 1.774881390 0.127578366 -0.041922540 0.990942108 206.939856597
0.990506580 -0.047448731 -0.129016788 -27.700481366 0.052406550 0.998001509 0.035306411 1.784052323 0.127083709 -0.041732552 0.991013686 207.460387774
0.990585813 -0.047309057 -0.128458549 -27.773398033 0.052283564 0.997996431 0.035630790 1.796741232 0.126515519 -0.042011621 0.991074592 208.016732607
0.990632498 -0.047221265 -0.128130424 -27.844300120 0.052221155 0.997988419 0.035945334 1.803924902 0.126175300 -0.042299730 0.991105709 208.506301769
0.990683305 -0.046832698 -0.127879972 -27.909295689 0.051830625 0.998005464 0.036037226 1.812220868 0.125937195 -0.042329572 0.991134719 208.981470483
0.990753755 -0.046647704 -0.127400894 -27.977968298 0.051619807 0.998017492 0.036006698 1.819719182 0.125468695 -0.042250176 0.991197523 209.487339631
0.990808476 -0.046924310 -0.126872660 -28.034789787 0.051873346 0.998005033 0.035987636 1.827513436 0.124930863 -0.042238159 0.991265967 209.931887785
0.990807331 -0.047456668 -0.126683451 -28.100022200 0.052439016 0.997964655 0.036286326 1.835632275 0.124703583 -0.042595909 0.991279277 210.401796126
0.990816110 -0.047586969 -0.126565853 -28.159406196 0.052570869 0.997956067 0.036331694 1.841736545 0.124578251 -0.042651699 0.991292637 210.812053975
0.990863121 -0.046827811 -0.126480945 -28.217972378 0.051817628 0.997991090 0.036451583 1.847124131 0.124519913 -0.042672466 0.991299073 211.206224961
0.990859275 -0.046227855 -0.126731532 -28.279160909 0.051168433 0.998040665 0.036008644 1.852235971 0.124818624 -0.042164148 0.991283257 211.623398722
0.990796200 -0.046320448 -0.127190038 -28.330451720 0.051251584 0.998044870 0.035773095 1.857345127 0.125284344 -0.041962532 0.991233060 211.991290273
0.990693073 -0.046852313 -0.127797083 -28.380829934 0.051821320 0.998013178 0.035836418 1.859635145 0.125864158 -0.042125500 0.991152691 212.347243954
0.990582791 -0.046962273 -0.128609012 -28.434253775 0.051959973 0.998007910 0.035782319 1.860518309 0.126672397 -0.042127865 0.991049619 212.723458228
0.990538387 -0.046320622 -0.129182437 -28.483790616 0.051362900 0.998031855 0.035975947 1.859319794 0.127261764 -0.042270736 0.990968026 213.052898747
0.990450005 -0.045801500 -0.130042333 -28.529288398 0.050850476 0.998065404 0.035772617 1.860641094 0.128152318 -0.042043698 0.990862912 213.369531491
0.990368521 -0.045570523 -0.130742189 -28.577538421 0.050592826 0.998093513 0.035351188 1.862793714 0.128881963 -0.041625316 0.990785937 213.703221127
0.990291349 -0.045753155 -0.131261919 -28.621070868 0.050755030 0.998097120 0.035015246 1.863726982 0.129410090 -0.041337493 0.990729146 213.993989099
0.990161729 -0.046045154 -0.132134751 -28.668700648 0.050970165 0.998116689 0.034133815 1.860540960 0.130314208 -0.040532922 0.990643876 214.299704319
0.990111882 -0.045630109 -0.132651244 -28.708093170 0.050535776 0.998148391 0.033851515 1.859556987 0.130860982 -0.040220416 0.990584535 214.566352448
0.990050845 -0.045677102 -0.133089916 -28.745854173 0.050598228 0.998145966 0.033829732 1.859050320 0.131297923 -0.040227264 0.990526437 214.822942111
0.989997439 -0.045534173 -0.133535418 -28.785269228 0.050408807 0.998171630 0.033351924 1.857031324 0.131772619 -0.039749676 0.990482681 215.090761924
0.989944698 -0.045840687 -0.133821247 -28.820428015 0.050726207 0.998156358 0.033327743 1.855745767 0.132046767 -0.039780862 0.990444918 215.323439598
0.989887341 -0.046285794 -0.134092047 -28.854040368 0.051137274 0.998147493 0.032963054 1.851316799 0.132317924 -0.039486807 0.990420496 215.544775542
0.989848836 -0.046630477 -0.134256769 -28.885657708 0.051401500 0.998155904 0.032290530 1.851660074 0.132503468 -0.038863739 0.990420336 215.775999750
0.989804858 -0.046448813 -0.134643420 -28.913160590 0.051228965 0.998165892 0.032255942 1.851713009 0.132898224 -0.038824727 0.990368973 215.975618147
0.989780780 -0.046316761 -0.134865727 -28.939000893 0.051043775 0.998189894 0.031803616 1.851972802 0.133148570 -0.038362659 0.990353354 216.162290323
0.989752515 -0.046251188 -0.135095469 -28.968035353 0.050963495 0.998199451 0.031631922 1.849210500 0.133389214 -0.038192707 0.990327539 216.355794458
0.989723802 -0.046271147 -0.135298836 -28.993667492 0.051010450 0.998192600 0.031772135 1.845205504 0.133584169 -0.038347288 0.990295287 216.519520769
0.989685512 -0.046328359 -0.135559100 -29.018900245 0.051079675 0.998188741 0.031782153 1.840029725 0.133841157 -0.038378647 0.990259372 216.688547901
0.989656994 -0.046570411 -0.135684303 -29.036793304 0.051280682 0.998189674 0.031427185 1.837478666 0.133975098 -0.038060112 0.990253554 216.832169202
0.989653623 -0.046715852 -0.135658888 -29.055472397 0.051424612 0.998182683 0.031414025 1.836221511 0.133944825 -0.038065205 0.990257454 216.967630067
0.989631219 -0.046806918 -0.135790875 -29.078599099 0.051500987 0.998183521 0.031261918 1.833084991 0.134080944 -0.037931129 0.990244177 217.105932024
0.989615901 -0.046561023 -0.135986907 -29.098297180 0.051247482 0.998199578 0.031165665 1.830782050 0.134290973 -0.037811019 0.990220310 217.221524593
0.989590045 -0.046738622 -0.136114081 -29.117009842 0.051393650 0.998200735 0.030886669 1.828987376 0.134425580 -0.037560534 0.990211578 217.330838207
0.989552280 -0.046829399 -0.136357219 -29.135419163 0.051424704 0.998214887 0.030373331 1.828620886 0.134691446 -0.037068124 0.990194006 217.443148316
0.989545454 -0.047029447 -0.136337908 -29.152545563 0.051572264 0.998219168 0.029979897 1.828131921 0.134685180 -0.036697721 0.990208655 217.542292165
0.989520997 -0.047054687 -0.136506602 -29.170632836 0.051556302 0.998230457 0.029629443 1.827556445 0.134870848 -0.036356727 0.990195962 217.644957559
0.989510119 -0.047026734 -0.136595059 -29.186587116 0.051523427 0.998233884 0.029571094 1.826773899 0.134963190 -0.036298737 0.990185508 217.734571353
0.989493745 -0.047278222 -0.136626856 -29.199497617 0.051758482 0.998226022 0.029425656 1.826863381 0.134993295 -0.036188097 0.990185453 217.816951499
0.989444010 -0.047790571 -0.136808663 -29.211339831 0.052269458 0.998202116 0.029333267 1.828676798 0.135160849 -0.036174535 0.990163092 217.902129559
0.989408755 -0.048001653 -0.136989619 -29.222190194 0.052508207 0.998185464 0.029473180 1.829058486 0.135326289 -0.036354097 0.990133918 217.971965363
0.989405276 -0.048002959 -0.137014287 -29.234439290 0.052505935 0.998186556 0.029440238 1.825626053 0.135352606 -0.036322385 0.990131485 218.033862189
0.989407889 -0.047896746 -0.137032590 -29.247321940 0.052380915 0.998197114 0.029304632 1.822963453 0.135381944 -0.036172122 0.990132975 218.095241770
0.989400591 -0.047795669 -0.137120542 -29.256624668 0.052286249 0.998201204 0.029334368 1.822470885 0.135471839 -0.036192955 0.990119918 218.145082467
0.989384029 -0.047994616 -0.137170548 -29.265740298 0.052481273 0.998192587 0.029279284 1.821426367 0.135517381 -0.036167337 0.990114621 218.192702524
0.989373986 -0.048043172 -0.137225976 -29.275218603 0.052525573 0.998191697 0.029230127 1.818858308 0.135573527 -0.036127396 0.990108393 218.230021235
0.989360954 -0.047983604 -0.137340725 -29.286706288 0.052475547 0.998193078 0.029272804 1.813255828 0.135687951 -0.036168394 0.990091222 218.262275090
0.989353467 -0.047963007 -0.137401842 -29.295786476 0.052450943 0.998195670 0.029228491 1.809750406 0.135752043 -0.036124161 0.990084051 218.290464000
0.989375241 -0.047906199 -0.137264808 -29.303021767 0.052376431 0.998202176 0.029139766 1.803887883 0.135622060 -0.036019599 0.990105674 218.310356521
0.989362183 -0.047980721 -0.137332881 -29.307866574 0.052451560 0.998198776 0.029121104 1.798426486 0.135688267 -0.036014638 0.990096783 218.324343826
0.989352203 -0.047952731 -0.137414532 -29.315443357 0.052393665 0.998208734 0.028883010 1.788673138 0.135783371 -0.035775116 0.990092429 218.334659506
0.989353999 -0.047867717 -0.137431237 -29.322060458 0.052321727 0.998209712 0.028979450 1.781422999 0.135798020 -0.035861570 0.990087292 218.338869952
0.989354834 -0.047929683 -0.137403629 -29.326014906 0.052406960 0.998200203 0.029152451 1.775749553 0.135759068 -0.036043021 0.990086045 218.338968684
0.989351413 -0.048016305 -0.137398013 -29.329949875 0.052435618 0.998211074 0.028725579 1.768507683 0.135772927 -0.035624238 0.990099301 218.334292943
0.989332365 -0.048148895 -0.137488746 -29.332839032 0.052445931 0.998236683 0.027801961 1.763121637 0.135907681 -0.034716101 0.990113072 218.330523010
0.989324183 -0.048273121 -0.137504056 -29.336349216 0.052486183 0.998251745 0.027178224 1.756508124 0.135951691 -0.034105133 0.990128263 218.330019009
0.989340330 -0.048186735 -0.137418152 -29.339414635 0.052427369 0.998248591 0.027406593 1.751911966 0.135856847 -0.034318916 0.990133895 218.328831009
0.989327741 -0.048337047 -0.137455989 -29.342613349 0.052536493 0.998251578 0.027086992 1.748933721 0.135906358 -0.034019364 0.990137438 218.328993376
0.989318494 -0.048288198 -0.137539686 -29.346122321 0.052494755 0.998252854 0.027120847 1.746388584 0.135989772 -0.034051263 0.990124888 218.328254767
0.989326034 -0.048208048 -0.137513571 -29.348462175 0.052450337 0.998247760 0.027392935 1.744973027 0.135952059 -0.034313172 0.990121025 218.329180291
0.989323462 -0.048272890 -0.137509322 -29.350447648 0.052479103 0.998253510 0.027127019 1.742980708 0.135959668 -0.034053758 0.990128936 218.329122725
0.989310277 -0.048349352 -0.137577305 -29.352779645 0.052568279 0.998246903 0.027197365 1.741892251 0.136021148 -0.034138830 0.990117563 218.331419034
0.989303118 -0.048319737 -0.137639178 -29.354971644 0.052545726 0.998247064 0.027235035 1.741125906 0.136081920 -0.034176051 0.990107928 218.333501923
0.989313356 -0.048345940 -0.137556358 -29.357049341 0.052567515 0.998246268 0.027222169 1.739237128 0.135999044 -0.034162246 0.990119791 218.333825342
0.989312753 -0.048370049 -0.137552226 -29.357873753 0.052583474 0.998247058 0.027162300 1.735508708 0.135997267 -0.034104979 0.990122010 218.333683882
0.989294383 -0.048448408 -0.137656729 -29.360131465 0.052671253 0.998241424 0.027199249 1.733184783 0.136096894 -0.034158613 0.990106472 218.335164216
0.989286700 -0.048396354 -0.137730235 -29.362092897 0.052624621 0.998243223 0.027223494 1.731484143 0.136170761 -0.034179838 0.990095583 218.336957055
0.989276705 -0.048427842 -0.137790940 -29.364919092 0.052660939 0.998240826 0.027241153 1.729766904 0.136229316 -0.034205234 0.990086651 218.336566678
0.989278821 -0.048411965 -0.137781330 -29.367347720 0.052641059 0.998242573 0.027215532 1.728274506 0.136221637 -0.034176700 0.990088693 218.337572990
0.989275476 -0.048381329 -0.137816102 -29.370492174 0.052610764 0.998244287 0.027211233 1.725705114 0.136257626 -0.034170011 0.990083971 218.337705349
0.989276854 -0.048431816 -0.137788474 -29.372172871 0.052662949 0.998241099 0.027227243 1.723562687 0.136227458 -0.034191624 0.990087376 218.337764306
0.989264273 -0.048431268 -0.137878966 -29.373894370 0.052663010 0.998241599 0.027208791 1.723531004 0.136318769 -0.034177802 0.990075286 218.336590938
0.989268958 -0.048402983 -0.137855282 -29.375425894 0.052641343 0.998241216 0.027264724 1.724454405 0.136293135 -0.034229028 0.990077045 218.335918255
0.989264553 -0.048482126 -0.137859084 -29.375921493 0.052715112 0.998238557 0.027219505 1.724137178 0.136296598 -0.034194545 0.990077760 218.335900211
0.989268293 -0.048439741 -0.137847140 -29.380841446 0.052674334 0.998240232 0.027237000 1.721544829 0.136285212 -0.034205702 0.990078942 218.333746164
0.989263019 -0.048455308 -0.137879520 -29.385141486 0.052677918 0.998242665 0.027140744 1.718781318 0.136322111 -0.034112536 0.990077076 218.332740997
0.989257462 -0.048461428 -0.137917230 -29.389901751 0.052698566 0.998238972 0.027236308 1.717047149 0.136354448 -0.034211757 0.990069200 218.332512983
0.989270375 -0.048415810 -0.137840611 -29.394749836 0.052642424 0.998243407 0.027182265 1.716639444 0.136282435 -0.034146869 0.990081355 218.333285179
0.989256360 -0.048443037 -0.137931597 -29.398633747 0.052669416 0.998242705 0.027155770 1.714833035 0.136373707 -0.034128791 0.990069411 218.334009969
0.989248461 -0.048449976 -0.137985799 -29.403749853 0.052685872 0.998240340 0.027210702 1.713414087 0.136424638 -0.034188043 0.990060350 218.336788842
0.989243244 -0.048441558 -0.138026153 -29.407530187 0.052677470 0.998241044 0.027201170 1.710729855 0.136465708 -0.034179438 0.990054987 218.338225608
0.989235926 -0.048435381 -0.138080756 -29.411140136 0.052681954 0.998239063 0.027265098 1.709564864 0.136517014 -0.034245975 0.990045614 218.339897349
0.989226845 -0.048444305 -0.138142667 -29.412539044 0.052687276 0.998239939 0.027222727 1.707474453 0.136580746 -0.034207809 0.990038144 218.341522683
0.989229565 -0.048436554 -0.138125910 -29.413942306 0.052691512 0.998237211 0.027314379 1.707247227 0.136559414 -0.034298250 0.990037957 218.344765672
0.989234221 -0.048455853 -0.138085787 -29.416672046 0.052703863 0.998237694 0.027272889 1.706474103 0.136520911 -0.034256925 0.990044698 218.347143262
0.989220954 -0.048470160 -0.138175780 -29.418395236 0.052729937 0.998234633 0.027334450 1.706566988 0.136606949 -0.034325806 0.990030444 218.349506630
0.989222969 -0.048480166 -0.138157847 -29.418947154 0.052735085 0.998235218 0.027303122 1.706620291 0.136590374 -0.034294637 0.990033812 218.352178485
0.989223421 -0.048417739 -0.138176499 -29.420473644 0.052674031 0.998238186 0.027312467 1.707527657 0.136610655 -0.034296441 0.990030951 218.354961585
0.989215430 -0.048527732 -0.138195117 -29.420625667 0.052784600 0.998232559 0.027304660 1.706977893 0.136625837 -0.034304760 0.990028568 218.358106981
0.989215651 -0.048498084 -0.138203943 -29.424646693 0.052753567 0.998234482 0.027294348 1.704565738 0.136636222 -0.034290743 0.990027620 218.359641344
0.989209438 -0.048559745 -0.138226765 -29.427233379 0.052823224 0.998229482 0.027342428 1.701882782 0.136654295 -0.034348967 0.990023107 218.362485824
0.989209807 -0.048548647 -0.138228023 -29.430664786 0.052800191 0.998233054 0.027256383 1.698882951 0.136660525 -0.034260743 0.990025304 218.364218279
0.989206662 -0.048578816 -0.138239929 -29.433890981 0.052849071 0.998226895 0.027386912 1.695666753 0.136664396 -0.034397163 0.990020039 218.366845026
0.989211560 -0.048554263 -0.138213502 -29.437936080 0.052815366 0.998230268 0.027328937 1.692598581 0.136641970 -0.034333893 0.990025331 218.367646318
0.989194090 -0.048602369 -0.138321588 -29.444135350 0.052870158 0.998226879 0.027346775 1.686184418 0.136747214 -0.034364348 0.990009743 218.367227539
0.989201213 -0.048599191 -0.138271753 -29.448419677 0.052863673 0.998227526 0.027335677 1.681896623 0.136698183 -0.034350033 0.990017011 218.366734927
0.989190098 -0.048558278 -0.138365614 -29.452515254 0.052831816 0.998227994 0.027380138 1.679562040 0.136790902 -0.034394264 0.990002669 218.366613843
0.989189901 -0.048628971 -0.138342192 -29.455172697 0.052897889 0.998225377 0.027347966 1.677730445 0.136766788 -0.034370338 0.990006831 218.367913351
0.989185012 -0.048627377 -0.138377703 -29.458309029 0.052888494 0.998227663 0.027282609 1.675720662 0.136805774 -0.034306132 0.990003672 218.368904513
0.989187801 -0.048671015 -0.138342420 -29.462822308 0.052942806 0.998222503 0.027365922 1.672096409 0.136764595 -0.034394268 0.990006303 218.369837242
0.989182890 -0.048643098 -0.138387345 -29.465706829 0.052908374 0.998225882 0.027309229 1.669982762 0.136813429 -0.034335668 0.990001590 218.371360496
0.989179933 -0.048660524 -0.138402355 -29.468562713 0.052936218 0.998222476 0.027379647 1.668420356 0.136824038 -0.034409890 0.989997547 218.373657306
0.989180473 -0.048637606 -0.138406552 -29.471327733 0.052909209 0.998224707 0.027350505 1.666779324 0.136830582 -0.034377562 0.989997765 218.374787443
0.989171860 -0.048697798 -0.138446939 -29.476584756 0.052972668 0.998221084 0.027359913 1.664096124 0.136868291 -0.034397555 0.989991858 218.374055461
0.989177641 -0.048745932 -0.138388679 -29.481735022 0.053013143 0.998220135 0.027316089 1.661963600 0.136810823 -0.034356879 0.990001214 218.373734521
0.989165290 -0.048669178 -0.138503930 -29.486493346 0.052947147 0.998222168 0.027369766 1.657858406 0.136925634 -0.034406606 0.989983614 218.374911783
0.989177497 -0.048659776 -0.138420028 -29.490818343 0.052927004 0.998224764 0.027313969 1.656239119 0.136845213 -0.034344517 0.989996890 218.376120627
0.989168159 -0.048752384 -0.138454172 -29.495560700 0.052905021 0.998248652 0.026470512 1.655414843 0.136921195 -0.033508704 0.990015027 218.380952960
0.989157812 -0.048949436 -0.138458569 -29.504587770 0.052911814 0.998284170 0.025080999 1.655557542 0.136993302 -0.032135157 0.990050588 218.393256135
0.989163261 -0.049133688 -0.138354335 -29.513339984 0.053012176 0.998293599 0.024486720 1.656828655 0.136915129 -0.031555824 0.990080036 218.412350304
0.989151873 -0.049114675 -0.138442476 -29.524906692 0.053024423 0.998287858 0.024693409 1.658345573 0.136992639 -0.031766360 0.990062582 218.441558644
