1.000000000 0.000000000 -0.000000000 -0.000000000 0.000000000 1.000000000 -0.000000000 0.000000000 0.000000000 0.000000000 1.000000000 -0.000000000
0.999998267 0.001331948 -0.001300442 -0.009303428 -0.001330507 0.999998501 0.001108151 -0.003923987 0.001301916 -0.001106418 0.999998540 1.762060464
0.999994247 0.002333802 -0.002461388 -0.019749696 -0.002330890 0.999996581 0.001185292 -0.006028797 0.002464146 -0.001179548 0.999996268 3.520202045
0.999984969 0.004113209 -0.003625436 -0.034847578 -0.004104925 0.999988954 0.002289472 -0.005988593 0.003634813 -0.002274555 0.999990807 5.451294002
0.999975186 0.005324126 -0.004613097 -0.049843764 -0.005308384 0.999980068 0.003418194 -0.004294871 0.004631204 -0.003393621 0.999983518 7.203494099
0.999963176 0.006462605 -0.005646288 -0.066161473 -0.006443509 0.999973481 0.003393839 -0.002253520 0.005668072 -0.003357332 0.999978300 8.951785748
0.999947000 0.007733563 -0.006796338 -0.085163881 -0.007713541 0.999965847 0.002967483 0.000142062 0.006819055 -0.002914901 0.999972502 10.870111667
0.999931590 0.008488286 -0.008047608 -0.103195295 -0.008476340 0.999962924 0.001517523 -0.000209995 0.008060191 -0.001449205 0.999966466 12.609844918
0.999920706 0.008761005 -0.009045754 -0.123251411 -0.008763802 0.999961561 -0.000269487 -0.003916916 0.009043045 0.000348741 0.999959050 14.346275263
0.999907311 0.008952233 -0.010258016 -0.146797558 -0.008971642 0.999958047 -0.001847431 -0.011556181 0.010241047 0.001939291 0.999945679 16.253519127
0.999895549 0.008905481 -0.011383489 -0.170701676 -0.008932899 0.999957316 -0.002359927 -0.020933710 0.011361987 0.002461368 0.999932421 17.984355574
0.999884799 0.008719405 -0.012424228 -0.195623434 -0.008763675 0.999955427 -0.003513148 -0.032718463 0.012393042 0.003621625 0.999916645 19.711103178
0.999876674 0.008194384 -0.013397322 -0.225238489 -0.008244055 0.999959332 -0.003656408 -0.045671109 0.013366816 0.003766405 0.999903567 21.607147566
0.999862210 0.008692265 -0.014142358 -0.254306539 -0.008732408 0.999958010 -0.002779145 -0.055559646 0.014117607 0.002902259 0.999896130 23.328015095
0.999852571 0.008901134 -0.014683546 -0.284385166 -0.008918088 0.999959640 -0.001089430 -0.064422283 0.014673257 0.001220218 0.999891597 25.046423659
0.999842373 0.009760880 -0.014830847 -0.320383329 -0.009766492 0.999952260 -0.000305922 -0.072240506 0.014827154 0.000450719 0.999889970 26.931354359
0.999840558 0.009986139 -0.014803209 -0.352715551 -0.009978188 0.999950030 0.000610990 -0.079378558 0.014808571 -0.000463183 0.999890240 28.642556726
0.999840902 0.009967981 -0.014792227 -0.384481885 -0.009959068 0.999950179 0.000676175 -0.084690507 0.014798231 -0.000528751 0.999890360 30.349377109
0.999848810 0.009057790 -0.014842990 -0.417159107 -0.009025243 0.999956721 0.002258366 -0.087821475 0.014862804 -0.002124063 0.999887286 32.224493968
0.999852267 0.008182874 -0.015115681 -0.446914082 -0.008165646 0.999965939 0.001201212 -0.089335390 0.015124996 -0.001077605 0.999885030 33.923118207
0.999859304 0.007051054 -0.015220195 -0.475034499 -0.007050536 0.999975141 0.000087785 -0.091433878 0.015220436 0.000019537 0.999884162 35.614202052
0.999859355 0.006623733 -0.015407660 -0.509273582 -0.006618835 0.999978027 0.000368920 -0.095893183 0.015409766 -0.000266888 0.999881227 37.469947214
0.999864094 0.005741172 -0.015454216 -0.539475082 -0.005712061 0.999981829 0.001927242 -0.099757998 0.015465000 -0.001838705 0.999878719 39.149829854
0.999862275 0.005547498 -0.015641481 -0.570231402 -0.005493645 0.999978841 0.003483844 -0.101758579 0.015660477 -0.003397435 0.999871595 40.821193519
0.999866699 0.004006710 -0.015828153 -0.603225941 -0.003942645 0.999983918 0.004076715 -0.103068935 0.015844233 -0.004013766 0.999866416 42.646158887
0.999863569 0.003346988 -0.016175292 -0.633741944 -0.003280818 0.999986149 0.004115663 -0.104886008 0.016188844 -0.004062033 0.999860701 44.293135194
0.999854987 0.002711531 -0.016812248 -0.663164356 -0.002645201 0.999988635 0.003966378 -0.105230184 0.016822812 -0.003921330 0.999850797 45.924053000
0.999844370 0.002680979 -0.017436983 -0.697646175 -0.002620943 0.999990562 0.003464978 -0.108341558 0.017446109 -0.003418737 0.999841960 47.703066803
0.999831429 0.003100277 -0.018097011 -0.732672899 -0.003044579 0.999990546 0.003104490 -0.111040488 0.018106466 -0.003048868 0.999831416 49.304438453
0.999818490 0.003638568 -0.018701535 -0.768371813 -0.003561149 0.999984959 0.004171340 -0.114130765 0.018716432 -0.004103983 0.999816409 50.891596772
0.999801971 0.004503084 -0.019384065 -0.808749454 -0.004395422 0.999974698 0.005593208 -0.117116184 0.019408762 -0.005506899 0.999796466 52.618079896
0.999786979 0.005038948 -0.020015137 -0.844937869 -0.004910259 0.999966991 0.006473545 -0.119526617 0.020047097 -0.006373885 0.999778719 54.168660046
0.999774468 0.005333035 -0.020556566 -0.881559277 -0.005203205 0.999966212 0.006364097 -0.121733341 0.020589813 -0.006255701 0.999768436 55.701071693
0.999758577 0.005164713 -0.021356805 -0.922192933 -0.005076981 0.999978458 0.004160164 -0.124904144 0.021377832 -0.004050731 0.999763262 57.363197930
0.999737314 0.004421818 -0.022488887 -0.958795725 -0.004350174 0.999985309 0.003233708 -0.130005827 0.022502856 -0.003135027 0.999741863 58.858926931
0.999712157 0.003900598 -0.023672521 -1.002075788 -0.003822138 0.999987055 0.003358728 -0.134951583 0.023685316 -0.003267281 0.999714124 60.486165319
0.999687573 0.003862584 -0.024694891 -1.043085009 -0.003771170 0.999985868 0.003747269 -0.138875618 0.024709017 -0.003652970 0.999688011 61.950878364
0.999661939 0.004382643 -0.025628104 -1.086043512 -0.004254611 0.999978207 0.005048194 -0.141906844 0.025649671 -0.004937449 0.999658800 63.401883418
0.999629195 0.004807496 -0.026802266 -1.133276159 -0.004679978 0.999977440 0.004818473 -0.147233490 0.026824827 -0.004691251 0.999629142 64.981903905
0.999595234 0.005553503 -0.027902104 -1.177350125 -0.005444911 0.999977310 0.003966409 -0.149649281 0.027923499 -0.003812879 0.999602791 66.404433179
0.999563668 0.005773857 -0.028967847 -1.223435978 -0.005680550 0.999978413 0.003302360 -0.153332449 0.028986290 -0.003136366 0.999574889 67.818366212
0.999524842 0.005315416 -0.030361770 -1.275056086 -0.005253110 0.999983931 0.002131520 -0.158057942 0.030372613 -0.001971013 0.999536702 69.362957368
0.999487751 0.004836187 -0.031636160 -1.322971946 -0.004799900 0.999987733 0.001222851 -0.161848251 0.031641687 -0.001070374 0.999498703 70.758272767
0.999450762 0.004548146 -0.032825134 -1.371752683 -0.004514369 0.999989202 0.001103055 -0.165838564 0.032829797 -0.000954264 0.999460501 72.147964846
0.999407305 0.004588954 -0.034117159 -1.427803250 -0.004545750 0.999988765 0.001343841 -0.172686402 0.034122944 -0.001187956 0.999416937 73.668711723
0.999367859 0.004054841 -0.035319132 -1.479647445 -0.004025760 0.999991497 0.000894489 -0.179889943 0.035322460 -0.000751737 0.999375684 75.043186674
0.999321494 0.003926892 -0.036621454 -1.531743678 -0.003946250 0.999992109 -0.000456291 -0.186211097 0.036619375 0.000600499 0.999329105 76.406316167
0.999277804 0.002708395 -0.037901657 -1.589862623 -0.002780770 0.999994409 -0.001856955 -0.194224287 0.037896417 0.001961009 0.999279749 77.897360606
0.999232038 0.002882111 -0.039077191 -1.645735795 -0.002953017 0.999994096 -0.001756909 -0.201192383 0.039071898 0.001870955 0.999234650 79.246073986
0.999187215 0.003204280 -0.040182603 -1.703937594 -0.003215246 0.999994809 -0.000208254 -0.208503235 0.040181728 0.000337282 0.999192331 80.588656166
0.999141430 0.004005483 -0.041235411 -1.770748264 -0.003985170 0.999991894 0.000574827 -0.215795505 0.041237380 -0.000410003 0.999149293 82.056158538
0.999101907 0.004752109 -0.042104592 -1.831637956 -0.004742714 0.999988701 0.000323039 -0.219611280 0.042105653 -0.000123058 0.999113156 83.379211423
0.999057415 0.004785279 -0.043143744 -1.892471140 -0.004783894 0.999988548 0.000135354 -0.223392048 0.043143899 0.000071169 0.999068866 84.695557069
0.999002856 0.004455480 -0.044423441 -1.959922660 -0.004437339 0.999990026 0.000506974 -0.227865501 0.044425258 -0.000309347 0.999012663 86.133911772
0.998957852 0.003994368 -0.045467076 -2.022997723 -0.003984638 0.999992015 0.000304628 -0.231109280 0.045467931 -0.000123141 0.998965791 87.431426167
0.998903452 0.003276108 -0.046702898 -2.093047828 -0.003238748 0.999994372 0.000875610 -0.236278187 0.046705506 -0.000723391 0.998908440 88.849247386
0.998857274 0.002551650 -0.047724583 -2.156072936 -0.002461412 0.999995070 0.001949495 -0.239331882 0.047729324 -0.001829797 0.998858630 90.124367477
0.998809758 0.002385171 -0.048717333 -2.218873999 -0.002272770 0.999994627 0.002362488 -0.240528418 0.048722708 -0.002248953 0.998809812 91.382406983
0.998754973 0.001627876 -0.049858346 -2.289575421 -0.001507190 0.999995843 0.002458097 -0.243823539 0.049862142 -0.002379891 0.998753274 92.751012326
0.998703067 0.001055292 -0.050902552 -2.355014018 -0.000895456 0.999994598 0.003162728 -0.248021511 0.050905616 -0.003113044 0.998698617 93.979683955
0.998652814 0.001245421 -0.051874912 -2.422231711 -0.001028944 0.999990652 0.004199564 -0.253293256 0.051879659 -0.004140530 0.998644760 95.192710820
0.998593443 0.001856600 -0.052987619 -2.498256413 -0.001602459 0.999987011 0.004838330 -0.259320651 0.052995915 -0.004746613 0.998583448 96.507702377
0.998546855 0.002326270 -0.053840198 -2.566799560 -0.002038047 0.999983302 0.005407601 -0.263861453 0.053851881 -0.005290014 0.998534922 97.684041696
0.998494679 0.003233913 -0.054753245 -2.635054980 -0.002959002 0.999982611 0.005101234 -0.268757077 0.054768792 -0.004931539 0.998486885 98.841738267
0.998438989 0.003748461 -0.055727325 -2.709558669 -0.003569241 0.999988135 0.003315192 -0.273306079 0.055739093 -0.003111112 0.998440521 100.092828450
0.998385734 0.003779983 -0.056671322 -2.776210404 -0.003656403 0.999990707 0.002284184 -0.277966015 0.056679432 -0.002073283 0.998390276 101.215731056
0.998325188 0.004639665 -0.057665357 -2.841905189 -0.004527631 0.999987601 0.002073334 -0.282508982 0.057674264 -0.001808774 0.998333816 102.324675657
0.998266993 0.004637514 -0.058664340 -2.916125548 -0.004511436 0.999987221 0.002281415 -0.287769916 0.058674172 -0.002012800 0.998275158 103.529635998
0.998208713 0.005274611 -0.059594837 -2.984801939 -0.005124675 0.999983308 0.002668503 -0.291248734 0.059607920 -0.002358319 0.998219081 104.611075365
0.998144266 0.005289119 -0.060663418 -3.060646910 -0.005139124 0.999983340 0.002628338 -0.294823180 0.060676311 -0.002311703 0.998154818 105.787962742
0.998082123 0.005672256 -0.061643344 -3.130632317 -0.005540558 0.999981989 0.002307185 -0.295986146 0.061655323 -0.001961222 0.998095574 106.845774029
0.998011776 0.006053605 -0.062736335 -3.201029182 -0.005913918 0.999979604 0.002412041 -0.297403678 0.062749659 -0.002036228 0.998027221 107.895155262
0.997946520 0.006126921 -0.063758947 -3.276665777 -0.005978027 0.999978942 0.002525794 -0.300561884 0.063773082 -0.002139454 0.997962132 109.040390250
0.997885290 0.005658651 -0.064752813 -3.346421518 -0.005522568 0.999982150 0.002280388 -0.305278495 0.064764563 -0.001917963 0.997898729 110.071996905
0.997815243 0.005638039 -0.065825176 -3.416394877 -0.005497029 0.999982193 0.002323136 -0.307645321 0.065837104 -0.001956218 0.997828467 111.093160002
0.997723951 0.005624205 -0.067195878 -3.493309242 -0.005446157 0.999981158 0.002832583 -0.310760055 0.067210545 -0.002460176 0.997735782 112.204534244
0.997642902 0.005602707 -0.068390416 -3.563575163 -0.005416136 0.999981089 0.002913150 -0.313213136 0.068405447 -0.002535871 0.997654381 113.201916725
0.997564452 0.005462524 -0.069536500 -3.634402361 -0.005277139 0.999982016 0.002849438 -0.316620598 0.069550817 -0.002475544 0.997575338 114.189975343
0.997485883 0.005717949 -0.070634396 -3.713799583 -0.005586881 0.999982286 0.002053016 -0.319159224 0.070644887 -0.001653228 0.997500159 115.267645301
0.997429668 0.006042642 -0.071397082 -3.785502102 -0.005966142 0.999981377 0.001284688 -0.323197408 0.071403518 -0.000855421 0.997447144 116.242242584
0.997381833 0.006041836 -0.072062306 -3.857126775 -0.005990482 0.999981626 0.000928747 -0.326932742 0.072066596 -0.000494627 0.997399700 117.212499320
0.997333939 0.006247159 -0.072704800 -3.935468660 -0.006190146 0.999980331 0.001009493 -0.330963916 0.072709679 -0.000556748 0.997352993 118.275190206
0.997284277 0.006237389 -0.073383689 -4.005975038 -0.006159744 0.999980204 0.001284344 -0.335641502 0.073390249 -0.000828831 0.997302955 119.235965278
0.997224401 0.006226107 -0.074193868 -4.083322228 -0.006150327 0.999980306 0.001249822 -0.341234227 0.074200191 -0.000790036 0.997243053 120.287075674
0.997170683 0.006373823 -0.074899952 -4.155597347 -0.006290272 0.999979303 0.001351366 -0.345208412 0.074907018 -0.000876401 0.997190138 121.236910809
0.997122378 0.006934194 -0.075490928 -4.229062182 -0.006821279 0.999975197 0.001753490 -0.348900616 0.075501217 -0.001233499 0.997144947 122.181679428
0.997076335 0.007134075 -0.076078158 -4.307955027 -0.006970970 0.999972800 0.002409262 -0.354191680 0.076093280 -0.001871879 0.997098946 123.215897868
0.997035055 0.007056929 -0.076624403 -4.380586113 -0.006867961 0.999972690 0.002729411 -0.357402482 0.076641575 -0.002195065 0.997056293 124.151961505
0.997000300 0.007050064 -0.077075920 -4.452392936 -0.006883361 0.999973361 0.002428304 -0.360359513 0.077090990 -0.001890478 0.997022269 125.082353410
0.996966723 0.006965838 -0.077516644 -4.532765086 -0.006790188 0.999973748 0.002529321 -0.362634268 0.077532230 -0.001995296 0.996987850 126.100898887
0.996916460 0.006956138 -0.078161267 -4.604641753 -0.006739370 0.999972679 0.003036804 -0.364038092 0.078180259 -0.002500681 0.996936103 127.020749516
0.996888020 0.007002108 -0.078519080 -4.676734012 -0.006731033 0.999970440 0.003716494 -0.365619896 0.078542785 -0.003176413 0.996905683 127.931754495
0.996887251 0.006961175 -0.078532475 -4.756325270 -0.006700277 0.999971126 0.003585198 -0.367623421 0.078555168 -0.003047848 0.996905109 128.922547390
0.996930460 0.006792111 -0.077996950 -4.827142684 -0.006572614 0.999973686 0.003070548 -0.370122064 0.078015756 -0.002548478 0.996948869 129.811233794
0.996975067 0.006144404 -0.077478781 -4.894459178 -0.005971199 0.999979129 0.002467004 -0.371613586 0.077492325 -0.001996900 0.996990949 130.687964713
0.997017717 0.005767336 -0.076957190 -4.966411759 -0.005575615 0.999980795 0.002705900 -0.372728581 0.076971321 -0.002268746 0.997030726 131.640153899
0.997038984 0.005016359 -0.076733952 -5.032483834 -0.004798289 0.999983910 0.003026017 -0.374206584 0.076747900 -0.002648865 0.997047012 132.494163087
0.997059488 0.003588159 -0.076547382 -5.101817113 -0.003335086 0.999988543 0.003433686 -0.375256036 0.076558828 -0.003168296 0.997060032 133.418459710
0.997083157 0.002191827 -0.076291375 -5.163772655 -0.001921878 0.999991631 0.003611639 -0.377731784 0.076298655 -0.003454481 0.997079025 134.247472887
0.997123266 0.001746481 -0.075776917 -5.224821002 -0.001432902 0.999990185 0.004192363 -0.376987464 0.075783498 -0.004071721 0.997115983 135.062940265
0.997143302 0.001952279 -0.075507771 -5.292828750 -0.001705821 0.999993006 0.003328370 -0.378417827 0.075513743 -0.003190058 0.997139658 135.948672148
0.997167944 0.001297649 -0.075195788 -5.351198417 -0.001122751 0.999996566 0.002368131 -0.378902829 0.075198605 -0.002276998 0.997165977 136.743901283
0.997197844 0.000551932 -0.074807455 -5.416838108 -0.000485958 0.999999477 0.000900117 -0.380779107 0.074807915 -0.000861241 0.997197590 137.611538478
0.997225762 -0.000068679 -0.074436376 -5.475717717 0.000036993 0.999999908 -0.000427054 -0.383228671 0.074436401 0.000423116 0.997225673 138.391681828
0.997266936 0.000379910 -0.073881759 -5.534535693 -0.000463382 0.999999274 -0.001112660 -0.384732964 0.073881286 0.001143854 0.997266387 139.165932845
0.997289708 0.001072724 -0.073566888 -5.599333418 -0.001138650 0.999998987 -0.000854200 -0.383307393 0.073565900 0.000935652 0.997289919 140.010563800
0.997314052 0.001589205 -0.073226748 -5.656084334 -0.001572735 0.999998723 0.000282576 -0.385537473 0.073227106 -0.000166650 0.997315278 140.773534936
0.997344950 0.002513261 -0.072778664 -5.712606025 -0.002456988 0.999996609 0.000862723 -0.389900488 0.072780588 -0.000681615 0.997347744 141.529421060
0.997406269 0.003093078 -0.071910826 -5.772344500 -0.003101260 0.999995191 -0.000002119 -0.391539398 0.071910476 0.000225128 0.997411065 142.347557150
0.997516962 0.003657873 -0.070331578 -5.824037048 -0.003727463 0.999992685 -0.000858232 -0.392760937 0.070327927 0.001118259 0.997523299 143.081596577
0.997614209 0.004538120 -0.068886109 -5.874857991 -0.004640781 0.999988347 -0.001330329 -0.394456605 0.068879272 0.001646840 0.997623643 143.804902249
0.997714876 0.005365362 -0.067351608 -5.929469987 -0.005416238 0.999985168 -0.000572783 -0.397791826 0.067347539 0.000936267 0.997729138 144.590380568
0.997798349 0.005935059 -0.066054751 -5.976673771 -0.005968362 0.999982142 -0.000306833 -0.401179048 0.066051753 0.000700396 0.997815953 145.292397259
0.997877350 0.005851717 -0.064857933 -6.021794566 -0.005882293 0.999982660 -0.000280474 -0.404059456 0.064855170 0.000661392 0.997894468 145.984807721
0.997970559 0.005756832 -0.063416258 -6.069051871 -0.005792383 0.999983153 -0.000376743 -0.405615143 0.063413023 0.000743310 0.997987092 146.735399418
0.998051760 0.006202751 -0.062082290 -6.111808684 -0.006267380 0.999980002 -0.000846321 -0.405591645 0.062075801 0.001233766 0.998070675 147.411494750
0.998117055 0.005796293 -0.061063471 -6.152689871 -0.005880634 0.999981987 -0.001201564 -0.407145212 0.061055408 0.001558394 0.998133162 148.084711030
0.998186746 0.005660169 -0.059926474 -6.199335788 -0.005724586 0.999983206 -0.000903301 -0.410747554 0.059920357 0.001244717 0.998202385 148.822672827
0.998200640 0.005461465 -0.059713108 -6.242656909 -0.005518586 0.999984459 -0.000791700 -0.415930547 0.059707858 0.001119807 0.998215266 149.491457176
0.998196300 0.004878008 -0.059836047 -6.285552197 -0.004944345 0.999987315 -0.000960619 -0.420628368 0.059830604 0.001254736 0.998207756 150.156665051
0.998149647 0.004383253 -0.060647086 -6.333446621 -0.004430326 0.999989980 -0.000641732 -0.425188629 0.060643667 0.000909231 0.998159065 150.886723623
0.998038734 0.004154766 -0.062461371 -6.381677261 -0.004169185 0.999991304 -0.000100505 -0.430327823 0.062460413 0.000360721 0.998047377 151.548672644
0.997874422 0.003757483 -0.065057813 -6.435179218 -0.003746587 0.999992940 0.000289493 -0.434870023 0.065058444 -0.000045133 0.997881454 152.272576942
0.997728101 0.003921794 -0.067255151 -6.487441668 -0.003893531 0.999992268 0.000551317 -0.439953461 0.067256796 -0.000288204 0.997735657 152.928448893
0.997580699 0.003611425 -0.069424106 -6.537704262 -0.003612362 0.999993469 0.000112046 -0.443891393 0.069424060 0.000139010 0.997587230 153.580426049
0.997422206 0.003686921 -0.071661354 -6.593420534 -0.003759218 0.999992552 -0.000874016 -0.445368909 0.071657601 0.001141154 0.997428637 154.293299688
0.997316442 0.003668386 -0.073119470 -6.644212626 -0.003822893 0.999990746 -0.001973230 -0.446725329 0.073111558 0.002247462 0.997321237 154.939092786
0.997204718 0.003319450 -0.074644034 -6.695952902 -0.003551783 0.999989252 -0.002980006 -0.451012194 0.074633342 0.003236795 0.997205790 155.586502703
0.997136344 0.002638531 -0.075578759 -6.753341431 -0.002950139 0.999987602 -0.004011608 -0.455882327 0.075567240 0.004223087 0.997131766 156.302138386
0.997099705 0.002713881 -0.076057952 -6.806243258 -0.003089179 0.999983626 -0.004817146 -0.460818640 0.076043636 0.005038132 0.997091762 156.956358568
0.997059182 0.002356266 -0.076599187 -6.857974467 -0.002695010 0.999987041 -0.004319217 -0.468338749 0.076588020 0.004512950 0.997052611 157.615948619
0.997024119 0.002236399 -0.077057795 -6.915865822 -0.002511050 0.999990835 -0.003467505 -0.476442105 0.077049337 0.003650682 0.997020598 158.344657726
0.996993250 0.002045767 -0.077461441 -6.968000118 -0.002346223 0.999990073 -0.003787971 -0.482603671 0.077452926 0.003958323 0.996988152 159.008496698
0.996943780 0.001853429 -0.078100342 -7.024738819 -0.002163179 0.999990127 -0.003881630 -0.486276069 0.078092379 0.004038712 0.996937947 159.741080429
0.996923894 0.001595761 -0.078359445 -7.076946340 -0.001923608 0.999989710 -0.004108580 -0.487158309 0.078352086 0.004246674 0.996916705 160.410621672
0.996888295 0.001386832 -0.078814998 -7.131302040 -0.001749133 0.999988219 -0.004527998 -0.491470048 0.078807793 0.004651766 0.996878976 161.086101976
0.996852000 0.000869152 -0.079280096 -7.188537349 -0.001228177 0.999989211 -0.004479915 -0.493716467 0.079275349 0.004563182 0.996842313 161.831874686
0.996829766 0.000731155 -0.079560558 -7.244086329 -0.001084340 0.999989749 -0.004396085 -0.497553223 0.079556531 0.004468419 0.996820341 162.515706968
0.996784995 0.001279970 -0.080112637 -7.300722427 -0.001636778 0.999989032 -0.004388317 -0.501514945 0.080106144 0.004505335 0.996776157 163.204399220
0.996745799 0.001413939 -0.080596610 -7.362655565 -0.001739458 0.999990611 -0.003968787 -0.505597377 0.080590244 0.004096066 0.996738900 163.967899105
0.996726118 0.001325219 -0.080841141 -7.420733514 -0.001669824 0.999989806 -0.004195276 -0.510318376 0.080834760 0.004316531 0.996718169 164.667146418
0.996692077 0.000923085 -0.081265318 -7.478449261 -0.001324547 0.999987184 -0.004886369 -0.513053525 0.081259769 0.004977845 0.996680526 165.369893434
0.996671596 0.001220355 -0.081512215 -7.544701710 -0.001618570 0.999987077 -0.004819432 -0.515217725 0.081505283 0.004935324 0.996660690 166.149438517
0.996640783 0.001961483 -0.081873697 -7.604539860 -0.002362141 0.999985704 -0.004797025 -0.514911359 0.081863121 0.004974308 0.996631168 166.859958761
0.996598317 0.001975491 -0.082388664 -7.670025910 -0.002348039 0.999987452 -0.004425191 -0.517158778 0.082378891 0.004603589 0.996590450 167.645951573
0.996569365 0.002016175 -0.082737147 -7.727248603 -0.002336863 0.999990128 -0.003779332 -0.520420762 0.082728714 0.003959712 0.996564238 168.362296239
0.996539008 0.002375414 -0.083092490 -7.786413538 -0.002696423 0.999989329 -0.003751259 -0.523362720 0.083082696 0.003962328 0.996534779 169.077987334
0.996500237 0.002747705 -0.083544764 -7.853644596 -0.003092750 0.999987214 -0.004000918 -0.528254163 0.083532706 0.004245298 0.996495993 169.865785307
0.996468045 0.002762633 -0.083927372 -7.914127670 -0.003168303 0.999983932 -0.004700777 -0.532337268 0.083913040 0.004950081 0.996460786 170.582512535
0.996411570 0.002958291 -0.084588605 -7.974710131 -0.003378450 0.999982656 -0.004824366 -0.535014043 0.084572869 0.005092832 0.996404282 171.300001906
0.996331599 0.003152394 -0.085518462 -8.040945228 -0.003580729 0.999981800 -0.004855748 -0.537409729 0.085501601 0.005144154 0.996324753 172.089780049
0.996185246 0.003418726 -0.087196719 -8.103177661 -0.003871626 0.999979878 -0.005025414 -0.541960122 0.087177787 0.005343836 0.996178436 172.807994307
0.996012590 0.003482779 -0.089144770 -8.166207755 -0.003972984 0.999977945 -0.005322131 -0.547180176 0.089124271 0.005655080 0.996004460 173.527060156
0.995823126 0.004420022 -0.091196303 -8.240867035 -0.004995376 0.999969029 -0.006081661 -0.552153386 0.091166601 0.006511818 0.995814364 174.320855223
0.995594601 0.005246877 -0.093615493 -8.310527748 -0.005878157 0.999961800 -0.006468839 -0.557845040 0.093577979 0.006990627 0.995587411 175.048373655
0.995378899 0.005486546 -0.095868368 -8.381304894 -0.006164188 0.999958059 -0.006773731 -0.563134531 0.095827187 0.007333379 0.995370972 175.779262743
0.995147630 0.005400873 -0.098244719 -8.459936129 -0.006090526 0.999958865 -0.006721188 -0.569671820 0.098204381 0.007286936 0.995139588 176.588330581
0.994921357 0.005153631 -0.100523299 -8.534571663 -0.005815073 0.999963322 -0.006288070 -0.575295600 0.100487209 0.006840685 0.994914834 177.329749943
0.994713781 0.005301185 -0.102549457 -8.610974394 -0.005941548 0.999964707 -0.005939970 -0.579304358 0.102514353 0.006517872 0.994710171 178.076174462
0.994480133 0.005437803 -0.104784040 -8.697443033 -0.006128904 0.999961532 -0.006274599 -0.581094915 0.104745893 0.006882175 0.994475205 178.904534521
0.994296888 0.004813418 -0.106538864 -8.778942103 -0.005564168 0.999961734 -0.006750592 -0.583982021 0.106502298 0.007304892 0.994285623 179.665841316
0.994134570 0.004782984 -0.108044342 -8.862736316 -0.005605293 0.999957583 -0.007308423 -0.587301237 0.108004807 0.007871175 0.994119211 180.435176494
0.993951132 0.004595051 -0.109727082 -8.959326320 -0.005510545 0.999952482 -0.008041587 -0.591531829 0.109684921 0.008597600 0.993929223 181.294050203
0.993817739 0.004463956 -0.110934101 -9.045986157 -0.005475474 0.999946154 -0.008815210 -0.594273156 0.110888781 0.009368128 0.993788668 182.084279483
0.993653961 0.004272921 -0.112399051 -9.147214914 -0.005376655 0.999940243 -0.009518480 -0.598276666 0.112351667 0.010062405 0.993617558 182.968482261
0.993504215 0.004248999 -0.113715962 -9.242041810 -0.005466281 0.999931030 -0.010394903 -0.602558386 0.113663955 0.010948983 0.993458920 183.784750626
0.993337993 0.003930315 -0.115170236 -9.339348913 -0.005192012 0.999929732 -0.010657118 -0.606354769 0.115120262 0.011184084 0.993288600 184.614773710
0.993164946 0.003004735 -0.116680595 -9.448310249 -0.004282881 0.999933527 -0.010705049 -0.611746623 0.116640677 0.011131608 0.993111796 185.541616799
0.993004705 0.003272909 -0.118029420 -9.553350840 -0.004636432 0.999925634 -0.011279667 -0.618529276 0.117983730 0.011747997 0.992946033 186.398925075
0.992836983 0.002919335 -0.119441210 -9.660281908 -0.004340153 0.999922867 -0.011637141 -0.624170883 0.119398029 0.012072176 0.992773073 187.269077357
0.992654860 0.003149393 -0.120939696 -9.781719111 -0.004588954 0.999921880 -0.011626460 -0.630030525 0.120893636 0.012096048 0.992591766 188.241449823
0.992478678 0.004158653 -0.122346963 -9.896247617 -0.005513365 0.999927165 -0.010736245 -0.636071900 0.122293408 0.011330037 0.992429319 189.139146922
0.992285733 0.004754501 -0.123880661 -10.013071347 -0.006053770 0.999930530 -0.010113749 -0.641446202 0.123823974 0.010785673 0.992245581 190.050233841
0.992077009 0.005063826 -0.125529141 -10.143362484 -0.006315931 0.999934177 -0.009578622 -0.647724241 0.125472378 0.010295563 0.992043691 191.066344490
0.991905993 0.005435305 -0.126858020 -10.263896092 -0.006760456 0.999926968 -0.010017722 -0.653771520 0.126794310 0.010794256 0.991870298 192.001935342
0.991707315 0.005311671 -0.128407114 -10.399468148 -0.006662848 0.999926843 -0.010095328 -0.660379191 0.128344102 0.010867167 0.991670155 193.046244771
0.991557250 0.005255249 -0.129563120 -10.525870674 -0.006655371 0.999924021 -0.010375873 -0.668928367 0.129498753 0.011150562 0.991516888 194.009212948
0.991456640 0.005163456 -0.130334448 -10.654623966 -0.006670322 0.999915838 -0.011127624 -0.679543189 0.130266027 0.011901928 0.991407639 194.985683266
0.991377076 0.004561576 -0.130960621 -10.796376607 -0.006066723 0.999920029 -0.011096446 -0.692298515 0.130899536 0.011795263 0.991325468 196.073880600
0.991275995 0.005515868 -0.131687041 -10.929955999 -0.006817864 0.999932216 -0.009438212 -0.701562208 0.131626059 0.010253697 0.991246409 197.074264122
0.991161944 0.005671753 -0.132536151 -11.064311577 -0.006686039 0.999951662 -0.007209110 -0.711048546 0.132488861 0.008031537 0.991151954 198.083258609
0.991039285 0.005719434 -0.133448207 -11.216954035 -0.006674453 0.999955211 -0.006710213 -0.722309376 0.133403856 0.007540778 0.991033071 199.200373638
0.990877761 0.005817859 -0.134638087 -11.358908255 -0.006801115 0.999953450 -0.006844163 -0.732368955 0.134592006 0.007697418 0.990871204 200.222905636
0.990763430 0.004904777 -0.135512982 -11.502126091 -0.006031167 0.999950585 -0.007902740 -0.741966551 0.135467529 0.008647047 0.990744053 201.251388848
0.990622485 0.004281544 -0.136560462 -11.662031052 -0.005416021 0.999953834 -0.007937033 -0.750477602 0.136520179 0.008602217 0.990599941 202.391877835
0.990525245 0.003955628 -0.137273783 -11.808236335 -0.004976045 0.999962477 -0.007091066 -0.757559788 0.137240587 0.007706960 0.990507761 203.435912878
0.990392467 0.003814191 -0.138232457 -11.956321448 -0.004768790 0.999967012 -0.006575211 -0.765512071 0.138202823 0.007171241 0.990377985 204.487526780
0.990295326 0.002101744 -0.138963122 -12.118318019 -0.003164909 0.999967387 -0.007430164 -0.772636176 0.138942979 0.007797862 0.990269682 205.648400328
0.990175532 0.001805995 -0.139818286 -12.268436515 -0.002930144 0.999965016 -0.007834635 -0.778450627 0.139799250 0.008167351 0.990146183 206.711049354
0.990042818 0.000765539 -0.140764455 -12.434155723 -0.001949977 0.999963847 -0.008276587 -0.785618308 0.140753035 0.008468663 0.990008518 207.887442791
0.989933412 -0.000702332 -0.141532137 -12.585756282 -0.000703094 0.999950946 -0.009879832 -0.796027206 0.141532139 0.009879885 0.989884358 208.963487731
0.989820122 -0.001895105 -0.142311400 -12.740111247 0.000302047 0.999937065 -0.011214940 -0.803842064 0.142323702 0.011057788 0.989758400 210.048197194
0.989684923 -0.002681381 -0.143236042 -12.912527946 0.001099890 0.999937575 -0.011119196 -0.812793454 0.143256920 0.010846956 0.989626091 211.251981609
0.989568032 -0.002259768 -0.144048611 -13.073057156 0.000790226 0.999947072 -0.010258110 -0.820047686 0.144064173 0.010037266 0.989517442 212.354550132
0.989460754 -0.001337892 -0.144795115 -13.236855589 -0.000227534 0.999941715 -0.010794216 -0.825788066 0.144801122 0.010713398 0.989402779 213.463872955
0.989348216 0.000427606 -0.145567592 -13.421405767 -0.002089329 0.999934390 -0.011262781 -0.832874988 0.145553230 0.011446950 0.989284198 214.694968794
0.989255764 0.003039729 -0.146163580 -13.592375873 -0.004594571 0.999936385 -0.010301260 -0.840469476 0.146122974 0.010862139 0.989206799 215.826192121
0.989228283 0.004816717 -0.146301751 -13.764380910 -0.006237129 0.999937751 -0.009251609 -0.847521512 0.146248086 0.010064455 0.989196747 216.967346200
0.989194428 0.006435442 -0.146468318 -13.954978569 -0.007895106 0.999924777 -0.009386574 -0.852407780 0.146396899 0.010441528 0.989170826 218.231822718
0.989179281 0.006954423 -0.146546871 -14.129731045 -0.008654165 0.999902441 -0.010964242 -0.857363557 0.146456329 0.012113840 0.989142962 219.390864267
0.989186023 0.006967205 -0.146500748 -14.304845506 -0.008771623 0.999893378 -0.011674367 -0.860728196 0.146403796 0.012833169 0.989141668 220.561034004
0.989175197 0.006386228 -0.146600290 -14.496411965 -0.007998949 0.999913780 -0.010413914 -0.863924190 0.146521150 0.011473833 0.989140993 221.863083797
0.989179491 0.005597562 -0.146603554 -14.671715002 -0.006950219 0.999937861 -0.008716015 -0.868553899 0.146545661 0.009640629 0.989156928 223.058057871
0.989179614 0.004062600 -0.146653281 -14.865724943 -0.005201132 0.999959235 -0.007380798 -0.872006999 0.146617323 0.008063697 0.989160421 224.382636015
0.989102560 0.002106044 -0.147213079 -15.043048394 -0.003249609 0.999966384 -0.007528021 -0.875524486 0.147192281 0.007924369 0.989076153 225.591428803
0.989042729 -0.000594637 -0.147628337 -15.219341186 -0.000559398 0.999969614 -0.007775522 -0.878810194 0.147628480 0.007772906 0.989012343 226.804878404
0.988958003 -0.001429985 -0.148189146 -15.417933126 0.000611832 0.999984320 -0.005566448 -0.882628028 0.148194788 0.005414316 0.988943371 228.146981807
0.988879778 -0.002050877 -0.148702988 -15.599945375 0.001573436 0.999993223 -0.003328275 -0.886294127 0.148708811 0.003057289 0.988876303 229.370171215
0.988809926 -0.001636391 -0.149171888 -15.785150128 0.000880666 0.999986443 -0.005132055 -0.891614165 0.149178270 0.004943256 0.988797962 230.592268845
0.988755685 -0.001203943 -0.149535094 -15.991214632 -0.000165899 0.999958144 -0.009147863 -0.897822811 0.149539854 0.009069809 0.988714100 231.938655279
0.988666244 0.000506454 -0.150129282 -16.183144948 -0.002240623 0.999932710 -0.011382249 -0.906309900 0.150113420 0.011589627 0.988600851 233.168536027
0.988623545 0.001714030 -0.150401289 -16.373961217 -0.003398672 0.999934330 -0.010944647 -0.916381833 0.150372659 0.011331300 0.988564447 234.404645161
0.988556199 0.003662569 -0.150808574 -16.585433022 -0.004991225 0.999951988 -0.008432632 -0.928193384 0.150770453 0.009088849 0.988527017 235.771822371
0.988493214 0.004643441 -0.151193930 -16.777863175 -0.005727504 0.999960915 -0.006735317 -0.937608078 0.151156751 0.007523779 0.988481173 237.018859295
0.988455211 0.004459050 -0.151447723 -16.988710908 -0.005513772 0.999963380 -0.006545027 -0.944304775 0.151412998 0.007304514 0.988443599 238.394105816
0.988407616 0.004639825 -0.151752614 -17.182062720 -0.005735803 0.999960530 -0.006785183 -0.949866003 0.151715148 0.007576950 0.988395217 239.649294651
0.988326126 0.004548388 -0.152285191 -17.376217840 -0.005758719 0.999955235 -0.007507668 -0.954206161 0.152244232 0.008296992 0.988308077 240.909632739
0.988271183 0.004564990 -0.152640852 -17.592410713 -0.005870449 0.999949939 -0.008102902 -0.959894757 0.152596226 0.008903934 0.988248507 242.303524477
0.988233900 0.004267461 -0.152890637 -17.789718573 -0.005755219 0.999940288 -0.009289615 -0.966103279 0.152841870 0.010060230 0.988199451 243.575949759
0.988180625 0.003236113 -0.153259845 -17.988215421 -0.005044680 0.999922141 -0.011413250 -0.977223398 0.153210984 0.012051499 0.988120011 244.854373821
0.988092518 0.001691254 -0.153851601 -18.207372671 -0.003688550 0.999912581 -0.012697447 -0.990976214 0.153816682 0.013113741 0.988012378 246.268643078
0.988033284 0.000988999 -0.154237644 -18.408046577 -0.002917427 0.999920377 -0.012277122 -1.005348215 0.154213227 0.012580181 0.987957499 247.562028451
0.987982531 -0.000410737 -0.154565030 -18.629159032 -0.001294023 0.999939443 -0.010928633 -1.019831303 0.154560165 0.010997308 0.987922171 248.991916521
0.987929738 -0.000314069 -0.154902333 -18.834537540 -0.001187581 0.999953199 -0.009601541 -1.030702570 0.154898104 0.009669606 0.987883129 250.298902655
0.987897036 -0.001064746 -0.155107420 -19.040643423 -0.000323085 0.999960145 -0.008922065 -1.040192155 0.155110744 0.008864194 0.987857320 251.612100812
0.987825255 -0.001377090 -0.155561461 -19.269067198 0.000180571 0.999970296 -0.007705485 -1.048761560 0.155567458 0.007583582 0.987796161 253.064037752
0.987765986 -0.001231218 -0.155938579 -19.480188748 0.000226758 0.999979115 -0.006459011 -1.057064340 0.155943281 0.006344631 0.987745635 254.390787993
0.987790216 -0.001204729 -0.155785230 -19.692380152 0.000298364 0.999982895 -0.005841293 -1.065151251 0.155789608 0.005723491 0.987773679 255.722350022
0.987948197 -0.000451234 -0.154784223 -19.926182156 -0.000591681 0.999977435 -0.006691731 -1.075122685 0.154783756 0.006702666 0.987925637 257.190877085
0.988112816 0.000432688 -0.153729878 -20.140112098 -0.001609403 0.999970354 -0.007530065 -1.083629994 0.153722068 0.007687966 0.988084218 258.531871577
0.988290216 0.000519412 -0.152584989 -20.351183143 -0.001563812 0.999976166 -0.006724783 -1.090617315 0.152577864 0.006884651 0.988267473 259.880328232
0.988480831 0.001501404 -0.151338668 -20.580960569 -0.002540457 0.999974511 -0.006672626 -1.099882907 0.151324797 0.006980232 0.988459449 261.368006348
0.988658217 0.000743840 -0.150181146 -20.787186591 -0.002109301 0.999957875 -0.008933004 -1.108273375 0.150168180 0.009148464 0.988618139 262.727360751
0.988814584 0.000819663 -0.149147733 -20.995256811 -0.002190435 0.999956860 -0.009026662 -1.115689297 0.149133905 0.009252393 0.988773721 264.094542210
0.989001612 0.002003735 -0.147891160 -21.225042076 -0.002853237 0.999980627 -0.005532173 -1.123231117 0.147877215 0.005893297 0.988988169 265.608946667
0.989190395 0.001801987 -0.146625767 -21.431545516 -0.002558353 0.999984377 -0.004970063 -1.128938970 0.146614525 0.005291459 0.989179550 266.989999927
0.989326273 0.001755334 -0.145706702 -21.637574569 -0.002657296 0.999978494 -0.005995855 -1.133128218 0.145693049 0.006319043 0.989309661 268.376365596
0.989397581 0.001221638 -0.145227183 -21.863740263 -0.002268783 0.999972610 -0.007044986 -1.138016395 0.145214604 0.007299780 0.989373253 269.910219669
0.989443786 0.000066078 -0.144917183 -22.068631503 -0.000957993 0.999981028 -0.006084881 -1.141767743 0.144914037 0.006159477 0.989425077 271.312431471
0.989446487 -0.000527758 -0.144897791 -22.284919237 -0.000362450 0.999981224 -0.006117228 -1.144939052 0.144898304 0.006105188 0.989427718 272.793185802
0.989448832 -0.001121596 -0.144878399 -22.501207250 0.000233094 0.999981064 -0.006149573 -1.148110105 0.144882559 0.006050917 0.989430357 274.273940309
0.989439574 -0.001765725 -0.144935197 -22.708619751 0.000848467 0.999979222 -0.006390316 -1.151297223 0.144943474 0.006199858 0.989420513 275.694142564
0.989429117 -0.002256731 -0.144999755 -22.938315450 0.001296710 0.999976613 -0.006715015 -1.155441084 0.145011524 0.006456009 0.989408904 277.262778320
0.989431618 -0.002892677 -0.144971392 -23.148900930 0.001945888 0.999975847 -0.006672243 -1.159355567 0.144987197 0.006319629 0.989413349 278.695824895
0.989419632 -0.003347154 -0.145043400 -23.357770740 0.002418561 0.999975440 -0.006578035 -1.166102924 0.145061861 0.006157640 0.989403427 280.134865049
0.989398153 -0.003611002 -0.145183519 -23.589340988 0.002734132 0.999976801 -0.006238817 -1.172834055 0.145202685 0.005775722 0.989385073 281.724510671
0.989404747 -0.003094797 -0.145150504 -23.803910452 0.002343358 0.999982955 -0.005347658 -1.178784893 0.145164585 0.004950859 0.989395135 283.176727064
0.989412163 -0.002768195 -0.145106538 -24.019186960 0.001925947 0.999980477 -0.005944501 -1.188159364 0.145120166 0.005602094 0.989398178 284.633369787
0.989417693 -0.003843053 -0.145044334 -24.255123777 0.002667620 0.999962016 -0.008297581 -1.197664079 0.145070718 0.007822849 0.989390363 286.240787462
0.989404802 -0.004878468 -0.145101130 -24.469488680 0.003473463 0.999944617 -0.009934709 -1.210601449 0.145141565 0.009325445 0.989366951 287.707695260
0.989378753 -0.006613495 -0.145210000 -24.683560729 0.005432269 0.999948867 -0.008529616 -1.222918544 0.145258991 0.007650201 0.989364089 289.183372611
0.989344338 -0.007973398 -0.145376081 -24.919093703 0.007019838 0.999950360 -0.007071081 -1.237569679 0.145425250 0.005975217 0.989351199 290.810114753
0.989313352 -0.009005402 -0.145526609 -25.134463962 0.008095151 0.999943800 -0.006845873 -1.248494090 0.145580086 0.005594653 0.989330652 292.292794372
0.989266965 -0.009619117 -0.145802416 -25.351387980 0.008816296 0.999942215 -0.006151421 -1.257916795 0.145853167 0.004799960 0.989294605 293.779216915
0.989219831 -0.009920160 -0.146101728 -25.591850822 0.009223346 0.999942634 -0.005446042 -1.272260687 0.146147378 0.004039786 0.989254580 295.419885550
0.989137411 -0.010306264 -0.146632063 -25.811629941 0.009544781 0.999937066 -0.005895829 -1.284361081 0.146683604 0.004432214 0.989173532 296.913151666
0.989059327 -0.011957931 -0.147032834 -26.030595137 0.011023919 0.999913559 -0.007165670 -1.298214458 0.147105817 0.005466394 0.989105656 298.408520386
0.988953695 -0.014309981 -0.147532410 -26.270898127 0.013590161 0.999890325 -0.005885985 -1.310109189 0.147600463 0.003815977 0.989039707 300.057221855
0.988844952 -0.015339212 -0.148156569 -26.488606890 0.015470532 0.999880289 -0.000266068 -1.318130406 0.148142919 -0.002028960 0.988963882 301.559193003
0.988736385 -0.013861059 -0.149024263 -26.732864558 0.014436171 0.999891934 0.002778106 -1.321760503 0.148969657 -0.004898153 0.988829637 303.208050411
0.988730209 -0.013013066 -0.149141657 -26.956666647 0.012719353 0.999914833 -0.002923064 -1.324770237 0.149166999 0.000993137 0.988811519 304.698941102
0.988762955 -0.008390719 -0.149256203 -27.185872106 0.007779252 0.999958789 -0.004680128 -1.331893665 0.149289327 0.003466435 0.988787480 306.192788057
0.988723826 -0.005642764 -0.149644093 -27.435110498 0.005277338 0.999982045 -0.002838965 -1.343015469 0.149657431 0.002017230 0.988735852 307.839600329
0.988684110 -0.004566444 -0.149942917 -27.660584400 0.004632146 0.999989268 0.000088923 -1.348303573 0.149940907 -0.000782473 0.988694651 309.339040762
