1.000000000 0.000000000 -0.000000000 0.000000000 0.000000000 1.000000000 -0.000000000 0.000000000 -0.000000000 0.000000000 1.000000000 -0.000000000
0.999999102 -0.000799718 0.001075373 0.011627687 0.000800135 0.999999605 -0.000386803 0.026565129 -0.001075063 0.000387663 0.999999347 1.220786535
0.999996045 -0.001926180 0.002049223 0.026119056 0.001924584 0.999997843 0.000780803 0.052531754 -0.002050723 -0.000776856 0.999997596 2.338557832
0.999991595 -0.003027439 0.002764828 0.041643618 0.003021308 0.999992973 0.002219285 0.080854892 -0.002771527 -0.002210912 0.999993715 3.466454718
0.999985862 -0.004213391 0.003243802 0.058346441 0.004203602 0.999986608 0.003018843 0.103273185 -0.003256479 -0.003005165 0.999990182 4.719090036
0.999982472 -0.004690284 0.003613329 0.073514909 0.004681916 0.999986346 0.002321033 0.127157068 -0.003624166 -0.002304075 0.999990778 5.865968770
0.999984270 -0.003774344 0.004148957 0.088824604 0.003767299 0.999991451 0.001704604 0.149460056 -0.004155355 -0.001688946 0.999989940 7.138709945
0.999985258 -0.002296837 0.004920196 0.112889761 0.002297618 0.999997349 -0.000152965 0.176717396 -0.004919832 0.000164267 0.999987884 8.304971308
0.999985394 -0.000495780 0.005382025 0.139780731 0.000506030 0.999998061 -0.001903306 0.196374631 -0.005381071 0.001906002 0.999983705 9.484381568
0.999987739 0.000286953 0.004943549 0.165670322 -0.000276051 0.999997529 -0.002205938 0.212727061 -0.004944170 0.002204546 0.999985347 10.675132396
0.999989460 0.001361928 0.004384705 0.194311052 -0.001349392 0.999994998 -0.002860718 0.229080535 -0.004388579 0.002854771 0.999986295 11.996758928
0.999988914 0.002409645 0.004045474 0.215683653 -0.002393311 0.999988985 -0.004037554 0.242765111 -0.004055159 0.004027827 0.999983666 13.205896952
0.999990682 0.002625183 0.003426892 0.240423789 -0.002610327 0.999987207 -0.004332604 0.259583966 -0.003438222 0.004323618 0.999984742 14.548268412
0.999990400 0.003134593 0.003061863 0.260085744 -0.003122739 0.999987640 -0.003868896 0.270000025 -0.003073952 0.003859297 0.999987828 15.781652083
0.999993352 0.002399855 0.002745415 0.279776400 -0.002390264 0.999991049 -0.003491334 0.271391797 -0.002753769 0.003484748 0.999990137 17.033365691
0.999996382 0.001603916 0.002159363 0.298356647 -0.001596119 0.999992218 -0.003607907 0.271467583 -0.002165133 0.003604447 0.999991160 18.421998818
0.999997826 0.000029551 0.002085148 0.329415084 -0.000022077 0.999993575 -0.003584526 0.287380105 -0.002085240 0.003584472 0.999991402 19.705130445
0.999996879 -0.001826750 0.001704350 0.347052492 0.001832346 0.999992918 -0.003287422 0.299857095 -0.001698333 0.003290534 0.999993144 20.993418503
0.999992456 -0.003714555 0.001136078 0.366171617 0.003717319 0.999990114 -0.002439981 0.314482176 -0.001127003 0.002444186 0.999996378 22.423951950
0.999985635 -0.005290984 0.000857944 0.382234554 0.005292738 0.999983884 -0.002053879 0.323081650 -0.000847063 0.002058390 0.999997523 23.734800240
0.999981306 -0.006059623 0.000817079 0.396941278 0.006061015 0.999980167 -0.001711465 0.326649776 -0.000806692 0.001716385 0.999998202 25.057052336
0.999976247 -0.006818413 0.001007470 0.412847047 0.006820001 0.999975495 -0.001580266 0.336006658 -0.000996670 0.001587099 0.999998244 26.522348619
0.999972904 -0.007321920 0.000761655 0.412015421 0.007323586 0.999970748 -0.002206300 0.348498733 -0.000745479 0.002211818 0.999997276 27.857000839
0.999973746 -0.007222844 0.000581712 0.408725535 0.007224340 0.999970495 -0.002611300 0.361243245 -0.000562834 0.002615433 0.999996421 29.202218801
0.999972880 -0.007347037 0.000509283 0.411592377 0.007348354 0.999969537 -0.002631777 0.371998597 -0.000489932 0.002635448 0.999996407 30.699186719
0.999970766 -0.007627187 0.000540932 0.412700051 0.007628486 0.999967924 -0.002440647 0.385426937 -0.000522299 0.002444702 0.999996875 32.064010930
0.999973885 -0.007186747 0.000761988 0.419305621 0.007188498 0.999971473 -0.002319234 0.397306304 -0.000745299 0.002324651 0.999997020 33.580145076
0.999968938 -0.007827792 0.000921154 0.403653871 0.007829641 0.999967309 -0.002019199 0.396080722 -0.000905318 0.002026349 0.999997537 34.956072766
0.999965918 -0.008141764 0.001369392 0.398418954 0.008143826 0.999965704 -0.001506334 0.398353767 -0.001357081 0.001517434 0.999997928 36.353172323
0.999955977 -0.009239631 0.001635290 0.393303004 0.009241113 0.999956895 -0.000899940 0.401007621 -0.001626905 0.000915012 0.999998258 37.902407992
0.999945091 -0.010268923 0.002089035 0.395440374 0.010270829 0.999946846 -0.000902842 0.406451472 -0.002079653 0.000924249 0.999997410 39.325519017
0.999933298 -0.011313004 0.002327003 0.399444163 0.011316262 0.999935002 -0.001391041 0.412719808 -0.002311115 0.001417281 0.999996325 40.759269414
0.999919481 -0.012470253 0.002350462 0.403168021 0.012473998 0.999920941 -0.001584436 0.415409283 -0.002330518 0.001613628 0.999995982 42.350643605
0.999923092 -0.012236909 0.002017042 0.407993633 0.012239432 0.999924323 -0.001242725 0.417772527 -0.002001682 0.001267316 0.999997194 43.806501164
0.999924761 -0.012120879 0.001885785 0.410581235 0.012121999 0.999926356 -0.000582540 0.418557752 -0.001878586 0.000605355 0.999998052 45.267241965
0.999935181 -0.011233900 0.001853142 0.423274322 0.011232189 0.999936482 0.000932204 0.425877499 -0.001863497 -0.000911328 0.999997848 46.883746540
0.999948537 -0.009989974 0.001767607 0.440306592 0.009986906 0.999948621 0.001737216 0.444837525 -0.001784871 -0.001719473 0.999996929 48.355028809
0.999953574 -0.009514318 0.001525586 0.453689044 0.009511248 0.999952751 0.002008044 0.464164336 -0.001544619 -0.001993441 0.999996820 49.978188474
0.999966363 -0.008101433 0.001280296 0.455438680 0.008099912 0.999966488 0.001189367 0.482972629 -0.001289889 -0.001178957 0.999998473 51.456040566
0.999977715 -0.006605155 0.000969957 0.451135266 0.006606327 0.999977447 -0.001209173 0.494180779 -0.000961949 0.001215553 0.999998799 52.942170673
0.999985807 -0.005285953 0.000667116 0.432555648 0.005287540 0.999983142 -0.002399691 0.499099328 -0.000654420 0.002403184 0.999996898 54.575043645
0.999992399 -0.003846313 0.000637876 0.432811442 0.003847300 0.999991392 -0.001553715 0.494515140 -0.000631894 0.001556157 0.999998590 56.076584498
0.999992852 -0.003679896 0.000868444 0.441469307 0.003680705 0.999992792 -0.000931589 0.488353805 -0.000865010 0.000934778 0.999999189 57.588472832
0.999994434 -0.003090876 0.001256556 0.451602845 0.003092945 0.999993859 -0.001647992 0.481003456 -0.001251454 0.001651869 0.999997853 59.258712530
0.999995403 -0.002346162 0.001920729 0.461606095 0.002350248 0.999994975 -0.002127387 0.477446170 -0.001915728 0.002131891 0.999995893 60.787453858
0.999995362 -0.001480739 0.002661622 0.474872762 0.001486047 0.999996909 -0.001993244 0.477885856 -0.002658662 0.001997190 0.999994471 62.476930906
0.999994313 -0.000703852 0.003298320 0.487825461 0.000710711 0.999997587 -0.002078891 0.478101237 -0.003296849 0.002081223 0.999992400 64.020956621
0.999992500 -0.000231794 0.003865983 0.501745129 0.000241995 0.999996490 -0.002638353 0.476939647 -0.003865358 0.002639269 0.999989047 65.569190066
0.999990322 0.000046540 0.004399293 0.516663082 -0.000032672 0.999995031 -0.003152191 0.476128667 -0.004399418 0.003152016 0.999985355 67.126628499
0.999987008 -0.000365510 0.005084254 0.535290934 0.000379423 0.999996186 -0.002735748 0.475014882 -0.005083235 0.002737641 0.999983333 68.848037179
0.999985218 -0.000284906 0.005429877 0.552386115 0.000298497 0.999996825 -0.002502359 0.474328181 -0.005429147 0.002503942 0.999982127 70.421047613
0.999985187 -0.000810559 0.005382191 0.569888039 0.000823581 0.999996738 -0.002417694 0.474596758 -0.005380214 0.002422090 0.999982593 72.001417116
0.999986451 -0.002198132 0.004718695 0.589269791 0.002210621 0.999994064 -0.002643009 0.474620867 -0.004712858 0.002653404 0.999985374 73.746422094
0.999988377 -0.003042215 0.003740379 0.606036378 0.003053646 0.999990674 -0.003053884 0.474484074 -0.003731054 0.003065270 0.999988342 75.340487742
0.999989039 -0.003937385 0.002533631 0.622505524 0.003943648 0.999989170 -0.002471434 0.475123336 -0.002523873 0.002481399 0.999993736 77.102169653
0.999985522 -0.005156584 0.001538008 0.635827490 0.005159533 0.999984848 -0.001918959 0.476158970 -0.001528089 0.001926866 0.999996976 78.710539837
0.999977172 -0.006756125 0.000104717 0.641140484 0.006756192 0.999976971 -0.000640785 0.474004798 -0.000100386 0.000641478 0.999999789 80.491421147
0.999961774 -0.008657602 -0.001223340 0.646896708 0.008656672 0.999962238 -0.000764519 0.469430185 0.001229913 0.000753900 0.999998959 82.117185126
0.999941365 -0.010486994 -0.002699912 0.661682862 0.010485494 0.999944863 -0.000569770 0.460503221 0.002705739 0.000541427 0.999996193 83.749800784
0.999917695 -0.012152794 -0.004112571 0.671384634 0.012152507 0.999926151 -0.000095239 0.456778903 0.004113424 0.000045253 0.999991539 85.386596171
0.999897713 -0.013200688 -0.005504969 0.692754208 0.013201370 0.999912854 0.000087218 0.452334746 0.005503338 -0.000159882 0.999984844 87.196089339
0.999874882 -0.014236230 -0.006895694 0.705772402 0.014237127 0.999898644 0.000080608 0.451396673 0.006893848 -0.000178773 0.999976221 88.847555833
0.999852159 -0.015150042 -0.008132409 0.711233551 0.015148606 0.999885225 -0.000238433 0.448993146 0.008135088 0.000115203 0.999966903 90.503729800
0.999825198 -0.016291510 -0.009173894 0.715580585 0.016288004 0.999867237 -0.000456963 0.441288979 0.009180121 0.000307459 0.999957815 92.333128522
0.999815442 -0.016622792 -0.009631467 0.719825880 0.016613887 0.999861476 -0.001004083 0.443055301 0.009646824 0.000843882 0.999953112 94.168616303
0.999825012 -0.016167603 -0.009410258 0.722443317 0.016147931 0.999867274 -0.002163007 0.448815532 0.009443980 0.002010672 0.999953383 95.673114956
0.999844657 -0.015318935 -0.008717354 0.716147888 0.015293956 0.999878762 -0.002925115 0.448767510 0.008761107 0.002791338 0.999957725 97.513862737
0.999857409 -0.014939944 -0.007871436 0.722036693 0.014921882 0.999885904 -0.002348642 0.455932841 0.007905627 0.002230850 0.999966262 99.195315473
0.999867707 -0.014805360 -0.006735646 0.736081228 0.014787920 0.999887189 -0.002632027 0.468314497 0.006773854 0.002532073 0.999973851 101.057798655
0.999862953 -0.015649440 -0.005400995 0.756979499 0.015625457 0.999867991 -0.004454900 0.482449202 0.005469999 0.004369896 0.999975491 102.754393783
0.999873880 -0.015348762 -0.004079168 0.781061149 0.015329460 0.999871345 -0.004722333 0.487448741 0.004151125 0.004659206 0.999980530 104.456210344
0.999868856 -0.015964213 -0.002722999 0.799286955 0.015950313 0.999860017 -0.005053173 0.495307844 0.002803288 0.005009077 0.999983525 106.333671728
0.999849154 -0.017289055 -0.001660350 0.825469048 0.017282580 0.999843273 -0.003839548 0.514108636 0.001726472 0.003810273 0.999991251 108.052494329
0.999836407 -0.018075742 -0.000653568 0.851254454 0.018074854 0.999835735 -0.001342980 0.530060239 0.000677736 0.001330947 0.999998885 109.778010038
0.999808320 -0.019571469 0.000529158 0.884793992 0.019572082 0.999807759 -0.001174374 0.552202398 -0.000506072 0.001184506 0.999999170 111.677773802
0.999771239 -0.021360552 0.001093369 0.908607061 0.021362174 0.999770692 -0.001490218 0.564592336 -0.001061286 0.001513234 0.999998292 113.422918237
0.999720380 -0.023607541 0.001358885 0.937184325 0.023609479 0.999720241 -0.001425537 0.577791466 -0.001324851 0.001457220 0.999998061 115.350502815
0.999679367 -0.025290544 0.001245283 0.954058238 0.025293378 0.999677400 -0.002311232 0.587755148 -0.001186429 0.002341988 0.999996554 117.101233532
0.999643738 -0.026672713 0.000981431 0.971106446 0.026674407 0.999642641 -0.001751006 0.599568691 -0.000934376 0.001776561 0.999997985 118.859448760
0.999625673 -0.027350122 0.000696690 0.988864833 0.027350274 0.999625891 -0.000203642 0.611654805 -0.000690860 0.000222620 0.999999737 120.624844131
0.999626769 -0.027312183 0.000605814 1.010977454 0.027311271 0.999625894 0.001471833 0.629783586 -0.000645787 -0.001454738 0.999998733 122.572659692
0.999634213 -0.027038707 0.000590784 1.035809717 0.027037581 0.999632720 0.001842421 0.650190032 -0.000640384 -0.001825774 0.999998128 124.346984010
0.999656399 -0.026191319 0.001048035 1.064441415 0.026189592 0.999655661 0.001632635 0.673644273 -0.001090435 -0.001604626 0.999998118 126.305401890
0.999667974 -0.025699569 0.001863623 1.088156235 0.025695639 0.999667597 0.002104797 0.693189054 -0.001917096 -0.002056210 0.999996048 128.092447519
0.999671426 -0.025459858 0.002972586 1.114462550 0.025453292 0.999673532 0.002227158 0.712360563 -0.003028319 -0.002150764 0.999993102 129.883191325
0.999686144 -0.024698614 0.004194215 1.145117774 0.024689095 0.999692515 0.002307302 0.734345021 -0.004249913 -0.002203026 0.999988542 131.859332167
0.999715746 -0.023293913 0.005081430 1.165130365 0.023283148 0.999726560 0.002168270 0.752363085 -0.005130548 -0.002049341 0.999984739 133.663356653
0.999732023 -0.022342374 0.006058008 1.189153690 0.022330037 0.999748454 0.002096989 0.777393611 -0.006103336 -0.001961151 0.999979451 135.477353062
0.999750149 -0.021270003 0.006872170 1.218734840 0.021259755 0.999772767 0.001561308 0.806482544 -0.006903817 -0.001414817 0.999975167 137.486534262
0.999752623 -0.020970461 0.007411622 1.246506282 0.020961491 0.999779456 0.001286356 0.847787471 -0.007436964 -0.001130679 0.999971706 139.324433104
0.999759841 -0.020505044 0.007733265 1.274322005 0.020498303 0.999789436 0.000950369 0.876467219 -0.007751124 -0.000791622 0.999969646 141.165945609
0.999753244 -0.020801667 0.007793640 1.294338471 0.020797040 0.999783491 0.000674759 0.898955302 -0.007805989 -0.000512508 0.999969401 143.195577716
0.999763673 -0.020353168 0.007638428 1.306481521 0.020352853 0.999792852 0.000119376 0.907200730 -0.007639275 0.000036116 0.999970820 145.043760191
0.999757897 -0.020645344 0.007610348 1.321878304 0.020650335 0.999786592 -0.000577360 0.918366711 -0.007596805 0.000734376 0.999970874 146.899313650
0.999758237 -0.020626273 0.007617307 1.351951873 0.020632250 0.999786883 -0.000706536 0.943584917 -0.007601110 0.000863527 0.999970738 148.947134010
0.999784900 -0.019312844 0.007560938 1.380156486 0.019319497 0.999813035 -0.000807458 0.961974977 -0.007543931 0.000953358 0.999971090 150.815356768
0.999806034 -0.018186997 0.007558300 1.410590842 0.018197372 0.999833562 -0.001305792 0.983556915 -0.007533294 0.001443080 0.999970583 152.876935335
0.999839567 -0.016228526 0.007581240 1.432441177 0.016238715 0.999867319 -0.001283998 0.997885816 -0.007559397 0.001406901 0.999970438 154.757362917
0.999866325 -0.014282616 0.007958521 1.457468326 0.014291983 0.999897236 -0.001121073 1.018123482 -0.007941691 0.001234666 0.999967702 156.645845727
0.999872244 -0.013770473 0.008115966 1.490229969 0.013773574 0.999905087 -0.000326038 1.037844553 -0.008110706 0.000437782 0.999967012 158.730134599
0.999880653 -0.013260968 0.007926324 1.517662018 0.013263719 0.999911990 -0.000294432 1.050865196 -0.007921722 0.000399529 0.999968543 160.622698876
0.999872496 -0.014142502 0.007414967 1.557969350 0.014142978 0.999899983 -0.000011529 1.072342837 -0.007414063 0.000116397 0.999972509 162.523769607
0.999869241 -0.014869365 0.006356278 1.602413763 0.014864777 0.999889218 0.000768860 1.100519256 -0.006367007 -0.000674275 0.999979503 164.621848887
0.999873487 -0.015037210 0.005185707 1.635787345 0.015034987 0.999886859 0.000467861 1.128986546 -0.005192156 -0.000389835 0.999986445 166.549703408
0.999886643 -0.014455011 0.004213450 1.656260992 0.014459407 0.999894943 -0.001014360 1.153065377 -0.004198344 0.001075169 0.999990609 168.480081435
0.999898124 -0.013886173 0.003303825 1.673694941 0.013894669 0.999900182 -0.002562003 1.178743955 -0.003267919 0.002607647 0.999991260 170.605082031
0.999907664 -0.013384562 0.002348856 1.680946078 0.013388755 0.999908786 -0.001778089 1.198271803 -0.002324843 0.001809373 0.999995661 172.536917018
0.999899468 -0.014107708 0.001423466 1.690397305 0.014109496 0.999899671 -0.001252754 1.218562620 -0.001405650 0.001272712 0.999998202 174.476013505
0.999888610 -0.014923713 0.000225387 1.703450988 0.014923983 0.999887865 -0.001237504 1.234818827 -0.000206893 0.001240730 0.999999209 176.621266335
0.999888506 -0.014915348 -0.000712248 1.715390292 0.014914744 0.999888408 -0.000849423 1.259336437 0.000724838 0.000838705 0.999999386 178.580075479
0.999889827 -0.014736338 -0.001781807 1.726893103 0.014735664 0.999891347 -0.000392257 1.282305388 0.001787394 0.000365958 0.999998336 180.546908080
0.999898880 -0.013929875 -0.002861538 1.726168986 0.013928217 0.999902818 -0.000599597 1.298827479 0.002869613 0.000559680 0.999995726 182.706258474
0.999914701 -0.012514912 -0.003737264 1.731551129 0.012511662 0.999921328 -0.000892089 1.320164464 0.003748135 0.000845253 0.999992618 184.679576678
0.999920757 -0.011664347 -0.004735210 1.743503781 0.011660355 0.999931637 -0.000870155 1.337481481 0.004745036 0.000814872 0.999988410 186.865510462
0.999927540 -0.010663618 -0.005585780 1.748054906 0.010662438 0.999943126 -0.000241255 1.345284872 0.005588036 0.000181680 0.999984370 188.857316771
0.999916865 -0.011245917 -0.006308094 1.750820446 0.011247136 0.999936737 0.000157584 1.351511269 0.006305923 -0.000228518 0.999980091 190.853131235
0.999907326 -0.011605056 -0.007117693 1.758537396 0.011613306 0.999931938 0.001118674 1.360995372 0.007104226 -0.001201230 0.999974043 193.059984324
0.999893101 -0.012527501 -0.007539794 1.764300118 0.012538700 0.999920351 0.001439540 1.374359528 0.007521160 -0.001533926 0.999970539 195.067948173
0.999891289 -0.012486323 -0.007842286 1.781500016 0.012491327 0.999921807 0.000589128 1.393538250 0.007834317 -0.000687024 0.999969075 197.084090159
0.999895805 -0.012147864 -0.007797952 1.792932642 0.012137931 0.999925461 -0.001320092 1.407080741 0.007813407 0.001225304 0.999968724 199.297767491
0.999905115 -0.011695445 -0.007278623 1.807959067 0.011679960 0.999929440 -0.002166595 1.417529809 0.007303449 0.002081375 0.999971163 201.316178168
0.999921111 -0.010743917 -0.006506867 1.815666635 0.010735150 0.999941423 -0.001380987 1.425279974 0.006521324 0.001311026 0.999977877 203.335994114
0.999938277 -0.009701511 -0.005414983 1.827053273 0.009702736 0.999952907 0.000199730 1.434217378 0.005412790 -0.000252257 0.999985319 205.561393796
0.999947282 -0.009407329 -0.004115265 1.836097277 0.009409129 0.999955646 0.000417923 1.441851434 0.004111151 -0.000456622 0.999991445 207.584298460
0.999947281 -0.009813963 -0.003020217 1.846959664 0.009811538 0.999951532 -0.000817178 1.449163488 0.003028091 0.000787502 0.999995105 209.607702067
0.999942033 -0.010591027 -0.001939066 1.863135912 0.010585110 0.999939363 -0.003037478 1.455067748 0.001971119 0.003016776 0.999993507 211.836341374
0.999937381 -0.011147711 -0.000980989 1.877243984 0.011143964 0.999930882 -0.003747488 1.457291661 0.001022697 0.003736321 0.999992497 213.865808712
0.999932168 -0.011647268 0.000018582 1.896038923 0.011647278 0.999928480 -0.002715958 1.459017002 0.000013053 0.002715990 0.999996312 215.900454182
0.999925690 -0.012143219 0.001075003 1.914764419 0.012144744 0.999925239 -0.001421625 1.462342689 -0.001057659 0.001434575 0.999998412 218.140889641
0.999916488 -0.012788085 0.001865807 1.935195553 0.012792548 0.999915294 -0.002399019 1.464967893 -0.001834970 0.002422686 0.999995382 220.178510798
0.999915842 -0.012717513 0.002563861 1.955618184 0.012727118 0.999911919 -0.003764927 1.466346283 -0.002515755 0.003797241 0.999989626 222.422409339
0.999910502 -0.013022116 0.003068011 1.996934025 0.013033038 0.999908706 -0.003566374 1.429686632 -0.003021289 0.003606040 0.999988934 224.447929988
0.999901809 -0.013584610 0.003439654 2.038056169 0.013592798 0.999904810 -0.002367784 1.379986130 -0.003407162 0.002414306 0.999991281 226.463732853
0.999892713 -0.014189529 0.003635904 2.081762265 0.014195273 0.999898028 -0.001558392 1.302980672 -0.003613421 0.001609837 0.999992176 228.684186544
0.999872893 -0.015441878 0.003968264 2.114380142 0.015447162 0.999879836 -0.001303622 1.240328271 -0.003947656 0.001364755 0.999991277 230.714566786
0.999849455 -0.016848876 0.004145284 2.152654599 0.016853104 0.999857490 -0.000986451 1.170162408 -0.004128073 0.001056164 0.999990922 232.948877031
0.999831907 -0.017839866 0.004230567 2.184346485 0.017843082 0.999840538 -0.000722951 1.126911906 -0.004216995 0.000798315 0.999990790 234.987420670
0.999831755 -0.017807295 0.004400307 2.206551892 0.017811829 0.999840864 -0.000992796 1.087951950 -0.004381928 0.001071006 0.999989826 237.021759725
0.999841758 -0.017198794 0.004545285 2.225479125 0.017201228 0.999851925 -0.000496511 1.040425368 -0.004536073 0.000574617 0.999989547 239.055326444
0.999855173 -0.016297098 0.004902701 2.246453634 0.016295790 0.999867168 0.000307299 1.008194960 -0.004907058 -0.000227361 0.999987934 241.304091301
0.999864720 -0.015556708 0.005341303 2.264272304 0.015553912 0.999878871 0.000565051 0.968642106 -0.005349446 -0.000481896 0.999985575 243.343254214
0.999876406 -0.014646158 0.005715181 2.285014252 0.014647399 0.999892706 -0.000174882 0.947176224 -0.005712006 0.000258573 0.999983653 245.385500015
0.999878065 -0.014261876 0.006360351 2.310913576 0.014268609 0.999897684 -0.001014268 0.929379729 -0.006345236 0.001104898 0.999979258 247.633010286
0.999879187 -0.013883970 0.006989082 2.335606725 0.013890526 0.999903126 -0.000890044 0.918806562 -0.006976047 0.000987019 0.999975180 249.682715998
0.999878341 -0.013620776 0.007601195 2.359112786 0.013629225 0.999906555 -0.001060603 0.906698535 -0.007586039 0.001164072 0.999970548 251.735594022
0.999871614 -0.013663265 0.008370765 2.384466403 0.013671105 0.999906159 -0.000879808 0.892021117 -0.008357959 0.000994132 0.999964577 253.996248723
0.999855057 -0.014405971 0.009073702 2.413084561 0.014404576 0.999896225 0.000219230 0.888165012 -0.009075919 -0.000088496 0.999958809 256.059308004
0.999821614 -0.016173505 0.009754927 2.451278909 0.016158041 0.999868069 0.001662152 0.897052026 -0.009780524 -0.001504235 0.999951038 258.334794523
0.999789270 -0.017764259 0.010288169 2.488558775 0.017755164 0.999841889 0.000974982 0.906043905 -0.010303863 -0.000792108 0.999946600 260.405870802
0.999773652 -0.018365537 0.010740185 2.526516893 0.018385088 0.999829493 -0.001724224 0.920832947 -0.010706688 0.001921292 0.999940836 262.480672233
0.999746437 -0.019593633 0.011097336 2.568349944 0.019616576 0.999805651 -0.001962076 0.930456472 -0.011056736 0.002179270 0.999936498 264.767659551
0.999747084 -0.019624564 0.010983824 2.607565651 0.019625004 0.999807409 0.000067967 0.948334784 -0.010983043 0.000147608 0.999939674 266.852308405
0.999759785 -0.019018176 0.010894093 2.649688717 0.018999256 0.999817809 0.001837822 0.968600197 -0.010927061 -0.001630401 0.999938969 268.943701955
0.999778299 -0.018331946 0.010358226 2.696299945 0.018337129 0.999831779 -0.000405314 0.992990981 -0.010349054 0.000595165 0.999946270 271.247370358
0.999816541 -0.016341036 0.009992712 2.733493848 0.016359596 0.999864592 -0.001778166 1.009294597 -0.009962302 0.001941316 0.999948491 273.342743005
0.999862188 -0.013546131 0.009597245 2.771068922 0.013576984 0.999902846 -0.003156755 1.024856616 -0.009553551 0.003286621 0.999948963 275.653963890
0.999900573 -0.010800113 0.009066528 2.804704312 0.010835755 0.999933721 -0.003891120 1.042091322 -0.009023903 0.003988976 0.999951327 277.758708303
0.999924174 -0.008834676 0.008578786 2.835046474 0.008862585 0.999955540 -0.003220607 1.054908264 -0.008549952 0.003296392 0.999958015 279.863980919
0.999941595 -0.007084272 0.008162117 2.859750974 0.007093527 0.999974230 -0.001105442 1.075590717 -0.008154076 0.001163276 0.999966078 281.974390587
0.999946479 -0.007038131 0.007583073 2.892227724 0.007028530 0.999974465 0.001292164 1.104862224 -0.007591974 -0.001238797 0.999970413 284.305222514
0.999939464 -0.008428845 0.007072643 2.921046529 0.008405934 0.999959346 0.003263048 1.140582071 -0.007099860 -0.003203398 0.999969665 286.427065235
0.999921662 -0.010592514 0.006668417 2.946508262 0.010565344 0.999935793 0.004096719 1.181246325 -0.006711384 -0.004025944 0.999969374 288.544962756
0.999896010 -0.013098204 0.006033831 2.973235744 0.013073243 0.999905896 0.004158152 1.228227050 -0.006087728 -0.004078837 0.999973151 290.876885418
0.999873027 -0.015025776 0.005306202 2.996921327 0.015021228 0.999886773 0.000896282 1.258803661 -0.005319068 -0.000816462 0.999985520 292.996849131
0.999856405 -0.016297083 0.004644787 3.019298501 0.016308852 0.999863860 -0.002506642 1.287026927 -0.004603304 0.002582033 0.999986071 295.330893289
0.999860330 -0.016237018 0.003959832 3.037302307 0.016244610 0.999866257 -0.001892120 1.302445675 -0.003928580 0.001956181 0.999990370 297.458695386
0.999878682 -0.015200883 0.003399148 3.053143404 0.015202957 0.999884258 -0.000584542 1.315712535 -0.003389869 0.000636148 0.999994052 299.589255392
0.999888773 -0.014578485 0.003148017 3.068403117 0.014574442 0.999892937 0.001303980 1.334096303 -0.003166690 -0.001257954 0.999994195 301.934476441
0.999900638 -0.013775397 0.002991926 3.080947183 0.013769966 0.999903517 0.001829159 1.349007715 -0.003016835 -0.001787779 0.999993851 304.067060346
0.999925080 -0.011906093 0.002842303 3.076171905 0.011905243 0.999929080 0.000316438 1.354124456 -0.002845869 -0.000282576 0.999995911 306.200999822
0.999938013 -0.010792798 0.002736128 3.074996672 0.010792310 0.999941743 0.000193578 1.362974947 -0.002738058 -0.000164037 0.999996238 308.552981061
0.999956847 -0.008892938 0.002687006 3.065782087 0.008889324 0.999959572 0.001354351 1.377857833 -0.002698942 -0.001330407 0.999995473 310.695736139
0.999968089 -0.007507498 0.002730919 3.055938586 0.007500306 0.999968401 0.002634716 1.390025050 -0.002750613 -0.002614149 0.999992800 312.839113160
0.999973711 -0.006664090 0.002857939 3.043538007 0.006661177 0.999977286 0.001028104 1.404555526 -0.002864725 -0.001009040 0.999995388 315.196306275
0.999967904 -0.007422081 0.003017351 3.041736621 0.007422259 0.999972454 -0.000047304 1.421468095 -0.003016917 0.000069698 0.999995447 317.344860490
0.999965104 -0.007787666 0.003023714 3.036891982 0.007792130 0.999968565 -0.001467077 1.439971825 -0.003012194 0.001490587 0.999994352 319.493838512
0.999965357 -0.007672410 0.003227955 3.025419347 0.007677875 0.999969107 -0.001683616 1.459392574 -0.003214938 0.001708341 0.999993373 321.861803077
0.999967774 -0.007239245 0.003470584 3.017210437 0.007243230 0.999973122 -0.001136583 1.471339491 -0.003462263 0.001161685 0.999993332 324.019152256
0.999965525 -0.007374312 0.003816833 3.001302221 0.007378185 0.999972279 -0.001001398 1.479610480 -0.003809343 0.001029525 0.999992214 326.393309650
0.999961163 -0.007793057 0.004115802 2.997317633 0.007797912 0.999968918 -0.001164442 1.493129017 -0.004106600 0.001196491 0.999990852 328.561902510
0.999957339 -0.008218861 0.004215511 2.992264638 0.008227208 0.999964223 -0.001966192 1.516126517 -0.004199201 0.002000789 0.999989182 330.734708165
0.999957605 -0.008079147 0.004417659 2.994163400 0.008087252 0.999965642 -0.001819574 1.536497835 -0.004402807 0.001855224 0.999988587 333.131480502
0.999953849 -0.008370136 0.004716010 2.993968518 0.008377362 0.999963763 -0.001514389 1.559518672 -0.004703164 0.001553827 0.999987733 335.317430403
0.999949607 -0.008717016 0.004979746 2.994485996 0.008725159 0.999960630 -0.001615572 1.570359529 -0.004965467 0.001658940 0.999986296 337.503083462
0.999947974 -0.008597513 0.005489316 2.991624186 0.008613002 0.999958976 -0.002804187 1.579706184 -0.005464982 0.002851320 0.999981002 339.909153573
0.999947114 -0.008392272 0.005944720 2.990258037 0.008407993 0.999961209 -0.002624181 1.589849032 -0.005922467 0.002674025 0.999978887 342.097682848
0.999942607 -0.008530061 0.006482274 2.991115272 0.008547727 0.999959816 -0.002702333 1.597585122 -0.006458963 0.002757586 0.999975338 344.290096601
0.999929226 -0.009493236 0.007170883 2.992593927 0.009508886 0.999952475 -0.002151310 1.605977747 -0.007150119 0.002219345 0.999971975 346.706682411
