1.000000000 0.000000000 0.000000000 -0.000000000 0.000000000 1.000000000 -0.000000000 -0.000000000 0.000000000 0.000000000 1.000000000 0.000000001
0.999999600 -0.000871925 -0.000197882 0.001303263 0.000872182 0.999998776 0.001298634 -0.017401616 0.000196749 -0.001298806 0.999999137 1.258719135
0.999998430 -0.001682315 -0.000556473 0.000476740 0.001683323 0.999996937 0.001814490 -0.042531615 0.000553419 -0.001815424 0.999998199 2.645933295
0.999993947 -0.003401671 -0.000730855 0.002019964 0.003402052 0.999994078 0.000519231 -0.062784502 0.000729085 -0.000521714 0.999999598 3.908303357
0.999993176 -0.003638967 -0.000636463 0.002830758 0.003639499 0.999993028 0.000835219 -0.085648432 0.000633420 -0.000837529 0.999999449 5.302219539
0.999992185 -0.003919942 -0.000514191 0.004163565 0.003920776 0.999990984 0.001630546 -0.101671858 0.000507795 -0.001632549 0.999998538 6.572178915
0.999984745 -0.005508480 -0.000408066 0.007545057 0.005509544 0.999981312 0.002649564 -0.116256598 0.000393463 -0.002651772 0.999996407 7.845444057
0.999986465 -0.005168140 -0.000600142 0.008318804 0.005170236 0.999980358 0.003542797 -0.133380701 0.000581820 -0.003545852 0.999993544 9.249387065
0.999988645 -0.004687956 -0.000856673 0.007758150 0.004689591 0.999987167 0.001916623 -0.149717980 0.000847677 -0.001920618 0.999997796 10.526286594
0.999997959 -0.001784272 -0.000947541 0.006685142 0.001783490 0.999998068 -0.000826075 -0.163972044 0.000949013 0.000824383 0.999999210 11.934544235
0.999998635 0.001530977 -0.000620792 0.003474861 -0.001532054 0.999997316 -0.001738006 -0.176485737 0.000618130 0.001738955 0.999998297 13.219180478
0.999992190 0.003915920 -0.000535259 -0.001668806 -0.003916785 0.999991011 -0.001623929 -0.194682416 0.000528895 0.001626013 0.999998538 14.507371190
0.999986497 0.005182671 -0.000382090 -0.005824727 -0.005183002 0.999986193 -0.000865987 -0.217580853 0.000377597 0.000867956 0.999999552 15.928587480
0.999995100 0.003130541 0.000023373 -0.004411382 -0.003130576 0.999993679 0.001685760 -0.235673615 -0.000018096 -0.001685825 0.999998579 17.225290366
0.999999513 -0.000954899 0.000247512 0.000607866 0.000953917 0.999991797 0.003936379 -0.254243794 -0.000251269 -0.003936141 0.999992222 18.654140784
0.999993491 -0.003607914 -0.000035016 0.005046772 0.003607974 0.999991763 0.001859226 -0.269831605 0.000028307 -0.001859340 0.999998271 19.952036318
0.999987381 -0.005019616 -0.000203586 0.003964141 0.005019489 0.999987206 -0.000627268 -0.294714376 0.000206732 0.000626238 0.999999783 21.384660849
0.999995854 -0.002848035 0.000426101 -0.000721987 0.002848916 0.999993776 -0.002081471 -0.322472066 -0.000420171 0.002082676 0.999997743 22.690824832
0.999999253 0.000098300 0.001218448 -0.007241531 -0.000097041 0.999999461 -0.001033540 -0.346019287 -0.001218549 0.001033421 0.999998724 24.002977060
0.999997096 0.001416244 0.001949906 -0.009626433 -0.001426787 0.999984314 0.005416271 -0.369036525 -0.001942205 -0.005419037 0.999983431 25.455336377
0.999996729 -0.000932258 0.002381916 -0.005207441 0.000919157 0.999984476 0.005495644 -0.386760229 -0.002387003 -0.005493436 0.999982062 26.772444368
0.999983787 -0.005348523 0.001954018 0.002096654 0.005341070 0.999978515 0.003800278 -0.411144991 -0.001974302 -0.003789779 0.999990870 28.223539399
0.999980487 -0.005924209 0.001982291 0.005295493 0.005921584 0.999981585 0.001328101 -0.433213293 -0.001990122 -0.001316337 0.999997153 29.544230792
0.999978926 -0.006018624 0.002433885 0.007932246 0.006021090 0.999981367 -0.001006550 -0.460909568 -0.002427782 0.001021183 0.999996532 31.001497919
0.999990887 -0.002851775 0.003177009 0.006877789 0.002856259 0.999994930 -0.001407842 -0.485556908 -0.003172978 0.001416903 0.999993962 32.330235201
0.999991736 -0.001937570 0.003573999 0.008288998 0.001950073 0.999991980 -0.003498120 -0.511587895 -0.003567193 0.003505060 0.999987495 33.660226571
0.999993368 -0.001012307 0.003498477 0.010262133 0.001026042 0.999991765 -0.003926395 -0.544111861 -0.003494474 0.003929958 0.999986172 35.128761605
0.999993691 -0.000964505 0.003418757 0.012112715 0.000970325 0.999998082 -0.001701152 -0.574474245 -0.003417110 0.001704458 0.999992709 36.469181200
0.999995535 -0.000080886 0.002987113 0.015236728 0.000081138 0.999999993 -0.000084309 -0.601088619 -0.002987106 0.000084551 0.999995535 37.946011259
0.999992433 0.002519352 0.002964312 0.017020472 -0.002518205 0.999996753 -0.000390749 -0.623973215 -0.002965287 0.000383281 0.999995530 39.288276025
0.999982839 0.004969229 0.003102996 0.019498703 -0.004967407 0.999987485 -0.000594854 -0.642571901 -0.003105913 0.000579429 0.999995009 40.633451738
0.999969054 0.007226510 0.003109540 0.019251726 -0.007226364 0.999973888 -0.000058628 -0.670889291 -0.003109883 0.000036155 0.999995164 42.117385372
0.999961104 0.008344330 0.002857216 0.021278478 -0.008345016 0.999965154 0.000227665 -0.693308212 -0.002855217 -0.000251500 0.999995892 43.469308652
0.999970904 0.007243024 0.002393661 0.026427579 -0.007242534 0.999973750 -0.000214040 -0.718385995 -0.002395149 0.000196697 0.999997112 44.958581335
0.999977761 0.006440217 0.001732373 0.030897900 -0.006438793 0.999978929 -0.000827008 -0.738775000 -0.001737663 0.000815835 0.999998157 46.315533717
0.999982817 0.005818374 0.000715807 0.034126948 -0.005818350 0.999983073 -0.000037452 -0.762151056 -0.000716013 0.000033287 0.999999743 47.812959117
0.999981830 0.006023136 -0.000246555 0.033652717 -0.006022942 0.999981556 0.000782508 -0.784165586 0.000251264 -0.000781009 0.999999663 49.177593778
0.999977042 0.006657126 -0.001264074 0.031921648 -0.006655799 0.999977297 0.001051758 -0.804968773 0.001271047 -0.001043320 0.999998648 50.544365581
0.999974736 0.006652689 -0.002503800 0.028952053 -0.006650977 0.999977642 0.000692154 -0.827007880 0.002508349 -0.000675484 0.999996626 52.050005048
0.999969718 0.006913148 -0.003573760 0.025522467 -0.006906293 0.999974294 0.001927281 -0.845066350 0.003586992 -0.001902541 0.999991757 53.422356708
0.999975456 0.005442154 -0.004412591 0.020742814 -0.005429365 0.999981040 0.002905377 -0.867817188 0.004428319 -0.002881348 0.999986044 54.933035989
0.999979326 0.004009373 -0.005027236 0.016891027 -0.003995228 0.999988041 0.002820661 -0.887148902 0.005038485 -0.002800517 0.999983385 56.305707593
0.999982455 0.001779876 -0.005649968 0.013439083 -0.001766522 0.999995637 0.002367623 -0.906968712 0.005654157 -0.002357600 0.999981236 57.677667119
0.999983568 0.000361674 -0.005721336 0.010103300 -0.000345466 0.999995926 0.002833622 -0.925821776 0.005722337 -0.002831598 0.999979618 59.186699310
0.999985590 -0.000803629 -0.005307992 0.006704681 0.000821927 0.999993725 0.003446018 -0.944749807 0.005305189 -0.003450330 0.999979975 60.557588633
0.999986151 -0.001916160 -0.004901585 0.002719785 0.001936144 0.999989820 0.004075625 -0.966244873 0.004893726 -0.004085058 0.999979682 62.064072697
0.999982798 -0.003773815 -0.004490106 -0.001200754 0.003790275 0.999986108 0.003662927 -0.988527827 0.004476221 -0.003679882 0.999983211 63.430435088
0.999977848 -0.005292360 -0.004036647 -0.002629951 0.005303828 0.999981915 0.002835171 -1.008143802 0.004021570 -0.002856518 0.999987834 64.793851811
0.999980890 -0.005195887 -0.003349854 -0.005889540 0.005203408 0.999983953 0.002239966 -1.030878951 0.003338162 -0.002257353 0.999991880 66.291162799
0.999990383 -0.003556950 -0.002565461 -0.009643692 0.003562766 0.999991087 0.002265510 -1.050350382 0.002557380 -0.002274628 0.999994143 67.650427684
0.999997767 -0.000534928 -0.002044550 -0.019482825 0.000542442 0.999993095 0.003676357 -1.077405537 0.002042569 -0.003677457 0.999991152 69.144716310
0.999994736 0.002974708 -0.001295577 -0.026812179 -0.002968271 0.999983381 0.004942428 -1.098068662 0.001310257 -0.004938555 0.999986947 70.500524013
0.999976355 0.006858686 -0.000498553 -0.035317004 -0.006855852 0.999961472 0.005481891 -1.119233790 0.000536132 -0.005478343 0.999984850 71.987595632
0.999937522 0.011177331 0.000141864 -0.042055277 -0.011177911 0.999924530 0.005097902 -1.136065810 -0.000084872 -0.005099169 0.999986996 73.336225994
0.999899514 0.014151894 0.000828388 -0.046433313 -0.014155576 0.999889139 0.004618264 -1.152287855 -0.000762939 -0.004629526 0.999988993 74.682313385
0.999864631 0.016380036 0.001553624 -0.053177210 -0.016386639 0.999856333 0.004334984 -1.177307838 -0.001482393 -0.004359855 0.999989397 76.160651799
0.999859290 0.016668992 0.001882691 -0.054489169 -0.016677251 0.999850987 0.004457971 -1.197231108 -0.001808101 -0.004488741 0.999988291 77.502935396
0.999879856 0.015366054 0.002039316 -0.052618563 -0.015375281 0.999871269 0.004587623 -1.218506770 -0.001968560 -0.004618426 0.999987397 78.975792653
0.999896595 0.014246068 0.001961845 -0.049412290 -0.014253207 0.999891672 0.003672843 -1.236469631 -0.001909309 -0.003700425 0.999991331 80.310882026
0.999907492 0.013496511 0.001688456 -0.048713576 -0.013502422 0.999902578 0.003538255 -1.257394789 -0.001640538 -0.003560725 0.999992315 81.643721782
0.999907366 0.013534438 0.001441488 -0.048321820 -0.013539851 0.999901065 0.003812270 -1.278970568 -0.001389749 -0.003831434 0.999991694 83.108495366
0.999914019 0.013080256 0.000927793 -0.052356193 -0.013083251 0.999908976 0.003296811 -1.299533715 -0.000884585 -0.003308665 0.999994135 84.439007950
0.999909789 0.013430869 0.000158570 -0.061051799 -0.013431366 0.999902978 0.003692407 -1.320992797 -0.000108963 -0.003694203 0.999993170 85.899058887
0.999914212 0.013077737 -0.000735313 -0.074972914 -0.013074400 0.999904945 0.004377316 -1.343577080 0.000792489 -0.004367326 0.999990149 87.228290296
0.999937436 0.011036687 -0.001821035 -0.083606864 -0.011026687 0.999924548 0.005413861 -1.362262721 0.001880649 -0.005393441 0.999983687 88.554191550
0.999956685 0.008779223 -0.003090905 -0.098112442 -0.008760042 0.999942619 0.006166031 -1.383147915 0.003144861 -0.006138686 0.999976213 90.007793467
0.999969717 0.006848698 -0.003696097 -0.110400877 -0.006825140 0.999956549 0.006349593 -1.399739828 0.003739423 -0.006324173 0.999973010 91.323805666
0.999976169 0.005483302 -0.004194693 -0.128658954 -0.005459618 0.999969206 0.005637251 -1.419145967 0.004225474 -0.005614214 0.999975313 92.766938248
0.999980859 0.004282901 -0.004465132 -0.145024002 -0.004259952 0.999977733 0.005136668 -1.436412936 0.004487033 -0.005117547 0.999976838 94.075280005
0.999977226 0.004940680 -0.004597613 -0.170521752 -0.004918979 0.999976764 0.004719637 -1.457749754 0.004620825 -0.004696913 0.999978293 95.509380526
0.999978661 0.004750752 -0.004484148 -0.191307982 -0.004732581 0.999980583 0.004054272 -1.477022166 0.004503322 -0.004032964 0.999981727 96.809800931
0.999976266 0.005417399 -0.004256685 -0.211130475 -0.005403039 0.999979698 0.003378085 -1.496432064 0.004274899 -0.003355005 0.999985234 98.108239892
0.999967454 0.007079548 -0.003869261 -0.234573329 -0.007065842 0.999968753 0.003544841 -1.518652592 0.003894236 -0.003517386 0.999986231 99.534448728
0.999965151 0.007519014 -0.003627763 -0.248099744 -0.007501321 0.999960022 0.004866619 -1.535242321 0.003664210 -0.004839236 0.999981578 100.828301957
0.999955137 0.008819894 -0.003454563 -0.269957347 -0.008797683 0.999940862 0.006393244 -1.557300711 0.003510746 -0.006362564 0.999973596 102.249042983
0.999959652 0.008310144 -0.003411281 -0.286625093 -0.008292574 0.999952440 0.005133317 -1.575816757 0.003453778 -0.005104821 0.999981006 103.536261089
0.999960786 0.008204131 -0.003334571 -0.304756961 -0.008195685 0.999963191 0.002538969 -1.595925765 0.003355279 -0.002511540 0.999991217 104.820636967
0.999965397 0.007600142 -0.003382798 -0.315589138 -0.007595636 0.999970250 0.001343441 -1.614401241 0.003392908 -0.001317700 0.999993376 106.234938636
0.999979268 0.005559101 -0.003249559 -0.333811058 -0.005550722 0.999981261 0.002582156 -1.638741031 0.003263852 -0.002564065 0.999991386 107.526881462
0.999991860 0.003093177 -0.002590956 -0.351464248 -0.003080828 0.999983940 0.004756853 -1.663140279 0.002605628 -0.004748831 0.999985330 108.942757492
0.999997300 0.001573357 -0.001710318 -0.373522013 -0.001564101 0.999984198 0.005399770 -1.687711394 0.001718787 -0.005397080 0.999983959 110.227798404
0.999999291 0.000601218 -0.001027708 -0.393309149 -0.000597049 0.999991608 0.004053111 -1.710204880 0.001030136 -0.004052494 0.999991258 111.506891648
0.999996534 0.002613562 -0.000318339 -0.413633471 -0.002613077 0.999995436 0.001516356 -1.735270621 0.000322301 -0.001515519 0.999998800 112.909960778
0.999989768 0.004466721 0.000715110 -0.421599467 -0.004466255 0.999989813 -0.000653709 -1.754388144 -0.000718023 0.000650508 0.999999531 114.183974009
0.999968525 0.007621201 0.002205897 -0.429524943 -0.007619403 0.999970633 -0.000823008 -1.776296548 -0.002212105 0.000806175 0.999997228 115.588257640
0.999953021 0.009004445 0.003588241 -0.433289195 -0.009009006 0.999958629 0.001256520 -1.794702475 -0.003576779 -0.001288787 0.999992773 116.868220248
0.999948049 0.009041910 0.004705605 -0.433091712 -0.009059580 0.999951941 0.003746983 -1.813110623 -0.004671499 -0.003789419 0.999981909 118.277949391
0.999952383 0.008089261 0.005458568 -0.430435663 -0.008113361 0.999957374 0.004407211 -1.826726857 -0.005422684 -0.004451288 0.999975390 119.559489153
0.999942876 0.008537767 0.006430568 -0.432771414 -0.008561503 0.999956606 0.003672523 -1.845929936 -0.006398934 -0.003727369 0.999972580 120.848897578
0.999915910 0.010406613 0.007737953 -0.447297658 -0.010431347 0.999940590 0.003162754 -1.882227728 -0.007704580 -0.003243205 0.999965060 122.289080632
0.999884382 0.012376454 0.008834411 -0.455776159 -0.012401640 0.999919172 0.002801540 -1.910068123 -0.008799024 -0.002910777 0.999957051 123.592142367
0.999862922 0.013189436 0.010008835 -0.462119135 -0.013206906 0.999911372 0.001681095 -1.941835822 -0.009985776 -0.001813051 0.999948497 125.027038133
0.999837516 0.014239401 0.011053524 -0.463924588 -0.014252726 0.999897789 0.001127453 -1.966740509 -0.011036340 -0.001284812 0.999938272 126.327251809
0.999838729 0.013422429 0.011931240 -0.470598651 -0.013433246 0.999909428 0.000826639 -2.005330546 -0.011919064 -0.000986781 0.999928479 127.632282302
0.999836112 0.012855656 0.012746812 -0.471635062 -0.012877903 0.999915691 0.001664544 -2.039492299 -0.012724340 -0.001828423 0.999917371 129.062416043
0.999836831 0.011920569 0.013572468 -0.474151717 -0.011964402 0.999923453 0.003152827 -2.073217507 -0.013533846 -0.003314698 0.999902919 130.366314315
0.999844833 0.010824793 0.013897281 -0.469741026 -0.010870774 0.999935671 0.003237253 -2.101207017 -0.013861346 -0.003387824 0.999898188 131.793727360
0.999864770 0.008826723 0.013875570 -0.465473031 -0.008877624 0.999954073 0.003610994 -2.128424063 -0.013843060 -0.003733687 0.999897209 133.094013396
0.999881825 0.007216478 0.013574215 -0.464833711 -0.007273520 0.999964905 0.004157460 -2.162366111 -0.013543737 -0.004255701 0.999899223 134.391723387
0.999899756 0.005627017 0.012992886 -0.465876066 -0.005676573 0.999976743 0.003780315 -2.199791394 -0.012971313 -0.003853690 0.999908443 135.818645387
0.999922266 0.004089373 0.011778760 -0.464270024 -0.004133036 0.999984670 0.003684889 -2.226789951 -0.011763511 -0.003733284 0.999923838 137.114838781
0.999939507 0.002752118 0.010649330 -0.464331098 -0.002802660 0.999984867 0.004733993 -2.256983541 -0.010636141 -0.004763552 0.999932088 138.542361739
0.999952462 0.001243082 0.009670964 -0.463920770 -0.001291882 0.999986458 0.005041380 -2.282867485 -0.009664566 -0.005053633 0.999940527 139.838555837
0.999965448 0.000481548 0.008298860 -0.467352733 -0.000522491 0.999987701 0.004932016 -2.317623268 -0.008296383 -0.004936181 0.999953401 141.264510986
0.999974786 0.000235232 0.007097298 -0.470253182 -0.000267103 0.999989884 0.004489962 -2.343585490 -0.007096171 -0.004491744 0.999964734 142.559622024
0.999981420 -0.000082071 0.006095348 -0.474324636 0.000057374 0.999991790 0.004051838 -2.368128293 -0.006095631 -0.004051412 0.999973214 143.854612287
0.999985452 -0.001894553 0.005050322 -0.478738258 0.001883536 0.999995838 0.002185524 -2.397460778 -0.005054442 -0.002175980 0.999984859 145.277767730
0.999966264 -0.007193444 0.003965549 -0.481133876 0.007190560 0.999973873 0.000741452 -2.428167681 -0.003970779 -0.000712912 0.999991862 146.570380293
0.999892615 -0.014395247 0.002745102 -0.484103404 0.014385234 0.999889923 0.003634075 -2.466576587 -0.002797114 -0.003594196 0.999989629 147.996668140
0.999763146 -0.021723375 0.001321812 -0.483028658 0.021717187 0.999753885 0.004531370 -2.492445773 -0.001419923 -0.004501591 0.999988860 149.291623280
0.999686428 -0.025040556 0.000124961 -0.488169410 0.025040215 0.999683897 0.002256865 -2.520858571 -0.000181435 -0.002253028 0.999997445 150.583639846
0.999685810 -0.025062386 0.000397525 -0.497988824 0.025063112 0.999684013 -0.001927623 -2.549574561 -0.000349088 0.001936980 0.999998063 152.003037232
0.999766298 -0.021583051 0.001233610 -0.513588371 0.021587441 0.999760265 -0.003659805 -2.584222169 -0.001154324 0.003685579 0.999992542 153.295067800
0.999768664 -0.021413141 0.002023946 -0.520006553 0.021420215 0.999764300 -0.003538215 -2.615986035 -0.001947704 0.003580749 0.999991692 154.717237813
0.999708232 -0.024013561 0.002607661 -0.518631733 0.024014986 0.999711466 -0.000514704 -2.644584144 -0.002594549 0.000577177 0.999996468 156.012167459
0.999565568 -0.029311469 0.003084132 -0.510721170 0.029303085 0.999566841 0.002731214 -2.668764565 -0.003162852 -0.002639652 0.999991514 157.308596446
0.999428115 -0.033675009 0.003071805 -0.499235059 0.033664269 0.999427121 0.003485377 -2.693317244 -0.003187416 -0.003379973 0.999989208 158.731768284
0.999365125 -0.035502728 0.002983879 -0.490763995 0.035491175 0.999362606 0.003841649 -2.714741526 -0.003118366 -0.003733308 0.999988169 160.026545771
0.999421073 -0.033803240 0.003854830 -0.484545257 0.033786903 0.999420113 0.004228812 -2.741394722 -0.003995542 -0.004096120 0.999983629 161.451726236
0.999536719 -0.030017062 0.005032219 -0.483464775 0.029997446 0.999542248 0.003930462 -2.764018074 -0.005147897 -0.003777687 0.999979614 162.748350788
0.999632814 -0.026418369 0.006025425 -0.476152642 0.026409957 0.999650112 0.001472349 -2.791778306 -0.006062214 -0.001312677 0.999980763 164.173881171
0.999696583 -0.023688248 0.006753457 -0.468467201 0.023684263 0.999719264 0.000670202 -2.814149372 -0.006767437 -0.000510048 0.999976971 165.474018300
0.999737774 -0.021752686 0.007155650 -0.460017867 0.021738755 0.999761646 0.002019516 -2.837882697 -0.007197875 -0.001863431 0.999972359 166.778297526
0.999775703 -0.020019069 0.006912377 -0.449059841 0.020007294 0.999798269 0.001769021 -2.865625598 -0.006946397 -0.001630326 0.999974544 168.213728714
0.999813560 -0.018201226 0.006446673 -0.442269604 0.018205118 0.999834125 -0.000544898 -2.889051967 -0.006435686 0.000662159 0.999979072 169.519654026
0.999878048 -0.014448163 0.005927892 -0.437654315 0.014469493 0.999888936 -0.003570651 -2.917769710 -0.005875644 0.003655989 0.999976055 170.958110682
0.999935987 -0.009750325 0.005740506 -0.410996803 0.009778139 0.999940494 -0.004836927 -2.935138934 -0.005693003 0.004892748 0.999971825 172.265379896
0.999967949 -0.005283777 0.006015172 -0.388259478 0.005308518 0.999977486 -0.004104517 -2.961894852 -0.005993350 0.004136316 0.999973485 173.579145788
0.999976765 -0.001814986 0.006570814 -0.377430485 0.001824850 0.999997217 -0.001495380 -2.988768969 -0.006568082 0.001507336 0.999977294 175.033391442
0.999976450 -0.001386807 0.006721285 -0.359132655 0.001384015 0.999998954 0.000420120 -3.010439530 -0.006721861 -0.000410808 0.999977324 176.357490437
0.999973108 -0.004403472 0.005864576 -0.339703083 0.004392973 0.999988727 0.001801986 -3.016422817 -0.005872445 -0.001776174 0.999981180 177.812328653
0.999967273 -0.006881110 0.004254891 -0.321187995 0.006873920 0.999974925 0.001702461 -3.025214462 -0.004266499 -0.001673157 0.999989499 179.134944567
0.999971477 -0.007253296 0.002106117 -0.313136487 0.007258867 0.999970146 -0.002648939 -3.044554729 -0.002086841 0.002664151 0.999994274 180.591567627
0.999980447 -0.006216862 0.000674949 -0.308725484 0.006221415 0.999956390 -0.006965010 -3.064673057 -0.000631619 0.006969072 0.999975516 181.916709651
0.999998709 -0.001604895 0.000082269 -0.313583063 0.001605497 0.999967262 -0.007930760 -3.089386103 -0.000069538 0.007930881 0.999968548 183.249145006
0.999996525 0.002635870 -0.000042519 -0.318274099 -0.002636089 0.999975874 -0.006426675 -3.116812410 0.000025578 0.006426764 0.999979348 184.720086028
0.999990739 0.004297685 0.000227565 -0.313922304 -0.004296873 0.999984790 -0.003457851 -3.138837536 -0.000242422 0.003456840 0.999993996 186.061224140
0.999986905 0.005075457 0.000656155 -0.308427279 -0.005074660 0.999986388 -0.001213452 -3.167327068 -0.000662304 0.001210106 0.999999048 187.538906330
0.999989782 0.004460509 0.000735064 -0.308629084 -0.004460193 0.999989960 -0.000431277 -3.195689830 -0.000736981 0.000427994 0.999999637 188.885093646
0.999995058 0.003070113 0.000677636 -0.306881930 -0.003070340 0.999995231 0.000333413 -3.222584364 -0.000676609 -0.000335492 0.999999715 190.234386505
0.999999719 0.000336273 0.000670616 -0.302659343 -0.000336802 0.999999633 0.000788137 -3.253099550 -0.000670351 -0.000788362 0.999999465 191.721530385
0.999997007 -0.002217660 0.001033537 -0.300515058 0.002216860 0.999997242 0.000775061 -3.282697138 -0.001035253 -0.000772768 0.999999166 193.076350307
0.999984401 -0.005411265 0.001383872 -0.297488728 0.005408748 0.999983723 0.001816537 -3.317604119 -0.001393679 -0.001809024 0.999997393 194.571604626
0.999954871 -0.009333669 0.001771543 -0.294197956 0.009327303 0.999950129 0.003569553 -3.346854304 -0.001804772 -0.003552868 0.999992060 195.935625401
0.999917259 -0.012705595 0.002010817 -0.295352578 0.012698709 0.999913580 0.003402171 -3.389291458 -0.002053870 -0.003376354 0.999992191 197.437533205
0.999938329 -0.010877628 0.002239372 -0.299638533 0.010879150 0.999940597 -0.000667897 -3.422785235 -0.002231974 0.000692218 0.999997270 198.802348926
0.999985448 -0.004687053 0.002671118 -0.314150044 0.004703595 0.999969591 -0.006220362 -3.472595270 -0.002641882 0.006232834 0.999977086 200.167973700
0.999979156 0.005143607 0.003902596 -0.332343513 -0.005117591 0.999964810 -0.006647526 -3.517944620 -0.003936651 0.006627414 0.999970290 201.679901582
0.999899152 0.013178270 0.005293322 -0.348190681 -0.013164780 0.999910023 -0.002575752 -3.556595377 -0.005326790 0.002505807 0.999982673 203.060625892
0.999875221 0.014584653 0.006068782 -0.351347455 -0.014584000 0.999893636 -0.000152271 -3.582646465 -0.006070357 0.000063745 0.999981573 204.581117111
0.999904885 0.012624110 0.005554491 -0.347779248 -0.012623268 0.999920306 -0.000187097 -3.605643884 -0.005556411 0.000116963 0.999984556 205.963788073
0.999943737 0.009636226 0.004434672 -0.343549430 -0.009635784 0.999953567 -0.000121277 -3.629531393 -0.004435635 0.000078538 0.999990159 207.351531855
0.999969695 0.007070761 0.003257974 -0.341866554 -0.007070125 0.999974985 -0.000206920 -3.653176367 -0.003259356 0.000183879 0.999994671 208.881794337
0.999968845 0.007398961 0.002750446 -0.342512485 -0.007396042 0.999972076 -0.001070533 -3.675510926 -0.002758290 0.001050157 0.999995644 210.280798926
0.999956755 0.008918060 0.002637630 -0.347795260 -0.008915726 0.999959853 -0.000895664 -3.711894641 -0.002645512 0.000872109 0.999996120 211.824636210
0.999945544 0.010125393 0.002526802 -0.352955355 -0.010125551 0.999948734 0.000048880 -3.743427675 -0.002526177 -0.000074462 0.999996806 213.230691737
0.999951690 0.009554832 0.002307149 -0.357229583 -0.009554802 0.999954352 -0.000024785 -3.778456788 -0.002307281 0.000002740 0.999997338 214.638003390
0.999956753 0.009107822 0.001881567 -0.357107440 -0.009105033 0.999957444 -0.001486055 -3.812161592 -0.001895022 0.001468859 0.999997126 216.193264213
0.999963623 0.008358133 0.001701389 -0.355501087 -0.008355435 0.999963832 -0.001588007 -3.838171962 -0.001714600 0.001573733 0.999997292 217.610275763
0.999961221 0.008719946 0.001232357 -0.360316202 -0.008718408 0.999961214 -0.001249247 -3.870457050 -0.001243202 0.001238454 0.999998460 219.173524104
0.999961307 0.008750924 0.000897458 -0.366506339 -0.008749321 0.999960146 -0.001776579 -3.901331032 -0.000912969 0.001768658 0.999998019 220.595157066
0.999960583 0.008852695 0.000679505 -0.371022414 -0.008851290 0.999958733 -0.002046006 -3.936420532 -0.000697590 0.002039911 0.999997676 222.162415998
0.999950955 0.009897820 0.000347162 -0.375151258 -0.009897112 0.999949038 -0.001991926 -3.963792660 -0.000366860 0.001988393 0.999997956 223.589198943
0.999954605 0.009528217 0.000013272 -0.376728655 -0.009528160 0.999951736 -0.002395863 -3.991555349 -0.000036100 0.002395628 0.999997130 225.019031492
0.999949731 0.010023307 -0.000261272 -0.378390734 -0.010023878 0.999947175 -0.002273341 -4.019727636 0.000238471 0.002275845 0.999997382 226.593749112
0.999958333 0.009121350 -0.000364913 -0.378149325 -0.009122109 0.999956123 -0.002130743 -4.049713809 0.000345461 0.002133982 0.999997663 228.026213651
0.999969540 0.007801073 -0.000248814 -0.378196500 -0.007801732 0.999965751 -0.002762197 -4.078166025 0.000227257 0.002764054 0.999996154 229.601872283
0.999977452 0.006714708 -0.000086898 -0.376226316 -0.006714900 0.999974512 -0.002425886 -4.101254561 0.000070606 0.002426414 0.999997054 231.035763371
0.999986814 0.005133993 0.000115027 -0.374209981 -0.005133791 0.999985387 -0.001694358 -4.126203947 -0.000123724 0.001693745 0.999998558 232.473848424
0.999987605 0.004977785 0.000104783 -0.373632433 -0.004977652 0.999986834 -0.001246572 -4.156644131 -0.000110987 0.001246034 0.999999218 234.058008883
0.999985778 0.005333257 0.000017938 -0.376049326 -0.005333228 0.999984825 -0.001380830 -4.188042658 -0.000025302 0.001380714 0.999999046 235.500080410
0.999981469 0.006082365 0.000257346 -0.378134609 -0.006081674 0.999978103 -0.002608851 -4.223708282 -0.000273208 0.002607237 0.999996564 237.087303258
0.999973000 0.007308104 0.000768389 -0.381098829 -0.007306673 0.999971593 -0.001850761 -4.255468977 -0.000781893 0.001845096 0.999997992 238.534883549
0.999969878 0.007633927 0.001402304 -0.382545670 -0.007634724 0.999970697 0.000562740 -4.286379616 -0.001397968 -0.000573429 0.999998858 239.986260497
0.999971042 0.007357560 0.001944603 -0.381691753 -0.007359388 0.999972483 0.000933731 -4.317896459 -0.001937679 -0.000948014 0.999997673 241.584861268
0.999968223 0.007604404 0.002392789 -0.381535424 -0.007602984 0.999970915 -0.000602564 -4.348648681 -0.002397302 0.000584352 0.999996956 243.038369722
0.999966676 0.007607260 0.002962440 -0.379155182 -0.007601394 0.999969135 -0.001986907 -4.380811859 -0.002977464 0.001964322 0.999993638 244.640382743
0.999957647 0.008606150 0.003261628 -0.376709508 -0.008601111 0.999961799 -0.001556221 -4.406725461 -0.003274896 0.001528101 0.999993470 246.100351744
0.999961558 0.008105942 0.003343165 -0.371928499 -0.008103834 0.999966956 -0.000644135 -4.433050381 -0.003348276 0.000617018 0.999994204 247.563567199
0.999961887 0.008191093 0.003021709 -0.367949539 -0.008191543 0.999966440 0.000135832 -4.460848225 -0.003020495 -0.000160579 0.999995425 249.174329998
0.999960202 0.008471257 0.002798603 -0.365566442 -0.008472578 0.999964001 0.000459810 -4.488645572 -0.002794607 -0.000483503 0.999995978 250.639991704
0.999945872 0.010007278 0.002847233 -0.362482127 -0.010008904 0.999949755 0.000556804 -4.514200150 -0.002841518 -0.000585271 0.999995792 252.255662971
0.999935369 0.010953168 0.003047399 -0.359511453 -0.010954998 0.999939822 0.000583810 -4.537634132 -0.003040822 -0.000617157 0.999995186 253.726870993
0.999929711 0.011487503 0.002934316 -0.355890722 -0.011489381 0.999933801 0.000623426 -4.561803815 -0.002926960 -0.000657096 0.999995501 255.347169522
0.999945963 0.009969734 0.002945575 -0.351439889 -0.009972531 0.999949835 0.000935549 -4.587415524 -0.002936100 -0.000964873 0.999995224 256.823350655
0.999959203 0.008571562 0.002849727 -0.347247435 -0.008576722 0.999961594 0.001802751 -4.613122384 -0.002834165 -0.001827119 0.999994315 258.300293453
0.999979988 0.005619666 0.002905619 -0.340226648 -0.005627906 0.999980145 0.002834893 -4.640795874 -0.002889630 -0.002851189 0.999991760 259.926012680
0.999988078 0.004136301 0.002595148 -0.334319010 -0.004141740 0.999989231 0.002093790 -4.664618427 -0.002586460 -0.002104513 0.999994441 261.402895381
0.999993322 0.002811927 0.002334132 -0.328521986 -0.002813667 0.999995766 0.000742370 -4.690631843 -0.002332034 -0.000748933 0.999997000 263.027652752
0.999995390 0.000937812 0.002888115 -0.324935675 -0.000944996 0.999996461 0.002487094 -4.718888322 -0.002885773 -0.002489811 0.999992737 264.508571865
0.999994466 -0.000048550 0.003326421 -0.324599820 0.000031802 0.999987325 0.005034751 -4.749818714 -0.003326624 -0.005034617 0.999981793 265.992077205
0.999991830 -0.002077506 0.003467621 -0.320304904 0.002063766 0.999990023 0.003961574 -4.792378072 -0.003475817 -0.003954385 0.999986141 267.620898553
0.999988745 -0.002917034 0.003741736 -0.316965531 0.002907836 0.999992743 0.002461421 -4.827266315 -0.003748889 -0.002450513 0.999989970 269.100738447
0.999988383 -0.001867574 0.004443703 -0.316118015 0.001856947 0.999995409 0.002394393 -4.870981287 -0.004448154 -0.002386113 0.999987260 270.730894048
0.999984853 -0.000451320 0.005485416 -0.315140572 0.000436201 0.999996104 0.002757172 -4.909904040 -0.005486639 -0.002754737 0.999981154 272.213224225
0.999978764 0.001196723 0.006406144 -0.313693255 -0.001211752 0.999996522 0.002342612 -4.951866988 -0.006403318 -0.002350325 0.999976736 273.695860341
0.999969468 0.002448506 0.007420803 -0.310782674 -0.002465207 0.999994448 0.002242201 -4.991696849 -0.007415272 -0.002260426 0.999969952 275.327927857
0.999961479 0.003184734 0.008179181 -0.311062989 -0.003200362 0.999993077 0.001898236 -5.041981475 -0.008173079 -0.001924339 0.999964748 276.813245443
0.999952667 0.003526731 0.009067815 -0.305540727 -0.003538325 0.999992943 0.001262754 -5.087776620 -0.009063298 -0.001294779 0.999958089 278.446254996
0.999946094 0.003010533 0.009937080 -0.300669171 -0.003018848 0.999995106 0.000821802 -5.137137144 -0.009934558 -0.000851756 0.999950288 279.933719296
0.999939232 0.002457252 0.010746787 -0.289826978 -0.002467424 0.999996520 0.000933371 -5.173584824 -0.010744457 -0.000959831 0.999941816 281.422771275
0.999932450 0.001475783 0.011528995 -0.275755551 -0.001502478 0.999996210 0.002307066 -5.213687903 -0.011525548 -0.002324232 0.999930877 283.063514671
0.999929602 0.000093181 0.011865183 -0.259795849 -0.000126144 0.999996135 0.002777442 -5.244117595 -0.011864879 -0.002778743 0.999925749 284.553986260
0.999928824 -0.000604141 0.011915618 -0.243730671 0.000600923 0.999999782 0.000273616 -5.282346353 -0.011915781 -0.000266436 0.999928969 286.191770201
0.999931862 -0.001486271 0.011578488 -0.229748837 0.001511775 0.999996450 -0.002194211 -5.319449270 -0.011575186 0.002211565 0.999930560 287.681056457
0.999941485 -0.001094260 0.010762428 -0.217158393 0.001121524 0.999996177 -0.002527565 -5.357006248 -0.010759621 0.002539487 0.999938889 289.174428324
0.999946064 -0.002773914 0.010008720 -0.203877080 0.002792344 0.999994431 -0.001827895 -5.394485965 -0.010003594 0.001855744 0.999948241 290.821221579
0.999955696 -0.002680105 0.009023498 -0.192450107 0.002702100 0.999993406 -0.002426109 -5.427493734 -0.009016936 0.002450384 0.999956344 292.319860036
0.999961621 -0.002402547 0.008425190 -0.182089797 0.002425256 0.999993452 -0.002686078 -5.467449774 -0.008418681 0.002706408 0.999960900 293.973194295
0.999967219 -0.002362650 0.007744651 -0.174867976 0.002379734 0.999994754 -0.002197442 -5.505442972 -0.007739419 0.002215800 0.999967595 295.479674119
0.999972076 -0.002783569 0.006935412 -0.168179128 0.002796968 0.999994240 -0.001922972 -5.544882372 -0.006930020 0.001942316 0.999974101 296.989911625
0.999976997 -0.003439353 0.005846040 -0.156591163 0.003445782 0.999993469 -0.001089917 -5.577265536 -0.005842254 0.001110036 0.999982318 298.657990978
0.999984295 -0.001891079 0.005275816 -0.149505202 0.001888788 0.999998120 0.000439322 -5.608356376 -0.005276637 -0.000429350 0.999985986 300.182063470
0.999981379 -0.001331588 0.005955506 -0.142928145 0.001325591 0.999998610 0.001010893 -5.642741585 -0.005956844 -0.001002979 0.999981755 301.859483306
0.999975947 -0.000763737 0.006893630 -0.135822168 0.000760298 0.999999585 0.000501516 -5.677347936 -0.006894011 -0.000496263 0.999976113 303.389178495
0.999971622 -0.001976331 0.007269785 -0.124696127 0.001975717 0.999998044 0.000091719 -5.706870970 -0.007269953 -0.000077353 0.999973571 304.922084347
0.999964996 -0.003792780 0.007457976 -0.110704303 0.003799144 0.999992431 -0.000839234 -5.744692456 -0.007454737 0.000867539 0.999971837 306.613145963
0.999955222 -0.005413843 0.007761682 -0.100608757 0.005435131 0.999981519 -0.002724097 -5.778559755 -0.007746791 0.002766161 0.999966167 308.154346162
0.999954301 -0.005663198 0.007702149 -0.095888082 0.005692329 0.999976709 -0.003765440 -5.826309624 -0.007680646 0.003809111 0.999963248 309.855785601
0.999970685 -0.005147771 0.005668297 -0.092707292 0.005174193 0.999975772 -0.004656535 -5.866533002 -0.005644189 0.004685727 0.999973093 311.405816243
0.999984594 -0.004293898 0.003517683 -0.095563023 0.004309337 0.999981066 -0.004392886 -5.909566685 -0.003498754 0.004407977 0.999984164 312.956274167
0.999992130 -0.002487683 0.003090497 -0.106014424 0.002490975 0.999996334 -0.001061791 -5.956167473 -0.003087844 0.001069481 0.999994661 314.671164609
0.999986829 -0.003677896 0.003579733 -0.107448472 0.003670138 0.999990907 0.002171624 -5.993363470 -0.003587688 -0.002158457 0.999991235 316.236251729
0.999981260 -0.004799831 0.003800084 -0.108074843 0.004788437 0.999984029 0.003002083 -6.037436211 -0.003814433 -0.002983830 0.999988273 317.958947112
0.999972624 -0.006179066 0.004070725 -0.105336743 0.006172073 0.999979459 0.001728575 -6.072055305 -0.004081323 -0.001703402 0.999990221 319.523930109
0.999966058 -0.006951047 0.004423408 -0.103297864 0.006943203 0.999974300 0.001786521 -6.112740660 -0.004435713 -0.001755747 0.999988621 321.247798886
0.999965996 -0.006834467 0.004614812 -0.100371022 0.006824442 0.999974326 0.002184825 -6.147899204 -0.004629626 -0.002153257 0.999986965 322.814669290
0.999962492 -0.007010380 0.005086085 -0.098371012 0.007000266 0.999973490 0.002003936 -6.188341310 -0.005099999 -0.001968257 0.999985058 324.379986768
0.999969171 -0.005502036 0.005602243 -0.095884544 0.005494489 0.999983978 0.001361922 -6.229409752 -0.005609647 -0.001331098 0.999983380 326.100144731
0.999969367 -0.004717232 0.006246054 -0.093696273 0.004713565 0.999988710 0.000601783 -6.272436335 -0.006248823 -0.000572324 0.999980312 327.664991901
0.999957366 -0.005899683 0.007103548 -0.083945999 0.005882247 0.999979641 0.002473126 -6.311274002 -0.007117994 -0.002431235 0.999971711 329.386053639
0.999951013 -0.006766493 0.007224024 -0.073820768 0.006741141 0.999971054 0.003528109 -6.346566056 -0.007247688 -0.003479237 0.999967682 330.949352227
0.999943973 -0.008006690 0.006924147 -0.063841828 0.007992500 0.999965907 0.002074824 -6.375336879 -0.006940523 -0.002019367 0.999973875 332.507659895
0.999950629 -0.007117222 0.006934379 -0.057786837 0.007102484 0.999972470 0.002147865 -6.418736814 -0.006949475 -0.002098507 0.999973650 334.217094393
0.999965061 -0.004797228 0.006845717 -0.053879582 0.004791312 0.999988134 0.000880537 -6.454373033 -0.006849860 -0.000847706 0.999976180 335.767737592
0.999975448 -0.003495690 0.006073116 -0.048781482 0.003516665 0.999987877 -0.003446510 -6.498417538 -0.006060995 0.003467782 0.999975619 337.468284392
0.999984347 -0.001983644 0.005231778 -0.044911146 0.001995976 0.999995240 -0.002352811 -6.536432946 -0.005227086 0.002363216 0.999983546 339.017455407
0.999989221 -0.001490390 0.004397334 -0.042092305 0.001486192 0.999998437 0.000957849 -6.574485438 -0.004398755 -0.000951303 0.999989873 340.566833584
0.999994605 -0.000263053 0.003274218 -0.038682574 0.000249060 0.999990838 0.004273312 -6.606406498 -0.003275312 -0.004272473 0.999985509 342.271008684
0.999997717 0.000225655 0.002124761 -0.036270034 -0.000232192 0.999995241 0.003076444 -6.632477793 -0.002124057 -0.003076930 0.999993010 343.813811175
0.999999867 -0.000476588 0.000196478 -0.034544968 0.000476378 0.999999315 0.001068998 -6.657813255 -0.000196988 -0.001068905 0.999999409 345.505969448
0.999997649 -0.001434542 -0.001625764 -0.033982504 0.001438720 0.999995659 0.002571264 -6.681813133 0.001622068 -0.002573597 0.999995373 347.046406822
0.999991967 -0.003043898 -0.002607766 -0.036326428 0.003052938 0.999989321 0.003469426 -6.711311273 0.002597177 -0.003477359 0.999990581 348.583937912
0.999989717 -0.003347041 -0.003059945 -0.041205315 0.003354575 0.999991347 0.002460288 -6.742217492 0.003051684 -0.002470528 0.999992292 350.272214966
0.999986662 -0.003996652 -0.003271463 -0.051836111 0.004001824 0.999990751 0.001575820 -6.776769725 0.003265134 -0.001588891 0.999993407 351.805146896
0.999986256 -0.004080987 -0.003291330 -0.062631592 0.004086361 0.999990326 0.001627633 -6.811582506 0.003284656 -0.001641060 0.999993259 353.491537800
0.999984301 -0.004556497 -0.003261419 -0.074461316 0.004561278 0.999988532 0.001459800 -6.847903951 0.003254731 -0.001474653 0.999993616 355.022772342
0.999981080 -0.005199799 -0.003286703 -0.084633705 0.005202728 0.999986076 0.000882811 -6.885400802 0.003282067 -0.000899894 0.999994209 356.552561212
0.999979580 -0.005401489 -0.003415077 -0.096888918 0.005402204 0.999985388 0.000200139 -6.926835595 0.003413946 -0.000218583 0.999994149 358.233974416
0.999977009 -0.005898137 -0.003345780 -0.108194351 0.005900094 0.999982429 0.000575251 -6.962377460 0.003342329 -0.000594978 0.999994237 359.761987128
0.999979494 -0.005508762 -0.003265761 -0.122030868 0.005507190 0.999984715 -0.000490612 -7.001696533 0.003268414 0.000472616 0.999994547 361.441793073
0.999970548 -0.006976714 -0.003198167 -0.131580478 0.006971359 0.999974284 -0.001682753 -7.038511448 0.003209825 0.001660408 0.999993470 362.969638742
0.999961156 -0.008259631 -0.003076412 -0.140799214 0.008258910 0.999965864 -0.000247285 -7.075669291 0.003078350 0.000221868 0.999995237 364.501160395
0.999944780 -0.010005532 -0.003213390 -0.154817775 0.010008629 0.999949462 0.000948655 -7.117677732 0.003203736 -0.000980764 0.999994387 366.188885815
0.999938971 -0.010582512 -0.003172324 -0.165706927 0.010583458 0.999943954 0.000281141 -7.150654579 0.003169171 -0.000314698 0.999994929 367.722459686
0.999952076 -0.009389123 -0.002773059 -0.185691543 0.009387536 0.999955765 -0.000585633 -7.194058214 0.002778435 0.000559573 0.999995984 369.411935975
0.999969667 -0.007438327 -0.002309987 -0.202133332 0.007439826 0.999972119 0.000640106 -7.229501690 0.002305161 -0.000657273 0.999997127 370.949132921
0.999979888 -0.006082808 -0.001795408 -0.222714108 0.006084498 0.999981050 0.000936794 -7.274411432 0.001789676 -0.000947699 0.999997949 372.639265343
0.999982800 -0.005685875 -0.001438901 -0.236866564 0.005686905 0.999983576 0.000711527 -7.310643594 0.001434832 -0.000719698 0.999998712 374.177381147
0.999982002 -0.005876848 -0.001207443 -0.251023098 0.005876737 0.999982727 -0.000096186 -7.348549486 0.001207987 0.000089088 0.999999266 375.715987010
0.999983332 -0.005701329 -0.000910891 -0.262147345 0.005701013 0.999983688 -0.000350148 -7.384905415 0.000912873 0.000344949 0.999999524 377.412416241
0.999985475 -0.005344635 -0.000695651 -0.269661179 0.005344356 0.999985637 -0.000404187 -7.418678423 0.000697801 0.000400464 0.999999676 378.957525438
0.999991430 -0.004123668 -0.000366601 -0.278116792 0.004123576 0.999991466 -0.000253830 -7.454567126 0.000367645 0.000252316 0.999999901 380.659704854
0.999995844 -0.002882609 -0.000054873 -0.287169933 0.002882634 0.999995749 0.000439476 -7.489711012 0.000053605 -0.000439632 0.999999902 382.209306276
0.999998418 -0.001767471 0.000201626 -0.295123240 0.001767501 0.999998427 -0.000149978 -7.525082113 -0.000201361 0.000150334 0.999999968 383.759808908
