1.000000000 0.000000000 -0.000000000 -0.000000000 0.000000000 1.000000000 0.000000000 0.000000000 -0.000000000 0.000000000 1.000000000 -0.000000000
0.999998135 0.001110818 -0.001580166 0.004871181 -0.001109467 0.999999018 0.000856087 -0.001862178 0.001581116 -0.000854332 0.999998385 1.179705454
0.999989786 0.002471515 -0.003784219 0.008810346 -0.002474546 0.999996621 -0.000796360 -0.003099729 0.003782238 0.000805716 0.999992523 2.470596911
0.999981085 0.003156795 -0.005278602 0.006612155 -0.003174528 0.999989335 -0.003354323 -0.004688250 0.005267957 0.003371016 0.999980442 3.640443539
0.999964138 0.005275140 -0.006625338 0.002240250 -0.005309453 0.999972529 -0.005172058 -0.009095468 0.006597873 0.005207048 0.999964677 4.924468031
0.999956870 0.005588292 -0.007418121 -0.004564526 -0.005623178 0.999973190 -0.004690262 -0.014134500 0.007391712 0.004731772 0.999961486 6.090719294
0.999957220 0.004605919 -0.008021427 -0.005055544 -0.004653419 0.999971691 -0.005913000 -0.021469642 0.007993965 0.005950074 0.999950345 7.251985204
0.999956498 0.003762618 -0.008534936 -0.010006695 -0.003823483 0.999967299 -0.007126171 -0.028278559 0.008507844 0.007158494 0.999938184 8.410414993
0.999952858 0.002941127 -0.009253715 -0.013887088 -0.002995324 0.999978413 -0.005848277 -0.036653001 0.009236315 0.005875718 0.999940081 9.685225777
0.999948317 0.002592978 -0.009830533 -0.017928995 -0.002626733 0.999990694 -0.003422244 -0.044762366 0.009821569 0.003447888 0.999945823 10.845879466
0.999943191 0.003158673 -0.010180207 -0.023013469 -0.003175379 0.999993638 -0.001625209 -0.052097366 0.010175009 0.001657443 0.999946860 12.000743570
0.999928233 0.003633970 -0.011415880 -0.022964919 -0.003645647 0.999992852 -0.001002218 -0.058724303 0.011412156 0.001043764 0.999934334 13.259799042
0.999895894 0.002476793 -0.014214995 -0.033578956 -0.002500851 0.999995470 -0.001674925 -0.060409351 0.014210783 0.001710300 0.999897559 14.400798784
0.999837999 0.000919836 -0.017975813 -0.048006534 -0.000977517 0.999994401 -0.003200293 -0.063346745 0.017972769 0.003217346 0.999833300 15.653213970
0.999773530 -0.002382280 -0.021147417 -0.057627408 0.002295312 0.999988813 -0.004135783 -0.068410273 0.021157034 0.004086306 0.999767814 16.790476803
0.999699733 -0.003298863 -0.024280888 -0.060403904 0.003154303 0.999977087 -0.005989578 -0.077696812 0.024300092 0.005911189 0.999687233 18.037936648
0.999638790 -0.004854393 -0.026433396 -0.063599547 0.004705008 0.999972625 -0.005710694 -0.088010512 0.026460396 0.005584262 0.999634265 19.172737854
0.999590869 -0.005037911 -0.028155161 -0.059864506 0.004923752 0.999979380 -0.004122555 -0.101015029 0.028175350 0.003982239 0.999595064 20.307925130
0.999549139 -0.005826725 -0.029454512 -0.069445177 0.005738613 0.999978806 -0.003075122 -0.110175523 0.029471806 0.002904707 0.999561391 21.437709070
0.999500982 -0.006304339 -0.030952264 -0.079528576 0.006200731 0.999974851 -0.003442220 -0.119047890 0.030973188 0.003248575 0.999514937 22.675645424
0.999456867 -0.006884602 -0.032226909 -0.093867965 0.006763142 0.999969616 -0.003876422 -0.127243159 0.032252619 0.003656361 0.999473061 23.796255570
0.999410266 -0.006763145 -0.033665717 -0.116478203 0.006593466 0.999965008 -0.005148629 -0.134464576 0.033699361 0.004923619 0.999419887 24.911554645
0.999361064 -0.008113585 -0.034808512 -0.130885826 0.007897287 0.999948673 -0.006346954 -0.145026340 0.034858223 0.006068005 0.999373846 26.131927288
0.999325937 -0.007610171 -0.035913183 -0.143703266 0.007371004 0.999949799 -0.006787327 -0.154326981 0.035963034 0.006518035 0.999331864 27.236035538
0.999328699 -0.005532401 -0.036215236 -0.158804023 0.005380058 0.999976271 -0.004302718 -0.164580759 0.036238182 0.004104989 0.999334750 28.449013152
0.999334359 -0.004338852 -0.036221720 -0.168993799 0.004240611 0.999987120 -0.002788606 -0.175915856 0.036233354 0.002633147 0.999339887 29.552372164
0.999332135 -0.003085815 -0.036411012 -0.175432028 0.002967824 0.999990170 -0.003294167 -0.189500521 0.036420821 0.003183905 0.999331470 30.660417935
0.999338717 -0.003457203 -0.036196361 -0.192564316 0.003283599 0.999982826 -0.004854540 -0.200493270 0.036212524 0.004732475 0.999332906 31.871633046
0.999344449 -0.004511621 -0.035920984 -0.203603469 0.004268023 0.999967394 -0.006855298 -0.214410784 0.035950742 0.006697492 0.999331120 32.971046468
0.999365586 -0.005655928 -0.035163002 -0.211108965 0.005395633 0.999957370 -0.007493057 -0.230830768 0.035203884 0.007298576 0.999353500 34.073865090
0.999405918 -0.007047182 -0.033736458 -0.200832293 0.006847453 0.999958362 -0.006032187 -0.256602071 0.033777565 0.005797594 0.999412559 35.291536495
0.999466363 -0.007757863 -0.031730200 -0.199002886 0.007612101 0.999959925 -0.004712051 -0.275445342 0.031765485 0.004468002 0.999485363 36.389943406
0.999540338 -0.008167161 -0.029196055 -0.185898568 0.008047807 0.999958782 -0.004203239 -0.296684071 0.029229181 0.003966342 0.999564867 37.482460719
0.999629114 -0.008228694 -0.025960015 -0.165290838 0.008124231 0.999958482 -0.004126953 -0.319836503 0.025992897 0.003914516 0.999654463 38.680120403
0.999689909 -0.009669466 -0.022947467 -0.145585208 0.009581254 0.999946293 -0.003950971 -0.338088956 0.022984439 0.003729880 0.999728865 39.762218882
0.999751060 -0.010455985 -0.019710146 -0.122485895 0.010392053 0.999940412 -0.003343344 -0.361387531 0.019743931 0.003137682 0.999800146 40.850547614
0.999795273 -0.012282119 -0.016079822 -0.104084713 0.012239297 0.999921291 -0.002758915 -0.378856754 0.016112442 0.002561545 0.999866905 42.036487045
0.999825145 -0.013854975 -0.012558628 -0.078004441 0.013820679 0.999900531 -0.002813685 -0.397824584 0.012596363 0.002639624 0.999917179 43.113794847
0.999867798 -0.013814175 -0.008576393 -0.058286935 0.013791024 0.999901110 -0.002752882 -0.414438999 0.008613574 0.002634241 0.999959433 44.183475793
0.999892043 -0.014065921 -0.004248867 -0.030046418 0.014054864 0.999897788 -0.002621781 -0.432646701 0.004285311 0.002561780 0.999987537 45.360429239
0.999929784 -0.011842968 -0.000413991 -0.005199435 0.011841690 0.999925481 -0.002967565 -0.446623890 0.000449105 0.002962454 0.999995511 46.428197846
0.999925662 -0.011531759 0.003960841 0.033303298 0.011548222 0.999924669 -0.004158685 -0.464810250 -0.003912586 0.004204116 0.999983508 47.609411934
0.999910335 -0.011108731 0.007477822 0.071166302 0.011145791 0.999925718 -0.004932521 -0.480385764 -0.007422473 0.005015424 0.999959875 48.685784103
0.999867811 -0.012132141 0.010824575 0.113624854 0.012191219 0.999911057 -0.005408461 -0.496464531 -0.010757996 0.005539710 0.999926786 49.762253282
0.999809051 -0.013734995 0.013900048 0.161708554 0.013811573 0.999889882 -0.005428128 -0.516278913 -0.013823962 0.005619072 0.999888656 50.951417671
0.999774292 -0.014146471 0.015850637 0.201260992 0.014231538 0.999884856 -0.005266732 -0.531333832 -0.015774307 0.005491122 0.999860500 52.032018697
0.999742780 -0.014898716 0.017099744 0.243560278 0.014994073 0.999872665 -0.005461801 -0.547698399 -0.017016193 0.005716790 0.999838871 53.115906107
0.999722215 -0.014784810 0.018354915 0.280583444 0.014912550 0.999865392 -0.006842058 -0.560640544 -0.018251287 0.007113875 0.999808123 54.299224054
0.999762130 -0.010547373 0.019090193 0.296359319 0.010709451 0.999907304 -0.008407809 -0.573115514 -0.018999743 0.008610253 0.999782413 55.374010057
0.999771324 -0.009459599 0.019178510 0.317306971 0.009577966 0.999935589 -0.006089372 -0.585601046 -0.019119672 0.006271670 0.999797532 56.450095134
0.999792610 -0.008924236 0.018305591 0.340754354 0.008995015 0.999952370 -0.003787754 -0.600329508 -0.018270917 0.003951627 0.999825264 57.633933550
0.999776427 -0.011042119 0.018032416 0.362705084 0.011057402 0.999938585 -0.000747926 -0.608011702 -0.018023050 0.000947151 0.999837123 58.712035852
0.999757439 -0.014408905 0.016656718 0.386429591 0.014411643 0.999896146 -0.000044236 -0.612845904 -0.016654351 0.000284276 0.999861266 59.787811455
0.999760599 -0.015517686 0.015425488 0.406206095 0.015524421 0.999879439 -0.000316798 -0.619077740 -0.015418713 0.000556194 0.999880970 60.971945592
0.999749357 -0.016889409 0.014695959 0.429588548 0.016927150 0.999853730 -0.002447365 -0.625606027 -0.014652475 0.002695512 0.999889013 62.048912533
0.999794937 -0.014888165 0.013726876 0.440218421 0.014964159 0.999873178 -0.005449963 -0.630021113 -0.013643996 0.005654256 0.999890929 63.240884926
0.999843998 -0.012646276 0.012330923 0.446127260 0.012732856 0.999894654 -0.006968177 -0.638119290 -0.012241503 0.007124097 0.999899691 64.325591975
0.999861216 -0.013146271 0.010233487 0.448080125 0.013218637 0.999887875 -0.007036059 -0.648828432 -0.010139842 0.007170354 0.999922882 65.414498803
0.999899758 -0.012340235 0.006942085 0.446705358 0.012383597 0.999903862 -0.006238080 -0.660123136 -0.006864438 0.006323422 0.999956446 66.613483240
0.999921588 -0.012195859 0.002842202 0.421481824 0.012211208 0.999910608 -0.005446322 -0.669601785 -0.002775525 0.005480601 0.999981130 67.703644308
0.999950825 -0.009824832 -0.001349064 0.405001156 0.009816139 0.999931931 -0.006306836 -0.678219728 0.001410935 0.006293282 0.999979202 68.791105245
0.999957149 -0.007549684 -0.005357515 0.373877997 0.007511205 0.999946110 -0.007166541 -0.690062291 0.005411332 0.007125992 0.999959968 69.991191488
0.999958297 -0.004689661 -0.007836476 0.345044449 0.004640296 0.999969352 -0.006305803 -0.701813420 0.007865808 0.006269176 0.999949412 71.086092997
0.999946325 -0.003957887 -0.009575107 0.315848589 0.003896466 0.999971769 -0.006424823 -0.712199013 0.009600265 0.006387168 0.999933517 72.183951724
0.999929403 -0.003311940 -0.011411435 0.277422301 0.003238566 0.999974004 -0.006442358 -0.718921867 0.011432476 0.006404946 0.999914134 73.395621529
0.999891919 -0.006825276 -0.013021732 0.252628224 0.006718096 0.999943343 -0.008256972 -0.725680088 0.013077351 0.008168598 0.999881121 74.496210547
0.999855225 -0.007775120 -0.015135288 0.220236093 0.007588557 0.999895001 -0.012345071 -0.735618841 0.015229684 0.012228427 0.999809243 75.599249955
0.999801237 -0.010212187 -0.017123009 0.196544247 0.009965047 0.999845834 -0.014457048 -0.749832431 0.017268008 0.014283541 0.999748867 76.816046546
0.999763620 -0.010068806 -0.019269741 0.158927530 0.009880321 0.999902656 -0.009851816 -0.765080004 0.019367062 0.009659095 0.999765782 77.929073017
0.999736595 -0.009289392 -0.020986839 0.123994437 0.009216867 0.999951223 -0.003549903 -0.775717061 0.021018793 0.003355535 0.999773450 79.043832719
0.999699389 -0.007793894 -0.023246223 0.076679903 0.007785316 0.999969588 -0.000459542 -0.778984097 0.023249098 0.000278425 0.999729664 80.277867567
0.999648578 -0.007166348 -0.025521826 0.033799728 0.007138937 0.999973839 -0.001165029 -0.777247128 0.025529508 0.000982421 0.999673586 81.398718776
0.999589085 -0.006378151 -0.027946024 -0.012122930 0.006272294 0.999972825 -0.003873960 -0.775343270 0.027969974 0.003697082 0.999601927 82.521840915
0.999504828 -0.004029584 -0.031206758 -0.071512047 0.003826241 0.999971077 -0.006572982 -0.773850701 0.031232343 0.006450322 0.999491338 83.762114312
0.999401431 -0.003669689 -0.034399308 -0.126500066 0.003415001 0.999966345 -0.007459698 -0.773976414 0.034425526 0.007337759 0.999380328 84.889256629
0.999259930 -0.001422258 -0.038439167 -0.200508496 0.001184464 0.999980027 -0.006208318 -0.773266555 0.038447231 0.006158193 0.999241656 86.132721543
0.999104888 -0.000375879 -0.042299901 -0.259221654 0.000132331 0.999983401 -0.005760294 -0.774867624 0.042301365 0.005749540 0.999088353 87.268465488
0.998911992 0.001159152 -0.046620698 -0.328921410 -0.001461826 0.999978074 -0.006458691 -0.776210441 0.046612191 0.006519815 0.998891784 88.405837266
0.998690985 0.002264507 -0.051099791 -0.405194396 -0.002645588 0.999969185 -0.007391164 -0.777385252 0.051081481 0.007516677 0.998666201 89.659977877
0.998450388 0.004229393 -0.055488143 -0.483574742 -0.004609631 0.999966753 -0.006726379 -0.777015898 0.055457852 0.006971735 0.998436689 90.797406988
0.998213290 0.004477991 -0.059583353 -0.555119176 -0.004806555 0.999974018 -0.005372162 -0.781706343 0.059557750 0.005648953 0.998208878 91.940978232
0.997883902 0.005975627 -0.064745739 -0.649237861 -0.006296190 0.999968906 -0.004748185 -0.781591614 0.064715354 0.005145789 0.997890497 93.200473907
0.997552182 0.006557755 -0.069617814 -0.737545695 -0.006954831 0.999960893 -0.005462790 -0.783397493 0.069579270 0.005933598 0.997558779 94.340659475
0.997215538 0.007348201 -0.074210336 -0.827331571 -0.007870631 0.999946245 -0.006749844 -0.786785344 0.074156750 0.007315131 0.997219768 95.479404155
0.996884384 0.008518601 -0.078415287 -0.931225083 -0.009053148 0.999938127 -0.006463884 -0.790568723 0.078355375 0.007153650 0.996899825 96.731512613
0.996593488 0.010523349 -0.081796573 -1.027980102 -0.010946586 0.999928909 -0.004727503 -0.795509421 0.081741012 0.005606792 0.996637833 97.871985958
0.996350064 0.010698713 -0.084688174 -1.132372916 -0.011008433 0.999934314 -0.003191013 -0.800070364 0.084648475 0.004111650 0.996402394 99.008411261
0.996072848 0.011451923 -0.087793704 -1.242770333 -0.011692261 0.999929170 -0.002223734 -0.809049166 0.087762023 0.003241508 0.996136196 100.259340126
0.995884588 0.011686481 -0.089873874 -1.347398754 -0.011900836 0.999927472 -0.001849530 -0.815582763 0.089845745 0.002911492 0.995951437 101.393926856
0.995637598 0.012385307 -0.092479065 -1.460668461 -0.012656357 0.999917155 -0.002344980 -0.822404510 0.092442364 0.003505198 0.995711868 102.646492634
0.995423313 0.012062872 -0.094799338 -1.569398306 -0.012310570 0.999922165 -0.002028433 -0.827664310 0.094767494 0.003186183 0.995494335 103.786060295
0.995198801 0.011725477 -0.097169235 -1.676589203 -0.012013643 0.999924999 -0.002381041 -0.835495636 0.097134032 0.003536965 0.995265025 104.925410235
0.994939799 0.011994655 -0.099754323 -1.795640810 -0.012442325 0.999915115 -0.003866752 -0.850963300 0.099699479 0.005088361 0.995004584 106.172446967
0.994746110 0.011377296 -0.101738558 -1.903141432 -0.011923272 0.999917586 -0.004759927 -0.865769135 0.101676022 0.005947975 0.994799783 107.305421863
0.994539180 0.013818444 -0.103445012 -2.018321273 -0.014392448 0.999884881 -0.004804474 -0.878347610 0.103366717 0.006267064 0.994623570 108.436053228
0.994379764 0.013850943 -0.104962073 -2.146707823 -0.014297074 0.999891669 -0.003499133 -0.892640105 0.104902240 0.004980118 0.994470069 109.674238689
0.994156855 0.016226803 -0.106718502 -2.266856275 -0.016453729 0.999863852 -0.001246188 -0.901841949 0.106683754 0.002994823 0.994288493 110.803217706
0.994091502 0.014400897 -0.107585781 -2.385538397 -0.014407528 0.999895950 0.000715706 -0.908263231 0.107584897 0.000838568 0.994195548 111.930289206
0.993921260 0.017028038 -0.108768447 -2.520109282 -0.017166666 0.999852585 -0.000338184 -0.915768609 0.108746658 0.002203320 0.994067055 113.173312527
0.993783403 0.017778088 -0.109902170 -2.642952223 -0.018570251 0.999808406 -0.006188436 -0.919002355 0.109771098 0.008190875 0.993923144 114.300295636
0.993662410 0.018299129 -0.110906072 -2.779552069 -0.019379689 0.999774580 -0.008672760 -0.924872207 0.110722371 0.010767120 0.993793050 115.550914876
0.993589357 0.017888192 -0.111625271 -2.903202214 -0.019022654 0.999777582 -0.009106275 -0.937936587 0.111437553 0.011171306 0.993708646 116.692697150
0.993558841 0.015646255 -0.112232013 -3.025018598 -0.016812625 0.999813966 -0.009453499 -0.951116437 0.112063226 0.011279521 0.993637060 117.843192182
0.993513960 0.010997498 -0.113177144 -3.157144252 -0.012336755 0.999861846 -0.011139685 -0.964901857 0.113039003 0.012463670 0.993512376 119.112858920
0.993445447 0.008042222 -0.114023976 -3.279192863 -0.009365658 0.999894801 -0.011075679 -0.976892758 0.113922912 0.012070991 0.993416258 120.273890088
0.993367771 0.005524633 -0.114847508 -3.403549908 -0.006602434 0.999937645 -0.009006343 -0.988645957 0.114790594 0.009704883 0.993342305 121.441924355
0.993287410 0.005955710 -0.115519050 -3.546792033 -0.006869289 0.999948190 -0.007511971 -1.000062476 0.115468330 0.008255080 0.993276859 122.732856123
0.993254765 0.006258018 -0.115783457 -3.679739279 -0.007214151 0.999943238 -0.007840726 -1.008886911 0.115727822 0.008623117 0.993243532 123.911122398
0.993169450 0.007636132 -0.116430807 -3.815603434 -0.008660875 0.999928064 -0.008297908 -1.016620758 0.116359072 0.009249621 0.993164141 125.095714553
0.993114373 0.007850937 -0.116885431 -3.964656388 -0.008828343 0.999930242 -0.007846686 -1.025040766 0.116815678 0.008824561 0.993114407 126.409564344
0.993016832 0.008018655 -0.117699926 -4.101219425 -0.009013083 0.999928024 -0.007918982 -1.033093671 0.117627959 0.008924521 0.993017632 127.611435680
0.992921436 0.006823499 -0.118576815 -4.251691074 -0.007897630 0.999931909 -0.008590971 -1.041407793 0.118510125 0.009466634 0.992907717 128.943686950
0.992821660 0.005825970 -0.119462169 -4.390585274 -0.007091071 0.999923165 -0.010167613 -1.050512309 0.119393758 0.010941740 0.992786689 130.162586136
0.992700577 0.005726215 -0.120468979 -4.533003892 -0.007292487 0.999894470 -0.012564599 -1.060852929 0.120384323 0.013351402 0.992637575 131.390290828
0.992576396 0.005349735 -0.121505055 -4.678004296 -0.007081858 0.999879307 -0.013828189 -1.072920482 0.121416418 0.014586014 0.992494485 132.628075908
0.992411733 0.006513991 -0.122786481 -4.842399965 -0.008269419 0.999870685 -0.013792386 -1.088001437 0.122680764 0.014703097 0.992337266 134.001439258
0.992303519 0.006914488 -0.123636225 -4.994417214 -0.008349595 0.999903609 -0.011093109 -1.099758762 0.123547609 0.012040043 0.992265603 135.261831756
0.992185986 0.007033360 -0.124569262 -5.163588051 -0.008012834 0.999940784 -0.007363589 -1.110417876 0.124510099 0.008304202 0.992183590 136.659002465
0.992061023 0.005899731 -0.125618944 -5.317882090 -0.006923440 0.999946276 -0.007714280 -1.118273637 0.125566688 0.008522751 0.992048572 137.935182560
0.991925095 0.003258235 -0.126783237 -5.472647835 -0.004595519 0.999936838 -0.010256723 -1.125665807 0.126741815 0.010756535 0.991877417 139.219020186
0.991759194 0.001485233 -0.128107359 -5.646857266 -0.003183100 0.999909782 -0.013049757 -1.136529611 0.128076425 0.013349993 0.991674446 140.640581946
0.991652196 0.000058239 -0.128941531 -5.808696822 -0.001803264 0.999908365 -0.013416759 -1.148264090 0.128928939 0.013537273 0.991561431 141.944624043
0.991535565 0.001765351 -0.129823368 -5.976487662 -0.003434310 0.999914304 -0.012632864 -1.161867187 0.129789946 0.012971786 0.991456657 143.258981844
0.991427977 0.002625637 -0.130627991 -6.164000013 -0.004110485 0.999929959 -0.011098669 -1.175527769 0.130589705 0.011540475 0.991369329 144.714489160
0.991332745 0.004077701 -0.131311696 -6.337473478 -0.005545610 0.999926138 -0.010815064 -1.187039923 0.131257901 0.011449529 0.991282136 146.045084297
0.991211484 0.003790717 -0.132232461 -6.528227639 -0.005488195 0.999907123 -0.012474978 -1.200595271 0.132172895 0.013091057 0.991140227 147.515445298
0.991088774 0.002900167 -0.133171430 -6.701923464 -0.004606258 0.999911200 -0.012504940 -1.213913310 0.133123343 0.013006926 0.991014125 148.859707543
0.990959904 0.001891765 -0.134145027 -6.876756576 -0.003282045 0.999943166 -0.010143629 -1.228383812 0.134118219 0.010492198 0.990909793 150.209129433
0.990815895 0.001577993 -0.135208625 -7.053829145 -0.002693244 0.999963844 -0.008065852 -1.241610971 0.135191013 0.008355924 0.990784320 151.560176592
0.990638389 0.002347354 -0.136492022 -7.252107449 -0.003353039 0.999968898 -0.007138647 -1.255369100 0.136471025 0.007529480 0.990615449 153.043316204
0.990460640 0.003125466 -0.137760485 -7.435550170 -0.004151772 0.999965725 -0.007163209 -1.267765427 0.137733380 0.007666826 0.990439668 154.389212696
0.990256898 0.003986620 -0.139195484 -7.639145001 -0.005046945 0.999960871 -0.007265369 -1.281835769 0.139161079 0.007897093 0.990238270 155.867443650
0.990066336 0.003492439 -0.140557648 -7.824624686 -0.004564949 0.999962871 -0.007308695 -1.294988262 0.140526909 0.007877731 0.990045519 157.211274178
0.989831340 0.002242104 -0.142228306 -8.002232599 -0.003309566 0.999968103 -0.007269155 -1.296791218 0.142207477 0.007665950 0.989807187 158.560119365
0.989586469 0.000445917 -0.143938951 -8.198078201 -0.001262613 0.999983620 -0.005582608 -1.296882645 0.143934110 0.005706213 0.989570822 160.044626187
0.989378100 -0.000789009 -0.145362826 -8.380893753 0.000236047 0.999992671 -0.003821223 -1.298981929 0.145364781 0.003746322 0.989371036 161.390173289
0.989190200 -0.001184092 -0.146633369 -8.567097971 0.001013898 0.999998723 -0.001235409 -1.299976094 0.146634650 0.001073383 0.989190137 162.734144214
0.989028359 0.000085410 -0.147725752 -8.775255475 0.000400214 0.999994614 0.003257611 -1.296194282 0.147725240 -0.003280990 0.989022997 164.213380288
0.988946338 0.001205107 -0.148268972 -8.966700975 -0.000743981 0.999994713 0.003165486 -1.293709044 0.148272008 -0.003020186 0.988942006 165.549541433
0.988954239 0.002683228 -0.148196875 -9.158588315 -0.003349509 0.999985374 -0.004246522 -1.291885784 0.148183318 0.004696003 0.988948761 166.875313525
0.988962135 0.004365524 -0.148104140 -9.372043709 -0.006298620 0.999900958 -0.012585762 -1.299430956 0.148034533 0.013379692 0.988891683 168.328152238
0.988958959 0.004421095 -0.148123700 -9.562927229 -0.006468384 0.999890061 -0.013342610 -1.312595402 0.148048432 0.014153413 0.988878832 169.654286976
0.988973624 0.002275600 -0.148074278 -9.750767000 -0.003675277 0.999951112 -0.009179606 -1.328815586 0.148046155 0.009622601 0.988933639 170.982630690
0.988919286 -0.000480244 -0.148453411 -9.955129069 -0.000829751 0.999961267 -0.008762224 -1.342624192 0.148451874 0.008788311 0.988880583 172.438045888
