1.000000000 0.000000000 0.000000000 0.000000000 0.000000000 1.000000000 0.000000000 0.000000000 -0.000000000 0.000000000 1.000000000 0.000000000
0.999998907 0.000486800 0.001395984 0.013171971 -0.000485965 0.999999703 -0.000598376 -0.025272638 -0.001396275 0.000597697 0.999998847 1.690318588
0.999995703 0.000589325 0.002871530 0.027585819 -0.000588233 0.999999754 -0.000381132 -0.049860358 -0.002871754 0.000379442 0.999995805 3.237610171
0.999989662 0.000993854 0.004437208 0.043958685 -0.000997189 0.999999222 0.000749428 -0.068960001 -0.004436459 -0.000753845 0.999989875 4.781758425
0.999976133 0.001731485 0.006688493 0.052355128 -0.001737058 0.999998149 0.000827390 -0.090739789 -0.006687047 -0.000838988 0.999977289 6.470112873
0.999954596 0.002378520 0.009227631 0.066572492 -0.002381795 0.999997104 0.000343943 -0.111825872 -0.009226786 -0.000365905 0.999957365 8.000646340
0.999919219 0.002938992 0.012366029 0.085159256 -0.002958372 0.999994424 0.001549181 -0.136380204 -0.012361407 -0.001585639 0.999922338 9.684118403
0.999889604 0.002147717 0.014702627 0.108729993 -0.002186827 0.999994112 0.002644449 -0.172130052 -0.014696860 -0.002676309 0.999888414 11.212134959
0.999862137 0.001447135 0.016541237 0.135420316 -0.001502690 0.999993271 0.003346658 -0.210814302 -0.016536283 -0.003371053 0.999857584 12.738974310
0.999830718 0.000141256 0.018398776 0.163398656 -0.000205822 0.999993828 0.003507444 -0.257285591 -0.018398166 -0.003510637 0.999824576 14.417391028
0.999797445 -0.000702947 0.020114050 0.194840510 0.000634371 0.999993966 0.003415508 -0.293491573 -0.020116329 -0.003402056 0.999791858 15.940416798
0.999760522 -0.001362282 0.021841313 0.227861414 0.001276090 0.999991346 0.003959722 -0.330644301 -0.021846517 -0.003930902 0.999753608 17.463595314
0.999721276 -0.001480732 0.023562229 0.271431623 0.001442999 0.999997649 0.001618328 -0.370427323 -0.023564569 -0.001583877 0.999721062 19.131942260
0.999681097 -0.000501275 0.025247846 0.316818096 0.000466962 0.999998959 0.001364937 -0.426518770 -0.025248503 -0.001352711 0.999680291 20.646196916
0.999633679 0.000648447 0.027057118 0.367802575 -0.000727576 0.999995487 0.002914765 -0.472168078 -0.027055104 -0.002933384 0.999629640 22.311348927
0.999599400 0.000538155 0.028297511 0.417186734 -0.000630154 0.999994545 0.003242319 -0.512208839 -0.028295611 -0.003258852 0.999594287 23.820502539
0.999568255 0.000374061 0.029379636 0.466489022 -0.000419790 0.999998710 0.001550355 -0.549170591 -0.029379017 -0.001562019 0.999567123 25.322744543
0.999535963 -0.000160742 0.030460358 0.523458312 0.000188527 0.999999569 -0.000909281 -0.596210466 -0.030460198 0.000914601 0.999535562 26.969642175
0.999507427 -0.000655462 0.031376338 0.577407453 0.000691527 0.999999113 -0.001138592 -0.639087180 -0.031375563 0.001159728 0.999506993 28.468523518
0.999485096 -0.000351313 0.032084580 0.622737790 0.000338978 0.999999867 0.000389908 -0.688364174 -0.032084711 -0.000378832 0.999485081 30.119531656
0.999457585 -0.000778714 0.032923081 0.661196154 0.000681145 0.999995344 0.002974680 -0.717497832 -0.032925243 -0.002950641 0.999453462 31.618094350
0.999423110 -0.000942457 0.033949346 0.705628559 0.000783127 0.999988619 0.004706161 -0.746835836 -0.033953394 -0.004676859 0.999412474 33.109294556
0.999394550 -0.001575777 0.034757007 0.748067681 0.001435296 0.999990702 0.004066390 -0.777622476 -0.034763090 -0.004014041 0.999387520 34.745168813
0.999364855 -0.002398681 0.035554648 0.795321342 0.002296679 0.999993130 0.002909460 -0.799472295 -0.035561381 -0.002825954 0.999363498 36.221356902
0.999339631 -0.001683460 0.036296950 0.842766397 0.001626159 0.999997385 0.001608148 -0.827267084 -0.036299561 -0.001548061 0.999339755 37.696522473
0.999300193 -0.001313893 0.037381778 0.902080860 0.001314239 0.999999136 0.000015316 -0.862739266 -0.037381765 0.000033823 0.999301057 39.312408498
0.999225834 0.000372433 0.039339468 0.951030337 -0.000330546 0.999999372 -0.001071243 -0.887349725 -0.039339841 0.001057409 0.999225329 40.773985806
0.999109507 0.001460510 0.042167057 1.017873775 -0.001410570 0.999998268 -0.001214076 -0.923416633 -0.042168756 0.001153515 0.999109836 42.377530284
0.999013299 0.001887746 0.044371886 1.092210950 -0.001847420 0.999997842 -0.000949826 -0.965354219 -0.044373582 0.000866915 0.999014631 43.823114774
0.998941804 0.002012357 0.045948033 1.170655557 -0.002013101 0.999997973 -0.000030080 -1.011309707 -0.045947999 -0.000062450 0.998943831 45.266310254
0.998846124 0.002332337 0.047968531 1.259698108 -0.002384893 0.999996617 0.001038413 -1.061424732 -0.047965945 -0.001151614 0.998848308 46.848690325
0.998730121 0.002294066 0.050327763 1.341859655 -0.002407879 0.999994679 0.002200919 -1.100057073 -0.050322444 -0.002319308 0.998730330 48.284723392
0.998589242 0.002675980 0.053031734 1.425915812 -0.002842905 0.999991239 0.003072459 -1.136038391 -0.053023046 -0.003218889 0.998588101 49.717602372
0.998434780 0.002643311 0.055865936 1.527771747 -0.002787559 0.999992979 0.002504264 -1.174656405 -0.055858922 -0.002656074 0.998435139 51.280327334
0.998309972 0.002873853 0.058042584 1.616086654 -0.002980155 0.999994037 0.001744963 -1.206607948 -0.058037221 -0.001914990 0.998312583 52.702019296
0.998187332 0.001782004 0.060157089 1.727618107 -0.001852929 0.999997652 0.001123230 -1.236713225 -0.060154944 -0.001232661 0.998188290 54.258470719
0.998086819 0.001136880 0.061817556 1.827676252 -0.001180249 0.999999082 0.000665051 -1.260702569 -0.061816741 -0.000736739 0.998087245 55.674683514
0.997993595 0.001668517 0.063292980 1.928258903 -0.001661937 0.999998607 -0.000156604 -1.285764097 -0.063293151 0.000051100 0.997994977 57.089914335
0.997871867 0.002222803 0.065167445 2.039410257 -0.002149217 0.999996971 -0.001199273 -1.313443112 -0.065169911 0.001056662 0.997873622 58.645621906
0.997749880 0.003285842 0.066965515 2.138083475 -0.003139159 0.999992438 -0.002295538 -1.324645851 -0.066972549 0.002080157 0.997752650 60.053345412
0.997619935 0.003850395 0.068845037 2.243871860 -0.003775136 0.999992126 -0.001223254 -1.343716288 -0.068849203 0.000960443 0.997626616 61.606858847
0.997525193 0.003037348 0.070244311 2.344233266 -0.003103008 0.999994845 0.000825633 -1.354254057 -0.070241438 -0.001041559 0.997529476 63.017571924
0.997428663 0.001720137 0.071645685 2.448171310 -0.001856131 0.999996600 0.001831600 -1.364412436 -0.071642289 -0.001959874 0.997428464 64.427660042
0.997300553 0.001634446 0.073409372 2.560201347 -0.001696875 0.999998250 0.000788054 -1.374795160 -0.073407953 -0.000910494 0.997301581 65.976291020
0.997117654 0.002426069 0.075832043 2.660621752 -0.002414925 0.999997056 -0.000238663 -1.383249265 -0.075832396 0.000054847 0.997120577 67.384645203
0.996870876 0.004231226 0.078933849 2.759138408 -0.004201106 0.999991025 -0.000547657 -1.391494603 -0.078935455 0.000214334 0.996879706 68.794638323
0.996590245 0.005155898 0.082348648 2.868848730 -0.005051976 0.999986158 -0.001470286 -1.408846526 -0.082355085 0.001049249 0.996602498 70.345439066
0.996370204 0.005503056 0.084947829 2.981758034 -0.005312685 0.999982845 -0.002466938 -1.420936324 -0.084959944 0.002006682 0.996382347 71.752020150
0.996165937 0.005483132 0.087311867 3.104152948 -0.005172428 0.999979462 -0.003784400 -1.440415371 -0.087330821 0.003318275 0.996173839 73.308869895
0.995984211 0.004827412 0.089398815 3.222200748 -0.004554756 0.999984334 -0.003253642 -1.466846321 -0.089413118 0.002833385 0.995990595 74.726111169
0.995820805 0.004095910 0.091236765 3.342340428 -0.003899782 0.999989686 -0.002327840 -1.486287398 -0.091245355 0.001962308 0.995826508 76.138625630
0.995634176 0.003117531 0.093289169 3.481147465 -0.002985255 0.999994331 -0.001557428 -1.515239635 -0.093293492 0.001272136 0.995637839 77.690036054
0.995492048 0.002233840 0.094818738 3.609857762 -0.002101607 0.999996675 -0.001494427 -1.543610235 -0.094821758 0.001288417 0.995493432 79.098629241
0.995347814 0.001974268 0.096326688 3.748127991 -0.001736193 0.999995228 -0.002555302 -1.566140236 -0.096331269 0.002376172 0.995346492 80.497864366
0.995227359 0.002051935 0.097561744 3.901733697 -0.001802140 0.999994869 -0.002648427 -1.590069936 -0.097566675 0.002459967 0.995225950 82.034784805
0.995109068 0.002146777 0.098758973 4.041073636 -0.002087258 0.999997572 -0.000705987 -1.612881585 -0.098760246 0.000496398 0.995111133 83.431180855
0.994975865 0.001918091 0.100096696 4.197588244 -0.002163009 0.999994927 0.002338342 -1.634186232 -0.100091699 -0.002543104 0.994974967 84.962148787
0.994858954 0.001114281 0.101264109 4.344148327 -0.001494806 0.999992104 0.003681943 -1.655480426 -0.101259204 -0.003814384 0.994852765 86.349713818
0.994769096 0.000828946 0.102145777 4.490123796 -0.001157741 0.999994338 0.003159638 -1.676769800 -0.102142576 -0.003261369 0.994764423 87.733771382
0.994641210 0.000375107 0.103386280 4.654805172 -0.000487432 0.999999318 0.001061191 -1.693070757 -0.103385808 -0.001105898 0.994640715 89.248528173
0.994536328 0.001421192 0.104381383 4.806383634 -0.001347924 0.999998793 -0.000772470 -1.705810810 -0.104382351 0.000627551 0.994537043 90.622359843
0.994422513 0.002051784 0.105449779 4.964226061 -0.001829842 0.999995903 -0.002201425 -1.718442213 -0.105453860 0.001996190 0.994422193 91.993079941
0.994301965 0.002865970 0.106561668 5.137671484 -0.002391852 0.999986666 -0.004576779 -1.745596086 -0.106573360 0.004295820 0.994295562 93.499222302
0.994211346 0.002454260 0.107414044 5.303059483 -0.001822006 0.999980437 -0.005983881 -1.774624957 -0.107426625 0.005753532 0.994196367 94.865343096
0.994134260 0.002225424 0.108130114 5.479860945 -0.001508363 0.999976331 -0.006712811 -1.813559275 -0.108142489 0.006510334 0.994114087 96.365496520
0.994039273 0.001854438 0.109006817 5.646229533 -0.001250709 0.999983501 -0.005606557 -1.857211513 -0.109015411 0.005436801 0.994025191 97.725616626
0.993843632 0.002709692 0.110758714 5.805056786 -0.002250166 0.999988336 -0.004273687 -1.882973204 -0.110768999 0.003998150 0.993838137 99.081122410
0.993501929 0.002877054 0.113778912 5.981905747 -0.002537605 0.999991888 -0.003128139 -1.903516810 -0.113786985 0.002819086 0.993501170 100.566171654
0.993227174 0.002752681 0.116155948 6.149146263 -0.002447055 0.999993159 -0.002773693 -1.916704259 -0.116162785 0.002470666 0.993227115 101.908089539
0.993061084 0.000835900 0.117596707 6.336182712 -0.000493163 0.999995546 -0.002943587 -1.933320898 -0.117598639 0.002865166 0.993057073 103.373496283
0.992988249 -0.000170500 0.118212984 6.504393602 0.000484267 0.999996436 -0.002625534 -1.954212609 -0.118212111 0.002664370 0.992984792 104.695876277
0.992871089 -0.000641398 0.119191399 6.671997472 0.000949007 0.999996364 -0.002524063 -1.974021876 -0.119189343 0.002619182 0.992868088 106.005926380
0.992721442 -0.000133261 0.120433054 6.853912998 0.000404160 0.999997443 -0.002224950 -1.998602261 -0.120432445 0.002257429 0.992718958 107.430001720
0.992598680 0.001476790 0.121431793 7.015381058 -0.001169283 0.999995927 -0.002603568 -2.025706237 -0.121435139 0.002442310 0.992596364 108.709709136
0.992446938 0.002165934 0.122655549 7.177583808 -0.001822571 0.999994101 -0.002911537 -2.045649844 -0.122661128 0.002665997 0.992445031 109.970349393
0.992168185 0.003395380 0.124862987 7.352207550 -0.003108611 0.999992065 -0.002491435 -2.080931653 -0.124870451 0.002083772 0.992170866 111.342123752
0.991895927 0.003471954 0.127005573 7.512180902 -0.003330902 0.999993577 -0.001322960 -2.116607356 -0.127009346 0.000889195 0.991901121 112.570606269
0.991677083 0.001672982 0.128739133 7.689749489 -0.001883000 0.999997088 0.001509646 -2.146594651 -0.128736228 -0.001739498 0.991677345 113.902079842
0.991490922 -0.000010232 0.130175850 7.852092115 -0.000340786 0.999996366 0.002674214 -2.167250748 -0.130175400 -0.002695821 0.991487316 115.091873955
0.991314162 -0.001402558 0.131507663 8.013692666 0.001292514 0.999998740 0.000922138 -2.185477746 -0.131508785 -0.000744154 0.991314726 116.263701009
0.991144878 -0.001212702 0.132779369 8.189581704 0.001396945 0.999998186 -0.001294445 -2.204493484 -0.132777553 0.001468467 0.991144775 117.530079687
0.990916311 -0.000829772 0.134477421 8.347941464 0.001162107 0.999996462 -0.002392836 -2.227538313 -0.134474955 0.002527377 0.990913769 118.665122363
0.990700487 -0.000028346 0.136060812 8.505148345 0.000427910 0.999995682 -0.002907413 -2.252121388 -0.136060137 0.002938597 0.990696221 119.785144232
0.990465002 0.000539073 0.137763530 8.677035584 -0.000037786 0.999993370 -0.003641339 -2.283012552 -0.137764575 0.003601413 0.990458455 120.995220937
0.990266489 0.000501860 0.139183438 8.833050100 0.000060401 0.999991856 -0.004035466 -2.312312456 -0.139184324 0.004004593 0.990258394 122.078778058
0.990075229 0.000813909 0.140536041 9.002412422 -0.000240089 0.999991566 -0.004099991 -2.345436121 -0.140538188 0.004025558 0.990067074 123.257967558
0.989892650 0.000157977 0.141818604 9.159517604 0.000453463 0.999990742 -0.004279094 -2.362277997 -0.141817962 0.004300152 0.989883414 124.315755651
0.989752479 0.000019559 0.142793662 9.315617490 0.000676504 0.999988126 -0.004826055 -2.378480204 -0.142792055 0.004873199 0.989740714 125.360916319
0.989567557 -0.000140139 0.144069537 9.485876733 0.000747391 0.999991064 -0.004160882 -2.412170519 -0.144067662 0.004225149 0.989558819 126.503570301
0.989418179 -0.000168820 0.145091832 9.642437040 0.000594012 0.999995656 -0.002887190 -2.434936909 -0.145090709 0.002942823 0.989413981 127.532316675
0.989233268 0.000019092 0.146347334 9.814345842 0.000261171 0.999998169 -0.001895844 -2.448437275 -0.146347097 0.001913653 0.989231451 128.652996868
0.989078720 0.000743330 0.147386340 9.974015762 -0.000489756 0.999998337 -0.001756756 -2.455483312 -0.147387395 0.001665386 0.989077440 129.662642011
0.988940163 0.001026326 0.148311500 10.132535350 -0.000735128 0.999997693 -0.002018228 -2.463929532 -0.148313224 0.001886878 0.988938636 130.661964500
0.988777367 0.000615678 0.149395249 10.307399511 -0.000126173 0.999994593 -0.003286037 -2.459453640 -0.149396459 0.003230309 0.988772098 131.752116411
0.988643275 0.000469829 0.150280585 10.460863280 0.000224193 0.999989389 -0.004601202 -2.457704219 -0.150281147 0.004582639 0.988632680 132.740319402
0.988463660 0.000259587 0.151458000 10.635987711 0.000482425 0.999988062 -0.004862357 -2.464174952 -0.151457449 0.004879329 0.988451735 133.823612688
0.988340256 0.000005332 0.152261417 10.796029000 0.000740051 0.999988019 -0.004838748 -2.475282162 -0.152259613 0.004895009 0.988328411 134.804141606
0.988205764 -0.000749682 0.153130030 10.957083462 0.001507080 0.999987199 -0.004830097 -2.488891614 -0.153124443 0.005003908 0.988194245 135.781103136
0.988077147 -0.001214895 0.153954784 11.133562148 0.002066271 0.999983446 -0.005370150 -2.502886715 -0.153945706 0.005624233 0.988063301 136.851341394
0.987957805 -0.001074194 0.154719821 11.292528228 0.002086636 0.999977461 -0.006381462 -2.520693315 -0.154709473 0.006627458 0.987937779 137.820884147
0.987812263 -0.001027206 0.155646646 11.469722157 0.002134897 0.999973572 -0.006949711 -2.532744727 -0.155635388 0.007197298 0.987788350 138.880283211
0.987718903 -0.001216241 0.156236649 11.629962635 0.002350174 0.999972222 -0.007073272 -2.543870922 -0.156223700 0.007353586 0.987694325 139.840083015
0.987637503 -0.001210396 0.156750432 11.791461282 0.002348428 0.999972213 -0.007075154 -2.560983433 -0.156737507 0.007355804 0.987612902 140.795902254
0.987567814 -0.000291343 0.157193282 11.964624537 0.001554638 0.999967478 -0.007913676 -2.589608655 -0.157185859 0.008059669 0.987536150 141.841001372
0.987461247 0.000033741 0.157861603 12.121635367 0.001290321 0.999964846 -0.008284991 -2.624908174 -0.157856328 0.008384799 0.987426491 142.785830569
0.987390996 0.000352673 0.158300021 12.292730528 0.000788022 0.999974177 -0.007143079 -2.647653864 -0.158298446 0.007177754 0.987365222 143.812675984
0.987237674 0.000615002 0.159252619 12.448316948 0.000154205 0.999988383 -0.004817701 -2.668123784 -0.159253726 0.004780772 0.987226111 144.736586179
0.987070511 0.000388341 0.160286168 12.602407609 0.000187459 0.999993584 -0.003577192 -2.691547993 -0.160286523 0.003560987 0.987064106 145.649708818
0.986887596 -0.000739366 0.161407335 12.774375895 0.001158863 0.999996191 -0.002504868 -2.721264717 -0.161404863 0.002659071 0.986884694 146.641224552
0.986696983 -0.001694486 0.162561352 12.929324358 0.002048041 0.999995888 -0.002007349 -2.747891563 -0.162557277 0.002313576 0.986696396 147.527599209
0.986477632 -0.002678515 0.163874059 13.101298349 0.002917294 0.999995005 -0.001216443 -2.766728532 -0.163869976 0.001678062 0.986480519 148.484749399
0.986286888 -0.003696119 0.164998529 13.253453557 0.004032835 0.999990413 -0.001705762 -2.786663150 -0.164990637 0.002347782 0.986292338 149.339881217
0.986110769 -0.004325582 0.166032655 13.403157861 0.004661268 0.999987804 -0.001632193 -2.808343978 -0.166023563 0.002383444 0.986118905 150.181166794
0.985918068 -0.005817551 0.167127854 13.565380565 0.006108875 0.999980585 -0.001229071 -2.830959505 -0.167117453 0.002232726 0.985934466 151.089456751
0.985804158 -0.006207464 0.167784479 13.706642657 0.006453152 0.999978756 -0.000919106 -2.854329986 -0.167775203 0.001988796 0.985823273 151.899740103
0.985650485 -0.006006613 0.168692155 13.856166776 0.006188294 0.999980700 -0.000551288 -2.881600037 -0.168685582 0.001587293 0.985668633 152.773023708
0.985527225 -0.005494850 0.169428144 13.988751649 0.005697878 0.999983513 -0.000712131 -2.902761479 -0.169421432 0.001667204 0.985542286 153.546942037
0.985410032 -0.005484865 0.170108749 14.118661374 0.005753198 0.999982862 -0.001084528 -2.924366307 -0.170099879 0.002047373 0.985424700 154.302757820
0.985290320 -0.004739625 0.170823071 14.258431708 0.005036990 0.999986460 -0.001307410 -2.947124917 -0.170814555 0.002148612 0.985300853 155.108347328
0.985140537 -0.004252075 0.171697531 14.380544721 0.004589229 0.999988242 -0.001566770 -2.973568637 -0.171688844 0.002331447 0.985148468 155.827044033
0.984984181 -0.003499130 0.172609155 14.512361735 0.003869394 0.999990878 -0.001808674 -2.998536355 -0.172601245 0.002449407 0.984988736 156.591908693
0.984842056 -0.003603858 0.173416085 14.625919522 0.003980480 0.999990414 -0.001824055 -3.027489947 -0.173407843 0.002486685 0.984846960 157.270596983
0.984718320 -0.003365307 0.174122100 14.738312750 0.003703427 0.999991835 -0.001616982 -3.052423773 -0.174115230 0.002237120 0.984722743 157.925785460
0.984535754 -0.003622011 0.175146315 14.856239764 0.003863529 0.999991998 -0.001037993 -3.081206908 -0.175141148 0.001698624 0.984541869 158.627555316
0.984357885 -0.002728637 0.176159329 14.959732381 0.002950530 0.999995149 -0.000997696 -3.107526107 -0.176155746 0.001501853 0.984361162 159.244785763
0.984045603 -0.003385310 0.177884207 15.072708622 0.003526314 0.999993669 -0.000476524 -3.146316127 -0.177881462 0.001096196 0.984051311 159.904406125
0.983817081 -0.003547916 0.179140626 15.174857385 0.003650047 0.999993310 -0.000240516 -3.174096921 -0.179138568 0.000890495 0.983823449 160.480188563
0.983560777 -0.002861169 0.180554738 15.284484319 0.003043612 0.999995099 -0.000733415 -3.205505711 -0.180551748 0.001270896 0.983564665 161.099942774
0.983350698 -0.001610943 0.181710789 15.382411379 0.001934369 0.999996845 -0.001602686 -3.229919947 -0.181707627 0.001927497 0.983350712 161.649647201
0.983122098 -0.001617367 0.182943506 15.482245698 0.002184828 0.999993407 -0.002900331 -3.255799051 -0.182937603 0.003251079 0.983119150 162.191180403
0.982920548 -0.002273683 0.184016380 15.595581102 0.003186254 0.999984049 -0.004663649 -3.279436373 -0.184002834 0.005170318 0.982912114 162.779736587
0.982729503 -0.002204382 0.185034771 15.699518319 0.003284043 0.999979324 -0.005528636 -3.297736216 -0.185018752 0.006040814 0.982716423 163.311305362
0.982451808 -0.002069455 0.186505132 15.813210712 0.003202491 0.999978202 -0.005774016 -3.312964157 -0.186489110 0.006269972 0.982437020 163.895655748
0.982229328 -0.001248329 0.187680554 15.915060841 0.002481514 0.999976849 -0.006335853 -3.326254211 -0.187668293 0.006688991 0.982209686 164.423127119
0.982061754 -0.000936544 0.188557246 16.015300612 0.002249510 0.999974693 -0.006749347 -3.349551384 -0.188546146 0.007052436 0.982039008 164.952971610
0.981850004 -0.000860544 0.189657137 16.127458633 0.002160420 0.999975573 -0.006647182 -3.367882495 -0.189646777 0.006936273 0.981827880 165.528495058
0.981632175 -0.000988079 0.190780756 16.229975826 0.002330523 0.999974080 -0.006812340 -3.382468753 -0.190769073 0.007131829 0.981609034 166.049076660
0.981446244 -0.000524064 0.191736792 16.342589576 0.002014575 0.999969251 -0.007578874 -3.399246386 -0.191726918 0.007824524 0.981417121 166.615427382
0.981289146 0.000205428 0.192539791 16.442998038 0.001257691 0.999971257 -0.007476797 -3.418388792 -0.192535786 0.007579054 0.981260683 167.131572338
0.981102445 0.000141177 0.193488952 16.544245726 0.001347279 0.999970507 -0.007561110 -3.437563361 -0.193484306 0.007678905 0.981073319 167.644922939
0.980918100 -0.000399569 0.194420994 16.655847679 0.002056929 0.999963249 -0.008322789 -3.455907220 -0.194410517 0.008563883 0.980882873 168.207716669
0.980756231 -0.000797162 0.195234680 16.758208940 0.002584796 0.999957038 -0.008901736 -3.470767465 -0.195219189 0.009235073 0.980716157 168.716273758
0.980573846 -0.000632908 0.196149260 16.868497802 0.002435846 0.999956976 -0.008950563 -3.489843487 -0.196135149 0.009254476 0.980533200 169.275289773
0.980414486 -0.000163517 0.196945196 16.966968331 0.001951752 0.999958616 -0.008885801 -3.512935232 -0.196935585 0.009096154 0.980374232 169.783345059
0.980278109 -0.000035719 0.197622945 17.065968170 0.001750619 0.999962317 -0.008502941 -3.536458171 -0.197615187 0.008681208 0.980241232 170.287855347
0.980156535 -0.000666653 0.198223924 17.176654059 0.002368517 0.999962345 -0.008348591 -3.564394356 -0.198210887 0.008652421 0.980121206 170.838498380
0.980066671 -0.001882467 0.198659954 17.278969198 0.003645898 0.999957132 -0.008511216 -3.587606863 -0.198635408 0.009065852 0.980031522 171.334904431
0.979981683 -0.002601308 0.199070678 17.391288067 0.004386455 0.999954024 -0.008526907 -3.613223940 -0.199039337 0.009229425 0.979948039 171.878091404
0.979875137 -0.002353301 0.199597542 17.490697547 0.004174839 0.999953390 -0.008705670 -3.634161608 -0.199567745 0.009363755 0.979839290 172.368640033
0.979833717 -0.001784688 0.199806665 17.587569890 0.003599647 0.999955495 -0.008720662 -3.656275771 -0.199782202 0.009264030 0.979796534 172.861448648
0.979786749 -0.002330200 0.200031242 17.695975712 0.004203744 0.999951183 -0.008942035 -3.677145912 -0.200000633 0.009602166 0.979748715 173.397011428
0.979722635 -0.003147235 0.200333858 17.794475037 0.004959981 0.999951169 -0.008547354 -3.695362302 -0.200297168 0.009367687 0.979690405 173.884456569
0.979660981 -0.003210599 0.200634136 17.903954202 0.004909127 0.999956198 -0.007968845 -3.707388752 -0.200599756 0.008791703 0.979633831 174.414528291
0.979590603 -0.003763792 0.200967871 18.003316224 0.005462362 0.999953890 -0.007898079 -3.724947699 -0.200928870 0.008834641 0.979565994 174.896255599
0.979542660 -0.003731507 0.201202025 18.102256682 0.005515672 0.999950279 -0.008307641 -3.742051747 -0.201161013 0.009247451 0.979514538 175.373364996
0.979467020 -0.003772701 0.201569158 18.211241965 0.005600287 0.999948215 -0.008497288 -3.758538049 -0.201526655 0.009451657 0.979437426 175.896772259
0.979498759 -0.003667669 0.201416809 18.310846123 0.005567713 0.999945181 -0.008867681 -3.773118853 -0.201373236 0.009807312 0.979465484 176.369518655
0.979647848 -0.003753445 0.200688833 18.420250990 0.005870734 0.999933204 -0.009955994 -3.793459839 -0.200638051 0.010931557 0.979604447 176.891117408
0.979735555 -0.004214654 0.200251042 18.518933010 0.006532238 0.999919103 -0.010914067 -3.811693438 -0.200188836 0.012000985 0.979683829 177.364984479
0.979818031 -0.004242187 0.199846517 18.626990919 0.006540151 0.999919859 -0.010839874 -3.831579910 -0.199784509 0.011928128 0.979767252 177.886226086
0.979900652 -0.003677103 0.199452229 18.724350802 0.006014418 0.999920149 -0.011114056 -3.849644376 -0.199395428 0.012090258 0.979844522 178.359690199
0.979958541 -0.002824548 0.199181526 18.822036288 0.005291057 0.999915763 -0.011852035 -3.866783848 -0.199131264 0.012668382 0.979890938 178.833531135
0.979907742 -0.002761531 0.199432176 18.932565908 0.005436365 0.999902453 -0.012865903 -3.890326993 -0.199377185 0.013691582 0.979827167 179.356397560
0.979880243 -0.003018422 0.199563522 19.033753446 0.005802657 0.999893804 -0.013368214 -3.911758297 -0.199501971 0.014257245 0.979793699 179.834129059
0.979900784 -0.003557743 0.199453749 19.147395575 0.006371502 0.999889013 -0.013467241 -3.936663191 -0.199383692 0.014467378 0.979814695 180.363848854
0.979869554 -0.003700569 0.199604520 19.250203333 0.006485943 0.999890484 -0.013302381 -3.961028238 -0.199533426 0.014329219 0.979786244 180.847194290
0.979830093 -0.003460862 0.199802436 19.352781250 0.006374064 0.999882531 -0.013938988 -3.989985703 -0.199730717 0.014931392 0.979737053 181.333278670
0.979797298 -0.003924101 0.199954639 19.466078744 0.006943031 0.999872222 -0.014399082 -4.017304255 -0.199872578 0.015496471 0.979699347 181.871633572
0.979802226 -0.003493437 0.199938479 19.566205840 0.006470582 0.999877687 -0.014238785 -4.045865916 -0.199864274 0.015244910 0.979704988 182.371340526
0.979770706 -0.003429956 0.200093980 19.679385735 0.006406290 0.999878239 -0.014229100 -4.071270488 -0.200020803 0.015223113 0.979673381 182.919180469
0.979714263 -0.003404782 0.200370585 19.782955914 0.006439302 0.999874211 -0.014494752 -4.095684858 -0.200296022 0.015490960 0.979612950 183.420013726
0.979690715 -0.002762352 0.200495568 19.886072157 0.005661658 0.999887518 -0.013888749 -4.111648717 -0.200434643 0.014741814 0.979596157 183.921481356
0.979690019 -0.003164231 0.200493031 19.997828121 0.005867112 0.999899728 -0.012888415 -4.135953313 -0.200432138 0.013802964 0.979610349 184.477615558
0.979659996 -0.003481245 0.200634430 20.099467040 0.006039539 0.999908064 -0.012140339 -4.159624405 -0.200573714 0.013105142 0.979590955 184.980907415
0.979593460 -0.003733332 0.200954513 20.210911915 0.006165677 0.999915100 -0.011479420 -4.184092106 -0.200894588 0.012484183 0.979533311 185.531919649
0.979593136 -0.003485229 0.200960551 20.311839454 0.005863140 0.999919654 -0.011238739 -4.205003751 -0.200905228 0.012187649 0.979534864 186.028550567
0.979581748 -0.002827817 0.201026374 20.412148772 0.005181014 0.999924071 -0.011180747 -4.225749404 -0.200979486 0.011993974 0.979522021 186.522445272
0.979464565 -0.001954590 0.201606914 20.518918626 0.004214834 0.999932984 -0.010782475 -4.255583338 -0.201572321 0.011410790 0.979407164 187.069446231
0.979279527 -0.001177501 0.202509810 20.617179062 0.003459372 0.999934452 -0.010914376 -4.280546478 -0.202483677 0.011388780 0.979219411 187.560454435
0.979024475 -0.000861992 0.203740853 20.727230202 0.003289800 0.999927564 -0.011577775 -4.304405075 -0.203716107 0.012005190 0.978956394 188.096571598
0.978811980 -0.000550658 0.204760361 20.828887864 0.003076493 0.999923055 -0.012017426 -4.320548667 -0.204737981 0.012392742 0.978738360 188.579175228
0.978602447 -0.000799438 0.205758628 20.928244705 0.003395748 0.999919011 -0.012265409 -4.342897540 -0.205732151 0.012701661 0.978525906 189.061228907
0.978315418 -0.000160954 0.207120539 21.037982834 0.003135372 0.999896622 -0.014032628 -4.367264645 -0.207096861 0.014377734 0.978214787 189.585744999
0.978080294 0.001312845 0.208223959 21.136461435 0.002104767 0.999866706 -0.016190746 -4.391133703 -0.208217453 0.016274110 0.977947158 190.058219274
0.977854937 0.002273845 0.209271483 21.246096641 0.001323034 0.999853831 -0.017046032 -4.412862249 -0.209279646 0.016945417 0.977708996 190.575162454
0.977587815 0.002251958 0.210516018 21.346214604 0.001352074 0.999855009 -0.016974499 -4.432944621 -0.210523713 0.016878694 0.977443029 191.044177125
0.977345357 0.001617033 0.211644607 21.447451087 0.001745981 0.999875191 -0.015702067 -4.452690540 -0.211643574 0.015715867 0.977220552 191.512551732
0.977115304 0.000428933 0.212709895 21.556673600 0.002613595 0.999898268 -0.014022260 -4.478995148 -0.212694263 0.014257300 0.977014779 192.028316940
0.976870698 -0.001146115 0.213827796 21.658511106 0.003771052 0.999922457 -0.011868452 -4.501861882 -0.213797605 0.012400297 0.976799271 192.491420240
0.976585549 -0.002141462 0.215118759 21.767715135 0.004294570 0.999945252 -0.009542034 -4.527191002 -0.215086540 0.010242454 0.976541280 192.998197063
0.976353525 -0.001881048 0.216171824 21.865828138 0.003828937 0.999955754 -0.008592385 -4.546114224 -0.216146089 0.009216912 0.976317528 193.451651154
0.976180066 -0.001129058 0.216958995 21.970983482 0.003105897 0.999956712 -0.008770809 -4.569138068 -0.216939692 0.009235739 0.976141316 193.945806836
0.975993800 -0.001518380 0.217793018 22.069086023 0.003567685 0.999952986 -0.009016497 -4.587197450 -0.217769080 0.009577060 0.975953332 194.387725701
0.975790260 -0.002772237 0.218690842 22.168384961 0.004862351 0.999947499 -0.009019782 -4.605678930 -0.218654348 0.009864766 0.975752510 194.823009350
0.975624118 -0.003973428 0.219412382 22.276870821 0.006008990 0.999944872 -0.008610756 -4.625558956 -0.219366064 0.009719306 0.975594211 195.292761360
0.975472353 -0.004490752 0.220076178 22.373270018 0.006512834 0.999942975 -0.008463401 -4.644584812 -0.220025613 0.009689132 0.975445974 195.711434710
0.975242258 -0.005175896 0.221078607 22.474551391 0.007015074 0.999947007 -0.007534762 -4.668771637 -0.221027884 0.008899099 0.975226886 196.164246825
0.975044904 -0.004969698 0.221952107 22.564928537 0.006572812 0.999957372 -0.006484736 -4.687362977 -0.221910411 0.007781757 0.975036006 196.566226451
0.974887574 -0.004564774 0.222650810 22.652739776 0.006146138 0.999960567 -0.006410035 -4.704592603 -0.222612762 0.007617505 0.974877187 196.957723560
0.974748269 -0.004327631 0.223264608 22.750810136 0.006057570 0.999956701 -0.007064094 -4.720340737 -0.223224362 0.008238152 0.974732279 197.377367134
0.974616857 -0.004713505 0.223829769 22.838658311 0.006569743 0.999949924 -0.007549099 -4.732655468 -0.223782970 0.008827982 0.974599019 197.754154859
0.974426027 -0.004446887 0.224664517 22.932462847 0.006391030 0.999948157 -0.007927064 -4.749612329 -0.224617610 0.009160174 0.974403930 198.164848555
0.974271849 -0.005118834 0.225317917 23.016885315 0.007276570 0.999935269 -0.008746995 -4.766353121 -0.225258549 0.010161491 0.974246031 198.534052133
0.974174997 -0.005770640 0.225720572 23.102110306 0.008097943 0.999923160 -0.009386016 -4.779145895 -0.225649056 0.010971492 0.974146872 198.897626101
0.973957540 -0.006240871 0.226644575 23.192913004 0.008515260 0.999922712 -0.009058735 -4.791884991 -0.226570516 0.010752758 0.973935407 199.293728018
0.973794805 -0.006500684 0.227335480 23.276422943 0.008779383 0.999920834 -0.009013760 -4.804487243 -0.227258879 0.010773416 0.973774786 199.649701213
0.973597298 -0.007228360 0.228157956 23.366312014 0.009507163 0.999915284 -0.008890337 -4.823816535 -0.228074357 0.010824741 0.973583541 200.041024045
0.973450707 -0.007415250 0.228776608 23.446396758 0.009617355 0.999917521 -0.008512156 -4.838175173 -0.228694611 0.010486388 0.973441734 200.395325458
0.973249574 -0.006925936 0.229646031 23.524298947 0.009062087 0.999924917 -0.008248592 -4.852472968 -0.229571651 0.010109009 0.973239263 200.745483414
0.973035805 -0.006397686 0.230565379 23.607914785 0.008486610 0.999931429 -0.008069416 -4.867359721 -0.230497935 0.009808547 0.973023377 201.125571889
0.972875041 -0.007075424 0.231223042 23.684904426 0.009167291 0.999926187 -0.007973802 -4.880137973 -0.231149548 0.009877200 0.972868093 201.472068377
0.972608568 -0.007530543 0.232327068 23.768056213 0.009708076 0.999919001 -0.008230744 -4.895714780 -0.232246260 0.010260739 0.972602894 201.854140527
0.972442245 -0.007421306 0.233025763 23.849009666 0.010170427 0.999892115 -0.010598176 -4.909807452 -0.232921962 0.012676084 0.972412811 202.203068782
0.972261047 -0.007020654 0.233793002 23.928936444 0.010254227 0.999867807 -0.012618254 -4.926918215 -0.233673499 0.014665601 0.972204512 202.561954120
0.972018211 -0.006433340 0.234817400 24.024012690 0.009968591 0.999854095 -0.013871420 -4.942480480 -0.234693891 0.015824069 0.971940520 202.966860158
0.971798492 -0.005639598 0.235745386 24.108432238 0.009258522 0.999855643 -0.014246871 -4.964974768 -0.235630999 0.016027739 0.971710421 203.351700506
0.971591781 -0.006411710 0.236576210 24.210674867 0.009946796 0.999855959 -0.013752183 -4.987211758 -0.236453950 0.015714681 0.971515608 203.785466920
0.971366422 -0.006792045 0.237489249 24.305054814 0.010402287 0.999848558 -0.013951857 -5.010450052 -0.237358513 0.016022794 0.971289969 204.192799044
0.971135183 -0.006955231 0.238428359 24.404237585 0.010694124 0.999839248 -0.014391436 -5.029478041 -0.238289926 0.016525810 0.971053452 204.608182955
0.970919942 -0.005820865 0.239333627 24.510323828 0.009708948 0.999839308 -0.015069683 -5.051617273 -0.239207441 0.016955131 0.970820437 205.079749958
0.970753948 -0.005066268 0.240023138 24.610408983 0.009140723 0.999832360 -0.015865030 -5.073067746 -0.239902515 0.017595023 0.970637521 205.521980145
0.970507377 -0.004841280 0.241022811 24.727429970 0.009042069 0.999825835 -0.016326082 -5.100775463 -0.240901785 0.018023925 0.970382124 206.020388354
0.970310632 -0.005927464 0.241789462 24.841403328 0.010131078 0.999818319 -0.016145891 -5.123692285 -0.241649820 0.018116115 0.970194397 206.482827089
0.970121393 -0.006687962 0.242527847 24.960018836 0.010888348 0.999812977 -0.015982943 -5.144340100 -0.242375587 0.018146120 0.970012779 206.953320840
0.969945665 -0.008141060 0.243185388 25.092893198 0.012415198 0.999794138 -0.016048182 -5.171123376 -0.243004667 0.018585057 0.969847063 207.481699155
0.969818308 -0.007874338 0.243701551 25.213166585 0.012153105 0.999797187 -0.016058831 -5.195280111 -0.243525664 0.018535877 0.969717315 207.973754203
0.969705346 -0.007232747 0.244170496 25.344166017 0.011335692 0.999817115 -0.015402583 -5.223643040 -0.244014429 0.017703806 0.969609989 208.526507019
0.969636808 -0.006400391 0.244465739 25.467060879 0.010399086 0.999832368 -0.015069672 -5.245708567 -0.244328298 0.017154327 0.969540824 209.033825765
0.969575281 -0.006834394 0.244697912 25.601315036 0.010801950 0.999831001 -0.014875750 -5.269140856 -0.244554883 0.017066372 0.969485248 209.598697025
0.969513301 -0.008387232 0.244895113 25.729094206 0.012429191 0.999810779 -0.014964042 -5.289890446 -0.244723258 0.017551683 0.969434094 210.114167439
0.969448663 -0.008123014 0.245159761 25.852532827 0.012195118 0.999811670 -0.015096506 -5.312890315 -0.244990951 0.017625037 0.969365148 210.636686826
0.969327610 -0.007444849 0.245659441 25.990086857 0.011460748 0.999822980 -0.014921829 -5.336628113 -0.245504854 0.017279579 0.969241343 211.211987519
0.969246836 -0.006457652 0.246005837 26.113820705 0.010325312 0.999842494 -0.014435190 -5.363189451 -0.245873864 0.016531347 0.969160851 211.736290971
0.969155943 -0.006941654 0.246350511 26.255909978 0.010785914 0.999840161 -0.014258904 -5.387421771 -0.246212145 0.016476215 0.969075906 212.316169368
0.969192805 -0.007147678 0.246199553 26.380909113 0.011061636 0.999833417 -0.014518188 -5.411387825 -0.246054760 0.016794291 0.969110419 212.850652037
0.969123055 -0.007003183 0.246478115 26.512043533 0.011072224 0.999824279 -0.015126679 -5.436231821 -0.246328860 0.017388671 0.969030301 213.391598472
0.969084131 -0.006189205 0.246652879 26.653929712 0.010271918 0.999830655 -0.015269215 -5.465234845 -0.246516596 0.017330749 0.968983597 213.993964213
0.969044932 -0.005757632 0.246817284 26.785964830 0.009939670 0.999827321 -0.015701287 -5.491061824 -0.246684252 0.017668532 0.968934828 214.548578886
0.968957749 -0.006041672 0.247152544 26.935457352 0.010522747 0.999803262 -0.016813962 -5.519536536 -0.247002326 0.018892740 0.968830694 215.166809884
0.968753790 -0.006234705 0.247946011 27.079362750 0.010943108 0.999784940 -0.017615987 -5.546215643 -0.247782849 0.019778851 0.968613677 215.743088969
0.968544974 -0.005345666 0.248781147 27.228117615 0.010182219 0.999783277 -0.018158250 -5.572210661 -0.248630153 0.020120223 0.968389499 216.330102952
0.968298727 -0.004623076 0.249752287 27.398948847 0.009637848 0.999775685 -0.018859799 -5.601878993 -0.249609064 0.020668991 0.968126079 216.988218518
0.968133233 -0.004838039 0.250388975 27.560107517 0.010027471 0.999760469 -0.019453921 -5.626239833 -0.250234871 0.021344753 0.967949848 217.596559129
0.967884537 -0.005251519 0.251340300 27.738384259 0.010420703 0.999760588 -0.019239955 -5.658334351 -0.251179078 0.021241194 0.967707539 218.280896743
0.967675174 -0.005082127 0.252148629 27.901787679 0.010022575 0.999782069 -0.018312921 -5.690761523 -0.252000600 0.020248135 0.967515224 218.914736367
0.967408278 -0.005078466 0.253170762 28.065961848 0.009682351 0.999809588 -0.016942272 -5.724095943 -0.253036505 0.018841380 0.967273243 219.556024826
0.967096778 -0.005866605 0.254341124 28.251084494 0.009870941 0.999846573 -0.014470525 -5.752630848 -0.254217199 0.016504982 0.967006308 220.266683640
0.966868226 -0.007242086 0.255173250 28.417760931 0.010774265 0.999864482 -0.012447191 -5.779719031 -0.255048517 0.014784096 0.966815227 220.915486751
0.966590220 -0.008138376 0.256197416 28.603309821 0.011348988 0.999874477 -0.011055798 -5.805267233 -0.256075272 0.013594005 0.966561253 221.621949710
0.966354953 -0.007857760 0.257092127 28.762353707 0.010899388 0.999886432 -0.010407982 -5.831218566 -0.256981137 0.012859950 0.966330851 222.270873801
0.966135771 -0.007677168 0.257920018 28.926774915 0.010710819 0.999888979 -0.010358986 -5.854252987 -0.257811847 0.012770720 0.966110738 222.912826932
0.965900471 -0.008206274 0.258783576 29.111645418 0.011351239 0.999878739 -0.010660986 -5.875693530 -0.258664699 0.013234964 0.965876497 223.614159824
0.965680517 -0.007203064 0.259632927 29.277866200 0.010398538 0.999886128 -0.010936291 -5.898106323 -0.259524577 0.013260764 0.965645454 224.247182342
0.965397145 -0.006470760 0.260703823 29.459210761 0.009621719 0.999895258 -0.010811876 -5.923556259 -0.260606546 0.012946171 0.965358287 224.942576337
0.965149741 -0.005832025 0.261633268 29.625597816 0.008961839 0.999901830 -0.010771047 -5.949391870 -0.261544757 0.012740386 0.965107258 225.572742851
0.964913386 -0.006764668 0.262481236 29.794257993 0.009897474 0.999894675 -0.010615042 -5.974437399 -0.262381774 0.012840495 0.964878710 226.197671022
0.964659711 -0.007173449 0.263401188 29.978812570 0.010111584 0.999900847 -0.009800639 -6.003305334 -0.263304757 0.012117683 0.964636597 226.883008274
0.964362359 -0.007884634 0.264467530 30.146323951 0.010590451 0.999905136 -0.008806926 -6.027999600 -0.264372993 0.011293897 0.964354378 227.502121506
0.964184207 -0.007098329 0.265138512 30.326768130 0.009760235 0.999914315 -0.008723530 -6.061158599 -0.265053861 0.010998902 0.964170873 228.182459649
0.963998703 -0.007937932 0.265788434 30.493219407 0.010498763 0.999911137 -0.008215435 -6.088349351 -0.265699592 0.010710116 0.963996378 228.797971232
0.963822548 -0.009526505 0.266374444 30.658894053 0.011822345 0.999905495 -0.007016580 -6.114370971 -0.266282417 0.009911907 0.963844088 229.412331368
0.963685435 -0.011612589 0.266787430 30.874376718 0.013984138 0.999877777 -0.006991111 -6.145410943 -0.266673628 0.010468022 0.963730042 230.202561194
0.963595146 -0.011647190 0.267111849 31.004455069 0.014088286 0.999874658 -0.007224215 -6.165054259 -0.266994217 0.010724365 0.963638456 230.687295445
0.963472091 -0.010704222 0.267594751 31.183574730 0.013351246 0.999878268 -0.008074279 -6.189646409 -0.267475738 0.011352064 0.963497721 231.349870962
0.963425319 -0.009928287 0.267792992 31.345380316 0.013013321 0.999867808 -0.009747783 -6.215046027 -0.267660804 0.012876134 0.963427162 231.950932733
0.963363698 -0.010719924 0.267984088 31.511134395 0.014266713 0.999834470 -0.011291281 -6.237546960 -0.267818678 0.014700860 0.963357171 232.543261738
