1.000000000 0.000000000 0.000000000 0.000000000 0.000000000 1.000000000 0.000000000 0.000000000 0.000000000 0.000000000 1.000000000 -0.000000000
0.999999951 -0.000035322 0.000312163 -0.004317679 0.000035383 0.999999980 -0.000194445 -0.001321448 -0.000312156 0.000194456 0.999999932 0.245275819
0.999999847 -0.000165695 0.000527953 -0.009581203 0.000165785 0.999999972 -0.000170306 -0.000766149 -0.000527925 0.000170394 0.999999846 0.489105454
0.999999650 -0.000254302 0.000796744 -0.015724891 0.000254647 0.999999874 -0.000432655 -0.000012823 -0.000796634 0.000432858 0.999999589 0.753972740
0.999999373 0.000163037 0.001108044 -0.021453237 -0.000162050 0.999999590 -0.000890819 0.000899999 -0.001108189 0.000890638 0.999998989 0.990519388
0.999999156 0.000623128 0.001140376 -0.024595000 -0.000621780 0.999999108 -0.001182430 -0.007062331 -0.001141112 0.001181720 0.999998651 1.229942764
0.999998855 0.000782894 0.001294977 -0.026601385 -0.000781844 0.999999365 -0.000811305 -0.014273481 -0.001295611 0.000810291 0.999998832 1.489159755
0.999998667 0.000650895 0.001497413 -0.027223929 -0.000650369 0.999999727 -0.000351654 -0.023322909 -0.001497641 0.000350679 0.999998817 1.725904231
0.999998439 0.000333517 0.001735277 -0.028364116 -0.000333565 0.999999944 0.000027879 -0.029083043 -0.001735268 -0.000028458 0.999998494 1.959264194
0.999997855 0.000171238 0.002064124 -0.034969544 -0.000171792 0.999999949 0.000268052 -0.024748033 -0.002064078 -0.000268406 0.999997834 2.197644690
0.999997188 0.000007155 0.002371460 -0.039616975 -0.000009114 0.999999659 0.000825914 -0.023050624 -0.002371453 -0.000825933 0.999996847 2.418439247
0.999996675 -0.000299221 0.002561274 -0.039075095 0.000296992 0.999999577 0.000870622 -0.025175894 -0.002561533 -0.000869859 0.999996341 2.637553562
0.999996347 -0.000377353 0.002676384 -0.035960654 0.000374380 0.999999312 0.001111573 -0.030087617 -0.002676801 -0.001110567 0.999995801 2.875798420
0.999996424 -0.000208675 0.002666195 -0.035044793 0.000204489 0.999998746 0.001570140 -0.032361395 -0.002666519 -0.001569589 0.999995213 3.092225624
0.999996044 -0.000189267 0.002806600 -0.032438693 0.000184172 0.999998335 0.001815492 -0.037787167 -0.002806939 -0.001814968 0.999994413 3.306738491
0.999995106 -0.000213333 0.003121153 -0.031726631 0.000206813 0.999997796 0.002089170 -0.042063637 -0.003121592 -0.002088514 0.999992947 3.542012060
0.999994658 -0.000175064 0.003263833 -0.030008848 0.000167514 0.999997310 0.002313469 -0.047477296 -0.003264229 -0.002312910 0.999991998 3.751616177
0.999994105 -0.000169362 0.003429326 -0.030146342 0.000163163 0.999998352 0.001807874 -0.050586905 -0.003429627 -0.001807303 0.999992486 3.977606610
0.999993297 -0.000218011 0.003654904 -0.029243365 0.000211661 0.999998468 0.001737787 -0.053684318 -0.003655277 -0.001737002 0.999991811 4.178584326
0.999992336 -0.000412613 0.003893276 -0.028289202 0.000403557 0.999997212 0.002326483 -0.057968598 -0.003894225 -0.002324894 0.999989715 4.379070352
0.999991590 -0.000779705 0.004026452 -0.028825934 0.000770031 0.999996815 0.002403673 -0.060149570 -0.004028313 -0.002400552 0.999989005 4.601426166
0.999990426 -0.000887657 0.004284906 -0.029847103 0.000876960 0.999996496 0.002497724 -0.060880731 -0.004287108 -0.002493942 0.999987700 4.797295033
0.999990128 -0.000928720 0.004345227 -0.031323909 0.000916736 0.999995773 0.002759176 -0.060475965 -0.004347771 -0.002755165 0.999986753 4.988915203
0.999989997 -0.000935418 0.004373946 -0.032961641 0.000923082 0.999995594 0.002821426 -0.060208507 -0.004376566 -0.002817360 0.999986454 5.193957898
0.999988885 -0.000981599 0.004611530 -0.034138847 0.000968739 0.999995639 0.002790038 -0.062020611 -0.004614249 -0.002785539 0.999985475 5.374640217
0.999987927 -0.000869862 0.004836159 -0.034929692 0.000855369 0.999995140 0.002998203 -0.066042632 -0.004838744 -0.002994029 0.999983811 5.550504400
0.999986629 -0.000840809 0.005102484 -0.041520683 0.000824456 0.999994520 0.003206191 -0.061324209 -0.005105152 -0.003201941 0.999981842 5.734082560
0.999985542 -0.000882078 0.005304495 -0.051471443 0.000864751 0.999994287 0.003267791 -0.052678661 -0.005307348 -0.003263157 0.999980592 5.894679058
0.999983801 -0.001298732 0.005541774 -0.056934917 0.001279441 0.999993115 0.003483218 -0.044413367 -0.005546260 -0.003476071 0.999978578 6.042730056
0.999982096 -0.001624335 0.005759192 -0.058255516 0.001601984 0.999991177 0.003883311 -0.038149354 -0.005765449 -0.003874015 0.999975876 6.195548440
0.999981268 -0.001647820 0.005894764 -0.060933929 0.001622646 0.999989555 0.004272814 -0.035135966 -0.005901744 -0.004263168 0.999973497 6.324427106
0.999980588 -0.001598924 0.006022186 -0.064085071 0.001571206 0.999988165 0.004604568 -0.031804092 -0.006029477 -0.004595016 0.999971265 6.443031740
0.999980924 -0.001433650 0.006008076 -0.067810786 0.001407966 0.999989863 0.004276955 -0.028282224 -0.006014147 -0.004268414 0.999972805 6.562727921
0.999980457 -0.001263845 0.006122781 -0.071595584 0.001241096 0.999992319 0.003717828 -0.024890990 -0.006127433 -0.003710156 0.999974344 6.666847387
0.999980416 -0.000929191 0.006189030 -0.075989614 0.000907806 0.999993612 0.003457225 -0.020812494 -0.006192203 -0.003451539 0.999974871 6.781278425
0.999980167 -0.000992815 0.006219363 -0.079754948 0.000970205 0.999992914 0.003637431 -0.016985011 -0.006222931 -0.003631325 0.999974044 6.883478883
0.999979169 -0.001226668 0.006336900 -0.082160660 0.001203503 0.999992585 0.003658125 -0.014484478 -0.006341340 -0.003650422 0.999973231 6.983273594
0.999978576 -0.001462629 0.006380297 -0.085354100 0.001438972 0.999992080 0.003710806 -0.011254419 -0.006385675 -0.003701545 0.999972760 7.088978517
0.999977829 -0.001414872 0.006506940 -0.087311629 0.001388534 0.999990832 0.004050585 -0.007748947 -0.006512612 -0.004041459 0.999970626 7.183747941
0.999977803 -0.001253334 0.006543908 -0.089898970 0.001226024 0.999990530 0.004175766 -0.004916546 -0.006549080 -0.004167650 0.999969870 7.273830756
0.999977558 -0.001272472 0.006577612 -0.092583092 0.001245383 0.999990734 0.004120833 -0.004156866 -0.006582795 -0.004112549 0.999969876 7.368995688
0.999975551 -0.001498069 0.006830279 -0.094669727 0.001469239 0.999990000 0.004223960 -0.002909663 -0.006836539 -0.004213821 0.999967752 7.452404470
0.999975641 -0.001530813 0.006809807 -0.096994045 0.001502005 0.999989911 0.004233484 -0.001191694 -0.006816219 -0.004223152 0.999967852 7.533009518
0.999974537 -0.001670721 0.006937799 -0.098974126 0.001641427 0.999989723 0.004225962 0.000903169 -0.006944788 -0.004214466 0.999967004 7.616543938
0.999974234 -0.001655125 0.006985083 -0.100815008 0.001624997 0.999989362 0.004316745 0.004747112 -0.006992154 -0.004305283 0.999966287 7.686833908
0.999973835 -0.001688611 0.007033993 -0.102215688 0.001657578 0.999988878 0.004415450 0.008703235 -0.007041371 -0.004403675 0.999965513 7.752773167
0.999973433 -0.001810928 0.007060740 -0.104953116 0.001779856 0.999988716 0.004404640 0.012535379 -0.007068637 -0.004391956 0.999965372 7.818209425
0.999972490 -0.001972501 0.007150350 -0.103966654 0.001939895 0.999987702 0.004564184 0.018404922 -0.007159265 -0.004550187 0.999964020 7.867965507
0.999972041 -0.002203493 0.007145698 -0.098213690 0.002170805 0.999987159 0.004579139 0.025024222 -0.007155697 -0.004563498 0.999963985 7.904980219
0.999971556 -0.002293479 0.007185251 -0.090711082 0.002261210 0.999987336 0.004495987 0.030825855 -0.007195472 -0.004479612 0.999964078 7.938555980
0.999971385 -0.002339998 0.007194020 -0.086895083 0.002307317 0.999986997 0.004547737 0.035771253 -0.007204568 -0.004531007 0.999963781 7.963812037
0.999971230 -0.002349375 0.007212406 -0.083014505 0.002316528 0.999986923 0.004559243 0.038503261 -0.007223023 -0.004542404 0.999963597 7.979932119
0.999971031 -0.002523877 0.007181003 -0.076121279 0.002491141 0.999986482 0.004563951 0.036569752 -0.007192425 -0.004545929 0.999963801 7.981280014
0.999970289 -0.002733344 0.007207604 -0.071125728 0.002699450 0.999985273 0.004708134 0.032004537 -0.007220367 -0.004688537 0.999962941 7.979863968
0.999970939 -0.002727914 0.007118947 -0.065323066 0.002695403 0.999985914 0.004572455 0.026144688 -0.007131321 -0.004553133 0.999964206 7.966410145
0.999971781 -0.002651100 0.007029203 -0.062310279 0.002625113 0.999989696 0.003703600 0.022657723 -0.007038949 -0.003685042 0.999968436 7.954909995
0.999971830 -0.002516192 0.007071589 -0.060916559 0.002496301 0.999992907 0.002820257 0.022427147 -0.007078635 -0.002802525 0.999971019 7.949842937
0.999971809 -0.002413330 0.007110408 -0.067500468 0.002389932 0.999991707 0.003297469 0.033341002 -0.007118308 -0.003280383 0.999969284 7.952758735
0.999972047 -0.002571443 0.007020953 -0.072355464 0.002546961 0.999990653 0.003493805 0.040977427 -0.007029872 -0.003475825 0.999969249 7.955579181
0.999971292 -0.002652830 0.007097788 -0.076318175 0.002632590 0.999992446 0.002859470 0.045790505 -0.007105320 -0.002840702 0.999970722 7.956436488
0.999971034 -0.002497922 0.007189676 -0.081165021 0.002475742 0.999992154 0.003092219 0.051695541 -0.007197344 -0.003074330 0.999969373 7.959566680
0.999971981 -0.002476308 0.007064307 -0.085343311 0.002452430 0.999991258 0.003386683 0.056806493 -0.007072632 -0.003369263 0.999969313 7.961063489
0.999971620 -0.002467829 0.007118173 -0.089278161 0.002445933 0.999992256 0.003083145 0.061497328 -0.007125727 -0.003065647 0.999969912 7.960682390
0.999971702 -0.002483310 0.007101330 -0.091424753 0.002461727 0.999992329 0.003046570 0.061496804 -0.007108841 -0.003029002 0.999970144 7.963996964
0.999971507 -0.002485929 0.007127750 -0.093833295 0.002463085 0.999991808 0.003211922 0.062893052 -0.007135676 -0.003194274 0.999969439 7.966376612
0.999970976 -0.002505663 0.007195077 -0.096312515 0.002482834 0.999991861 0.003180101 0.063750670 -0.007202987 -0.003162144 0.999969058 7.968902881
0.999971357 -0.002399210 0.007178366 -0.099645187 0.002376651 0.999992216 0.003149616 0.066469142 -0.007185867 -0.003132465 0.999969275 7.969091125
0.999969957 -0.002490098 0.007340625 -0.097397592 0.002467455 0.999992175 0.003092201 0.053700482 -0.007348268 -0.003073995 0.999968276 7.977021701
0.999970309 -0.002514404 0.007284201 -0.089968632 0.002489910 0.999991222 0.003369785 0.035142360 -0.007292610 -0.003351548 0.999967792 7.984550293
0.999969883 -0.002519758 0.007340617 -0.077325384 0.002495527 0.999991414 0.003308255 0.009699507 -0.007348890 -0.003289837 0.999967585 7.992537668
0.999969841 -0.002612592 0.007313783 -0.069449520 0.002589172 0.999991496 0.003209866 -0.005751968 -0.007322108 -0.003190832 0.999968102 7.997251647
0.999969085 -0.002775854 0.007356901 -0.059651360 0.002750710 0.999990349 0.003425670 -0.023371292 -0.007366339 -0.003405327 0.999967070 8.003486834
0.999967947 -0.002743470 0.007521869 -0.053143415 0.002718550 0.999990789 0.003321260 -0.036946789 -0.007530912 -0.003300704 0.999966195 8.008408892
0.999967674 -0.002783705 0.007543331 -0.042590682 0.002757828 0.999990285 0.003438699 -0.041495921 -0.007552830 -0.003417784 0.999965636 8.012806335
0.999966557 -0.002919763 0.007639382 -0.031476903 0.002893880 0.999990043 0.003397022 -0.040558965 -0.007649225 -0.003374800 0.999965049 8.017243375
0.999967183 -0.002984401 0.007531710 -0.024972111 0.002958658 0.999989751 0.003426854 -0.037647563 -0.007541860 -0.003404458 0.999965764 8.019984070
0.999966162 -0.003059522 0.007636325 -0.016628455 0.003032858 0.999989272 0.003501036 -0.034541990 -0.007646955 -0.003477757 0.999964714 8.023115789
0.999965885 -0.003013130 0.007690941 -0.010727982 0.002987433 0.999989924 0.003350561 -0.035385343 -0.007700959 -0.003327470 0.999964811 8.026330634
