1.000000000 -0.000000000 0.000000000 -0.000000000 0.000000000 1.000000000 0.000000000 0.000000000 -0.000000000 -0.000000000 1.000000000 -0.000000000
0.999991100 0.000145397 0.004216517 0.005772579 -0.000149135 0.999999596 0.000886157 0.001262222 -0.004216387 -0.000886778 0.999990718 1.487365638
0.999963921 -0.000126961 0.008493538 0.018409414 0.000117201 0.999999332 0.001149596 0.003709308 -0.008493678 -0.001148559 0.999963268 2.980345679
0.999912651 -0.001000182 0.013179132 0.039847274 0.000981864 0.999998543 0.001396285 0.007765589 -0.013180510 -0.001383223 0.999912177 4.628346164
0.999847776 -0.000653266 0.017435557 0.065187241 0.000636901 0.999999351 0.000944140 0.009575886 -0.017436163 -0.000932892 0.999847543 6.129306619
0.999752216 -0.000447516 0.022255460 0.100856484 0.000434301 0.999999727 0.000598606 0.011138738 -0.022255722 -0.000588792 0.999752137 7.785656826
0.999646471 0.000523764 0.026583050 0.138474939 -0.000581105 0.999997521 0.002149368 0.014366068 -0.026581859 -0.002164055 0.999644298 9.297976127
0.999520249 0.000927868 0.030958203 0.183024822 -0.001033581 0.999993690 0.003398867 0.017699402 -0.030954855 -0.003429234 0.999514901 10.812198778
0.999357450 0.001440671 0.035813571 0.241476709 -0.001547409 0.999994443 0.002952822 0.021924587 -0.035809119 -0.003006342 0.999354126 12.480291979
0.999195645 0.001838538 0.040058491 0.301166639 -0.001924525 0.999995926 0.002108070 0.026723826 -0.040054454 -0.002183468 0.999195113 13.998580696
0.999021559 0.002343982 0.044163667 0.366869695 -0.002406029 0.999996192 0.001351826 0.027650398 -0.044160332 -0.001456762 0.999023395 15.519371482
0.998819367 0.001713957 0.048548270 0.445848562 -0.001787089 0.999997333 0.001462993 0.027045965 -0.048545635 -0.001548026 0.998819766 17.195680130
0.998648396 0.002174495 0.051929303 0.522853199 -0.002268666 0.999995887 0.001754562 0.023924321 -0.051925276 -0.001870001 0.998649222 18.719905049
0.998500840 0.002160189 0.054693745 0.605243900 -0.002252189 0.999996151 0.001620518 0.022488875 -0.054690036 -0.001741269 0.998501862 20.244309215
0.998346924 0.002126705 0.057436019 0.699034051 -0.002232064 0.999995942 0.001770277 0.021911219 -0.057432023 -0.001895551 0.998347620 21.921320497
0.998231244 0.002149620 0.059411804 0.787629718 -0.002231309 0.999996654 0.001308651 0.021621817 -0.059408795 -0.001438903 0.998232701 23.445920697
0.998150474 0.001603142 0.060770553 0.879897266 -0.001696889 0.999997449 0.001491056 0.021831181 -0.060768010 -0.001591419 0.998150648 24.970570578
0.998137448 0.000152155 0.061005019 0.984575876 -0.000317339 0.999996310 0.002698032 0.024423955 -0.061004385 -0.002712366 0.998133813 26.647595060
0.998197429 -0.000915670 0.060008791 1.080214065 0.000691918 0.999992732 0.003749328 0.027885418 -0.060011790 -0.003701048 0.998190807 28.172878071
0.998321220 -0.001367087 0.057903992 1.181944513 0.001159439 0.999992777 0.003619520 0.035195268 -0.057908524 -0.003546308 0.998315595 29.850690323
0.998469330 -0.000357829 0.055307034 1.268450798 0.000192950 0.999995522 0.002986471 0.039690049 -0.055307857 -0.002971228 0.998464928 31.379516390
0.998632680 0.001028199 0.052265793 1.349396376 -0.001193707 0.999994372 0.003135540 0.043993222 -0.052262277 -0.003193643 0.998628287 32.912300316
0.998818493 0.003836215 0.048444831 1.430816435 -0.003962429 0.999989001 0.002509532 0.049097389 -0.048434673 -0.002698526 0.998822707 34.600707710
0.998966550 0.005480429 0.045119813 1.501378688 -0.005523180 0.999984409 0.000822867 0.050033593 -0.045114601 -0.001071222 0.998981244 36.138292481
0.999113994 0.007380885 0.041433664 1.565614547 -0.007352148 0.999972615 -0.000845936 0.048285413 -0.041438775 0.000540560 0.999140899 37.680333601
0.999283453 0.008187457 0.036953294 1.631863391 -0.008105919 0.999964371 -0.002355857 0.043019450 -0.036971267 0.002054628 0.999314217 39.380895103
0.999435027 0.007800697 0.032692144 1.688443285 -0.007705776 0.999965724 -0.003028512 0.041578255 -0.032714649 0.002774882 0.999460881 40.929417426
0.999571152 0.007852982 0.028210695 1.738543747 -0.007814006 0.999968358 -0.001491637 0.041104914 -0.028221518 0.001270559 0.999600886 42.482822610
0.999695600 0.007652937 0.023455075 1.784773606 -0.007649826 0.999970715 -0.000222435 0.039857381 -0.023456091 0.000042940 0.999724867 44.196906927
0.999780390 0.008021967 0.019360266 1.818765153 -0.008029810 0.999967707 0.000327317 0.040674078 -0.019357016 -0.000482704 0.999812519 45.759221909
0.999845373 0.008586168 0.015346259 1.846353004 -0.008618688 0.999960749 0.002054101 0.043655200 -0.015328020 -0.002186047 0.999880129 47.325471909
0.999901285 0.008613740 0.011100617 1.869742054 -0.008653489 0.999956300 0.003537630 0.049356535 -0.011069660 -0.003633340 0.999932128 49.050417479
0.999923617 0.009718038 0.007636738 1.883814974 -0.009754325 0.999941245 0.004728570 0.056313185 -0.007590337 -0.004802700 0.999959660 50.620362929
0.999950236 0.009059635 0.004177255 1.894773988 -0.009088085 0.999935293 0.006842294 0.067455638 -0.004114997 -0.006879916 0.999967866 52.349763874
0.999933671 0.011485032 0.000864488 1.899236513 -0.011491906 0.999898562 0.008414414 0.080379637 -0.000767760 -0.008423789 0.999964225 53.921928974
0.999946989 0.010030184 -0.002326816 1.899980782 -0.010005600 0.999896403 0.010347516 0.097560492 0.002430362 -0.010323685 0.999943756 55.497077169
0.999855035 0.016093978 -0.005558097 1.886426098 -0.016043249 0.999830300 0.009054578 0.114027328 0.005702879 -0.008964095 0.999943559 57.227940972
0.999745488 0.021092582 -0.008003841 1.868333683 -0.021062838 0.999770997 0.003782783 0.126304719 0.008081797 -0.003613236 0.999960814 58.799426857
0.999609199 0.026091631 -0.010033796 1.845457200 -0.026056017 0.999653768 0.003664359 0.133484131 0.010125931 -0.003401485 0.999942946 60.377765771
0.999532527 0.028097470 -0.012052412 1.821340218 -0.028034620 0.999592621 0.005352710 0.139244748 0.012197900 -0.005012322 0.999913040 62.118056795
0.999505133 0.028117978 -0.014102072 1.800689067 -0.028073033 0.999600176 0.003375315 0.147373469 0.014191341 -0.002977756 0.999894864 63.699707310
0.999449346 0.029037762 -0.016056543 1.776223416 -0.029043759 0.999578131 -0.000140050 0.153096056 0.016045704 0.000606315 0.999871076 65.281534532
0.999355560 0.031148808 -0.017838604 1.743718854 -0.031191541 0.999511173 -0.002121998 0.155579211 0.017763787 0.002677043 0.999838628 67.027539238
0.999242533 0.033818479 -0.019252793 1.710545047 -0.033809880 0.999427984 0.000772281 0.161123553 0.019267898 -0.000120762 0.999814350 68.622093913
0.999115113 0.036497458 -0.020902777 1.669679549 -0.036446780 0.999331671 0.002800707 0.169343584 0.020991027 -0.002036389 0.999777590 70.377077663
0.999002835 0.038395570 -0.022784101 1.634178000 -0.038337172 0.999260373 0.002994826 0.176825599 0.022882239 -0.002118362 0.999735923 71.813616482
0.998872649 0.039855971 -0.025786272 1.586421957 -0.039772625 0.999201766 0.003737479 0.187494764 0.025914650 -0.002707678 0.999660492 73.574032526
0.998763711 0.040406573 -0.028954405 1.533915319 -0.040263471 0.999173911 0.005508859 0.198188016 0.029153081 -0.004336243 0.999565553 75.338968352
0.998676604 0.040334147 -0.031909203 1.481291807 -0.040105789 0.999165268 0.007764890 0.210800622 0.032195758 -0.006474870 0.999460609 76.946383610
0.998550776 0.041197742 -0.034627931 1.423580461 -0.040936767 0.999127988 0.008212508 0.224717908 0.034936073 -0.006783050 0.999366530 78.554451759
0.998375069 0.043256713 -0.037095517 1.353526629 -0.043056295 0.999053501 0.006185285 0.240446538 0.037327962 -0.004578039 0.999292582 80.323303304
0.998289380 0.043864952 -0.038654615 1.288138539 -0.043640120 0.999025239 0.006641701 0.254438357 0.038908276 -0.004943447 0.999230558 81.936414112
0.998265516 0.043860731 -0.039270808 1.221574618 -0.043447309 0.998991583 0.011320289 0.268910185 0.039727724 -0.009594442 0.999164478 83.557123453
0.998274813 0.043353447 -0.039596406 1.148761324 -0.042752791 0.998959267 0.015892831 0.293600326 0.040244207 -0.014172554 0.999089357 85.343196327
0.998336005 0.041951483 -0.039563798 1.081964843 -0.041264423 0.998985641 0.018025993 0.320593330 0.040279885 -0.016363418 0.999054438 86.968389916
0.998411663 0.040618429 -0.039042217 1.017037020 -0.039905648 0.999025327 0.018866263 0.350591784 0.039770483 -0.017278289 0.999059442 88.593947657
0.998515238 0.038349520 -0.038686344 0.947515011 -0.037700582 0.999138154 0.017367075 0.383896440 0.039319023 -0.015882789 0.999100471 90.383670430
0.998570574 0.036575915 -0.038974498 0.883753575 -0.036100718 0.999265825 0.012827706 0.408531522 0.039415071 -0.011402361 0.999157865 92.011508597
0.998423674 0.040228939 -0.039138205 0.805741958 -0.039898178 0.999161431 0.009196243 0.427947026 0.039475342 -0.007620203 0.999191488 93.807997387
0.998230618 0.044500729 -0.039437512 0.731654997 -0.044170174 0.998981527 0.009214402 0.443354361 0.039807395 -0.007456136 0.999179552 95.446109555
0.998106258 0.046688130 -0.040051425 0.658593950 -0.046295620 0.998870764 0.010672953 0.460189126 0.040504499 -0.008798535 0.999140616 97.089502302
0.998135611 0.045351677 -0.040847603 0.581346553 -0.044887097 0.998917320 0.012220369 0.481220387 0.041357594 -0.010364054 0.999090654 98.900898395
0.998313687 0.040474981 -0.041611984 0.515498273 -0.039933503 0.999107551 0.013762915 0.501499183 0.042131903 -0.012077993 0.999039051 100.552082919
0.998442550 0.035867574 -0.042731633 0.449412592 -0.035290062 0.999276312 0.014193769 0.521464091 0.043209806 -0.012663659 0.998985758 102.207249504
0.998488201 0.033309537 -0.043723982 0.372762497 -0.032677124 0.999351888 0.015099977 0.547316764 0.044198619 -0.013648373 0.998929529 104.030770055
0.998415462 0.034638095 -0.044348262 0.295842177 -0.033928956 0.999285635 0.016644670 0.572663870 0.044893123 -0.015113604 0.998877463 105.691823152
0.998320581 0.036726169 -0.044801864 0.216099177 -0.036106634 0.999241865 0.014560459 0.598219409 0.045302649 -0.012918359 0.998889777 107.352403066
0.998257670 0.038342460 -0.044849522 0.126100221 -0.037747509 0.999188694 0.014038463 0.623446024 0.045351407 -0.012321044 0.998895111 109.187577236
0.998230429 0.039368270 -0.044566243 0.045913531 -0.038599666 0.999093018 0.017977939 0.649170502 0.045233584 -0.016225882 0.998844654 110.863768631
0.998233511 0.039706409 -0.044195675 -0.040963830 -0.038822986 0.999032267 0.020671343 0.683101389 0.044973691 -0.018919017 0.998809010 112.708731025
0.998182674 0.041623345 -0.043575750 -0.120299951 -0.040798425 0.998974109 0.019652448 0.716672532 0.044349048 -0.017838909 0.998856814 114.383753242
0.998103295 0.044198451 -0.042852170 -0.200780465 -0.043443381 0.998886530 0.018394921 0.749379636 0.043617484 -0.016498387 0.998912067 116.061215035
0.997970813 0.047640373 -0.042245132 -0.290442978 -0.046923803 0.998739948 0.017795309 0.778490398 0.043039678 -0.015776895 0.998948785 117.912362243
0.997968322 0.048129343 -0.041746794 -0.367400029 -0.047392859 0.998705804 0.018456259 0.806351778 0.042581055 -0.016440260 0.998957743 119.597818950
0.997990599 0.047991887 -0.041370801 -0.442608796 -0.047197129 0.998685779 0.019978624 0.833905739 0.042275244 -0.017985894 0.998944098 121.285028302
0.998023646 0.047484617 -0.041158382 -0.523271028 -0.046669973 0.998699299 0.020533465 0.867415289 0.042079873 -0.018572020 0.998941622 123.140724764
0.998015061 0.047551495 -0.041289135 -0.597467464 -0.046728367 0.998693592 0.020677729 0.897609808 0.042218453 -0.018707308 0.998933250 124.830210237
0.998037373 0.046987816 -0.041395005 -0.671657957 -0.046163178 0.998720297 0.020657448 0.928380313 0.042312682 -0.018705978 0.998929288 126.519933050
0.998096628 0.045443752 -0.041689156 -0.752117509 -0.044599967 0.998785188 0.020952138 0.961747593 0.042590656 -0.019052921 0.998910918 128.380228348
0.998122126 0.044332282 -0.042271393 -0.825179269 -0.043483024 0.998837548 0.020803343 0.993883540 0.043144515 -0.018926187 0.998889559 130.071490361
0.998128633 0.043736496 -0.042735821 -0.899275954 -0.042885546 0.998866967 0.020630376 1.026385130 0.043589702 -0.018759018 0.998873384 131.763624889
0.998113903 0.043859958 -0.042952776 -0.983973231 -0.042973118 0.998847919 0.021357586 1.059147071 0.043840035 -0.019471486 0.998848794 133.629171831
0.998098517 0.044032472 -0.043133420 -1.061709103 -0.043107884 0.998825148 0.022136698 1.091061044 0.044057480 -0.020235213 0.998824046 135.328430624
0.998082823 0.044618180 -0.042894023 -1.147403055 -0.043627790 0.998765393 0.023755111 1.129553846 0.043900977 -0.021838194 0.998797175 137.199186142
0.998166331 0.043142185 -0.042458550 -1.222257757 -0.042184933 0.998840666 0.023189561 1.166311804 0.043409776 -0.021355925 0.998829072 138.898145947
0.998230064 0.041958729 -0.042145044 -1.296618995 -0.041006465 0.998889235 0.023211337 1.203282818 0.043072150 -0.021442032 0.998841844 140.598318518
0.998321079 0.040133577 -0.041765057 -1.376933464 -0.039271304 0.999002266 0.021265857 1.241256702 0.042576863 -0.019589983 0.998901118 142.468344195
0.998324853 0.040147316 -0.041661492 -1.451298329 -0.039323574 0.999018116 0.020407354 1.271957382 0.042439887 -0.018734888 0.998923350 144.171843830
0.998280359 0.041638379 -0.041262217 -1.526515521 -0.040755274 0.998926538 0.022017702 1.303524644 0.042134706 -0.020298185 0.998905726 145.876334203
0.998206893 0.043807730 -0.040790715 -1.610352953 -0.042845631 0.998789309 0.024169573 1.340911117 0.041800146 -0.022378528 0.998875342 147.752004819
0.998136507 0.045659517 -0.040481139 -1.686119494 -0.044704993 0.998707565 0.024179792 1.377136790 0.041532859 -0.022325021 0.998887689 149.452466523
0.998103705 0.046854499 -0.039920555 -1.761041039 -0.045915740 0.998654144 0.024117319 1.412069168 0.040996834 -0.022238601 0.998911760 151.152478428
0.998138081 0.046173695 -0.039854237 -1.840337696 -0.045294817 0.998716149 0.022681144 1.448052392 0.040850344 -0.020833721 0.998948049 153.022672814
0.998209813 0.044329666 -0.040150343 -1.909983971 -0.043382088 0.998766073 0.024172822 1.482495757 0.041172375 -0.022387740 0.998901209 154.722804306
0.998249481 0.042709635 -0.040912839 -1.986053667 -0.041648279 0.998782098 0.026452643 1.521612753 0.041992795 -0.024702385 0.998812494 156.592897997
0.998272252 0.041157521 -0.041935304 -2.056402443 -0.040123418 0.998876647 0.025210215 1.560225089 0.042925787 -0.023484067 0.998802220 158.286250586
0.998260876 0.040446629 -0.042886986 -2.130761733 -0.039413914 0.998918665 0.024658545 1.594161348 0.043837968 -0.022925314 0.998775582 159.983897880
0.998223580 0.040083697 -0.044079258 -2.214943507 -0.038985459 0.998914375 0.025499117 1.633902626 0.045053505 -0.023735367 0.998702565 161.848495697
0.998204151 0.038906940 -0.045549118 -2.292638491 -0.037779720 0.998964437 0.025352445 1.670125882 0.046488337 -0.023586080 0.998640341 163.541205464
0.998203484 0.037268054 -0.046913713 -2.371346229 -0.036090712 0.999018054 0.025698033 1.707954682 0.047825364 -0.023958714 0.998568332 165.231822578
0.998134335 0.037251340 -0.048375485 -2.461876977 -0.035988827 0.998995119 0.026712471 1.748281227 0.049321950 -0.024921655 0.998471961 167.093391736
0.998051992 0.037593666 -0.049788919 -2.547725277 -0.036350915 0.999010228 0.025635425 1.785693416 0.050703371 -0.023775611 0.998430713 168.784523700
0.997937904 0.039055338 -0.050937419 -2.637261126 -0.037785691 0.998956479 0.025655314 1.823029357 0.051886244 -0.023677702 0.998372267 170.474631010
0.997792918 0.041559632 -0.051788891 -2.738957954 -0.040299817 0.998871370 0.025137839 1.863439657 0.052775162 -0.022995272 0.998341625 172.333069129
0.997684322 0.043052400 -0.052654390 -2.832560716 -0.041862783 0.998847163 0.023491528 1.900049451 0.053605057 -0.021232868 0.998336448 174.018578704
0.997572863 0.045348297 -0.052838576 -2.928710431 -0.044129981 0.998737452 0.024000977 1.935186433 0.053860270 -0.021610955 0.998314599 175.708447063
0.997470257 0.047492852 -0.052891538 -3.035735501 -0.046217431 0.998616458 0.025082241 1.974308920 0.054009589 -0.022574275 0.998285213 177.566558365
0.997449458 0.048420819 -0.052440469 -3.131537614 -0.047168908 0.998577675 0.024853980 2.008705016 0.053569333 -0.022317026 0.998314718 179.256555272
0.997521532 0.047734508 -0.051693430 -3.233856425 -0.046474684 0.998598883 0.025305643 2.050880089 0.052828955 -0.022840485 0.998342333 181.112097233
0.997560912 0.047251470 -0.051376309 -3.325261217 -0.045985172 0.998615140 0.025557105 2.087268946 0.052512772 -0.023132218 0.998352297 182.801608156
0.997619089 0.046065154 -0.051324008 -3.415421770 -0.044813998 0.998675738 0.025268077 2.123437136 0.052420021 -0.022907880 0.998362344 184.489156340
0.997607362 0.046243895 -0.051391184 -3.516858534 -0.044964175 0.998655762 0.025785484 2.161850520 0.052514525 -0.023413024 0.998345659 186.344819296
0.997579337 0.046994189 -0.051254383 -3.609416346 -0.045625302 0.998578400 0.027559224 2.200105680 0.052476645 -0.025154013 0.998305303 188.032870909
0.997513070 0.048430764 -0.051206799 -3.702598867 -0.047017816 0.998488893 0.028447421 2.240268627 0.052507152 -0.025969039 0.998282830 189.716793956
0.997411255 0.050276585 -0.051410635 -3.805816200 -0.048905143 0.998422132 0.027595894 2.284477655 0.052716945 -0.025010208 0.998296255 191.569400337
0.997329921 0.051630619 -0.051645990 -3.899966232 -0.050327978 0.998388669 0.026213734 2.322379158 0.052916204 -0.023544500 0.998321357 193.250811546
0.997286939 0.051961403 -0.052141860 -3.994823892 -0.050736560 0.998410371 0.024546543 2.356571224 0.053334449 -0.021834445 0.998337966 194.930764838
0.997263357 0.051789390 -0.052760362 -4.097579822 -0.050548579 0.998418888 0.024587918 2.395883047 0.053950337 -0.021853666 0.998304452 196.778980481
0.997234714 0.051678668 -0.053406361 -4.191796134 -0.050418091 0.998423010 0.024688241 2.429157082 0.054597997 -0.021927322 0.998267625 198.454905162
0.997213385 0.051587727 -0.053890362 -4.285957251 -0.050282220 0.998414356 0.025307547 2.464696109 0.055110472 -0.022527295 0.998226105 200.130107178
0.997170601 0.051594673 -0.054669750 -4.392650500 -0.050283749 0.998419766 0.025090166 2.500070962 0.055877880 -0.022270173 0.998189211 201.973499976
0.997142512 0.051298783 -0.055454888 -4.487414404 -0.050040619 0.998462508 0.023844423 2.532163925 0.056592818 -0.021001289 0.998176437 203.642157684
0.997111533 0.050941982 -0.056333867 -4.592463785 -0.049663253 0.998480695 0.023871800 2.566394093 0.057464358 -0.021005122 0.998126561 205.474013818
0.997103954 0.050166067 -0.057158299 -4.689184531 -0.048816528 0.998500619 0.024768123 2.599854759 0.058315119 -0.021906121 0.998057848 207.139632377
0.997088531 0.049568393 -0.057943377 -4.786763763 -0.048130361 0.998503747 0.025956429 2.635706969 0.059143300 -0.023092019 0.997982379 208.803722373
0.997056397 0.049136962 -0.058856605 -4.897637646 -0.047772573 0.998560918 0.024369528 2.669918463 0.059969352 -0.021486060 0.997968950 210.630465585
0.996965704 0.049904515 -0.059740471 -5.001044748 -0.048596446 0.998550109 0.023153085 2.701863164 0.060809299 -0.020179654 0.997945395 212.288161133
0.996882921 0.050623730 -0.060511819 -5.105268525 -0.049228212 0.998491045 0.024335492 2.733575721 0.061652465 -0.021280745 0.997870785 213.945128796
0.996826129 0.050918559 -0.061196151 -5.219868277 -0.049490115 0.998470717 0.024636487 2.772010946 0.062357021 -0.021529687 0.997821665 215.764606266
0.996739801 0.051719133 -0.061926569 -5.325820156 -0.050251475 0.998422937 0.025028531 2.805580041 0.063123363 -0.021835029 0.997766843 217.418369590
0.996696039 0.051602175 -0.062723364 -5.433918917 -0.050086550 0.998419253 0.025501612 2.839376728 0.063940155 -0.022275756 0.997705090 219.072503047
0.996622198 0.051844970 -0.063689029 -5.554429968 -0.050302950 0.998406308 0.025582369 2.876368232 0.064913848 -0.022292208 0.997641845 220.890752175
0.996521081 0.052780847 -0.064497417 -5.665684352 -0.051173448 0.998342735 0.026326057 2.912402627 0.065780042 -0.022933913 0.997570560 222.542381997
0.996371014 0.054359473 -0.065496945 -5.790891767 -0.052656851 0.998235360 0.027448556 2.953362333 0.066873458 -0.023900079 0.997475176 224.359169948
0.996240650 0.055459377 -0.066549412 -5.906425461 -0.053712022 0.998170358 0.027766066 2.991139942 0.067967542 -0.024087177 0.997396722 226.010313011
0.996204536 0.054592449 -0.067795182 -6.021403539 -0.052779702 0.998206531 0.028249333 3.027988913 0.069215796 -0.024563902 0.997299247 227.662427253
0.996154426 0.053142519 -0.069657971 -6.148863096 -0.051282922 0.998285397 0.028219301 3.068544910 0.071038183 -0.024538514 0.997171719 229.472256579
0.996109409 0.051614986 -0.071427859 -6.265907817 -0.049826026 0.998403467 0.026606089 3.105930283 0.072687097 -0.022943606 0.997090857 231.113457129
0.996076796 0.050040274 -0.072986209 -6.386178872 -0.048379197 0.998532115 0.024352995 3.140495831 0.074097707 -0.020726436 0.997035579 232.754658933
0.995944043 0.050291069 -0.074607446 -6.522544683 -0.048704947 0.998549970 0.022930025 3.174461040 0.075652441 -0.019203268 0.996949318 234.552845669
0.995847019 0.050574055 -0.075703231 -6.649390941 -0.048906265 0.998521535 0.023725962 3.203320476 0.076791227 -0.019925064 0.996848082 236.191495294
0.995720636 0.052894940 -0.075779548 -6.788096846 -0.051056246 0.998357270 0.026000406 3.239649575 0.077030355 -0.022020119 0.996785553 237.987920675
0.995653106 0.055580680 -0.074737405 -6.908355289 -0.053493041 0.998127871 0.029652105 3.275243750 0.076245574 -0.025525276 0.996762295 239.618907632
0.995602114 0.058065380 -0.073517628 -7.030115947 -0.055991115 0.997981368 0.029969733 3.314847943 0.075109430 -0.025721592 0.996843505 241.245776105
0.995630781 0.058986560 -0.072387390 -7.152372814 -0.057100671 0.997979816 0.027853181 3.345942212 0.073884120 -0.023598113 0.996987596 242.868143578
0.995710098 0.058763266 -0.071472222 -7.290998785 -0.057193302 0.998078932 0.023819580 3.370258107 0.072734638 -0.019629662 0.997158136 244.656518783
0.995950030 0.055741019 -0.070544149 -7.409638698 -0.054341447 0.998288602 0.021607263 3.393474553 0.071627834 -0.017686281 0.997274611 246.278863185
0.996184439 0.052518688 -0.069701873 -7.536545672 -0.051129108 0.998459003 0.021573919 3.414077782 0.070727499 -0.017927805 0.997334555 248.062907864
0.996367496 0.050187226 -0.068797202 -7.645606319 -0.048771503 0.998565285 0.022106839 3.436903256 0.069807981 -0.018671190 0.997385699 249.670108535
0.996529287 0.048056088 -0.067970519 -7.756564137 -0.046625835 0.998659545 0.022475444 3.440180555 0.068959492 -0.019228254 0.997434140 251.272193495
0.996544447 0.047744750 -0.067967672 -7.881645714 -0.046290752 0.998667546 0.022810073 3.450052909 0.068966172 -0.019584975 0.997426737 253.020095011
0.996545631 0.047066519 -0.068421840 -7.995530851 -0.045624494 0.998705497 0.022488552 3.449571990 0.069391728 -0.019289154 0.997402986 254.601606628
0.996563692 0.046039293 -0.068856311 -8.105184264 -0.044628342 0.998763763 0.021891960 3.455875206 0.069779081 -0.018743787 0.997386360 256.162606197
0.996420581 0.047932956 -0.069630857 -8.232841104 -0.046455101 0.998662612 0.022691655 3.450787766 0.070625414 -0.019375721 0.997314711 257.870445682
0.996205610 0.051626741 -0.070064706 -8.352202127 -0.049972170 0.998433475 0.025166992 3.453699975 0.071254240 -0.021570211 0.997224929 259.410729932
0.995805360 0.058177769 -0.070618915 -8.475133834 -0.056385809 0.998040913 0.027110464 3.459942153 0.072057795 -0.023014838 0.997134891 260.933857570
0.995509882 0.062471593 -0.071115220 -8.604940907 -0.060712876 0.997799939 0.026631331 3.473873957 0.072622467 -0.022194141 0.997112530 262.584662449
0.995476354 0.062039492 -0.071957838 -8.713806449 -0.060664630 0.997934331 0.021139372 3.489741516 0.073120676 -0.016678447 0.997183632 264.060280764
0.995546842 0.058626171 -0.073820439 -8.827364653 -0.057491056 0.998194191 0.017410793 3.483109976 0.074707864 -0.013089243 0.997119555 265.668754305
0.995454739 0.058168025 -0.075407843 -8.933562691 -0.057289537 0.998262735 0.013763019 3.473613718 0.076077410 -0.009380381 0.997057790 267.111746040
0.995562052 0.055356921 -0.076103958 -9.035540423 -0.054397368 0.998412246 0.014625800 3.470229236 0.076792766 -0.010421035 0.996992614 268.539174352
0.995511635 0.055955117 -0.076325681 -9.152016846 -0.054018130 0.998169089 0.027212330 3.481262289 0.077708607 -0.022967218 0.996711533 270.094938372
0.995510306 0.054971830 -0.077054065 -9.257851770 -0.052516309 0.998056627 0.033541123 3.498931646 0.078748140 -0.029343935 0.996462575 271.485173346
0.995887051 0.046218807 -0.077928199 -9.359879971 -0.043808030 0.998515495 0.032367634 3.512462987 0.079308510 -0.028820623 0.996433406 272.850634448
0.995843646 0.044799523 -0.079299653 -9.478418190 -0.042644705 0.998679084 0.028662102 3.515380477 0.080478956 -0.025161258 0.996438683 274.328040704
0.995821975 0.042528007 -0.080808189 -9.583894002 -0.040893358 0.998926150 0.021777989 3.521261368 0.081647590 -0.018382479 0.996491724 275.644335990
0.995840849 0.040732623 -0.081497591 -9.690919169 -0.039159342 0.999016230 0.020811480 3.526258922 0.082265125 -0.017533527 0.996456233 276.946419869
0.995620572 0.045335815 -0.081757820 -9.815174385 -0.043456724 0.998751920 0.024619423 3.529275132 0.082771924 -0.020958674 0.996348103 278.355148917
0.995623497 0.044159545 -0.082363748 -9.920131728 -0.042366662 0.998828279 0.023390934 3.535256554 0.083300176 -0.019799084 0.996327796 279.611044587
0.995622354 0.042074735 -0.083461642 -10.031950399 -0.040495625 0.998968893 0.020524503 3.536977033 0.084239150 -0.017054820 0.996299603 280.975339093
0.995531302 0.042209442 -0.084473605 -10.136674405 -0.041011365 0.999032652 0.015869099 3.537392065 0.085061718 -0.012333805 0.996299343 282.200990614
0.995535362 0.039382437 -0.085780923 -10.237265640 -0.038771812 0.999209573 0.008773570 3.534239719 0.086058648 -0.005408517 0.996275392 283.420729764
0.995463469 0.039204191 -0.086692061 -10.351014071 -0.038629477 0.999219150 0.008297779 3.531346354 0.086949678 -0.004911266 0.996200599 284.765753755
0.995397679 0.039925729 -0.087117139 -10.458693687 -0.038962804 0.999159615 0.012726512 3.514864843 0.087552045 -0.009273611 0.996116780 285.998260065
0.995352737 0.039517638 -0.087813918 -10.563655403 -0.038366440 0.999154728 0.014759611 3.510669989 0.088322959 -0.011321910 0.996027545 287.217362456
0.995250581 0.040328864 -0.088599459 -10.680148114 -0.039172901 0.999123605 0.014748096 3.507908548 0.089116588 -0.011207352 0.995958146 288.553034579
0.995139024 0.041168380 -0.089462213 -10.787142290 -0.040094857 0.999101064 0.013764712 3.512118790 0.089948466 -0.010110826 0.995895097 289.758945584
0.994983884 0.043310572 -0.090173529 -10.896096430 -0.042311920 0.999020415 0.012958059 3.517183091 0.090646420 -0.009077643 0.995841766 290.961226154
0.994886590 0.044024585 -0.090898343 -11.019477374 -0.043128755 0.998999869 0.011797151 3.508721446 0.091326801 -0.007816494 0.995790298 292.287020232
0.994743720 0.045788948 -0.091587682 -11.134417995 -0.044939797 0.998925632 0.011313537 3.505975758 0.092007321 -0.007138137 0.995732745 293.488251211
0.994643872 0.046342797 -0.092390007 -11.259602532 -0.045542956 0.998904559 0.010748086 3.499456384 0.092786899 -0.006482803 0.995664886 294.806918421
0.994555374 0.047002269 -0.093007494 -11.373368852 -0.046184925 0.998873194 0.010922227 3.501521640 0.093416066 -0.006567215 0.995605499 296.002378053
0.994535850 0.047380803 -0.093024203 -11.488015940 -0.046418860 0.998844118 0.012478719 3.501441957 0.093507933 -0.008092455 0.995585646 297.198931667
0.994520616 0.047705677 -0.093021027 -11.614291659 -0.046839072 0.998836494 0.011478644 3.499796380 0.093460396 -0.007058728 0.995597976 298.511428742
0.994581142 0.046441617 -0.093013589 -11.728538042 -0.045721122 0.998905547 0.009863406 3.496102452 0.093369866 -0.005557271 0.995615983 299.703255680
0.994646785 0.045556649 -0.092748934 -11.840017540 -0.044878828 0.998948382 0.009381949 3.497058561 0.093078811 -0.005169261 0.995645325 300.890960645
0.994762070 0.044164432 -0.092184196 -11.960959498 -0.043491817 0.999010555 0.009293680 3.497022438 0.092503438 -0.005235741 0.995698600 302.197089634
0.994790412 0.044629915 -0.091652637 -12.072174231 -0.044003020 0.998992195 0.008850384 3.497235713 0.091955264 -0.004771283 0.995751708 303.382119079
0.994852518 0.044767472 -0.090908420 -12.183947384 -0.044069055 0.998981623 0.009676528 3.491722042 0.091249038 -0.005620469 0.995812243 304.569291329
0.994892035 0.046132871 -0.089786389 -12.306877842 -0.045309932 0.998910377 0.011183443 3.488792733 0.090204483 -0.007058103 0.995898255 305.871837202
0.995007848 0.046345882 -0.088382360 -12.413823283 -0.045364513 0.998884848 0.013081339 3.494713175 0.088890070 -0.009006611 0.996000721 307.050267017
0.995136670 0.046214680 -0.086989717 -12.528781694 -0.045189240 0.998884201 0.013721745 3.502419908 0.087526803 -0.009724011 0.996114704 308.341824684
0.995288474 0.044936394 -0.085916089 -12.629350725 -0.044078534 0.998957704 0.011857001 3.506996875 0.086359353 -0.008014080 0.996231819 309.510842249
0.995455261 0.043476996 -0.084726463 -12.728912434 -0.042745420 0.999031547 0.010430546 3.502188302 0.085097901 -0.006761473 0.996349652 310.683618318
0.995612922 0.042552491 -0.083331835 -12.834595667 -0.041850164 0.999072263 0.010157659 3.505299743 0.083686761 -0.006625645 0.996470083 311.967311377
0.995735687 0.042192184 -0.082038167 -12.930856050 -0.041456035 0.999083495 0.010656835 3.507449690 0.082412616 -0.007210413 0.996572211 313.134757609
0.995820952 0.042826532 -0.080662995 -13.026639237 -0.042066874 0.999053197 0.011094499 3.508665628 0.081061765 -0.007654893 0.996679684 314.298776196
0.995857001 0.044874834 -0.079089084 -13.137766301 -0.044127855 0.998963463 0.011168332 3.494239602 0.079508285 -0.007632029 0.996804988 315.583242621
0.995874645 0.046866566 -0.077699529 -13.235162058 -0.046103082 0.998869426 0.011592041 3.490640438 0.078154965 -0.007962031 0.996909428 316.743141316
0.995900612 0.048803650 -0.076158874 -13.330108888 -0.048072706 0.998778751 0.011402726 3.487910316 0.076622363 -0.007694818 0.997030493 317.899738876
0.995878177 0.051592096 -0.074598339 -13.433725816 -0.050948255 0.998645996 0.010509526 3.486594936 0.075039544 -0.006665552 0.997158281 319.169151033
0.995883835 0.053477780 -0.073181384 -13.525156866 -0.052839545 0.998546424 0.010631196 3.487589871 0.073643544 -0.006720564 0.997261983 320.319099054
0.996005449 0.053576120 -0.071433493 -13.623961542 -0.052902990 0.998535906 0.011283524 3.472649548 0.071933438 -0.007459405 0.997381541 321.592872674
0.996078680 0.054230320 -0.069902324 -13.710288324 -0.053661400 0.998509190 0.009992584 3.467277260 0.070340016 -0.006202342 0.997503791 322.740993095
0.996278090 0.052006103 -0.068741047 -13.792064659 -0.051639533 0.998640549 0.007100218 3.461810211 0.069016854 -0.003524035 0.997609270 323.886505331
0.996488019 0.049334637 -0.067658867 -13.876506421 -0.049193434 0.998782221 0.003752614 3.459449688 0.067761610 -0.000411063 0.997701456 325.138631560
0.996639677 0.048134814 -0.066275140 -13.954527341 -0.047954570 0.998840224 0.004308833 3.454904168 0.066405683 -0.001116157 0.997792082 326.280704769
0.996783236 0.047168837 -0.064794143 -14.031532305 -0.046654507 0.998866582 0.009429123 3.442168148 0.065165467 -0.006375852 0.997854103 327.426445542
0.996864384 0.047130781 -0.063561703 -14.117271151 -0.046273847 0.998817837 0.014888234 3.435230017 0.064188259 -0.011900304 0.997866850 328.683912182
0.996927707 0.046780381 -0.062823108 -14.191858526 -0.045822198 0.998811542 0.016608106 3.440058110 0.063525381 -0.013678387 0.997886480 329.816769939
0.996981866 0.046100331 -0.062465343 -14.273162112 -0.045230911 0.998859959 0.015262608 3.442143704 0.063097743 -0.012391177 0.997930425 331.057578840
0.997035643 0.045378532 -0.062134650 -14.345809071 -0.044643469 0.998916187 0.013168623 3.442810079 0.062664882 -0.010355679 0.997980898 332.181663958
0.997076877 0.044826802 -0.061872925 -14.419525796 -0.044170694 0.998952737 0.011932286 3.435762507 0.062343016 -0.009164435 0.998012706 333.304898821
0.997139429 0.043964975 -0.061482035 -14.499634977 -0.043397768 0.999002364 0.010531448 3.426070148 0.061883716 -0.007833138 0.998052628 334.536955943
0.997193314 0.043224328 -0.061132254 -14.570363952 -0.042722675 0.999041896 0.009490174 3.421314874 0.061483891 -0.006851803 0.998084558 335.650002593
0.997224191 0.043105548 -0.060710992 -14.642931686 -0.042560018 0.999041321 0.010251045 3.411188784 0.061094669 -0.007638728 0.998102746 336.762752624
0.997288856 0.042158780 -0.060312317 -14.717405785 -0.041575099 0.999075916 0.010900679 3.406298160 0.060716145 -0.008363634 0.998120033 337.979455232
0.997294417 0.042649115 -0.059874020 -14.788325585 -0.042021956 0.999048230 0.011695679 3.392253320 0.060315846 -0.009148010 0.998137422 339.090434266
0.997357113 0.042047346 -0.059252085 -14.855769432 -0.041379831 0.999065934 0.012448666 3.386176099 0.059720175 -0.009963923 0.998165428 340.194588108
0.997431644 0.041269682 -0.058539975 -14.928062774 -0.040535080 0.999084439 0.013681788 3.382962284 0.059051023 -0.011273724 0.998191304 341.408705633
0.997498778 0.040713165 -0.057780848 -14.992171896 -0.039907408 0.999090310 0.015031688 3.384880015 0.058340275 -0.012688205 0.998216120 342.506049421
0.997661100 0.037756123 -0.056980740 -15.060521217 -0.037018857 0.999217336 0.013939875 3.379291074 0.057462460 -0.011797908 0.998277955 343.712061180
0.997816356 0.035014083 -0.056004766 -15.119371781 -0.034280910 0.999314186 0.013999205 3.377461921 0.056456529 -0.012048739 0.998332354 344.804560836
0.997970116 0.031908766 -0.055113321 -15.175836250 -0.031139158 0.999405965 0.014767159 3.378739673 0.055551786 -0.013021000 0.998370899 345.893431935
0.998094286 0.029552057 -0.054170773 -15.237853427 -0.028773795 0.999472024 0.015091140 3.381840527 0.054588148 -0.013503680 0.998417640 347.087423902
0.998149132 0.029112959 -0.053392379 -15.294611286 -0.028414501 0.999501038 0.013794611 3.387143810 0.053767342 -0.012251960 0.998478323 348.164058307
0.998202083 0.029318304 -0.052278479 -15.352976919 -0.028781046 0.999525208 0.011000468 3.378086723 0.052576174 -0.009476059 0.998571955 349.241907494
0.998221235 0.030911365 -0.050978943 -15.416626448 -0.030563552 0.999504019 0.007588459 3.371213811 0.051188230 -0.006016862 0.998670898 350.419990500
0.998241857 0.032449690 -0.049600539 -15.473211502 -0.032139190 0.999458573 0.007045103 3.360267202 0.049802297 -0.005438594 0.998744288 351.491205320
0.998253396 0.033953517 -0.048345797 -15.528061906 -0.033649738 0.999408582 0.007083887 3.351335259 0.048557729 -0.005444690 0.998805538 352.557463610
0.998295933 0.035009668 -0.046685688 -15.586113703 -0.034710334 0.999371425 0.007207405 3.338866309 0.046908674 -0.005574646 0.998883627 353.728427985
0.998375369 0.034598290 -0.045272291 -15.636573000 -0.034259123 0.999378960 0.008246623 3.325419498 0.045529495 -0.006682235 0.998940645 354.794876773
0.998476029 0.034018486 -0.043455298 -15.691229063 -0.033556214 0.999372680 0.011323702 3.313978408 0.043813255 -0.009848249 0.998991197 355.968461998
0.998579555 0.032647530 -0.042107147 -15.735199190 -0.032197234 0.999417331 0.011328543 3.309975455 0.042452463 -0.009956717 0.999048874 357.027766545
0.998639133 0.032280821 -0.040961323 -15.783943455 -0.031962344 0.999453720 0.008406561 3.305467494 0.041210319 -0.007085900 0.999125367 358.189174947
0.998641675 0.033543873 -0.039869965 -15.828838091 -0.033329243 0.999426199 0.006036122 3.301173457 0.040049564 -0.004699087 0.999186645 359.244253695
0.998601545 0.036154444 -0.038572151 -15.876303162 -0.036003005 0.999341031 0.004613922 3.289887604 0.038713548 -0.003218756 0.999245166 360.301616095
0.998535539 0.039144212 -0.037343117 -15.924345571 -0.039020449 0.999230254 0.004037736 3.275682891 0.037472428 -0.002574678 0.999294345 361.359519895
0.998473837 0.041268218 -0.036700557 -15.972593721 -0.041168677 0.999146205 0.003464320 3.274769927 0.036812190 -0.001948119 0.999320303 362.516476724
0.998413356 0.042368013 -0.037090739 -16.015137865 -0.042274222 0.999100563 0.003309844 3.273820278 0.037197611 -0.001736610 0.999306420 363.568772226
0.998356214 0.042987307 -0.037907281 -16.057218089 -0.042874181 0.999073281 0.003792695 3.272738973 0.038035191 -0.002161217 0.999274063 364.620999878
0.998338578 0.042201938 -0.039231113 -16.106130814 -0.042017770 0.999101683 0.005507685 3.260436312 0.039428307 -0.003850130 0.999214984 365.787564450
0.998279094 0.041646811 -0.041284291 -16.150745672 -0.041362306 0.999114371 0.007722274 3.256821015 0.041569338 -0.006001370 0.999117598 366.847445651
0.998141054 0.041632692 -0.044510166 -16.203987553 -0.041311345 0.999113360 0.008115795 3.256115136 0.044808585 -0.006261933 0.998975965 368.013797307
0.997996861 0.041102530 -0.048092079 -16.255001147 -0.040827577 0.999143836 0.006686164 3.260361463 0.048325724 -0.004709287 0.998820528 369.071650600
0.997852154 0.040213918 -0.051709952 -16.309508930 -0.040092884 0.999190253 0.003376349 3.262930254 0.051803858 -0.001295896 0.998656438 370.130957726
0.997703243 0.038815541 -0.055512103 -16.376788949 -0.038875175 0.999244075 0.000005701 3.256513953 0.055470363 0.002152354 0.998458014 371.304730372
0.997548093 0.038513841 -0.058433613 -16.440864310 -0.038649212 0.999252134 -0.001187746 3.252864309 0.058344170 0.003443247 0.998290590 372.374471905
0.997315520 0.039921964 -0.061383950 -16.510019422 -0.040051450 0.999197231 -0.000879874 3.250791806 0.061299549 0.003336028 0.998113839 373.449983654
0.997040310 0.041526577 -0.064700566 -16.589479595 -0.041642160 0.999132493 -0.000438228 3.248151763 0.064626242 0.003131202 0.997904627 374.635429940
0.996845171 0.042143459 -0.067257966 -16.666417603 -0.042105528 0.999111203 0.001982157 3.239607720 0.067281724 0.000856028 0.997733650 375.726112262
0.996568582 0.044208694 -0.069976082 -16.756354980 -0.043779825 0.999011903 0.007651473 3.235241667 0.070245203 -0.004561676 0.997519325 376.932614538
0.996323972 0.045187455 -0.072777997 -16.842494648 -0.044600967 0.998958132 0.009664602 3.226602906 0.073138893 -0.006383105 0.997301338 378.034798097
0.996035944 0.046265885 -0.075972792 -16.929857681 -0.045908254 0.998924849 0.006448076 3.225041969 0.076189439 -0.002934737 0.997089042 379.133493313
0.995731797 0.047030980 -0.079412065 -17.031689036 -0.047064309 0.998890805 0.001453074 3.221035850 0.079392324 0.002290601 0.996840816 380.349670734
0.995434713 0.048850094 -0.081996339 -17.129677251 -0.048951938 0.998800839 0.000769096 3.208127982 0.081935586 0.003248294 0.996632334 381.468944518
0.995143858 0.051130721 -0.084109165 -17.230645079 -0.050974158 0.998691925 0.004009386 3.200146981 0.084204150 0.000297478 0.996448480 382.595439249
0.994933373 0.051350472 -0.086433281 -17.342254599 -0.051105515 0.998680512 0.005045990 3.190528537 0.086578351 -0.000603206 0.996244862 383.839120544
0.994818606 0.049831304 -0.088615929 -17.444041654 -0.049416296 0.998754625 0.006872378 3.184853751 0.088848032 -0.002457698 0.996042161 384.973709123
0.994731108 0.047581623 -0.090807556 -17.547811895 -0.046942868 0.998855591 0.009158344 3.178361703 0.091139407 -0.004847322 0.995826346 386.116383342
0.994521750 0.046725717 -0.093505057 -17.668154116 -0.045869020 0.998883643 0.011291622 3.171748303 0.093928285 -0.006940778 0.995554772 387.379010252
0.994297669 0.046211560 -0.096107425 -17.783166768 -0.045279020 0.998903943 0.011862680 3.160437872 0.096550283 -0.007443384 0.995300276 388.533090806
0.994028276 0.046370287 -0.098780481 -17.911072344 -0.045497313 0.998903088 0.011073179 3.161336407 0.099185597 -0.006512805 0.995047638 389.799141234
0.993815532 0.046022769 -0.101057370 -18.032212744 -0.045325200 0.998930019 0.009189283 3.158553074 0.101372160 -0.004552006 0.994838160 390.954968800
0.993707493 0.043791791 -0.103090718 -18.152494326 -0.043237153 0.999035855 0.007609736 3.157696780 0.103324572 -0.003104502 0.994642848 392.112865041
0.993517777 0.041565372 -0.105805232 -18.289312613 -0.041067409 0.999132679 0.006881763 3.147537678 0.105999512 -0.002492006 0.994363059 393.395913672
