1.000000000 0.000000000 -0.000000000 -0.000000000 -0.000000000 1.000000000 0.000000000 -0.000000000 -0.000000000 -0.000000000 1.000000000 -0.000000000
0.999985953 -0.000003243 0.005300355 -0.000697409 -0.000002862 0.999999336 0.001151959 -0.009002643 -0.005300356 -0.001151958 0.999985290 0.760165331
0.999922386 0.001348444 0.012385600 0.003621089 -0.001391979 0.999992882 0.003506959 -0.014419457 -0.012380783 -0.003523927 0.999917146 1.577790292
0.999797429 0.001364655 0.020080820 0.020242195 -0.001482991 0.999981618 0.005879224 -0.013801613 -0.020072429 -0.005907812 0.999781074 2.302857207
0.999575436 0.002649904 0.029015947 0.042099111 -0.002900293 0.999958893 0.008590675 -0.014483676 -0.028991991 -0.008671181 0.999542033 3.009749488
0.999129204 0.005005718 0.041421941 0.076408570 -0.005369473 0.999947954 0.008675111 -0.017418951 -0.041376362 -0.008889970 0.999104081 3.762888556
0.998471445 0.007270492 0.054789721 0.121803927 -0.007691606 0.999942450 0.007479040 -0.024286840 -0.054732194 -0.007889028 0.998469905 4.429735315
0.997531812 0.007874208 0.069773068 0.179463227 -0.008206323 0.999956316 0.004474553 -0.023429386 -0.069734789 -0.005036089 0.997552854 5.077559998
0.995969765 0.009222116 0.089214229 0.248685664 -0.009482265 0.999951936 0.002492595 -0.018557340 -0.089186958 -0.003328502 0.996009341 5.770111273
0.993901273 0.010377196 0.109784214 0.321501460 -0.010664737 0.999941065 0.002032255 -0.006216150 -0.109756659 -0.003190680 0.993953367 6.386668250
0.991146655 0.009529698 0.132429197 0.407468092 -0.009859457 0.999949711 0.001834544 0.004016941 -0.132405059 -0.003123982 0.991190770 6.985342655
0.987045039 0.010024492 0.160129945 0.523271911 -0.010039105 0.999949349 -0.000717771 0.004892723 -0.160129036 -0.000899089 0.987095682 7.628505281
0.981800630 0.013752994 0.189415885 0.644777123 -0.012960770 0.999901313 -0.005420594 0.002860805 -0.189471748 0.002866966 0.981881988 8.201676508
0.974266307 0.017637071 0.224708912 0.794898048 -0.015156564 0.999803723 -0.012759096 0.009338487 -0.224889848 0.009024940 0.974342398 8.818966842
0.965710857 0.019499558 0.258886664 0.957959802 -0.015484865 0.999726284 -0.017537873 0.014246130 -0.259157792 0.012927688 0.965748475 9.371228381
0.955483058 0.019500336 0.294400848 1.147021633 -0.014305000 0.999701807 -0.019790495 0.012942724 -0.294698992 0.014698076 0.955477092 9.916777668
0.942054917 0.020639766 0.334823132 1.382189081 -0.013762388 0.999643028 -0.022900078 0.005298538 -0.335176274 0.016965163 0.942002682 10.505412155
0.927821416 0.022458935 0.372347970 1.610306352 -0.013816559 0.999570015 -0.025862855 -0.007892445 -0.372768732 0.018851540 0.927732773 11.024727839
0.911905000 0.022928342 0.409760363 1.857974482 -0.013101402 0.999555654 -0.026773999 -0.019719016 -0.410192186 0.019046905 0.911800193 11.529406420
0.892947018 0.022190524 0.449614497 2.157855824 -0.010798753 0.999552783 -0.027885865 -0.033699157 -0.450032240 0.020045321 0.892787307 12.071991232
0.874325749 0.019055494 0.484965322 2.454403397 -0.005689036 0.999562678 -0.029018761 -0.052382021 -0.485306220 0.022612860 0.874051795 12.549602720
0.852177375 0.017229542 0.522969267 2.797694260 -0.001780982 0.999547453 -0.030028599 -0.073233921 -0.523249997 0.024658290 0.851822411 13.053010103
0.830143511 0.018243385 0.557251216 3.128077037 -0.000653122 0.999495670 -0.031748700 -0.084449861 -0.557549402 0.025992020 0.829736760 13.502086114
0.803059934 0.022922538 0.595457208 3.506664783 -0.003406589 0.999420133 -0.033879100 -0.088603314 -0.595888539 0.025178466 0.802672354 13.979925255
0.775895419 0.029393140 0.630176426 3.872977904 -0.009015032 0.999328596 -0.035511781 -0.086021519 -0.630797149 0.021872364 0.775639460 14.411363975
0.746406854 0.031525815 0.664742744 4.267430140 -0.010337447 0.999306035 -0.035785273 -0.094809327 -0.665409619 0.019838627 0.746214770 14.826379829
0.713878075 0.029260831 0.699658402 4.690187764 -0.009090839 0.999429671 -0.032522150 -0.101401703 -0.700211017 0.016856364 0.713736935 15.227160597
0.674483991 0.027946608 0.737760335 5.184417579 -0.006936873 0.999479090 -0.031518698 -0.118796025 -0.738256896 0.016141103 0.674326508 15.649628196
0.636321637 0.028746921 0.770888038 5.651901163 -0.006027891 0.999460207 -0.032294872 -0.135418933 -0.771400324 0.015903093 0.636151439 16.007449195
0.591907984 0.029886656 0.805451241 6.196249996 -0.006320675 0.999453689 -0.032440295 -0.155928520 -0.805980776 0.014110671 0.591773523 16.384015987
0.549436737 0.030349700 0.834983917 6.712652290 -0.008062043 0.999486126 -0.031023982 -0.175955933 -0.835496439 0.010314036 0.549399077 16.705975624
0.505856320 0.031064965 0.862058191 7.253217373 -0.009690357 0.999492928 -0.030331235 -0.195736000 -0.862563335 0.006989592 0.505900846 17.004585566
0.460385376 0.030071898 0.887209647 7.813754707 -0.007963587 0.999525753 -0.029746433 -0.211928479 -0.887683454 0.006629448 0.460406521 17.269404825
0.408675728 0.028129991 0.912246031 8.452258431 -0.005030080 0.999579150 -0.028569580 -0.227048534 -0.912665808 0.007087020 0.408645234 17.529850276
0.361165182 0.026465931 0.932126190 9.051334167 -0.001621739 0.999613475 -0.027753743 -0.245006787 -0.932500462 0.008512017 0.361068505 17.736109272
0.310127022 0.025458107 0.950354188 9.728371170 0.001400573 0.999628075 -0.027235108 -0.264590300 -0.950694115 0.009777380 0.309976023 17.938400097
0.267957432 0.024374083 0.963122362 10.361730997 0.004845171 0.999633188 -0.026646092 -0.283114268 -0.963418586 0.011806507 0.267741046 18.095063004
0.231380935 0.023540408 0.972578366 11.009476428 0.009111046 0.999610934 -0.026362273 -0.301642308 -0.972820583 0.014960930 0.231076435 18.231554475
0.196747935 0.023803224 0.980165099 11.739852026 0.013724306 0.999540443 -0.027028629 -0.319194611 -0.980358061 0.018769908 0.196330836 18.363949030
0.169949677 0.024270061 0.985153813 12.418274774 0.016181199 0.999493172 -0.027414759 -0.332283832 -0.985319903 0.020600094 0.169470824 18.472638697
0.147224562 0.024307183 0.988804356 13.114191703 0.016727401 0.999493833 -0.027060528 -0.345047928 -0.988961656 0.020524096 0.146743446 18.574644919
0.127173028 0.024046841 0.991588995 13.897652082 0.018018334 0.999485107 -0.026549216 -0.361629236 -0.991716893 0.021243121 0.126674264 18.671184813
0.113526166 0.024153833 0.993241343 14.626840225 0.020938706 0.999424242 -0.026697461 -0.368777970 -0.993314359 0.023828044 0.112955053 18.750509384
0.104487244 0.024955614 0.994213054 15.373738916 0.024335909 0.999321627 -0.027641441 -0.378559816 -0.994228452 0.027083251 0.103809046 18.822555015
0.098587981 0.025439220 0.994803106 16.295254716 0.026839431 0.999241560 -0.028212595 -0.386836011 -0.994766350 0.029481366 0.097830435 18.908056407
0.096487426 0.025563213 0.995005861 17.004960875 0.029076889 0.999171088 -0.028489865 -0.399108116 -0.994909417 0.031680582 0.095664148 18.973981905
0.095323441 0.025567835 0.995117928 17.809834787 0.030889722 0.999112697 -0.028629439 -0.412414698 -0.994966986 0.033467966 0.094449077 19.047443536
0.094952719 0.025202173 0.995162698 18.634554968 0.031579601 0.999100089 -0.028315036 -0.418694640 -0.994980777 0.034115424 0.094071397 19.122975367
0.095364700 0.024309247 0.995145516 19.561758429 0.032386422 0.999096770 -0.027509360 -0.428418414 -0.994915438 0.034852618 0.094491275 19.209944545
0.096349004 0.023399460 0.995072509 20.424030786 0.033050218 0.999097143 -0.026694230 -0.434823404 -0.994798768 0.035459319 0.095488658 19.288939286
0.097153898 0.024144601 0.994976443 21.299360075 0.033788168 0.999049429 -0.027542670 -0.447778154 -0.994695690 0.036294302 0.096245745 19.370668732
0.098104331 0.026228384 0.994830426 22.279466210 0.034003950 0.998980566 -0.029691076 -0.460550234 -0.994595047 0.036740980 0.097112452 19.463385300
0.099044967 0.026507583 0.994729816 23.188615787 0.035075218 0.998930928 -0.030111969 -0.471831438 -0.994464610 0.037872797 0.098009322 19.551789176
0.100135490 0.024433258 0.994673747 24.115001409 0.035646916 0.998968542 -0.028127397 -0.490609081 -0.994335063 0.038273595 0.099161235 19.643442711
0.100859583 0.021973234 0.994657974 25.149803762 0.036908140 0.998985267 -0.025811367 -0.506688949 -0.994215857 0.039314292 0.099946247 19.743926207
0.101782480 0.022638453 0.994549039 26.101861297 0.036136503 0.998997092 -0.026437929 -0.517685468 -0.994150148 0.038630436 0.100862327 19.838971389
0.102474103 0.024732970 0.994428128 27.065459769 0.036206844 0.998935668 -0.028576137 -0.516000700 -0.994076536 0.038933411 0.101469535 19.929122900
0.104071051 0.027473355 0.994190321 28.139568070 0.034089488 0.998932510 -0.031172866 -0.526410402 -0.993985492 0.037135625 0.103023404 20.040744279
0.105656238 0.028829729 0.993984693 29.128472698 0.032026532 0.998962432 -0.032378391 -0.542555444 -0.993886863 0.035254855 0.104623296 20.146971027
0.107797060 0.027454412 0.993793748 30.232008260 0.029035892 0.999105256 -0.030750683 -0.565774918 -0.993748835 0.032170515 0.106903447 20.270756345
0.109912811 0.025042958 0.993625678 31.247314705 0.027507981 0.999222975 -0.028226911 -0.586898071 -0.993560527 0.030435130 0.109138526 20.385992544
0.112326925 0.022685170 0.993412306 32.267654760 0.026124418 0.999326377 -0.025774162 -0.610033268 -0.993327847 0.028847445 0.111658623 20.503235388
0.115053869 0.020828986 0.993140838 33.396418964 0.026552036 0.999358439 -0.024035405 -0.631438293 -0.993004347 0.029135272 0.114427004 20.636618208
0.118038137 0.019139634 0.992824575 34.428952227 0.027919549 0.999355002 -0.022584922 -0.650131959 -0.992616508 0.030385091 0.117427633 20.764236353
0.120969259 0.019282543 0.992468935 35.463949019 0.028979546 0.999316558 -0.022947825 -0.670117118 -0.992233168 0.031537275 0.120327784 20.894473266
0.124386271 0.021749866 0.991995445 36.604741643 0.031620245 0.999165053 -0.025871929 -0.693971383 -0.991729929 0.034585245 0.123594680 21.039325583
0.127439428 0.022918567 0.991581512 37.646611147 0.033823705 0.999051099 -0.027438287 -0.716564902 -0.991269481 0.037035673 0.126543311 21.176163707
0.130020887 0.020109485 0.991307289 38.697425228 0.032881492 0.999156924 -0.024581497 -0.735338657 -0.990965899 0.035791764 0.129250040 21.323143426
0.132311495 0.013297752 0.991118965 39.862769153 0.034454816 0.999244032 -0.018006387 -0.754984926 -0.990609191 0.036531267 0.131753301 21.480622309
0.133921526 0.008837775 0.990952513 40.926631994 0.035006686 0.999293949 -0.013643123 -0.768952866 -0.990373461 0.036517065 0.133517590 21.627407058
0.134975652 0.009780959 0.990800621 41.988891238 0.035198382 0.999272820 -0.014659634 -0.784207314 -0.990223552 0.036853266 0.134533227 21.773325721
0.136113288 0.018984835 0.990511339 43.154394744 0.037078110 0.999018262 -0.024243059 -0.798099112 -0.989999203 0.040026084 0.135275739 21.931246282
0.136571557 0.023890380 0.990342074 44.220474094 0.035156031 0.998962540 -0.028946476 -0.819563438 -0.990006212 0.038769756 0.135589979 22.079831350
0.136559721 0.023596997 0.990350740 45.403997521 0.033921322 0.999018608 -0.028480950 -0.846891658 -0.990050919 0.037483350 0.135625262 22.241154748
0.135887090 0.021081947 0.990499982 46.485384185 0.033274515 0.999112410 -0.025830203 -0.873274234 -0.990165411 0.036468391 0.135064987 22.387011591
0.135017025 0.018982540 0.990661410 47.570284360 0.032752340 0.999184602 -0.023609671 -0.895691132 -0.990301834 0.035634180 0.134285211 22.533228287
0.134178936 0.019195055 0.990771178 48.766790953 0.033317849 0.999159725 -0.023869773 -0.916464480 -0.990396875 0.036213179 0.133426651 22.691584711
0.133675276 0.019801748 0.990827319 49.857946518 0.034049724 0.999118294 -0.024561191 -0.935658534 -0.990440090 0.037020614 0.132883171 22.834284656
0.132994974 0.018900949 0.990936454 50.956796203 0.034631755 0.999118969 -0.023705002 -0.953483476 -0.990511491 0.037470508 0.132223229 22.979527650
0.132258355 0.017750345 0.991056314 52.174027652 0.035390043 0.999117605 -0.022617600 -0.977660453 -0.990583317 0.038064886 0.131513466 23.138483394
0.131401095 0.017618437 0.991172693 53.288046532 0.035267615 0.999126045 -0.022435290 -0.996594653 -0.990701763 0.037904312 0.130664897 23.282205818
0.130546349 0.013769984 0.991346560 54.411491503 0.037192508 0.999131716 -0.018775853 -1.012683761 -0.990744369 0.039321777 0.129920858 23.426941581
0.129547709 0.006714501 0.991550438 55.658133058 0.040385223 0.999111616 -0.012042103 -1.025875871 -0.990750453 0.041604005 0.129161455 23.585646044
0.128955728 0.003410919 0.991644468 56.796565952 0.043729666 0.999001746 -0.009122934 -1.034121062 -0.990685708 0.044540729 0.128677839 23.728612786
0.128097031 0.003250007 0.991756297 57.940688959 0.049676780 0.998718348 -0.009689167 -1.037604969 -0.990516736 0.050508405 0.127771406 23.869644965
0.128373584 0.004969089 0.991713414 59.207271266 0.051658770 0.998596366 -0.011690614 -1.043722192 -0.990379539 0.052731452 0.127936698 24.030928035
0.128687862 0.007965846 0.991653137 60.364525879 0.055722059 0.998329841 -0.015250592 -1.048113553 -0.990118438 0.057219512 0.128029061 24.176137920
0.129503135 0.012358154 0.991501981 61.645064600 0.054632479 0.998314562 -0.019578786 -1.057823192 -0.990072859 0.056703716 0.128609710 24.343237938
0.130195548 0.015979519 0.991359540 62.817736345 0.052420656 0.998360728 -0.022976794 -1.072934193 -0.990101626 0.054959185 0.129144466 24.501292593
0.131290222 0.018570919 0.991169997 64.002321475 0.051421565 0.998351000 -0.025516761 -1.090806704 -0.990009463 0.054317604 0.130118779 24.663133291
0.131921837 0.018109869 0.991094660 65.314302407 0.048578029 0.998513654 -0.024711523 -1.116917003 -0.990069109 0.051405406 0.130846015 24.842435722
0.132548435 0.018556327 0.991002795 66.512390251 0.046331806 0.998615823 -0.024895848 -1.140754025 -0.990093083 0.049214847 0.131505217 25.004661848
0.133630112 0.019259615 0.990844097 67.717798409 0.046672604 0.998579465 -0.025704473 -1.165325557 -0.989931663 0.049680158 0.132541390 25.166931185
0.135602369 0.021925910 0.990520679 69.051793509 0.048289890 0.998420616 -0.028711675 -1.198397096 -0.989585832 0.051725498 0.134329402 25.346191836
0.137186473 0.024289922 0.990247361 70.273024762 0.047827942 0.998370841 -0.031115156 -1.228682093 -0.989389911 0.051630063 0.135801238 25.515485351
0.138837672 0.024395675 0.990014604 71.503915845 0.047266922 0.998393949 -0.031230780 -1.257153432 -0.989186522 0.051130943 0.137461584 25.688867889
0.140459595 0.022744001 0.989825124 72.870081516 0.044269962 0.998591971 -0.029227508 -1.289234499 -0.989096208 0.047924797 0.139254949 25.889337417
0.141789830 0.021167643 0.989670420 74.120891511 0.042035956 0.998740751 -0.027384130 -1.317692158 -0.989003872 0.045484526 0.140721480 26.074904787
0.143222840 0.020640829 0.989475183 75.379970206 0.039906380 0.998848961 -0.026612674 -1.345788379 -0.988885602 0.043297908 0.142234285 26.265018650
0.145284170 0.020268083 0.989182328 76.775778873 0.039480562 0.998875077 -0.026265318 -1.376068180 -0.988601958 0.042869402 0.144320542 26.473964932
0.147097482 0.018256049 0.988953493 78.052279069 0.039865799 0.998907827 -0.024369471 -1.391531288 -0.988318311 0.043010102 0.146209035 26.665346109
0.148613517 0.016272888 0.988761437 79.336808705 0.040158353 0.998940500 -0.022476327 -1.410714257 -0.988079635 0.043047309 0.147802569 26.858546302
0.150564031 0.015232745 0.988482878 80.757454740 0.040266829 0.998957030 -0.021527533 -1.433525566 -0.987779880 0.043044336 0.149793623 27.075894877
0.152175162 0.015552480 0.988231149 82.054278041 0.041142930 0.998909801 -0.022056034 -1.455495005 -0.987496843 0.044015098 0.151369387 27.275655969
0.154067356 0.015402639 0.987940268 83.485722134 0.042534727 0.998848184 -0.022205912 -1.478517540 -0.987144408 0.045442968 0.153234753 27.497513182
0.155732664 0.013951492 0.987700692 84.790027549 0.043660507 0.998825845 -0.020992677 -1.494478892 -0.986833893 0.046392751 0.154940681 27.701170425
0.157348949 0.012725094 0.987461060 86.095232724 0.043852021 0.998840630 -0.019859430 -1.511583173 -0.986568976 0.046427016 0.156608502 27.904813130
0.158704783 0.010857493 0.987266363 87.534320166 0.044697785 0.998835302 -0.018169973 -1.525025985 -0.986313812 0.047012273 0.158034635 28.133556587
0.159577826 0.009034971 0.987143987 88.844764274 0.044521958 0.998874774 -0.016339587 -1.542078079 -0.986180890 0.046557011 0.158996011 28.347707959
0.160314446 0.007783828 0.987035286 90.153564627 0.045695209 0.998838274 -0.015298734 -1.554660201 -0.986007739 0.047555383 0.159772522 28.559457961
0.161481030 0.008124626 0.986842354 91.590865273 0.046751439 0.998780431 -0.015873043 -1.569463935 -0.985767830 0.048699487 0.160904256 28.790954345
0.162157795 0.009140357 0.986722488 92.898230631 0.048074618 0.998696473 -0.017151853 -1.583557929 -0.985593078 0.050217605 0.161506999 29.000545323
0.162801625 0.011105639 0.986596300 94.205125790 0.047378431 0.998695151 -0.019059910 -1.604025600 -0.985520650 0.049846361 0.162063026 29.213971299
0.163425392 0.012886595 0.986471511 95.644902920 0.047028188 0.998676208 -0.020837033 -1.626703684 -0.985434182 0.049797260 0.162603018 29.449213095
0.163867741 0.013517147 0.986389687 96.954523513 0.046534715 0.998687067 -0.021416427 -1.654017640 -0.985384148 0.049410817 0.163023578 29.668317203
0.164386619 0.017360930 0.986243176 98.259655971 0.045439773 0.998650361 -0.025153222 -1.682964870 -0.985348822 0.048949511 0.163375880 29.889414449
0.164972205 0.019243185 0.986110458 99.696484166 0.044518385 0.998645378 -0.026935540 -1.723144183 -0.985293012 0.048343652 0.163892055 30.134135101
0.165442504 0.018207303 0.986051336 101.004822324 0.042622981 0.998763364 -0.025593439 -1.765346319 -0.985297973 0.046262683 0.164461863 30.361764843
0.165794830 0.016061916 0.986029439 102.313522870 0.042293367 0.998831598 -0.023381832 -1.806925803 -0.985252953 0.045579084 0.164921803 30.589844708
0.166805317 0.015718067 0.985864541 103.745219070 0.041280542 0.998884898 -0.022910204 -1.845434690 -0.985125341 0.044518559 0.165970463 30.837150145
0.167909306 0.017238169 0.985651701 105.041036122 0.041431096 0.998840279 -0.024526766 -1.871632588 -0.984931452 0.044954895 0.167000382 31.057079806
0.169165552 0.017513357 0.985432018 106.468554416 0.039693984 0.998909831 -0.024567015 -1.903617214 -0.984788017 0.043271608 0.168285959 31.304643383
0.170110713 0.016046574 0.985294280 107.770023669 0.039087032 0.998970666 -0.023017675 -1.930159196 -0.984649473 0.042427774 0.169308400 31.530686912
0.171262255 0.012168960 0.985150304 109.076118487 0.038498146 0.999077381 -0.019033660 -1.955077973 -0.984473041 0.041186201 0.170635763 31.759289514
0.172844996 0.009560559 0.984902618 110.511916301 0.039324430 0.999088608 -0.016599488 -1.977253827 -0.984163722 0.041599865 0.172311503 32.010167974
0.174228772 0.011661037 0.984636136 111.813581946 0.041863546 0.998938107 -0.019238063 -1.993830285 -0.983814929 0.044572177 0.173555587 32.236720555
0.175588799 0.012067800 0.984389611 113.120054428 0.044335961 0.998813386 -0.020152977 -2.009335524 -0.983464759 0.047182488 0.174845406 32.467073686
0.177559596 0.010962327 0.984048973 114.562411432 0.043523302 0.998872092 -0.018980707 -2.028199205 -0.983147165 0.046199259 0.176882209 32.730165291
0.179189040 0.011133843 0.983751640 115.874689167 0.044872982 0.998802800 -0.019477745 -2.047074249 -0.982790791 0.047634060 0.178474907 32.970171785
0.180597700 0.011051622 0.983494940 117.187461979 0.042918194 0.998895891 -0.019105691 -2.063527364 -0.982620239 0.045660263 0.179923986 33.217321695
0.182204657 0.010182695 0.983207883 118.635433067 0.042139194 0.998946792 -0.018154788 -2.084542367 -0.982357260 0.044739467 0.181583668 33.490497571
0.183691393 0.009645059 0.982936626 119.953341558 0.042613331 0.998933675 -0.017765621 -2.094617184 -0.982059882 0.045149588 0.183084511 33.738444813
0.185190832 0.009229294 0.982659219 121.279977667 0.043990110 0.998875655 -0.017671930 -2.113339448 -0.981717506 0.046499958 0.184576616 33.992423075
0.186718179 0.008336890 0.982378126 122.740017919 0.045437309 0.998820610 -0.017112588 -2.129353755 -0.981362221 0.047831842 0.186119160 34.272672657
0.188127356 0.008933991 0.982103990 124.066580335 0.046698446 0.998746288 -0.018030727 -2.143344348 -0.981033836 0.049254795 0.187474296 34.528359569
0.189613069 0.013298686 0.981768809 125.394605208 0.046215581 0.998679107 -0.022453556 -2.160585190 -0.980770635 0.049630496 0.188748005 34.785757887
0.190765421 0.017196409 0.981484999 126.860541460 0.045256196 0.998629339 -0.026292974 -2.183948675 -0.980591896 0.049434060 0.189725703 35.073675196
0.191083321 0.018190332 0.981405238 128.201679558 0.043418338 0.998693029 -0.026964480 -2.210211200 -0.980613098 0.047763439 0.190043787 35.337002934
0.191675374 0.018676219 0.981280650 129.686110010 0.040698557 0.998807695 -0.026959531 -2.245291045 -0.980614202 0.045104178 0.190686744 35.630235545
0.192305883 0.018918739 0.981152635 131.036960001 0.039631391 0.998848765 -0.027027714 -2.271463003 -0.980534464 0.044082025 0.191334718 35.900136677
0.192564457 0.017392920 0.981130155 132.393518354 0.038339152 0.998946135 -0.025233505 -2.298861379 -0.980535096 0.042474767 0.191694691 36.174038835
0.192616195 0.017980400 0.981109409 133.887893400 0.034963108 0.999071502 -0.025173716 -2.336301206 -0.980651119 0.039151492 0.191808701 36.480841502
0.192985891 0.018743174 0.981022479 135.243015436 0.032542866 0.999145214 -0.025491231 -2.364688419 -0.980661737 0.036844724 0.192210974 36.754176170
0.193307902 0.016218283 0.981004071 136.602349754 0.031289669 0.999252880 -0.022685645 -2.393923431 -0.980639101 0.035080601 0.192656014 37.027499471
0.193438233 0.011390175 0.981046318 138.098385081 0.031228514 0.999354469 -0.017760236 -2.419988370 -0.980615350 0.034072121 0.192957665 37.328009584
0.193814747 0.008655140 0.980999948 139.456400596 0.032526181 0.999354638 -0.015243233 -2.442349910 -0.980498815 0.034862539 0.193408149 37.597456538
0.194431943 0.008190806 0.980881795 140.809303013 0.034308585 0.999296523 -0.015145282 -2.464784191 -0.980315855 0.036597386 0.194014150 37.864056827
0.194948552 0.008892986 0.980773135 142.293472246 0.036936731 0.999182995 -0.016401842 -2.490233818 -0.980117735 0.039424062 0.194460801 38.154972955
0.195436568 0.009037666 0.980674683 143.642874800 0.040852371 0.999014579 -0.017348067 -2.514555046 -0.979865127 0.043453325 0.194874772 38.419802585
0.196416191 0.010124770 0.980468324 144.989828477 0.044166631 0.998840385 -0.019162346 -2.542971989 -0.979525407 0.047067770 0.195741247 38.682540290
0.197822425 0.012432417 0.980159012 146.470244393 0.045566423 0.998722008 -0.021864404 -2.576540510 -0.979178239 0.048987602 0.197003109 38.976074774
0.198100110 0.010590269 0.980124562 147.818111801 0.046205701 0.998729096 -0.020130265 -2.609725454 -0.979092138 0.049275142 0.197359014 39.242854031
0.197951873 0.005187781 0.980197994 149.301788315 0.042382039 0.999005526 -0.013846415 -2.642946993 -0.979295080 0.044283705 0.197535146 39.546419902
0.197729735 0.002627394 0.980253035 150.642871992 0.042347925 0.999039923 -0.011219876 -2.662817464 -0.979341432 0.043730178 0.197428636 39.817064003
0.198536933 0.004911969 0.980081080 151.977258171 0.042588973 0.998999645 -0.013634118 -2.680437225 -0.979167657 0.044447515 0.198129130 40.081857836
0.199751736 0.006157587 0.979827175 153.445267911 0.047094278 0.998764255 -0.015877437 -2.704268281 -0.978714160 0.049315791 0.199214907 40.367562571
0.201281670 0.005754439 0.979516483 154.775211896 0.050190343 0.998608597 -0.016180259 -2.721623501 -0.978246724 0.052419049 0.200712789 40.629027066
0.203554198 0.008563243 0.979026212 156.099464008 0.050359374 0.998546505 -0.019204451 -2.745380471 -0.977767691 0.053212285 0.202827094 40.897356440
0.205394745 0.011659470 0.978609739 157.552945343 0.053160392 0.998319882 -0.023051833 -2.775788312 -0.977234366 0.056757993 0.204429836 41.191836662
0.206358815 0.011880262 0.978404244 158.873203425 0.048946987 0.998549077 -0.022448462 -2.808255369 -0.977251384 0.052522369 0.205477901 41.470347321
0.207601799 0.011964311 0.978140232 160.190722539 0.045807280 0.998709374 -0.021938109 -2.841899153 -0.977140328 0.049360326 0.206785811 41.744092144
0.209090502 0.009304937 0.977852006 161.643628151 0.043463502 0.998878138 -0.018798659 -2.875912457 -0.976929947 0.046431486 0.208451506 42.044749562
0.210389925 0.010002899 0.977566359 162.957960636 0.041912788 0.998935967 -0.019241954 -2.908447832 -0.976718707 0.045020837 0.209746815 42.321035084
0.211606429 0.013417145 0.977262843 164.396874834 0.040567686 0.998923458 -0.022498643 -2.944710927 -0.976512681 0.044406142 0.210834323 42.630191109
0.212454529 0.014452789 0.977064049 165.703283870 0.038676729 0.998982721 -0.023186951 -2.977229875 -0.976405253 0.042715806 0.211679417 42.912779076
0.213161596 0.013391641 0.976925157 167.008519974 0.036981214 0.999078924 -0.021764496 -3.010822496 -0.976316833 0.040767226 0.212470019 43.197036557
0.213975910 0.013534545 0.976745152 168.439488848 0.036194568 0.999107534 -0.021773576 -3.047359956 -0.976168171 0.040011883 0.213295067 43.509181718
0.214627771 0.012990708 0.976609506 169.738040967 0.036797942 0.999094061 -0.021376817 -3.080587201 -0.976002493 0.040525272 0.213955301 43.792731523
0.215212136 0.009452789 0.976521555 171.035287719 0.037102055 0.999152072 -0.017848648 -3.108346326 -0.975862290 0.040072194 0.214678934 44.078513940
0.215760165 0.004035150 0.976438034 172.460185830 0.037291536 0.999227870 -0.012369515 -3.139702713 -0.975734045 0.039081716 0.215443094 44.389002820
0.215943033 0.003257028 0.976400514 173.751129825 0.038539632 0.999186729 -0.011856555 -3.164495799 -0.975645088 0.040190450 0.215641889 44.671383331
0.215962206 0.005247438 0.976387605 175.038216448 0.039042867 0.999139381 -0.014005409 -3.186635989 -0.975620835 0.041145603 0.215571471 44.961463543
0.216114581 0.009576066 0.976321029 176.448061358 0.039270910 0.999057478 -0.018491929 -3.211003226 -0.975577941 0.042337383 0.215534828 45.274078623
0.216327950 0.012468464 0.976241118 177.729961318 0.039872650 0.998971401 -0.021594267 -3.233940047 -0.975506240 0.043596757 0.215608285 45.556564147
0.216401949 0.011653865 0.976234782 179.017551208 0.040362103 0.998967091 -0.020872304 -3.259208030 -0.975469698 0.043919688 0.215708052 45.839738225
0.216401031 0.008150855 0.976270517 180.437860191 0.040801877 0.999016001 -0.017384942 -3.285770856 -0.975451606 0.043595782 0.215855523 46.155020161
0.216659100 0.006710724 0.976224240 181.731577041 0.041172501 0.999023855 -0.016005107 -3.307595959 -0.975378744 0.043661238 0.216171312 46.441465741
0.216683203 0.007300825 0.976214655 183.026005619 0.042031771 0.998975011 -0.016800529 -3.329740033 -0.975336739 0.044672415 0.216154239 46.728436874
0.216473694 0.007641183 0.976258530 184.452655648 0.044700312 0.998843101 -0.017729717 -3.353631777 -0.975264608 0.047477070 0.215881693 47.042715667
0.216743331 0.008325130 0.976193109 185.751847778 0.045202328 0.998805532 -0.018554210 -3.376942715 -0.975181579 0.048147694 0.216108124 47.329586279
0.217153781 0.012077428 0.976062670 187.178369867 0.046757893 0.998646936 -0.022759546 -3.407191572 -0.975016907 0.050580947 0.216295243 47.647739618
0.217477193 0.017854832 0.975902065 188.476077387 0.046188574 0.998524333 -0.028561728 -3.443491652 -0.974971959 0.051287041 0.216331580 47.939232716
0.218283144 0.020909328 0.975661434 189.910305643 0.042737565 0.998606436 -0.030962670 -3.492338172 -0.974949232 0.048456015 0.217085339 48.269034758
0.219848178 0.021214132 0.975303391 191.217857394 0.040145931 0.998719845 -0.030772977 -3.539051031 -0.974707709 0.045919838 0.218715078 48.569443410
0.221157393 0.017913699 0.975073573 192.529784567 0.037271467 0.998945586 -0.026805849 -3.589239095 -0.974525669 0.042270727 0.220256532 48.875156727
0.222377271 0.014392700 0.974854433 193.841851928 0.036194024 0.999079919 -0.023006706 -3.633646908 -0.974288651 0.040400066 0.221651737 49.179098425
0.224094441 0.010800059 0.974507571 195.285996792 0.036443978 0.999146332 -0.019453656 -3.678097939 -0.973885801 0.039874381 0.223509542 49.522379228
0.226320542 0.010322112 0.973998168 196.596629879 0.039590566 0.999020058 -0.019786647 -3.716355836 -0.973247982 0.043039256 0.225690103 49.835288765
0.228848786 0.011678534 0.973391910 197.903948839 0.041735699 0.998890903 -0.021796717 -3.754040976 -0.972566912 0.045613336 0.228107559 50.149649296
0.231281367 0.010784620 0.972827110 199.344344433 0.042533738 0.998870393 -0.021185370 -3.797292377 -0.971956709 0.046277747 0.230561400 50.500304901
0.233234419 0.009244500 0.972376579 200.650184315 0.040237136 0.999006652 -0.019148965 -3.834667346 -0.971587728 0.043591839 0.232630764 50.823814112
0.234807499 0.007053696 0.972016280 202.091022275 0.038866299 0.999105876 -0.016639115 -3.873301613 -0.971264580 0.041685657 0.234323402 51.183299176
0.235800550 0.004719340 0.971789995 203.403238366 0.037398473 0.999203379 -0.013927046 -3.901903320 -0.971081608 0.039627460 0.235436211 51.508715376
0.236981061 0.003630151 0.971507470 204.715546171 0.039886954 0.999113497 -0.013462982 -3.924409116 -0.970695133 0.041940938 0.236626181 51.831126065
0.239050033 0.005802478 0.970989896 206.153248801 0.045029550 0.998840064 -0.017054828 -3.949350383 -0.969962605 0.047800187 0.238511468 52.185263764
0.241307907 0.010045926 0.970396588 207.458467725 0.045060037 0.998751935 -0.021544525 -3.980476915 -0.969401940 0.048924962 0.240554070 52.515425386
0.243929806 0.011697958 0.969722317 208.765980279 0.044427280 0.998742652 -0.023223546 -4.016031338 -0.968774742 0.048747032 0.243103394 52.848538778
0.246238408 0.006022051 0.969190563 210.218512375 0.039891478 0.999070360 -0.016342780 -4.048680633 -0.968388017 0.042686657 0.245769267 53.229096118
0.248383078 0.002243584 0.968659269 211.536739921 0.039251210 0.999152693 -0.012378988 -4.074888347 -0.967866325 0.041095772 0.248084558 53.574225824
0.250922836 0.002878983 0.968002793 212.851998836 0.041069408 0.999063499 -0.013617255 -4.101536829 -0.967135496 0.043172175 0.250569609 53.918511158
0.254184080 0.007176117 0.967129217 214.296441464 0.042703378 0.998913982 -0.018635406 -4.133108149 -0.966212662 0.046036501 0.253601588 54.300295023
0.256542894 0.008653257 0.966494092 215.611214400 0.046415233 0.998695929 -0.021261872 -4.163245856 -0.965417735 0.050314623 0.255806702 54.647581697
0.259035350 0.007116735 0.965841605 216.931568869 0.043615806 0.998866591 -0.019057686 -4.197861056 -0.964882575 0.047062566 0.258431356 55.010273328
0.260898470 0.005788887 0.965348871 218.380114425 0.044658743 0.998839055 -0.018059343 -4.232481370 -0.964332733 0.047822915 0.260337057 55.408386688
0.261862896 0.010829589 0.965044305 219.692184348 0.041573144 0.998882310 -0.022490109 -4.265131288 -0.964209278 0.046009243 0.261119995 55.778210046
0.262522722 0.017081145 0.964774596 221.003206285 0.038092362 0.998880452 -0.028050216 -4.304211023 -0.964173650 0.044114355 0.261578154 56.145397211
0.262681564 0.020923129 0.964655682 222.455960505 0.036844018 0.998818213 -0.031696957 -4.363615592 -0.964178898 0.043867990 0.261600239 56.546236031
0.262809862 0.017406350 0.964690604 223.776034194 0.035317998 0.998993636 -0.027646951 -4.414353725 -0.964201042 0.041336825 0.261930623 56.910062899
0.262918932 0.012275163 0.964739821 225.227862998 0.034802342 0.999147669 -0.022197589 -4.462665179 -0.964190057 0.039411364 0.262267634 57.307252963
0.262818526 0.012452150 0.964764910 226.543399108 0.034678599 0.999148731 -0.022342988 -4.497179460 -0.964221889 0.039328839 0.262162974 57.668691965
0.262262587 0.011568562 0.964927184 227.861912891 0.035599221 0.999131516 -0.021654340 -4.529956104 -0.964339704 0.040029772 0.261622985 58.035770089
0.261538449 0.011955651 0.965118992 229.313722424 0.033168395 0.999221363 -0.021366439 -4.569626036 -0.964622999 0.037599587 0.260938257 58.446851088
0.260606703 0.012606467 0.965362724 230.635441079 0.033407984 0.999198155 -0.022067049 -4.602870730 -0.964866875 0.038001636 0.259976581 58.817307211
0.259185141 0.009299571 0.965782867 231.962564622 0.032596442 0.999299760 -0.018370149 -4.640722040 -0.965277457 0.036242348 0.258700517 59.196714608
0.258562181 0.006801747 0.965970652 233.426176658 0.032274495 0.999356106 -0.015675770 -4.679395822 -0.965455328 0.035229370 0.258176172 59.606307365
0.258429300 0.006361983 0.966009207 234.756407942 0.034185318 0.999291770 -0.015726524 -4.711653638 -0.965425137 0.037087520 0.258028786 59.977483378
0.258508802 0.010703398 0.965949586 236.083148647 0.035467646 0.999159245 -0.020563289 -4.739229410 -0.965357591 0.039575742 0.257911836 60.346055171
0.258470701 0.012200860 0.965942028 237.545745147 0.034623089 0.999160791 -0.021885038 -4.775062326 -0.965398453 0.039100531 0.257831359 60.753061426
0.258452479 0.011796626 0.965951925 238.878877914 0.033489691 0.999214967 -0.021163436 -4.809313354 -0.965443313 0.037819167 0.257854520 61.119834073
0.258586217 0.008927000 0.965946915 240.349892825 0.034808645 0.999221772 -0.018552874 -4.848203843 -0.965360845 0.038420814 0.258074242 61.520328498
0.258696639 0.004478055 0.965948219 241.692713509 0.036339422 0.999236260 -0.014364666 -4.878515226 -0.965274847 0.038818084 0.258336332 61.884954799
0.259085837 0.002504561 0.965851035 243.034525840 0.039778132 0.999120534 -0.013261166 -4.905144322 -0.965034851 0.041855523 0.258758354 62.245894604
0.259382597 0.004076381 0.965766026 244.509671980 0.042883291 0.998956189 -0.015733943 -4.933721384 -0.964822121 0.045496329 0.258937043 62.637158155
0.259672292 0.009606859 0.965648992 245.846804529 0.042261271 0.998879479 -0.021301921 -4.961199835 -0.964771641 0.046341064 0.258975326 62.995749029
0.259481626 0.013990582 0.965646683 247.183106787 0.041712884 0.998799574 -0.025679700 -4.991688953 -0.964846804 0.046943310 0.258586550 63.353614099
0.259039526 0.014850363 0.965752534 248.663374341 0.038471586 0.998929675 -0.025679594 -5.034419038 -0.965100251 0.043806054 0.258190953 63.757530629
0.258523081 0.014815813 0.965891440 250.014052447 0.036953806 0.998998824 -0.025214423 -5.078023172 -0.965298020 0.042211868 0.257716753 64.117910006
0.258301169 0.015514720 0.965939835 251.363824989 0.034511324 0.999084634 -0.025275733 -5.117695907 -0.965447828 0.039864607 0.257529296 64.480324431
0.258130513 0.018545576 0.965932019 252.846860098 0.033237418 0.999053404 -0.028063690 -5.159855592 -0.965538164 0.039349174 0.257269761 64.874902654
0.257763557 0.018546249 0.966029995 254.202653413 0.031670921 0.999116319 -0.027632137 -5.198749861 -0.965688840 0.037717611 0.256948400 65.240407042
0.257218648 0.015046899 0.966236060 255.565170167 0.030104535 0.999268693 -0.023575343 -5.235096988 -0.965884216 0.035152098 0.256577563 65.606733725
0.257000554 0.012751172 0.966327113 257.066288491 0.029863539 0.999330642 -0.021129063 -5.269950659 -0.965949749 0.034288122 0.256447735 66.006790259
0.256908203 0.012220634 0.966358524 258.431087949 0.030353747 0.999324705 -0.020707130 -5.294571305 -0.965959036 0.034652428 0.256363773 66.368026002
0.256844482 0.010334212 0.966397476 259.796923525 0.032119412 0.999299172 -0.019222593 -5.310609356 -0.965918883 0.035977329 0.256332550 66.721646326
0.256768345 0.006933577 0.966448089 261.310214291 0.033456400 0.999311166 -0.016058129 -5.330309106 -0.965893742 0.036457087 0.256359503 67.119073678
0.256830605 0.007806685 0.966424887 262.683968345 0.034297787 0.999263869 -0.017186708 -5.343907324 -0.965847678 0.037560300 0.256373792 67.478040062
0.256860196 0.010526839 0.966391221 264.205638054 0.035043697 0.999181647 -0.020198402 -5.366332468 -0.965813032 0.039054080 0.256281095 67.879387551
0.256752110 0.011533379 0.966408454 265.594068527 0.035168327 0.999155082 -0.021267590 -5.389838895 -0.965837241 0.039447460 0.256129567 68.245782957
0.256628397 0.011358368 0.966443386 267.266730458 0.035915655 0.999128244 -0.021279514 -5.416930924 -0.965842619 0.040171368 0.255996737 68.683883381
0.256655495 0.010552266 0.966445328 268.526811368 0.036118448 0.999137210 -0.020501069 -5.437362957 -0.965827856 0.040168211 0.256052925 69.012999631
0.256712619 0.009470869 0.966441359 269.931084439 0.036871239 0.999128086 -0.019585178 -5.457073010 -0.965784229 0.040661646 0.256139586 69.378236322
0.256551936 0.008301950 0.966494774 271.339847250 0.036867663 0.999151321 -0.018368829 -5.473489770 -0.965827062 0.040344955 0.256028132 69.742810721
0.256265858 0.007475089 0.966577415 272.894585632 0.038461220 0.999099332 -0.017923713 -5.490902079 -0.965840866 0.041768975 0.255747547 70.143512968
0.256355278 0.010102684 0.966529810 274.313178628 0.037932990 0.999069907 -0.020503881 -5.512115230 -0.965838027 0.041919636 0.255733619 70.516373037
0.256424284 0.012164626 0.966487752 275.733255669 0.039079828 0.998972689 -0.022941987 -5.532539542 -0.965773984 0.043653050 0.255685465 70.884076811
0.256263397 0.010387683 0.966551154 277.314075890 0.040045836 0.998969649 -0.021353515 -5.561254608 -0.965777115 0.044178466 0.255583373 71.297138706
0.256070597 0.007813287 0.966626488 278.757173682 0.041162742 0.998972181 -0.018979231 -5.584419789 -0.965781296 0.044649012 0.255485787 71.673985842
0.256392323 0.008714104 0.966533500 280.348841102 0.043193601 0.998857126 -0.020463497 -5.610286239 -0.965607231 0.046994738 0.255722906 72.090083705
0.256600637 0.010362242 0.966461951 281.799720664 0.044405311 0.998760227 -0.022498381 -5.635395614 -0.965496927 0.048689135 0.255822373 72.469638399
0.256619662 0.010103429 0.966459640 283.259920017 0.044827541 0.998744836 -0.022343798 -5.667201842 -0.965472358 0.049057859 0.255844651 72.855695027
0.256681709 0.010914879 0.966434339 284.872086667 0.042586204 0.998837342 -0.022591593 -5.705742036 -0.965557326 0.046955610 0.255918454 73.285304875
0.256545109 0.013128832 0.966443070 286.339346762 0.042692492 0.998777901 -0.024900940 -5.739411884 -0.965588935 0.047648069 0.255671083 73.670024584
0.256303395 0.015723822 0.966468467 287.808210926 0.040120570 0.998832948 -0.026890182 -5.774308292 -0.965763399 0.045667304 0.255373428 74.055237727
0.256378759 0.016689366 0.966432286 289.430862103 0.038420666 0.998884768 -0.027442171 -5.818257165 -0.965812517 0.044166554 0.255451621 74.483765236
0.256212860 0.016327171 0.966482467 290.911551213 0.035800148 0.999011070 -0.026367252 -5.860374169 -0.965957221 0.041355837 0.255374969 74.881061063
0.256085290 0.016600645 0.966511618 292.400050239 0.033787431 0.999087859 -0.026112434 -5.907596519 -0.966063542 0.039342947 0.255290812 75.287611450
0.255876527 0.015792659 0.966580447 294.042006136 0.031481565 0.999200089 -0.024659534 -5.957721251 -0.966196744 0.036739254 0.255174671 75.736785774
0.255627185 0.013061441 0.966687181 295.541713966 0.030930886 0.999286349 -0.021681158 -6.002919008 -0.966280527 0.035442778 0.255040756 76.147404983
0.255413214 0.009067084 0.966789452 297.044214697 0.031650214 0.999341669 -0.017733955 -6.039404508 -0.966313814 0.035128573 0.254958093 76.552438634
0.255037518 0.005597210 0.966914940 298.699672161 0.033303703 0.999339082 -0.014569231 -6.073249671 -0.966357471 0.035917542 0.254682552 76.999106890
0.254729817 0.005694064 0.966995483 300.205920425 0.034843418 0.999279265 -0.015062760 -6.100489813 -0.966384339 0.037530355 0.254347824 77.403203424
0.254274057 0.008816978 0.967091997 301.707843439 0.035895038 0.999183439 -0.018547313 -6.113748933 -0.966465873 0.039429898 0.253749942 77.797625052
0.253608551 0.012804597 0.967222162 303.360136667 0.036301985 0.999081997 -0.022744867 -6.132580225 -0.966625524 0.040880370 0.252910906 78.231824905
0.253110487 0.013136270 0.967348172 304.860451419 0.036051268 0.999085230 -0.023000210 -6.171649050 -0.966765443 0.040695715 0.252405371 78.638634255
0.252331090 0.009582907 0.967593486 306.515453451 0.035888728 0.999170282 -0.019254781 -6.215189213 -0.966975209 0.039584272 0.251777809 79.079019966
0.251583874 0.007129071 0.967809225 308.020639610 0.036665587 0.999184824 -0.016891482 -6.256908618 -0.967140746 0.039734910 0.251117398 79.475839931
0.250887189 0.005419730 0.968001142 309.528294500 0.038110040 0.999153770 -0.015471538 -6.312737505 -0.967265877 0.040772166 0.250468336 79.867209489
