1.000000000 0.000000000 0.000000000 0.000000001 0.000000000 1.000000000 0.000000000 0.000000000 -0.000000000 0.000000000 1.000000000 -0.000000000
0.999999625 -0.000828107 -0.000252119 0.018471780 0.000828037 0.999999618 -0.000278882 0.015525231 0.000252350 0.000278673 0.999999929 1.924137132
0.999998511 -0.001667504 -0.000445132 0.042284314 0.001667267 0.999998468 -0.000533064 0.033526722 0.000446021 0.000532321 0.999999759 3.671335208
0.999996576 -0.002453367 -0.000910850 0.060981894 0.002452743 0.999996756 -0.000686437 0.043748262 0.000912531 0.000684200 0.999999350 5.416532307
0.999991224 -0.003832065 -0.001693410 0.077147828 0.003830059 0.999991961 -0.001187027 0.046930222 0.001697945 0.001180531 0.999997862 7.334091444
0.999985563 -0.004669682 -0.002658672 0.089779440 0.004664798 0.999987427 -0.001840214 0.047681563 0.002667231 0.001827785 0.999994773 9.248487913
0.999981832 -0.004892416 -0.003521442 0.099476450 0.004885148 0.999985926 -0.002069702 0.053871304 0.003531518 0.002052461 0.999991658 10.987267451
0.999980135 -0.004842837 -0.004034331 0.107106606 0.004829969 0.999983237 -0.003193418 0.061145661 0.004049728 0.003173868 0.999986763 12.722741248
0.999979968 -0.004665728 -0.004277239 0.109700145 0.004646370 0.999978969 -0.004524791 0.062827569 0.004298260 0.004504827 0.999980616 14.630442025
0.999982532 -0.004127395 -0.004230928 0.111308685 0.004106168 0.999979001 -0.005013637 0.061053186 0.004251532 0.004996176 0.999978481 16.365424711
0.999987915 -0.003425293 -0.003526569 0.113782605 0.003408381 0.999982716 -0.004790641 0.059556036 0.003542918 0.004778563 0.999982306 18.099009101
0.999994193 -0.002593080 -0.002211332 0.125939744 0.002583611 0.999987528 -0.004274285 0.059217959 0.002222388 0.004268547 0.999988420 19.832482905
0.999998773 -0.001565391 0.000065145 0.140260575 0.001565639 0.999990840 -0.003983641 0.057126371 -0.000058909 0.003983738 0.999992063 21.735727857
0.999997141 -0.000707775 0.002283950 0.163412497 0.000715802 0.999993564 -0.003515689 0.066989265 -0.002281447 0.003517313 0.999991212 23.466128889
0.999988296 -0.000400529 0.004821473 0.182511471 0.000413397 0.999996355 -0.002668278 0.062677842 -0.004820386 0.002670240 0.999984817 25.189663464
0.999971229 0.000479397 0.007570430 0.205456479 -0.000461405 0.999997066 -0.002378172 0.063636761 -0.007571548 0.002374610 0.999968516 27.080583724
0.999946714 0.000889259 0.010284871 0.229134196 -0.000852992 0.999993405 -0.003530114 0.067735252 -0.010287943 0.003521153 0.999940878 28.795211422
0.999913402 0.001582919 0.013064591 0.260006934 -0.001527771 0.999989886 -0.004230049 0.071597359 -0.013071155 0.004209723 0.999905707 30.508648554
0.999852236 0.003314132 0.016867808 0.301196764 -0.003246817 0.999986662 -0.004016607 0.077801274 -0.016880895 0.003961246 0.999849661 32.390548259
0.999765324 0.004676474 0.021152472 0.345387329 -0.004599376 0.999982607 -0.003692112 0.081956855 -0.021169371 0.003593957 0.999769444 34.098782627
0.999644874 0.005853564 0.025997337 0.400532540 -0.005761136 0.999976820 -0.003628796 0.077182377 -0.026017977 0.003477733 0.999655426 35.973022819
0.999510772 0.006496805 0.030594260 0.467024929 -0.006386151 0.999972714 -0.003713204 0.079133197 -0.030617550 0.003516007 0.999524989 37.676247328
0.999353902 0.006826110 0.035287153 0.547756479 -0.006687107 0.999969416 -0.004055728 0.087046154 -0.035313760 0.003817138 0.999368985 39.377805748
0.999141315 0.007208377 0.040800401 0.641043406 -0.007020653 0.999964109 -0.004742477 0.088298592 -0.040833123 0.004451959 0.999156062 41.244937652
0.998909814 0.007639283 0.046052403 0.734404025 -0.007419916 0.999960307 -0.004932503 0.087072943 -0.046088258 0.004585421 0.998926847 42.939295984
0.998626694 0.007837794 0.051800537 0.832875075 -0.007568791 0.999956845 -0.005387199 0.076083355 -0.051840527 0.004987732 0.998642920 44.629651869
0.998258159 0.008676732 0.058355484 0.951944321 -0.008296700 0.999942789 -0.006751535 0.058481833 -0.058410729 0.006255616 0.998273036 46.485570690
0.997851158 0.008791987 0.064928942 1.067959815 -0.008382740 0.999943263 -0.006572771 0.041078848 -0.064983048 0.006014364 0.997868243 48.170055908
0.997378689 0.008935458 0.071804657 1.191746544 -0.008492369 0.999942984 -0.006473699 0.018381110 -0.071858412 0.005846937 0.997397705 49.851681108
0.996763882 0.009577059 0.079812550 1.342553857 -0.009023788 0.999932712 -0.007289964 -0.005857783 -0.079876999 0.006546161 0.996783233 51.699923352
0.996085825 0.010891030 0.087717809 1.492565418 -0.010252978 0.999917626 -0.007721217 -0.025208810 -0.087794679 0.006791625 0.996115439 53.380567640
0.995184098 0.012238268 0.097256545 1.676301798 -0.011557081 0.999904603 -0.007564316 -0.042232815 -0.097339845 0.006403884 0.995230599 55.229006377
0.994208429 0.013360720 0.106635312 1.855615393 -0.012643727 0.999892704 -0.007397062 -0.056985171 -0.106722704 0.006005953 0.994270684 56.908144431
0.993105866 0.014385188 0.116334880 2.038725654 -0.013650341 0.999881544 -0.007110962 -0.085348434 -0.116423397 0.005473926 0.993184590 58.581142504
0.991716632 0.014940304 0.127573151 2.260916294 -0.014062538 0.999870862 -0.007778468 -0.115599833 -0.127672894 0.005920033 0.991798662 60.420986387
0.990339082 0.014765386 0.137878515 2.477855305 -0.013601364 0.999863492 -0.009380796 -0.145990305 -0.137998210 0.007414832 0.990404723 62.089152232
0.988820724 0.014129974 0.148438266 2.719810717 -0.012551166 0.999854320 -0.011567531 -0.174151981 -0.148580095 0.009575140 0.988854020 63.755962309
0.987000448 0.013165104 0.160177385 2.995402417 -0.011235872 0.999853091 -0.012944156 -0.218811764 -0.160324270 0.010976153 0.987003371 65.585627404
0.985189603 0.012494965 0.171012633 3.269502560 -0.010283436 0.999851733 -0.013811728 -0.262311942 -0.171159861 0.011848572 0.985172023 67.248478744
0.983285425 0.011950883 0.181678145 3.565179628 -0.009542479 0.999854705 -0.014124802 -0.305044702 -0.181820559 0.012155051 0.983256599 68.911180511
0.981037368 0.011796271 0.193459375 3.911419851 -0.009212642 0.999856034 -0.014249134 -0.350947736 -0.193599617 0.012196659 0.981004807 70.739845293
0.978870840 0.011715859 0.204143613 4.247867619 -0.008981313 0.999857175 -0.014316600 -0.383658951 -0.204282195 0.012180622 0.978836257 72.403611747
0.976574071 0.012327274 0.214828116 4.592344028 -0.009367405 0.999846734 -0.014790533 -0.431988507 -0.214977525 0.012431667 0.976539871 74.062743074
0.973899597 0.013025573 0.226605178 5.001453313 -0.009571218 0.999820746 -0.016336059 -0.479540249 -0.226777353 0.013740792 0.973849693 75.886032013
0.971393283 0.013231125 0.237107621 5.390805682 -0.009394888 0.999806170 -0.017301980 -0.523471790 -0.237290596 0.014579426 0.971329303 77.540460196
0.968563480 0.012242539 0.248465096 5.843366566 -0.008303818 0.999822802 -0.016894109 -0.572905665 -0.248627904 0.014299806 0.968493512 79.357899044
0.966029889 0.010539193 0.258215369 6.268573779 -0.006694565 0.999853329 -0.015763970 -0.626413092 -0.258343645 0.013499825 0.965958756 81.005421727
0.963493272 0.008091918 0.267610226 6.715987459 -0.004286393 0.999881263 -0.014801554 -0.669522849 -0.267698233 0.013114113 0.963413555 82.649032724
0.960689017 0.006015085 0.277561576 7.223978293 -0.001692708 0.999873586 -0.015809680 -0.724118004 -0.277621595 0.014718353 0.960577755 84.450838781
0.958081223 0.004580228 0.286460101 7.706818895 0.000328645 0.999853971 -0.017085899 -0.771624854 -0.286496537 0.016463820 0.957939810 86.086974008
0.955476112 0.003536459 0.295047267 8.205598882 0.002016679 0.999826553 -0.018514777 -0.817926329 -0.295061579 0.018285440 0.955303256 87.720621339
0.952559193 0.003108669 0.304337504 8.770231817 0.002833732 0.999813905 -0.019082067 -0.870957698 -0.304340199 0.019039207 0.952373118 89.515344786
0.949790114 0.002958498 0.312873749 9.299333407 0.003197123 0.999811326 -0.019159602 -0.915447889 -0.312871413 0.019197893 0.949601455 91.144679410
0.947008151 0.002868607 0.321196713 9.843059155 0.003435522 0.999812467 -0.019058527 -0.960087692 -0.321191161 0.019152056 0.946820701 92.771721128
0.944130904 0.001634924 0.329566624 10.464284910 0.004294997 0.999841738 -0.017264200 -0.998447871 -0.329542704 0.017715150 0.943974461 94.560495324
0.941818585 0.000422625 0.336121363 11.043334081 0.005302175 0.999856103 -0.016113975 -1.028232855 -0.336079818 0.016958613 0.941680819 96.182895225
0.939594600 0.001261812 0.342287000 11.635310791 0.004719797 0.999850374 -0.016641939 -1.053571472 -0.342256796 0.017252198 0.939448057 97.803843817
0.937033408 0.001946530 0.349234304 12.300874022 0.004341929 0.999842251 -0.017222694 -1.072957499 -0.349212750 0.017654587 0.936877140 99.585370283
0.934674144 0.002755556 0.355494931 12.918288687 0.003271081 0.999860969 -0.016350635 -1.093501840 -0.355490575 0.016445365 0.934535182 101.205054941
0.932004855 0.003414639 0.362429699 13.613151585 0.002346355 0.999877825 -0.015454132 -1.106629122 -0.362438202 0.015253712 0.931882975 102.984964368
0.929569079 0.004593439 0.368619346 14.259247515 0.001358347 0.999872902 -0.015885043 -1.115465068 -0.368645475 0.015266955 0.929444694 104.599669526
0.927055689 0.004296799 0.374899029 14.916213708 0.001419457 0.999886936 -0.014969975 -1.124929350 -0.374920978 0.014410151 0.926944773 106.212659281
0.924342814 0.003371106 0.381548153 15.650207381 0.002047586 0.999902748 -0.013794983 -1.138895757 -0.381557565 0.013532544 0.924246017 107.982447112
0.921789740 0.002828563 0.387679854 16.330923561 0.003283470 0.999880561 -0.015102398 -1.154777332 -0.387676282 0.015194168 0.921670355 109.587572057
0.918840678 0.003415996 0.394613904 17.095028092 0.002956861 0.999874869 -0.015540388 -1.166111545 -0.394617625 0.015445956 0.918715602 111.352882573
0.915921155 0.004411879 0.401333984 17.806656398 0.002519987 0.999856658 -0.016742557 -1.174830716 -0.401350336 0.016346216 0.915778748 112.954669480
0.912802668 0.005731530 0.408360665 18.533113988 0.001751786 0.999837371 -0.017948921 -1.182370915 -0.408397143 0.017099180 0.912644179 114.551757317
0.909496292 0.006071545 0.415667685 19.269838647 0.001634407 0.999833386 -0.018180438 -1.203466414 -0.415708827 0.017214408 0.909334835 116.145535205
0.905817505 0.006530180 0.423617749 20.095050432 0.001087984 0.999842055 -0.017739259 -1.227553489 -0.423666696 0.016529418 0.905667332 117.895957732
0.902409061 0.006419586 0.430832530 20.860126576 0.001027885 0.999854089 -0.017051226 -1.250748497 -0.430879144 0.015830024 0.902270791 119.484813284
0.898918879 0.006943784 0.438060071 21.637744974 0.000609556 0.999853603 -0.017099733 -1.277489363 -0.438114693 0.015638292 0.898783047 121.070352233
0.895087501 0.007234374 0.445831831 22.509104608 0.000591119 0.999848242 -0.017411005 -1.306831249 -0.445890146 0.015847909 0.894947389 122.809698032
0.891690227 0.007317782 0.452586988 23.314706476 0.000963407 0.999836364 -0.018064254 -1.337609867 -0.452645135 0.016543741 0.891537264 124.387296662
0.888280269 0.006987523 0.459248658 24.217731502 0.001528249 0.999833771 -0.018168535 -1.365210212 -0.459299287 0.016840595 0.888121933 126.115469555
0.885359875 0.006941435 0.464854494 25.053827775 0.002196189 0.999814926 -0.019112582 -1.384589563 -0.464901147 0.017942418 0.885180773 127.678153391
0.882474374 0.006656441 0.470313366 25.902395969 0.003097358 0.999795941 -0.019962058 -1.403122096 -0.470350288 0.019072730 0.882273680 129.236597629
0.879397809 0.006756416 0.476039742 26.843624167 0.003305131 0.999788560 -0.020295603 -1.431754555 -0.476076231 0.019421279 0.879189538 130.951225542
0.876787002 0.007229279 0.480824586 27.709180714 0.002999862 0.999785307 -0.020502213 -1.457782487 -0.480869590 0.019418478 0.876577075 132.507366503
0.874650416 0.007722965 0.484692683 28.581097270 0.002652209 0.999781877 -0.020716297 -1.488582064 -0.484746969 0.019405020 0.874439151 134.064842234
0.872647416 0.007060960 0.488299725 29.551171469 0.003767398 0.999768374 -0.021189722 -1.510587144 -0.488336260 0.020330772 0.872418687 135.764715262
0.871121713 0.006753786 0.491020711 30.439432652 0.003876823 0.999779674 -0.020629443 -1.535362099 -0.491051871 0.019874353 0.870903599 137.311887154
0.869908962 0.007571827 0.493154191 31.327622426 0.003682056 0.999754586 -0.021845143 -1.567935897 -0.493198590 0.020819103 0.869667595 138.858028213
0.868801400 0.009166849 0.495075840 32.303809068 0.002869098 0.999718643 -0.023545781 -1.614865170 -0.495152406 0.021877025 0.868530656 140.558595601
0.868018345 0.010950217 0.496411358 33.195844245 0.001550833 0.999692129 -0.024763734 -1.657916319 -0.496529714 0.022265222 0.867734125 142.105138943
0.867342537 0.012175842 0.497562723 34.090885557 0.000552180 0.999676565 -0.025425608 -1.702881894 -0.497711389 0.022327451 0.867055285 143.650282605
0.866680851 0.014508026 0.498651993 35.077799249 -0.001649618 0.999654905 -0.026217342 -1.753834259 -0.498860291 0.021899480 0.866405697 145.351284934
0.866039194 0.014064205 0.499778254 35.970470162 -0.002926903 0.999729766 -0.023061415 -1.806465286 -0.499967556 0.018509284 0.865846325 146.896648071
0.865307212 0.013372173 0.501063474 36.958154023 -0.003465791 0.999779798 -0.020696492 -1.856882471 -0.501229913 0.016172239 0.865163015 148.595140635
0.864799731 0.014009457 0.501921458 37.855620343 -0.003752876 0.999763116 -0.021438921 -1.902455705 -0.502102927 0.016656720 0.864647450 150.132509196
0.864236509 0.014781533 0.502868525 38.758560456 -0.004311459 0.999749173 -0.021977330 -1.940755254 -0.503067269 0.016825511 0.864083465 151.667608025
0.863706548 0.015030024 0.503770868 39.748442721 -0.004654957 0.999750494 -0.021846756 -1.985675660 -0.503973550 0.016524151 0.863561013 153.354103128
0.863333194 0.014964933 0.504412368 40.649128365 -0.004811129 0.999758853 -0.021426356 -2.025550965 -0.504611393 0.016071288 0.863197003 154.883652015
0.863172411 0.015485706 0.504671747 41.549768312 -0.005151454 0.999747636 -0.021866110 -2.065537049 -0.504883017 0.016274426 0.863034352 156.409964986
0.863206070 0.016308729 0.504588245 42.544082556 -0.005619778 0.999726568 -0.022698202 -2.101805684 -0.504820471 0.016757548 0.863061693 158.086208110
0.863443794 0.016908056 0.504161604 43.451348925 -0.005950976 0.999709980 -0.023335417 -2.130992836 -0.504409962 0.017148565 0.863293998 159.609517821
0.863516039 0.015105501 0.504095095 44.356479030 -0.004734531 0.999750097 -0.021847833 -2.159355607 -0.504299161 0.016479297 0.863371761 161.132022818
0.863584620 0.011604621 0.504070359 45.355518368 -0.001284740 0.999782503 -0.020815779 -2.194352856 -0.504202303 0.017328584 0.863411702 162.804694820
0.863499862 0.008766088 0.504272877 46.263774819 0.001640996 0.999794814 -0.020190042 -2.226967129 -0.504346413 0.018261604 0.863308299 164.323166790
0.863275719 0.008759191 0.504656615 47.172595912 0.002130483 0.999777262 -0.020997318 -2.255788442 -0.504728147 0.019201634 0.863064774 165.840739229
0.862627525 0.011212559 0.505715357 48.169839998 0.000274808 0.999743763 -0.022634758 -2.288893969 -0.505839586 0.019664336 0.862403407 167.510039938
0.861865794 0.013908532 0.506945654 49.071563354 -0.002552482 0.999730154 -0.023089031 -2.323543303 -0.507130010 0.018605673 0.861668725 169.031775784
0.861068760 0.016065978 0.508234657 50.064054006 -0.004817222 0.999713621 -0.023440786 -2.371864625 -0.508465726 0.017735846 0.860899561 170.701167980
0.860315269 0.017135513 0.509474241 50.971311538 -0.006028332 0.999706971 -0.023444224 -2.414387455 -0.509726698 0.017098141 0.860166471 172.217028135
0.859645184 0.017290886 0.510598838 51.882293688 -0.006392520 0.999712912 -0.023091760 -2.456208512 -0.510851547 0.016586704 0.859508923 173.731170435
0.858905613 0.017370388 0.511839240 52.886664085 -0.006507746 0.999714123 -0.023006999 -2.501755550 -0.512092576 0.016429918 0.858773114 175.394008092
0.858303355 0.018468770 0.512810145 53.801142955 -0.006665651 0.999669057 -0.024846447 -2.537267031 -0.513099336 0.017907572 0.858142413 176.905169545
0.857722297 0.019169084 0.513755777 54.714230814 -0.006852879 0.999642154 -0.025857343 -2.574337674 -0.514067611 0.018657710 0.857546728 178.417445029
0.857166605 0.018875088 0.514693242 55.723659343 -0.007281371 0.999672475 -0.024534149 -2.617465890 -0.514987770 0.017282177 0.857023298 180.080731253
0.856569418 0.018651811 0.515694611 56.636436720 -0.007677218 0.999696576 -0.023405487 -2.666428373 -0.515974711 0.016089322 0.856452708 181.590032542
0.856095588 0.018837951 0.516474071 57.547130650 -0.008032231 0.999699755 -0.023149159 -2.718527242 -0.516755103 0.015669451 0.855989861 183.098372538
0.855725347 0.020179766 0.517036650 58.540401551 -0.008740379 0.999660380 -0.024550583 -2.777417868 -0.517356498 0.016489456 0.855611104 184.753263659
0.855486998 0.021734318 0.517367959 59.447292431 -0.009763522 0.999618178 -0.025849023 -2.829924779 -0.517732247 0.017062166 0.855372558 186.256607058
0.855302307 0.023006685 0.517618244 60.355856990 -0.010635762 0.999582775 -0.026854342 -2.882245662 -0.518020129 0.017463313 0.855190148 187.759759139
0.855207660 0.023084066 0.517771160 61.356215977 -0.010996389 0.999590911 -0.026402456 -2.936893922 -0.518168840 0.016885966 0.855111646 189.413638919
0.855272922 0.021632968 0.517726021 62.272714213 -0.010027646 0.999632041 -0.025203749 -2.979994643 -0.518080770 0.016364507 0.855175145 190.918605250
0.855480753 0.020006195 0.517447991 63.275184125 -0.008684319 0.999667165 -0.024292822 -3.034950979 -0.517761792 0.016288355 0.855369760 192.572371167
0.855733011 0.019647080 0.517044481 64.188015372 -0.008174344 0.999667456 -0.024457264 -3.084360681 -0.517353074 0.016702386 0.855609045 194.075937378
0.855934623 0.019966298 0.516698420 65.092630908 -0.008065888 0.999648199 -0.025266972 -3.130815090 -0.517021152 0.017459242 0.855794551 195.580348993
0.856148220 0.020591923 0.516319850 66.102281495 -0.008565938 0.999633933 -0.025663695 -3.179083912 -0.516659326 0.017549159 0.856011202 197.240841957
0.856398401 0.020358215 0.515914056 67.019169419 -0.008862365 0.999654743 -0.024735658 -3.220825188 -0.516239525 0.016611356 0.856283146 198.754669550
0.856622617 0.019952492 0.515557543 67.938070868 -0.008962550 0.999676645 -0.023796607 -3.261418924 -0.515865655 0.015763999 0.856524449 200.268848848
0.856911522 0.019589498 0.515091142 68.947989716 -0.008584083 0.999681349 -0.023738438 -3.306526705 -0.515392051 0.015920153 0.856806625 201.934390070
0.857211551 0.019458659 0.514596646 69.868436970 -0.008211482 0.999675285 -0.024122516 -3.343734912 -0.514898959 0.016452495 0.857092986 203.446299596
0.857394896 0.019784244 0.514278685 70.789138269 -0.008707702 0.999675471 -0.023940108 -3.379574153 -0.514585442 0.016047938 0.857288922 204.958991572
0.857668366 0.019960640 0.513815664 71.798318795 -0.008939904 0.999674080 -0.023912593 -3.413261231 -0.514125531 0.015915609 0.857567281 206.622377443
0.857932198 0.020768152 0.513342982 72.712852936 -0.009779195 0.999661737 -0.024099372 -3.445883770 -0.513669855 0.015655543 0.857845087 208.132672637
0.858161032 0.020734629 0.512961703 73.629235079 -0.009829239 0.999664501 -0.023963984 -3.474108780 -0.513286508 0.015522931 0.858076925 209.642048668
0.858451212 0.020748960 0.512475352 74.643518577 -0.010027956 0.999669379 -0.023676440 -3.505191934 -0.512797197 0.015185985 0.858375460 211.307746294
0.858684615 0.019638952 0.512127946 75.567512798 -0.008927435 0.999687090 -0.023367125 -3.531748091 -0.512426621 0.015492999 0.858591250 212.824057740
0.858956706 0.019195198 0.511688295 76.484265529 -0.008377257 0.999690165 -0.023439175 -3.563124601 -0.511979695 0.015846689 0.858851375 214.338943333
0.859231504 0.019129831 0.511229168 77.492061086 -0.008300404 0.999690386 -0.023457080 -3.597132955 -0.511519633 0.015911650 0.859124260 216.006455557
0.859391181 0.019246115 0.510956334 78.408567224 -0.008905156 0.999703163 -0.022677852 -3.626405330 -0.511241142 0.014938997 0.859307472 217.531882833
0.859422571 0.018530077 0.510930007 79.412086981 -0.008712597 0.999728679 -0.021602274 -3.663012942 -0.511191691 0.014113951 0.859350837 219.208126866
0.859434356 0.017909637 0.510932308 80.329277068 -0.008448398 0.999747273 -0.020833034 -3.691209092 -0.511176312 0.013588063 0.859368461 220.731201094
0.859547918 0.017749215 0.510746837 81.237344017 -0.008397236 0.999752306 -0.020610984 -3.728023455 -0.510986176 0.013427264 0.859484058 222.252091068
0.859546184 0.017896449 0.510744618 82.235509335 -0.008071635 0.999737408 -0.021446744 -3.765937380 -0.510994340 0.014311920 0.859464929 223.922099499
0.859509130 0.018272532 0.510793657 83.145877127 -0.007882721 0.999715801 -0.022498460 -3.801376467 -0.511059612 0.015311185 0.859408896 225.440780483
0.859457265 0.018723782 0.510864581 84.055551493 -0.008155895 0.999704052 -0.022919188 -3.838288194 -0.511142544 0.015531502 0.859355620 226.960248427
0.859389783 0.018100215 0.511000561 85.058887399 -0.007912139 0.999724348 -0.022104901 -3.879188207 -0.511259825 0.014953616 0.859296102 228.632267486
0.859358258 0.017868787 0.511061719 85.968092357 -0.007698565 0.999728125 -0.022009292 -3.916690210 -0.511316071 0.014979421 0.859262185 230.150529596
0.859275103 0.017918564 0.511199777 86.883834744 -0.007533092 0.999721159 -0.022379843 -3.950027434 -0.511458267 0.015379524 0.859170485 231.666409755
0.859248317 0.018276128 0.511232142 87.899282700 -0.007322643 0.999698639 -0.023430949 -3.977664047 -0.511506322 0.016389430 0.859123204 233.330584567
0.859180320 0.018905742 0.511323519 88.816022680 -0.007814199 0.999685432 -0.023832254 -4.013886516 -0.511613258 0.016480616 0.859057782 234.843911370
0.859008252 0.018825776 0.511615485 89.823718944 -0.008162141 0.999700270 -0.023081377 -4.055956977 -0.511896681 0.015651212 0.858904440 236.507217995
0.858874274 0.018688251 0.511845407 90.745359768 -0.008439754 0.999714824 -0.022339238 -4.091487175 -0.512116941 0.014866745 0.858787068 238.019099542
0.858746305 0.018734636 0.512058382 91.668661219 -0.008819845 0.999723763 -0.021785512 -4.122483946 -0.512325095 0.014191950 0.858674324 239.531491970
0.858632834 0.018752229 0.512247988 92.683762221 -0.008582034 0.999716446 -0.022212090 -4.151340872 -0.512519282 0.014675897 0.858550297 241.191295682
0.858577773 0.019004139 0.512330988 93.603427652 -0.008815793 0.999712252 -0.022309073 -4.173717256 -0.512607549 0.014637468 0.858498256 242.697007278
0.858414709 0.018734108 0.512614096 94.525729676 -0.008672266 0.999720058 -0.022013569 -4.196055923 -0.512883017 0.014451242 0.858336870 244.204502590
0.858333884 0.018969099 0.512740779 95.537071895 -0.008910853 0.999716757 -0.022068152 -4.228576249 -0.513014180 0.014372882 0.858259798 245.862131043
0.858166209 0.019182815 0.513013419 96.457513741 -0.009103598 0.999713138 -0.022153250 -4.256152357 -0.513291235 0.014340900 0.858094666 247.367853575
0.858096337 0.019208655 0.513129316 97.377711623 -0.009313375 0.999717897 -0.021849202 -4.292439807 -0.513404273 0.013969752 0.858033163 248.872147171
0.857992620 0.018841474 0.513316328 98.391154799 -0.009547045 0.999739356 -0.020738230 -4.331250566 -0.513573293 0.012892592 0.857948870 250.527120092
0.857947565 0.018337739 0.513409869 99.310200013 -0.009416405 0.999756170 -0.019973298 -4.364397292 -0.513650968 0.012301564 0.857911047 252.029769576
0.857851413 0.018361875 0.513569650 100.229007947 -0.008913559 0.999742770 -0.020855294 -4.397916890 -0.513820505 0.013313007 0.857794417 253.530189373
0.857791005 0.018629756 0.513660894 101.241391948 -0.008249813 0.999713223 -0.022481370 -4.441083150 -0.513932429 0.015046707 0.857698703 255.185855988
0.857774412 0.018576077 0.513690546 102.154216589 -0.007789379 0.999701789 -0.023144304 -4.482649298 -0.513967307 0.015851258 0.857663311 256.686363989
0.857656176 0.018435689 0.513892984 103.076052630 -0.007701996 0.999705570 -0.023009849 -4.521472298 -0.514165900 0.015776534 0.857545648 258.193950600
0.857499905 0.017857304 0.514174114 104.089967318 -0.007182618 0.999715575 -0.022741584 -4.562238605 -0.514433992 0.015807787 0.857384273 259.849695482
0.857358210 0.017639519 0.514417863 105.004204288 -0.007145040 0.999724172 -0.022372469 -4.596113808 -0.514670631 0.015505680 0.857247762 261.349484701
0.857234807 0.018122294 0.514606702 105.922562922 -0.007495019 0.999713761 -0.022720493 -4.620694041 -0.514871168 0.015619807 0.857125260 262.849750741
0.856927501 0.017785663 0.515130001 106.937197566 -0.006956345 0.999712535 -0.022944635 -4.642866723 -0.515390023 0.016078463 0.856804888 264.501909126
0.856646799 0.017674642 0.515600484 107.861465132 -0.006989716 0.999718863 -0.022656995 -4.663760052 -0.515856002 0.015805138 0.856529505 266.004437230
0.856438570 0.017693026 0.515945659 108.877080742 -0.006839650 0.999713694 -0.022929203 -4.687061365 -0.516203646 0.016108562 0.856314381 267.655057478
0.856260395 0.017055362 0.516262764 109.796635403 -0.006397170 0.999728239 -0.022417046 -4.715746935 -0.516504814 0.015892205 0.856136803 269.154992243
0.856270304 0.016058545 0.516278296 110.719067440 -0.005717706 0.999750049 -0.021613598 -4.741879932 -0.516496354 0.015555151 0.856148097 270.656497967
0.856482514 0.015368934 0.515947177 111.730828594 -0.005097624 0.999759739 -0.021318497 -4.777015027 -0.516150877 0.015628812 0.856355080 272.308137572
0.856701062 0.015177925 0.515589867 112.649436393 -0.004840242 0.999759526 -0.021388389 -4.808927236 -0.515790531 0.015827873 0.856568512 273.807882127
0.856905382 0.015603190 0.515237515 113.565253656 -0.005075702 0.999748718 -0.021834348 -4.841166220 -0.515448749 0.016094775 0.856769255 275.307466489
0.857007708 0.016333067 0.515044667 114.573827717 -0.005621840 0.999734422 -0.022349075 -4.877226005 -0.515272930 0.016257828 0.856871928 276.956688445
0.856865553 0.017209633 0.515252600 115.492383161 -0.006523091 0.999724587 -0.022543279 -4.910604242 -0.515498673 0.015955517 0.856741822 278.461303663
0.856625642 0.018204155 0.515617211 116.498198316 -0.007751954 0.999718656 -0.022416850 -4.952675739 -0.515880244 0.015205805 0.856525754 280.114189901
0.856313269 0.018745979 0.516116424 117.404792619 -0.008596269 0.999719943 -0.022048579 -4.993125927 -0.516385223 0.014443812 0.856234599 281.617314232
0.856051855 0.018809933 0.516547576 118.314520824 -0.008871578 0.999725116 -0.021702230 -5.029780205 -0.516813821 0.013995639 0.855983415 283.116392280
0.855726386 0.019086023 0.517076461 119.224965528 -0.009522092 0.999731114 -0.021143080 -5.065635168 -0.517340983 0.013169039 0.855678032 284.613641938
0.855362355 0.019600310 0.517659212 120.226360873 -0.010094328 0.999724858 -0.021173412 -5.104867175 -0.517931806 0.012885515 0.855324861 286.258314561
0.855007102 0.019838625 0.518236698 121.138893934 -0.010106962 0.999715706 -0.021595274 -5.144180336 -0.518517806 0.013226311 0.854964537 287.752378381
0.854821431 0.019616375 0.518551356 122.142193104 -0.009502870 0.999709430 -0.022152909 -5.191080265 -0.518835259 0.014009052 0.854759458 289.395349381
0.854970226 0.018819878 0.518335524 123.039473794 -0.008708858 0.999721504 -0.021933332 -5.240141916 -0.518603971 0.014238232 0.854896019 290.883300587
0.855289453 0.017991983 0.517838035 123.929226244 -0.007817440 0.999731278 -0.021823380 -5.284182497 -0.518091545 0.014617136 0.855200269 292.362786037
0.855661431 0.017295595 0.517246912 124.914777763 -0.007099440 0.999739651 -0.021684763 -5.324565778 -0.517487317 0.014882649 0.855561449 293.991155723
0.855970051 0.016603011 0.516758746 126.001561535 -0.006498570 0.999750798 -0.021356765 -5.363441719 -0.516984574 0.014922555 0.855864638 295.779726195
0.856208924 0.016078453 0.516379464 126.728802669 -0.006137679 0.999761631 -0.020952591 -5.387575030 -0.516593279 0.014770421 0.856103515 296.975314443
0.856424750 0.016228342 0.516016743 127.725299088 -0.006398240 0.999762710 -0.020822740 -5.421654211 -0.516232235 0.014531508 0.856325362 298.617120799
0.856673893 0.016087837 0.515607420 128.627817176 -0.006334121 0.999766280 -0.020670385 -5.453220646 -0.515819473 0.014441856 0.856575574 300.106706302
0.856807348 0.015401264 0.515406596 129.526545514 -0.005781503 0.999777947 -0.020264025 -5.482847719 -0.515604259 0.014382538 0.856706135 301.593775207
0.857023781 0.015276583 0.515050342 130.505166767 -0.005463164 0.999773629 -0.020563165 -5.518825496 -0.515247904 0.014809314 0.856913235 303.227366474
0.857260595 0.014881850 0.514667653 131.399481280 -0.004871578 0.999771903 -0.020794478 -5.548104611 -0.514859737 0.015319040 0.857137555 304.708397793
0.857341438 0.014265703 0.514550424 132.289418582 -0.004113927 0.999773865 -0.020863725 -5.571437386 -0.514731720 0.015770510 0.857206251 306.189347678
0.857448309 0.014415268 0.514368145 133.273562830 -0.004520533 0.999779975 -0.020483334 -5.597565322 -0.514550262 0.015238179 0.857324813 307.819480017
0.857439276 0.016101149 0.514333190 134.165699816 -0.006241106 0.999762238 -0.020892982 -5.618195576 -0.514547321 0.014704453 0.857335899 309.303901374
0.857268120 0.017189941 0.514583197 135.059678185 -0.007797869 0.999761350 -0.020406762 -5.649571569 -0.514811201 0.013481411 0.857197578 310.788867040
0.857000868 0.017957535 0.515001970 136.050008813 -0.009037212 0.999762680 -0.019822016 -5.675510274 -0.515235723 0.012333300 0.856959771 312.429481070
0.856838779 0.018668930 0.515246318 136.943944702 -0.009816496 0.999753791 -0.019899574 -5.701211725 -0.515490982 0.011992810 0.856811082 313.914780288
0.856822301 0.019620054 0.515238380 137.919289662 -0.010635570 0.999735675 -0.020382947 -5.733202641 -0.515502123 0.011984707 0.856804492 315.545396921
0.856920774 0.019570674 0.515076466 138.808540233 -0.010790745 0.999741075 -0.020033524 -5.768047811 -0.515335188 0.011609082 0.856910079 317.027679949
0.857252131 0.018735829 0.514555869 139.696598306 -0.009944801 0.999753814 -0.019834615 -5.807509130 -0.514800829 0.011886108 0.857227412 318.511788900
0.857654250 0.017516363 0.513928355 140.663630200 -0.008976562 0.999777368 -0.019095423 -5.857876265 -0.514148439 0.011763958 0.857620546 320.145592955
0.858196663 0.016479138 0.513056445 141.539276996 -0.008032827 0.999793314 -0.018676286 -5.902678310 -0.513258191 0.011906630 0.858151660 321.631750739
0.858616163 0.014671773 0.512409030 142.406657454 -0.006496113 0.999821484 -0.017742639 -5.950333588 -0.512577891 0.011905447 0.858558196 323.115036751
0.859033038 0.013923075 0.511730766 143.374847350 -0.005640240 0.999826815 -0.017734937 -5.990409888 -0.511889086 0.012348610 0.858962796 324.748249612
0.859395716 0.014199165 0.511113860 144.244699270 -0.004822290 0.999794959 -0.019666850 -6.029455571 -0.511288332 0.014436865 0.859287977 326.230682123
0.859653508 0.015127463 0.510653499 145.122328644 -0.004880965 0.999759083 -0.021399800 -6.066432955 -0.510854217 0.015903928 0.859520240 327.716780596
0.859798011 0.015735454 0.510391777 146.086893574 -0.005336868 0.999747410 -0.021831961 -6.109042517 -0.510606411 0.016047180 0.859664813 329.354794272
0.859740104 0.016041321 0.510479794 146.969783522 -0.006217006 0.999761280 -0.020945951 -6.146213623 -0.510693952 0.014834415 0.859634595 330.847698534
0.859565795 0.015958775 0.510775833 147.853790759 -0.006878637 0.999783029 -0.019661607 -6.184168686 -0.510978804 0.013387000 0.859489069 332.342299619
0.859308351 0.015706202 0.511216649 148.824538111 -0.007072733 0.999797714 -0.018828356 -6.226565093 -0.511408978 0.012563663 0.859245612 333.986939403
0.859093729 0.015345717 0.511588177 149.711990803 -0.006162415 0.999788095 -0.019641533 -6.262087320 -0.511781201 0.013721297 0.859006250 335.481318906
0.858939034 0.015116010 0.511854699 150.689135774 -0.005142052 0.999768428 -0.020896169 -6.301633827 -0.512052053 0.015316549 0.858817855 337.125446487
0.858811237 0.014025509 0.512100122 151.589040048 -0.003715055 0.999769377 -0.021151617 -6.336596405 -0.512278700 0.016262763 0.858665281 338.623769489
0.858668826 0.013481668 0.512353473 152.479285515 -0.002724848 0.999759940 -0.021740250 -6.383685812 -0.512523591 0.017271586 0.858499430 340.121858728
0.858544331 0.012822121 0.512578984 153.452601778 -0.001536489 0.999747122 -0.022435052 -6.443035470 -0.512737048 0.018473911 0.858346925 341.767476488
0.858565026 0.012421941 0.512554175 154.326813641 -0.000985363 0.999744585 -0.022578631 -6.512345870 -0.512703750 0.018880168 0.858357975 343.261537681
0.858601726 0.011867800 0.512505826 155.216329868 -0.000315855 0.999744055 -0.022621344 -6.564431921 -0.512643137 0.019260844 0.858385720 344.763402151
0.858509412 0.011759571 0.512662942 156.193698985 0.000589467 0.999713731 -0.023918775 -6.623570988 -0.512797476 0.020836687 0.858256716 346.415342664
0.858417724 0.012236226 0.512805300 157.079702179 0.000890470 0.999678385 -0.025344292 -6.682585652 -0.512950511 0.022212624 0.858130749 347.917462116
0.858210093 0.012265642 0.513152005 157.971678374 0.000809724 0.999680862 -0.025249133 -6.736220461 -0.513297954 0.022084568 0.857926274 349.423337705
0.857691139 0.011869815 0.514028218 158.963340159 0.001156958 0.999686407 -0.025014983 -6.783687604 -0.514163964 0.022049834 0.857408440 351.083707817
0.857135669 0.010743864 0.514978645 159.863642651 0.001472905 0.999727233 -0.023308566 -6.831483327 -0.515088618 0.020737114 0.856886047 352.594966302
0.856575088 0.009890787 0.515927593 160.759433104 0.002369997 0.999730338 -0.023100532 -6.887482323 -0.516016968 0.021010084 0.856320661 354.098788852
0.856021350 0.009538080 0.516852459 161.754635375 0.003234084 0.999711385 -0.023805196 -6.941064678 -0.516930362 0.022049296 0.855743442 355.753825371
0.855418377 0.009485396 0.517850767 162.657182036 0.003741289 0.999693042 -0.024491330 -6.996180449 -0.517924137 0.022887759 0.855120312 357.258406751
0.854667035 0.009415145 0.519091132 163.659304631 0.004236079 0.999675809 -0.025106441 -7.050777262 -0.519159247 0.023656555 0.854350077 358.913858534
0.853919965 0.008558715 0.520333961 164.570428039 0.005139322 0.999677301 -0.024877339 -7.105580615 -0.520378987 0.023917417 0.853600420 360.415890220
0.853113854 0.008154181 0.521661050 165.489018651 0.005156542 0.999697233 -0.024059361 -7.160014611 -0.521699311 0.023215337 0.852813512 361.918574144
0.852243218 0.010747932 0.523035342 166.497374786 0.002118748 0.999709821 -0.023995516 -7.220979564 -0.523141489 0.021558192 0.851973143 363.571171040
0.851025190 0.015791317 0.524887369 167.505728280 -0.003654159 0.999701631 -0.024151518 -7.276486038 -0.525112162 0.018635524 0.850828975 365.225852262
0.849936135 0.019336420 0.526530777 168.337338686 -0.008404442 0.999696758 -0.023146454 -7.322873144 -0.526818700 0.015247807 0.849840910 366.581117129
0.848892852 0.021109083 0.528143278 169.363500400 -0.011208029 0.999696429 -0.021941512 -7.378706192 -0.528446133 0.012706545 0.848871744 368.234773479
0.848513295 0.019348698 0.528820202 170.303145384 -0.009427933 0.999725449 -0.021450887 -7.421196455 -0.529090079 0.013215678 0.848462754 369.732282965
0.848675123 0.015913230 0.528675037 171.245148031 -0.005256268 0.999751687 -0.021654924 -7.461610443 -0.528888379 0.015599134 0.848548030 371.224935649
0.848966549 0.012768851 0.528292292 172.234591166 -0.001930541 0.999776302 -0.021062264 -7.501838205 -0.528443074 0.016861264 0.848801288 372.795123999
0.849246252 0.009623147 0.527909261 173.224032392 0.001395254 0.999789504 -0.020469498 -7.542057639 -0.527995139 0.018120208 0.849054063 374.365314968
0.849322495 0.009097450 0.527795912 174.255416700 0.002619437 0.999766537 -0.021447824 -7.591459960 -0.527867831 0.019598644 0.849100380 376.014620570
0.849245016 0.009430321 0.527914729 175.190116925 0.003124947 0.999733206 -0.022885614 -7.644704520 -0.527989722 0.021085195 0.848988974 377.514920264
0.848937031 0.009766715 0.528403745 176.124761571 0.003229984 0.999714668 -0.023667477 -7.693367778 -0.528484147 0.021798930 0.848663256 379.015405174
0.848386225 0.009719091 0.529288525 177.154100449 0.003561009 0.999704054 -0.024064998 -7.749747082 -0.529365793 0.022301211 0.848100539 380.665793479
0.847819997 0.009459035 0.530199744 178.092873854 0.003876013 0.999703647 -0.024033195 -7.797711908 -0.530269968 0.022430880 0.847532080 382.165882947
0.847120674 0.009241065 0.531320201 179.034462274 0.003920105 0.999712904 -0.023637752 -7.844901768 -0.531386118 0.022106855 0.846841243 383.665862736
0.846441564 0.009922041 0.532389163 180.025356861 0.003330744 0.999708162 -0.023926909 -7.893491282 -0.532471214 0.022025978 0.846161493 385.240026219
0.845760580 0.010602761 0.533457225 181.016250585 0.002741436 0.999702990 -0.024216023 -7.942080444 -0.533555560 0.021943393 0.845480315 386.814189755
0.844809598 0.012832972 0.534913121 181.961295599 0.001070870 0.999669792 -0.025674108 -7.989049056 -0.535065983 0.022262552 0.844516893 388.312828274
0.843617438 0.014868670 0.536738792 183.006203097 -0.000982607 0.999657600 -0.026147983 -8.040206938 -0.536943818 0.021531487 0.843343194 389.961853957
0.842427958 0.014655770 0.538609630 183.961679400 -0.001244677 0.999680269 -0.025254905 -8.087599676 -0.538807570 0.020605040 0.842176850 391.459976072
0.841140841 0.015103544 0.540605178 184.934157335 -0.001473503 0.999670249 -0.025636347 -8.124455870 -0.540814132 0.020767191 0.840885729 392.947406245
0.839554062 0.015226891 0.543062711 186.001774125 -0.001473925 0.999667302 -0.025750962 -8.170156788 -0.543274162 0.020818887 0.839297188 394.574423886
0.837848390 0.014649514 0.545706382 186.977669183 -0.001585068 0.999700936 -0.024403395 -8.211589590 -0.545900699 0.019581360 0.837621041 396.057469009
0.835546509 0.015222733 0.549208784 188.080584289 -0.002230305 0.999701830 -0.024316205 -8.240384702 -0.549415205 0.019092413 0.835331326 397.683544887
0.833384226 0.015624206 0.552473171 189.093671601 -0.002146133 0.999684292 -0.025034199 -8.268883309 -0.552689910 0.019677422 0.833154652 399.161538607
0.831138752 0.015840823 0.555839395 190.111527869 -0.002006189 0.999673070 -0.025489784 -8.298222491 -0.556061473 0.020070425 0.830898807 400.643148130
0.828608082 0.016411918 0.559588495 191.235400904 -0.002033224 0.999651826 -0.026307654 -8.332381191 -0.559825440 0.020660962 0.828352952 402.261148352
0.826279944 0.015739568 0.563039704 192.255386687 -0.001642798 0.999672589 -0.025534622 -8.366446792 -0.563257283 0.020173782 0.826035268 403.726060596
0.824003693 0.014617174 0.566395834 193.284677089 -0.001032345 0.999704231 -0.024297843 -8.398936854 -0.566583498 0.019436793 0.823775068 405.184678834
0.821745172 0.012522963 0.569717504 194.417473745 0.000538628 0.999740990 -0.022752217 -8.436727612 -0.569854888 0.019003386 0.821525587 406.788665629
0.819876150 0.011769583 0.572419919 195.454661304 0.001823039 0.999729954 -0.023166686 -8.469222037 -0.572538023 0.020037354 0.819633289 408.239506294
0.817989084 0.012296577 0.575102286 196.491426834 0.002309249 0.999693241 -0.024659522 -8.505250394 -0.575229117 0.021499271 0.817709763 409.688499398
0.815847674 0.013007377 0.578120548 197.637299555 0.002402531 0.999662110 -0.025882290 -8.546607994 -0.578261889 0.022504954 0.815540758 411.278393561
0.814043943 0.013895853 0.580637023 198.680254653 0.001867328 0.999645966 -0.026541577 -8.587421242 -0.580800297 0.022690246 0.813729796 412.720769907
0.812174592 0.014487522 0.583234542 199.726146046 0.001340294 0.999642660 -0.026697493 -8.629997654 -0.583412931 0.022464727 0.811864952 414.158679331
0.810165109 0.014742325 0.586016337 200.880773790 0.000725793 0.999657724 -0.026151648 -8.677525164 -0.586201315 0.021612476 0.809877109 415.735371594
0.808298648 0.014353950 0.588597695 201.932141542 0.000424568 0.999688307 -0.024962136 -8.720853446 -0.588772560 0.020426756 0.808040613 417.163913271
0.806355645 0.013977733 0.591265747 203.093052599 0.000172509 0.999715083 -0.023868888 -8.766967282 -0.591430939 0.019348808 0.806123490 418.728856675
0.804537991 0.014678524 0.593719756 204.148794907 -0.000264209 0.999703274 -0.024357627 -8.808596874 -0.593901140 0.019439767 0.804303142 420.145082774
0.802603730 0.015534858 0.596310244 205.314146566 -0.000795067 0.999687800 -0.024973387 -8.854642428 -0.596512056 0.019569623 0.802365509 421.697107080
0.800962375 0.016166322 0.598496374 206.374710232 -0.001481306 0.999685837 -0.025020662 -8.896928653 -0.598712863 0.019154049 0.800734690 423.103834250
