0.3032738854475084 0.9526075203126767 -0.02374579224419944 0.0 -0.9525107585127962 0.30377009139681066 0.021142055012481738 0.0 0.02735334208006457 0.016206289412029375 0.9994944476386772 0.0
0.30260871423743707 0.9528149714972417 -0.023908077260114968 -0.0023677436897374857 -0.9527186427334569 0.3031109565962084 0.02123524851400077 0.00045575961732726203 0.027480062876293992 0.016351699668289133 0.9994886032678276 -0.06069860830149784
0.30196649218174726 0.9530196409471599 -0.02387051671827129 -0.005400235938048431 -0.9529220774357946 0.302468337530012 0.021270146385961114 0.00019558695680580956 0.027490942779400066 0.01632387088828 0.9994887589684651 -0.11998925604362742
0.3012882333162956 0.9532326242010734 -0.023936679466472557 -0.009380442956127428 -0.9531362542752692 0.30179211455062294 0.021279106681747498 -0.0019259191270082935 0.02750783981440399 0.016403772547768716 0.9994869859057426 -0.17515552220318623
0.3006406627850566 0.9534368292074751 -0.023945867930774786 -0.014299594936495678 -0.9533400351223178 0.3011454097659111 0.021312428531248304 -0.00329147102560645 0.027531242491757865 0.016421171934965575 0.9994860558302664 -0.2264991707553258
0.29995931708612644 0.9536500114982601 -0.024001326267376784 -0.020878725554765762 -0.9535535266210049 0.30046623749964996 0.021347411820839348 -0.0028554806746731824 0.027569547726961758 0.016483194234503215 0.9994839790341606 -0.27671345631085253
0.2992878330308938 0.9538599494275148 -0.02404142004563388 -0.02996919889296484 -0.9537634084258516 0.29979657127235965 0.02138636484396366 -0.0024282241105001616 0.027607132186701175 0.01652914793556339 0.9994821826930934 -0.32558626704692495
0.2986770508287014 0.9540525786540549 -0.023993675662924648 -0.041555715746125176 -0.9539560064973336 0.299184274594568 0.02137071601470658 -0.0012881039397794401 0.027567317169583775 0.016505968583225603 0.9994836647115355 -0.37210253895160184
0.2980448696229697 0.9542490688509648 -0.0240410126345339 -0.05504430118595496 -0.9541528851429594 0.2985539013618934 0.021397190351993875 0.0007307129296901604 0.027595787084147665 0.01656147875824098 0.999481960795965 -0.4166300078865003
0.2973901948279131 0.9544536292446933 -0.0240279346147185 -0.06944702086403359 -0.9543567578294245 0.29789942389761864 0.0214268996071778 0.0030531769179397454 0.02760888997270684 0.01655907192750341 0.9994816388165291 -0.4580354645008001
0.2967521404265544 0.9546541595445741 -0.02395000660754409 -0.08535963418730165 -0.9545563923382403 0.29725925221029126 0.021425004587677206 0.0025680508757040805 0.02757283080247772 0.016503715933732344 0.9994835498205644 -0.49173240660648476
0.2961168074785165 0.9548510380335169 -0.02396521427082402 -0.10433966171481143 -0.95475424776412 0.2966241706178463 0.021410926688122733 -0.0013772610711245963 0.02755290738017567 0.016540754867603074 0.999483486968799 -0.5124441934845958
0.2955020992168744 0.9550418995926595 -0.02394742952521442 -0.12395282241263479 -0.9549442913539635 0.29600954496238047 0.02144177468496894 -0.004490899232889815 0.027566460942547926 0.01653237168736131 0.9994832519444706 -0.5290227314689708
0.29485423200118693 0.9552412102490699 -0.023983580068089386 -0.1379222613882604 -0.955144718881844 0.2953626359229757 0.021435468102068336 -0.004424967255000065 0.02755989591985571 0.01658745135709414 0.9994825204046155 -0.5719248290476048
0.2942427324154389 0.9554305058482861 -0.023953348725897272 -0.1611007052709754 -0.9553341977338782 0.2947501486703171 0.021422429810671155 -0.007769605873938999 0.02752789604861912 0.01658005890562505 0.9994835249196569 -0.5489166844311143
0.2936253956936192 0.9556206903878931 -0.023942078154001727 -0.17856158230542613 -0.9555242628465973 0.2941327207271272 0.021431885337613386 -0.011384207784152394 0.027522901649942307 0.016584290766401114 0.9994835922537914 -0.5541661123610531
0.29299087437498994 0.9558140511263871 -0.02399681650434209 -0.19430614071546704 -0.9557188362888063 0.2934997909341055 0.021433121200754635 -0.014379994865747566 0.027529139030284637 0.016654500622971604 0.9994822530256605 -0.5564137070630826
0.2923899599267648 0.9559990932559193 -0.023955062677547212 -0.20808944053597 -0.9559038592067667 0.29289757175205866 0.021420187099038097 -0.014817999090192088 0.027494059133474504 0.01663568921349581 0.999483531908734 -0.556714720306799
0.2917197073813279 0.9562039697988709 -0.023949540000439834 -0.21987140721632098 -0.9561080906347115 0.292227784298157 0.02145323068995054 -0.01265043082059723 0.027512385360030287 0.016640018782143683 0.9994829555458818 -0.5565269243666396
0.2910478909900223 0.9564077502202963 -0.02398625583143777 -0.22930949930498304 -0.9563123591645069 0.29155733717225407 0.02147069747911459 -0.010346967240768947 0.02752811035060702 0.01668935168230458 0.9994817000230415 -0.5562991267860519
0.2905349902695752 0.9565590006823255 -0.02417224943377312 -0.2393794487929727 -0.9564595470948738 0.2910541475732543 0.02173977809167301 -0.007649163063894188 0.027830813860301163 0.016803612529364017 0.9994714024952571 -0.5549916750620073
0.2898173911793174 0.9567819952347113 -0.023960245505822347 -0.24908325337403753 -0.9566927233278465 0.2903226418291657 0.021255511588345974 -0.0032397431826968193 0.02729309256135793 0.0167623756078528 0.999486923307363 -0.553413212560824
0.2891701863093944 0.9569775892516911 -0.0239686674600776 -0.2563692069797485 -0.9568904953891443 0.2896746824224344 0.021193352669646465 -0.0025159405281180865 0.02722467968054608 0.016806904339688945 0.9994880413405697 -0.5516143372364748
0.2883474127425273 0.957225371573885 -0.023986612514659833 -0.2675928516789484 -0.9571325355493174 0.2888564574464935 0.021430267949715046 -0.005107120448260756 0.02744228411822027 0.01677900493771592 0.9994825591453185 -0.559104255716144
0.2877910299828225 0.9573920043064466 -0.02401818376795379 -0.260718727403404 -0.9572954004164956 0.28830379981027127 0.02159711453829533 -0.0042622995734995185 0.027601438419896915 0.016777041009787295 0.9994782096134506 -0.5491614564939237
0.2871459834934065 0.9575872795913062 -0.023953833274155685 -0.25943539075505234 -0.9574949018591075 0.2876540187130226 0.021416779217852778 -0.004362780207384529 0.027398851753723863 0.016785931108215635 0.999483634402989 -0.5487786849610626
0.2863674049904774 0.9578197829707822 -0.02397858854944649 -0.2574279698843368 -0.9577245531932275 0.28687844766310117 0.021550788320664607 -0.006543402820742209 0.027520711652365665 0.016793439677835066 0.9994801602903052 -0.5479053549715982
0.2858014623730172 0.9579906467650299 -0.0239049119673021 -0.2565397341376807 -0.957896798807405 0.28630912130036096 0.02146648305477855 -0.00908074393401102 0.027408884325538608 0.016763286400190206 0.9994837393820344 -0.547397259805761
0.2850908090224973 0.9582015427965257 -0.023938128440956538 -0.2568781517728057 -0.9581087770250042 0.28559935728375185 0.02146109286030617 -0.01177825851425305 0.027400766386157963 0.016816970638780713 0.9994830601365816 -0.5469802028878317
0.28450218489226076 0.9583746782699701 -0.024010057110742312 -0.2592555945684021 -0.9582823858148084 0.2850134098064246 0.02149942482006823 -0.011259733562455965 0.02744769259170196 0.016891781476395636 0.9994805110105676 -0.547016669037882
0.2839434796615008 0.9585415820149226 -0.023961133237980173 -0.26446633542022335 -0.9584492830718163 0.28445309505859634 0.021480421101700384 -0.009362413707042614 0.02740569533582548 0.01686630546131923 0.9994820936881488 -0.5472402117682067
0.28333898975958777 0.9587201613024975 -0.02397225884495567 -0.2719529470782822 -0.9586279252894726 0.2838492432547757 0.021496696464635152 -0.006506356989373301 0.027413823834294106 0.016889624501583836 0.9994814769904331 -0.547373879008023
0.28272553164949676 0.958901478879253 -0.023963045647222403 -0.28047850316922535 -0.9588097925066227 0.2832353577746982 0.021482874566637167 -0.00246507715903755 0.027387141999788332 0.01690224569162809 0.9994819951072972 -0.5474660143726804
0.28210654619231534 0.9590839144839326 -0.023957077735397264 -0.2853980754365621 -0.9589922099439953 0.2826164201151915 0.021491867020009124 -0.0012819623786622962 0.027383167497117812 0.016911654545029405 0.9994819448486172 -0.5469173481546122
0.2815086170176201 0.9592586462556049 -0.023994752107311126 -0.29772255558791294 -0.959166886929167 0.28202020557702917 0.021528740439255286 0.0070602950732244225 0.027418635331422057 0.016954445734220617 0.9994802475318899 -0.5477471570129028
0.2808946958744861 0.9594394523106693 -0.02396053378752234 -0.3057191782157312 -0.9593474451004458 0.2814054020582048 0.02152856873336397 0.012430947034659872 0.027397981838578254 0.016939216105331223 0.9994810721313884 -0.547989089174085
0.28027546574678885 0.9596193107625436 -0.02400920057064287 -0.312997136168706 -0.9595274083217585 0.2807882164492193 0.021566876978270165 0.018038740960674562 0.027437492227790575 0.01699281950963787 0.9994790783730106 -0.5486073664845429
0.27965460701927136 0.9597997425216723 -0.024036535279201167 -0.31861631449849925 -0.959708129383315 0.28016848226469354 0.02158536404781311 0.02467830416201799 0.02745190646340314 0.017031611809499123 0.9994780222849801 -0.5498214049885018
0.2790160227922801 0.9599856338854009 -0.024034178971270782 -0.3228935100602038 -0.9598941902060574 0.27952997634906057 0.021590181355216086 0.03319205947445232 0.02744453741339628 0.017046262227798988 0.9994779749000104 -0.5520979583287019
0.27835503775767084 0.9601765796676026 -0.024070912171117537 -0.32699336973584203 -0.9600858275213179 0.27887024288418594 0.021600727451202416 0.041902647925363655 0.027453173726031087 0.01709747032572774 0.9994768630442773 -0.55446317215431
0.2777326607766137 0.9603579689267994 -0.024023751928773387 -0.3309538217433154 -0.9602663790338934 0.27824685780670777 0.02161405602446222 0.05043396447159994 0.027441764430831614 0.017066271985603045 0.999477709569071 -0.5568777489190724
0.2770587939044669 0.9605408234344587 -0.024489819028608886 -0.33528486187770873 -0.9604270703941399 0.27760480811415883 0.022702708341317317 0.0614364039852922 0.028605369676548743 0.017230700152719238 0.9994422623633218 -0.5590145170240987
0.27641189640290115 0.9607168121886831 -0.024893177880018394 -0.34791349196723054 -0.960632576805586 0.27695569517549185 0.021922483657645493 0.08088330801080482 0.027955605999719357 0.017853562330090486 0.9994497157963045 -0.5621839139277736
0.27557675320048425 0.9609296398584448 -0.025916796426232683 -0.36277024532375357 -0.9609154869870645 0.2761138387254118 0.020064270052257364 0.12323758970581233 0.02643633794405039 0.0193746046627192 0.9994627280345532 -0.563668911734936
0.2754586910201836 0.960965859500471 -0.025828790447249353 -0.4029346126088101 -0.9609473949040033 0.27599540204076384 0.020165373281114275 0.1075803352592726 0.026506862670949042 0.019265381565856547 0.9994629714524021 -0.5679270041521116
0.27580281891397096 0.96087369391303 -0.025584163559440747 -0.4411536640810922 -0.96086277473884 0.276324002119222 0.019691977401812413 0.11048812039538183 0.025991021532148828 0.019151767509686477 0.9994787024249042 -0.5707793276186692
0.2747576052895978 0.9611714513386594 -0.025645652010829537 -0.48719143875959187 -0.9611919674013777 0.27525774696194427 0.018524970728805667 0.10265104759925155 0.02486483739328332 0.019560518116073802 0.9994994377149176 -0.5737393679480279
0.26743332801344566 0.9632343138617174 -0.025672391143004944 -0.5390404919031784 -0.9633036128551339 0.26789659979166375 0.01666017047666403 0.08731740289646167 0.022925194173641365 0.02027482230284119 0.9995315738147991 -0.5771152576277525
0.24778409281324362 0.9685180274531922 -0.023997371666405802 -0.5883718162920564 -0.9686499181278533 0.24812341801731044 0.012333107569061363 0.051256809561182094 0.017899146896455716 0.020189104229379633 0.999635944037025 -0.5798296853491516
0.22943056489324226 0.972977178546059 -0.026019721776338076 -0.6262257564332938 -0.9731018559278244 0.22986842039069835 0.015273745346473761 -0.004895700260346821 0.02084211799677533 0.0218155755284032 0.9995447397599434 -0.5816429918477634
0.20605331392984 0.9781523367135095 -0.027568786705833646 -0.6639394221055835 -0.9781934820487848 0.20664895275096756 0.020825993474551257 -0.04052980388274303 0.026068055082887936 0.022676342492327153 0.9994029417584112 -0.5849511620286199
0.1631288487719689 0.9862858024639936 -0.025085744084809493 -0.7095876606020106 -0.9864034074828639 0.16355651134523544 0.016049464251836364 -0.05061074444933831 0.019932295515750417 0.022126532817690246 0.9995564617073617 -0.5901899568060236
0.13710823197338778 0.9902324595379893 -0.02531815164019473 -0.7662667891536847 -0.9903511844812315 0.13755492198203453 0.01682779947402782 -0.06621588653669853 0.02014606963537496 0.022766631631855626 0.999537801367405 -0.5948271935203947
0.12713030260484165 0.991588082015094 -0.024309705165403 -0.8475248227392983 -0.9916188548601005 0.1276266913853742 0.02008667050472206 -0.08381316969034826 0.023020270318660833 0.021552337498514533 0.9995026582770082 -0.6000682209509987
0.12391133644875696 0.9920592471921245 -0.02155065567628961 -0.9402453875288095 -0.992117628868694 0.12426881729170215 0.016120531532236256 -0.10363848418233178 0.01867059686896043 0.01938326880370239 0.9996377832510335 -0.6067917696161659
0.12141699154822001 0.9923318324838866 -0.023139758048673447 -1.0367222064446355 -0.9924251853210788 0.1218019089018273 0.01601706990349649 -0.14778413890651312 0.01871271503021403 0.021019734228639588 0.9996039240965171 -0.611615523834363
0.1170958086877799 0.9928549470361191 -0.02297010521656398 -1.1362655194776066 -0.9928957639075844 0.11753013740999184 0.018565258273530314 -0.19557865630652468 0.021132288142302547 0.020633006235001358 0.9995637575720606 -0.6155725022494604
0.11428654033418115 0.9932343297293752 -0.020594973791744367 -1.2430735891942113 -0.9933101965450133 0.11459121575791863 0.01427258598956201 -0.2114862994520062 0.016536025464145947 0.018826032990547845 0.9996860208804003 -0.6207967994001237
0.11193487813314705 0.9935277825743164 -0.019316529457420677 -1.3503502056967893 -0.9936229810557395 0.11216861755071822 0.011470516756726418 -0.21752528663965937 0.01356298548340854 0.01790939668784495 0.9997476176190941 -0.6247350960095062
0.11021120728006077 0.9937039123227345 -0.02015004775088143 -1.4640191288160986 -0.9937952517540252 0.1104816532717162 0.012837518510290895 -0.23333936090912638 0.01498290295721299 0.01861018336394355 0.9997145461051046 -0.6269502449579372
0.10957069776335947 0.9937158699151106 -0.022869894413960187 -1.591239949927955 -0.9938709411415019 0.10986904900826551 0.012220655650371356 -0.24573029249820344 0.014656553010723031 0.021390697718272456 0.9996637552222095 -0.6286940644998108
0.1078292158271538 0.9939058614588501 -0.022891019458345416 -1.7276030609954307 -0.9940113815183295 0.10819404494598604 0.015343469302870874 -0.26075751296482047 0.01772663606337296 0.021099459613156315 0.9996202174715704 -0.6281325948572832
0.10718549234530472 0.9939043751970961 -0.025794634999645846 -1.864041923805856 -0.9940192063150677 0.10767126843403402 0.018240488770020786 -0.28785877038762775 0.020906642663461948 0.023685246840101145 0.9995008361050359 -0.6275661921834023
0.10656152971410476 0.993988850659464 -0.025115834640086224 -2.0016755666957864 -0.9940830504606957 0.10703864854273398 0.018482870580705708 -0.3247488376241683 0.021060132282300893 0.022997662551295497 0.9995136709147249 -0.6291329681311555
0.10534021672208624 0.9941929582135111 -0.021995467251501054 -2.143405102157812 -0.994283353520573 0.10568609474105713 0.015200733214809348 -0.36306194437051165 0.017437076957661637 0.020268478409891773 0.9996425046636025 -0.6307289670009556
0.10391282428408204 0.9943328228991886 -0.02245801092341891 -2.2888704809643365 -0.9944618401311562 0.10423068491366297 0.013476381019525058 -0.40306392539711966 0.01574082184195587 0.020933266055721527 0.9996569536095771 -0.6319649913677118
0.10077735678142864 0.9946998984908421 -0.020396967972152236 -2.4389802068549127 -0.9948162979708839 0.10102665166269223 0.011582268574445893 -0.44221523383306083 0.013581518753592715 0.019124005755421912 0.9997248695277179 -0.6314189470327705
0.09656134610455343 0.9951727292128257 -0.017525566169813957 -2.5961636407195767 -0.9952069181289123 0.09680826884351172 0.01383290251086007 -0.48158775322966935 0.015462747066069668 0.016105841009343168 0.9997507215994158 -0.6294889336930718
0.0933646936136772 0.9955047772198351 -0.015914537973525288 -2.7570647269007273 -0.9955054117173407 0.0935957601589391 0.014450222204453656 -0.5178080550920794 0.01587479851563215 0.014493868108857175 0.9997689325835901 -0.6284017017605202
0.0904554148549967 0.9957172495097861 -0.019104369973296016 -2.9193841131306484 -0.9957697205332543 0.09073777083623302 0.01446791667089504 -0.5502763267960961 0.016139442138287937 0.017714851744719533 0.9997128099785095 -0.6269120687015225
0.0871353348885888 0.9960813674835892 -0.015144067019013283 -3.0840178183794733 -0.9960918123009699 0.08733647624194925 0.013169714674536167 -0.5790060055530695 0.014440736851793217 0.013937333664023418 0.9997985876412884 -0.6257103343775071
0.08436545725564287 0.9961888135188105 -0.02214311274485099 -3.2436651229585016 -0.9963049324657767 0.08469250433755515 0.014270993427136678 -0.6024604248652206 0.016091959682104293 0.020857313561868183 0.9996529504305839 -0.6235790148751434
0.08113035787391633 0.9965360721527826 -0.01826805762948801 -3.4034938536620065 -0.9965439686296357 0.08143166228824071 0.016401309852255613 -0.6265093759411384 0.01783209519787413 0.01687427851133039 0.9996985921294359 -0.6233756715951201
0.07705727321663434 0.9968339203496387 -0.01960387422901778 -3.5653633406825915 -0.9968405901939164 0.07740785783852189 0.017800597930846287 -0.6483380713349867 0.019261733729377242 0.018170272018364714 0.9996493519372266 -0.6220931623781146
0.07299650596985362 0.9972173549526252 -0.015134632386791445 -3.724508619918526 -0.9971361029629364 0.0732746602604415 0.01871941055710035 -0.6717376942853133 0.019776306128332675 0.013724836793458348 0.9997102212996082 -0.6217843268630707
0.07230901341136399 0.9971961724772344 -0.019266555899511283 -3.8814075590271813 -0.9972129937014997 0.07263914011564367 0.01702352831091821 -0.6943225344939341 0.01837530332723596 0.017981905349926018 0.999669445020512 -0.6211398310228087
0.06935260175136086 0.9974618732084627 -0.01612538761648161 -4.038517658457049 -0.997480498982359 0.06957767274489543 0.013842023165284658 -0.7093718377819336 0.014928857297903917 0.015124779365956931 0.9997741596325191 -0.6212543880232667
0.06913245208668767 0.9973368946589316 -0.02323408316592422 -4.187851539395878 -0.9974802103317532 0.06947690272403716 0.014359316989194683 -0.719090982367965 0.015935308751427773 0.022182843369458475 0.9996269241047097 -0.6205838509492632
0.06676622767536507 0.9975379312207486 -0.021455689637722913 -4.342027313883938 -0.9976378032687965 0.06709027149913044 0.014754963882810085 -0.7221636552834597 0.016158104189891144 0.02041987379985348 0.9996609147220805 -0.6204850967655479
0.06458078698505207 0.9976794648527583 -0.021564029389365174 -4.49845800682425 -0.9977950833501401 0.06488956676438126 0.013939719058061757 -0.7152087425554692 0.015306651974815138 0.02061624447480634 0.9996702840782439 -0.61862832084097
0.06199585873709788 0.9978956634020454 -0.01899364269542844 -4.6564416108778195 -0.9980183396366178 0.06218630057279736 0.009605090839673768 -0.7027178159693465 0.010766022869123395 0.01836052789168926 0.9997734662247844 -0.5900010702964719
0.058843298492453934 0.998060615493407 -0.020309456503061644 -4.813082320469883 -0.9981409576412663 0.05914726139919823 0.01470476616443907 -0.6889990513279185 0.015877496701428916 0.019406423418463766 0.999685598490145 -0.543240843749507
0.05566816750008494 0.9982295839765408 -0.020946426931692186 -4.971773133844935 -0.9984215161282524 0.05581094228729627 0.006294033139881619 -0.668763847053028 0.007451929907368332 0.020562986043527753 0.9997607875615193 -0.47541449951156634
0.05438873640492304 0.9983726103735372 -0.017146317628133612 -5.133314412861226 -0.9985185410739377 0.05435297830633694 -0.00254497167095853 -0.6447821769076197 -0.0016088765803860623 0.01725933385620407 0.9998497521682891 -0.3914743395766864
0.05086881094749573 0.9985751717362814 -0.016124219815052018 -5.296755438722962 -0.998703834233793 0.050890176709937965 0.0009172792115046123 -0.623727676921703 0.0017365366418562193 0.016056659250524855 0.9998695755618351 -0.29571191150390275
0.048845857075476506 0.9985499121412474 -0.02263084641080314 -5.45530201808489 -0.9988048920949172 0.048871676246111675 0.0005888872185034614 -0.6030684749013829 0.0016940406792619843 0.02257503540645028 0.9997437161605842 -0.1857114378525621
0.05104217226767414 0.9984745476539663 -0.02105408125291945 -5.607481855635644 -0.9985943072266336 0.05132718329727037 0.01322610408730606 -0.5829147427434536 0.014286574983421414 0.02034939659979789 0.9996908501298125 -0.056917543337705774
0.04527347279036703 0.9985613665571712 -0.028731687750189937 -5.754560931386399 -0.9986685368575299 0.04595280913463843 0.023441263265362052 -0.5534225846733667 0.024727841643386858 0.0276321651723134 0.9993122621561038 0.07662464186588105
0.04425751062314828 0.9986568662116819 -0.026939493716563193 -5.9031639638907 -0.9984198755248779 0.045149496174239544 0.03345556982177366 -0.5245896423421017 0.03462693908403052 0.025416265726403625 0.9990770683616933 0.2073737170250525
0.04397368721151731 0.9984316821598693 -0.0346481008489253 -6.049740796867598 -0.9981060019990945 0.04539991877598611 0.0415121205013353 -0.5007573933702335 0.04302003726645479 0.03275703641276973 0.9985370563775013 0.3430137343666623
0.029500047174445286 0.9995623098399998 -0.002221702957125764 -6.216933938778331 -0.9987050638902905 0.02956676720082162 0.04140050286147952 -0.4884435233257 0.041448070842880706 0.0009975092062821304 0.9991401615383033 0.4536438896761199
0.03527935170174374 0.9991212378813674 -0.02263005430635816 -6.354198281656808 -0.998609375923129 0.03613083463399361 0.03839110713524394 -0.47624040178010896 0.039175013234502454 0.02124417103713525 0.9990065082545866 0.5381809662884108
0.03223314377979948 0.9992798999329743 -0.0200176430184904 -6.497678368899796 -0.9988080217452139 0.0329395013056677 0.036021173650318684 -0.4414228940119195 0.0366546059791027 0.018832706753912437 0.9991505237034297 0.6012471599211936
0.02573367488786474 0.9995005830824585 -0.018340185238735342 -6.6385301985415275 -0.9979105118317793 0.02677174706524801 0.05880377483385454 -0.39104870045287415 0.05926540603422843 0.01678862641492241 0.9981010738751351 0.6414522211614951
0.022193604576601196 0.9995511707913788 -0.02012214912680061 -6.786018278460612 -0.9972495330549068 0.0235571977474046 0.07027394436104874 -0.337743977542535 0.07071642480829729 0.018507171687575923 0.9973247574679268 0.6636087465127912
0.01840532643082937 0.9997949728506907 -0.008441340027577416 -6.9505137721880486 -0.99694109664508 0.018992889753286495 0.07581371880421552 -0.2872515504123665 0.07595850037408433 0.007020142541720346 0.9970862669897796 0.6773317834112763
0.020207500516043028 0.9997012357599488 -0.013751223324680862 -7.104745762160555 -0.997044288115691 0.0211696915814927 0.07385480142969189 -0.26707210386426405 0.07412384541272035 0.012218157732473563 0.9971741934902124 0.7495639653347241
0.01990852645745666 0.999763574734521 -0.008743295050751231 -7.28248127234657 -0.9961422301204468 0.020582440907317943 0.08530545408682616 -0.20649086522849616 0.0854652440759142 0.007011259540803465 0.9963164829985982 0.6744811254370706
0.023202703670128163 0.9996088288194019 -0.01561486114891225 -7.45054099965675 -0.9980607231560368 0.024063546301673296 0.057408524041611224 -0.14582603141651676 0.05776181641573652 0.01425254663878753 0.9982286498987414 0.6453550406559679
0.021468092411356682 0.9995316266694806 -0.021809362569304967 -7.6308859463474805 -0.9989750619860206 0.022315411187179522 0.03938080691876854 -0.10398747377749096 0.03984904689253778 0.02094157852238111 0.9989862380186962 0.6194501736467737
0.01688030539574232 0.9996938461123115 -0.01809058691476942 -7.82131939044122 -0.9994425762776964 0.017391743152051838 0.02849673654182392 -0.08411407295099121 0.02880263899623674 0.01759946917686473 0.9994301709832184 0.5819030235391018
0.010940273746370605 0.9998795656410151 -0.01100748036061865 -8.001998075154507 -0.9997174751349028 0.011169478681993611 0.020981245336429068 -0.07430069426314372 0.021101666290826666 0.01077482990619441 0.9997192719560042 0.5494968110349155
0.0051750261789606415 0.9999862785827697 -0.0008134803197362217 -8.16827229829292 -0.9998742874016718 0.005186635642912397 0.014983597822504536 -0.07005730009328275 0.014987611452328351 0.0007358375440250602 0.9998874086846293 0.5213941521214346
0.005005838365955319 0.999979981923435 -0.0038700561572816445 -8.313692410618291 -0.9998804387643941 0.005061887131629898 0.014611142152110245 -0.06283615704299811 0.014630439452609171 0.003796452432630156 0.9998857620700229 0.49404214117032963
-0.0005485657979748563 0.9999993727968446 -0.0009764637641452499 -8.453993421835698 -0.9998565733431005 -0.0005319580880928118 0.016927780811008406 -0.04288540156098236 0.0169272507560538 0.0009856097148005095 0.9998562380439159 0.4681185065079327
-0.0005341335660346649 0.9999894458790932 -0.004563204110880563 -8.58419719071539 -0.9998364063793895 -0.000451539363259553 0.018081941006199344 -0.012606579530812484 0.01807968970092909 0.004572115771428949 0.9998260951674001 0.444329199832673
-0.0025783680376935147 0.9999771780846539 -0.006244623936995339 -8.744245470670588 -0.9998119931342523 -0.0024578317934638304 0.019233758025641676 0.021292893187997704 0.01921797083919366 0.006293041611759218 0.9997955127045213 0.4415897166696584
-0.00437883240187681 0.9999791714397067 -0.00474157289873585 -8.830099936861798 -0.9998065284583144 -0.0042870502882690325 0.019197053210313536 0.05585426971778522 0.019176326001870914 0.004824716217934991 0.9998044762024655 0.39995944709346265
-0.005941332694095752 0.9999762624781626 -0.003489275859389183 -8.953516900068783 -0.9998780290565252 -0.005890276020170881 0.014464842150705265 0.08529259305126506 0.014443945993276515 0.003574790708705489 0.9998892905194717 0.37579061745708514
-0.007873710368987085 0.9999357776111678 -0.008151400994572696 -9.073677805906819 -0.9998458196100645 -0.007744532441867762 0.015759417043000188 0.11281353694025173 0.015695276146141943 0.008274229293769494 0.9998425853284558 0.3608083980064372
-0.003973748540709026 0.9999111096008678 -0.012727223550190184 -9.196073038988775 -0.9998762734975103 -0.0037792556101797032 0.01526941137584674 0.1427454330035714 0.01521995464077096 0.012786325656506174 0.9998024119079423 0.34879092247354077
0.019932662621819374 0.999739729786396 -0.011097821742517196 -9.322316074812615 -0.9996933612491746 0.020092402974218854 0.014473383054728154 0.16571252226644745 0.014692597970815631 0.010805925658894934 0.9998336659342505 0.3386233031004134
0.059464374318875815 0.9981381733291991 -0.013571113805230165 -9.44943158946873 -0.998129019479781 0.05964661941847765 0.01344400477083252 0.17931766924614478 0.01422844542441322 0.012746283183625367 0.9998175251543691 0.331316088127119
0.09472508365357298 0.9954317356376836 -0.011950657394987478 -9.580238677497608 -0.9953807107035597 0.09489509734425566 0.014565756393012535 0.18345838129019892 0.01563327496399734 0.01051571135839171 0.9998224945101641 0.32716024157390183
0.11443747028369675 0.9933378755712976 -0.01356209241117899 -9.70947394294387 -0.9933411637149567 0.11459955274065771 0.01184377393640917 0.18785974595688612 0.013319078965287971 0.012116413130235676 0.9998378841934196 0.32367918240867766
0.11209899451568255 0.9936367591938012 -0.010945602195075337 -9.828001079529903 -0.9935665081398534 0.11225600435350351 0.014972754902323759 0.18712059055313227 0.016106189225010174 0.009196752982768666 0.9998279904079612 0.32334394433748037
0.11018810169485677 0.9938643031661983 -0.009608805172906408 -9.942550899692193 -0.993787448692964 0.11032156094457725 0.01468536724366713 0.18969766673950886 0.01565532066785431 0.0079309572384989 0.9998459935670432 0.3254033895739055
0.10735582037289083 0.9941783935704451 -0.009167856333557494 -10.060146891564559 -0.9941007439110514 0.10748152342571629 0.014540738550063154 0.1950991315249162 0.015441463258308493 0.007552739885389402 0.9998522477509695 0.3283035346336324
0.10371710899428419 0.9945886331194632 -0.0060176549772761245 -10.187456957983336 -0.9944808087781849 0.1037983819571139 0.015291071740475457 0.19511967176812012 0.01583294899110857 0.004398496634403318 0.9998649763611095 0.3348434684513862
0.10157160415783983 0.9948088478042401 -0.006210117487091227 -10.321193101156641 -0.9946897985501665 0.10165962646402016 0.016047585719518084 0.19648119513528478 0.016595598483708934 0.004547161487815744 0.99985194375636 0.3400559210524607
0.09822547211569564 0.9951563571904983 -0.003947324535180755 -10.464423755087068 -0.9949993120063331 0.09828062542941587 0.01781257342797291 0.20234168509371117 0.01811424120886023 0.0021779367622124356 0.9998335515759046 0.3501054900826713
0.0952484510557222 0.9954534544076727 -0.0003907420083605615 -10.614976977722591 -0.9952999462735018 0.09524064313811735 0.017528172825543937 0.21446659671181348 0.017485694708819752 -0.0012806258115419947 0.9998462934261849 0.35932246700741555
0.09305093216107499 0.9956583659231473 -0.002437702033274774 -10.77043121257948 -0.9955013018054091 0.09307959291741875 0.017701623825606867 0.23006926010743334 0.017851670165301165 0.0007795829498013168 0.9998403423160788 0.3697761034430024
0.08980650912328952 0.9959592309916576 3.349021213749394e-05 -10.935488573969725 -0.9958315243347324 0.08979445512802622 0.016016584199635503 0.2451404445342364 0.015948857647231106 -0.001471744124051675 0.9998717257273462 0.3820548059767303
0.08938449214464719 0.9959807296151583 -0.005727023598724672 -11.101983674743503 -0.9958488523733112 0.08946893888573458 0.016744318481789703 0.26053562229251537 0.017189409262752947 0.004206567474501832 0.9998434022382104 0.3970467587750027
0.08619241190648404 0.996276172127684 -0.002158003788771453 -11.280821291112325 -0.9961471870562318 0.08621601673255813 0.01604930461820409 0.2758451003321013 0.016175594261097173 0.0007663611293764901 0.9998688728232916 0.41205114048005487
0.08448818530652666 0.9964117429969603 -0.005038349071816059 -11.463474850193055 -0.9962799701314798 0.08456096561823612 0.01660313851442408 0.2880634891778712 0.016969609849011767 0.0036168372193042812 0.9998494640845198 0.431696765468051
0.08271857788110665 0.9965606891229253 -0.004942647890314069 -11.642219754039322 -0.9964245318954749 0.08279083372140913 0.016847257598729248 0.30006249161132975 0.017198520582051523 0.003531394420666801 0.9998458581917687 0.45118322482191386
0.08018614311254083 0.9967677618712707 -0.004920502705286868 -11.821650069066017 -0.9966395916796894 0.08025670376714276 0.016382484456732755 0.3115174437917372 0.016724435693832022 0.003590319563869363 0.9998536907248741 0.4706670514532583
0.07840752154991205 0.9969037571125605 -0.0059295547270597285 -12.005099079786035 -0.9967604370156308 0.07850035168117278 0.017502170903665223 0.32653526911748143 0.017913452062876947 0.004538043718752779 0.9998292426181572 0.4916803050860628
0.07611100167577084 0.9970928064754003 -0.0036125751093702948 -12.187299336642344 -0.9969359630315958 0.076163617197125 0.017826638205630026 0.34134004435036686 0.018049959506199174 0.0022447027553419803 0.9998345664515529 0.508796724828463
0.07509111328870599 0.997163972990233 -0.005033455611872997 -12.365592412272148 -0.9970237598165774 0.07516703791012405 0.01713297326892577 0.3594564467873986 0.017462733642774064 0.0037319408023101896 0.9998405500636436 0.5249657927862725
0.07191609953296833 0.9974023264797726 -0.004083351650461732 -12.54108272852304 -0.9972325248861059 0.07198002718651444 0.018605563563374165 0.3736414491155637 0.018851152146389015 0.0027340115152972152 0.9998185631622308 0.5381648568975531
0.0700605607664665 0.9975313977760601 -0.004756918753564668 -12.719261628498684 -0.9973597395838691 0.07013824919925522 0.018819560474677317 0.3864566776190595 0.019106744418794085 0.003425850289042559 0.9998115801827422 0.5530975743775187
0.06736815316238558 0.9977234636445113 -0.0030695329757295443 -12.891983150594026 -0.997523856420687 0.06741629816648657 0.02002994291374971 0.3974360037117813 0.02019128057083184 0.001712552109312872 0.9997946685965988 0.5698241203303065
0.06517511755711564 0.9978684206924707 -0.003289230324903322 -13.062273606818641 -0.9976991527246434 0.06522502897871307 0.018495844053592628 0.40805688506542387 0.018670958838392183 0.0020761934977612698 0.99982352678691 0.5855980401161778
0.06342040067243808 0.9979848083549652 -0.0020432991094596334 -13.231198060234428 -0.9978309879554581 0.06344654931901032 0.017545793095349316 0.41507669183068724 0.01764007523741988 0.0009261059408578627 0.9998439728644687 0.5993645495188267
0.06274164833932781 0.998014031937186 -0.005610491970034292 -13.394886835642135 -0.9978838600056757 0.06282761590308192 0.016747913903162798 0.4209023494248456 0.017067146915552996 0.004547827659059088 0.9998440027122963 0.6146494487532799
0.06058837508632642 0.9981597292086923 -0.0024907409396902596 -13.560404283399645 -0.9980298760750562 0.060620843367711334 0.01617033738038326 0.43098608619536927 0.01629157039719106 0.001506099404899033 0.9998661492412751 0.6274101369027574
0.05882428183663492 0.9982536954443921 -0.005409565418673089 -13.71989878369759 -0.9981091304301952 0.05891081708199643 0.017540791960775945 0.44408317814421616 0.017828842314738413 0.004367512146098587 0.9998315144159889 0.6399631352982702
0.05565809688278655 0.9984458893958585 -0.002825278729489045 -13.880447552190008 -0.9982860799273251 0.05569999761806231 0.017955859452611658 0.45769447626561804 0.018085322079532784 0.0018210474625365144 0.9998347888083404 0.6491393653795862
0.05395580665253403 0.9985345919718902 -0.0041760704023223365 -14.03756142347973 -0.9984134491962348 0.05401576705453476 0.015902244294049482 0.47477613816265984 0.0161045146636512 0.003311426435997856 0.9998648303957927 0.6579420257589031
0.051370885044566696 0.9986796016911036 -0.00029212298215802713 -14.19867309150214 -0.9985162040520202 0.051367767469370475 0.018076025856284407 0.4905880214371298 0.018067164007732152 -0.0006368919150650122 0.9998365726224493 0.6676340183011233
0.05040240317957607 0.9987177786052631 -0.004732488932085687 -14.35097692058823 -0.9985662471054091 0.05047916403317918 0.017813032878502385 0.5019682172453189 0.018029084711728375 0.0038278840473873676 0.9998301352770765 0.6771631410275556
0.04806732236314111 0.9988376381180329 -0.0035923807742557125 -14.506543645758626 -0.9986848847991066 0.0481235627674688 0.01768116456460833 0.511172778333398 0.017833490814564187 0.002737770142809315 0.9998372223617262 0.6861752620025858
0.04551251909434316 0.9989569325620484 -0.0036956044038669953 -14.65745936110396 -0.9987595112094532 0.04557770883632692 0.020052711185398923 0.5181392275163405 0.020200232036812486 0.002778370647310886 0.999792094028656 0.6957197050322395
0.04270399325033771 0.9990870954344164 -0.0011596106658517886 -14.80570060071408 -0.998899809107847 0.04271844354171609 0.019346988026042972 0.5295977347278901 0.019378862835103268 0.00033214122668027144 0.9998121570362224 0.7047200318962629
0.04080521771075789 0.9991656323841633 -0.0017243172366370042 -14.95501428146219 -0.9990045662889497 0.04082964672706118 0.017967094422050495 0.549198506566259 0.01802250652393133 0.0009894495936095965 0.9998370918545164 0.7152953417277316
0.03992016749769728 0.9991933829247029 -0.004354738389798497 -15.103689563115015 -0.9990377918865605 0.03999241162225831 0.018002705215085645 0.5738717606956883 0.01816234041584969 0.0036318772175900392 0.9998284547153552 0.7254004879735496
0.03841681432524919 0.9992505539761732 -0.004741176585020821 -15.254187748060982 -0.9991340593652714 0.03848733488627585 0.01580684882024394 0.5989839810562284 0.015977477691229043 0.004129822231364831 0.9998638231154099 0.7346682937820492
0.04923953454870368 0.9987427128707637 -0.00940540934644848 -15.403730143712224 -0.9986593093752991 0.04938162932821758 0.015525414098860628 0.6219211423823637 0.01597034863356454 0.008628335438412444 0.9998352363225076 0.7459119350174069
0.07355191691300661 0.9972521122221496 -0.008850999202532565 -15.554551995085989 -0.9971067413450823 0.07370617846208578 0.018588857434132845 0.6439915069742347 0.019190150666775034 0.007458144874982102 0.9997880346315464 0.7571023252877088
0.09695352440920664 0.995268588169179 -0.006360150026739856 -15.716066022287398 -0.9950948317294056 0.09705882981756259 0.01912745199631204 0.669295861145752 0.01965426086270274 0.004474478536622104 0.9997968238956183 0.7700860514908183
0.10539634023172746 0.9943992485896653 -0.007857854036999446 -15.88501549244283 -0.9942293465407751 0.10553059909045168 0.019269123818011318 0.6931720896029575 0.019990446289701556 0.005781613954528346 0.999783454052536 0.7849308752876297
0.10550563857877042 0.9943476155396305 -0.011890319538903106 -16.052350869386125 -0.9941985641006233 0.10572632402392546 0.019777753882754778 0.7024203211155916 0.020923082190364962 0.009734674059221253 0.9997336949171094 0.7997807387009136
0.10446589226501928 0.9944745243204803 -0.010358466625321762 -16.213824668843525 -0.9942828070015413 0.10466591012281745 0.021136389457473058 0.7172047597281359 0.02210377918838907 0.008091213488520833 0.9997229392236001 0.8148870271126147
0.10953109339262368 0.9939484845824242 -0.008327639312472664 -16.383885713087825 -0.9939759374635188 0.10955882930360952 0.0029493499523981625 0.7609228324028883 0.0038438683296266197 0.007954427567389413 0.9999609751176991 0.8300920993006168
0.10701929760353927 0.9942236147930722 -0.00814086778186081 -16.561923867392625 -0.9942523657924628 0.10704006404842956 0.002158194754644447 0.7999033626534132 0.0030171271991702286 0.00786310856498506 0.999964533604647 0.8440640897778389
0.10444971366549112 0.9944639937006213 -0.01147268705263295 -16.74228982604075 -0.9943870729919482 0.10462341838868178 0.015757201248090838 0.8199941642985129 0.016870281020270855 0.009762456539087692 0.9998100259852467 0.8603110776995401
0.10132234095017914 0.9947936931437072 -0.010922055936464878 -16.915714645172354 -0.994640166205784 0.10152191882558947 0.019602034794907512 0.8398157698916577 0.020608808662947828 0.008877391479147402 0.9997482027620855 0.8770504537390987
0.098900502684129 0.9950108592645037 -0.013117946277544111 -17.077367049552894 -0.9946207001550882 0.0992525041601574 0.02964124223004377 0.8654130273889404 0.030795346918467817 0.010115847154434397 0.9994745200576748 0.9001928729247293
0.09484048176010836 0.995492319856646 -0.0005693205983875542 -17.23787429235242 -0.9950876915456112 0.09481820930050153 0.02846038157637293 0.8854878981078645 0.02838607323912583 -0.0021326723797808838 0.9995947591672254 0.9161129501588192
0.09755311093820739 0.9951840781139027 -0.009593811279125695 -17.39110252717939 -0.9949646423853444 0.09774526283162265 0.02216357365094408 0.8991339454758233 0.02299458521655949 0.0073833774492901025 0.9997083248568853 0.9308892145694806
0.09873852033490225 0.9950324369852036 -0.012694642545612625 -17.547533469874992 -0.994947636989291 0.09894688437864291 0.0169915779486626 0.9140330710627994 0.01816326654267073 0.010952781338374903 0.9997750408614198 0.9499024829779024
0.09884939396975784 0.9950123555539593 -0.013386919241289565 -17.700727838848415 -0.9949048539930604 0.09908887458199817 0.018593720314131278 0.9272723029059805 0.019827476210014745 0.011480732948477033 0.9997374975252789 0.9710250496705095
0.10427304185126687 0.9944357596750482 -0.014988416280383068 -17.84878276612969 -0.9943826896514074 0.10451914985295459 0.016697719474479476 0.943534679211892 0.018171385877712665 0.013163099692919145 0.9997482350780909 0.9909411806004284
