-0.704685363163512 0.6920964534046702 0.15627232041467337 0.0 -0.6959136283530623 -0.717125620333469 0.03788227202548786 0.0 0.13828507083407438 -0.0820569548911878 0.9869872822576796 0.0
-0.7046796800716963 0.6921571683902766 0.15602885226779625 -0.027545676287451776 -0.695893881727281 -0.7171216640249669 0.0383174158914654 0.0004593079016187807 0.13841334425765708 -0.08157801929451723 0.9870090034540691 0.00121373949783397
-0.7042548175591019 0.6925220974754527 0.15632752941499395 -0.05457367271442492 -0.6961778094552558 -0.7168027969629656 0.03911787172318081 0.0017974034622875645 0.1391460009014908 -0.0812828073719735 0.986930339820827 0.0024496704141620954
-0.7044024275689724 0.6924850834728343 0.15582563718002365 -0.07937220812553719 -0.696247798360312 -0.7167922525906408 0.038050885724950786 0.006450271685995719 0.1380442802630989 -0.08169012053887935 0.9870514175527971 0.0027426709193201543
-0.7039786495816913 0.692888663257835 0.1559466615927022 -0.10780363561593634 -0.6967149493033687 -0.7163556993152586 0.03771990821504277 0.010947767089533128 0.13784897660244938 -0.08209636037801794 0.9870450077186652 0.0034246622420396246
-0.7040900968168842 0.6927457878133074 0.15607821446733264 -0.13445392691613287 -0.6964829047721222 -0.7165442037378901 0.038418321798591004 0.014201597359052872 0.13845107050715658 -0.08165584826914196 0.9869972763482528 0.004483706250044161
-0.7037184123071979 0.6929642694438718 0.1567830266768621 -0.1616269747622331 -0.6968955953381523 -0.7161921877248087 0.03748705696950133 0.018769053686407158 0.1382639699202902 -0.08288106850224226 0.9869213763546759 0.005581899189371062
-0.7100336353289218 0.6866811484277904 0.15595267582021993 -0.20379497812163613 -0.6904703179318464 -0.7224029343881493 0.03721210075346621 0.030087644663870542 0.13821351871901147 -0.08125885047969972 0.9870633325486401 -0.005753788761708836
-0.710098183462444 0.6865848910024327 0.15608253358564717 -0.23327023645611827 -0.6903142040548144 -0.7225265982030041 0.03770430438773134 0.03628513504030495 0.13866098774891686 -0.08097223188459178 0.9870241274356584 -0.00658698470061545
-0.7097797111157248 0.6868128070408266 0.1565277284482809 -0.2594154740792006 -0.6905173686134513 -0.7223078440355007 0.03817253054150203 0.04533012450545976 0.13927858892031275 -0.08099102746284428 0.9869356251239891 -0.007996501237530236
-0.7091198014132852 0.6875572223452011 0.15625035438210924 -0.28714512552737465 -0.6912155836573736 -0.7216260908200831 0.038429181059732594 0.056321269099194424 0.13917659340844468 -0.08075178665934833 0.9869696169581633 -0.009883861132059057
-0.7089975463734884 0.6877575684374712 0.15592307812941103 -0.3144500659043116 -0.691436916015344 -0.7214308721102005 0.03811151974804521 0.06546309037740142 0.13869920838838018 -0.08078999828749069 0.9870336902908351 -0.011208837815128526
-0.7089217273425209 0.6878723925178926 0.15576121504856966 -0.34260849648113056 -0.6914903859824192 -0.7213607747713718 0.038466592195450344 0.07413216993290864 0.138820137572261 -0.08043757973084703 0.9870454726969078 -0.0125750317454471
-0.7090445896604902 0.6878214435199557 0.15542661196626323 -0.37101055820512296 -0.6914900521894921 -0.7213910004992247 0.037901611069994845 0.08366679293002775 0.13819289994844317 -0.0806020237515913 0.9871200718104092 -0.014248216254257219
-0.7087787704541318 0.6881203382903256 0.15531598303052072 -0.40351742918906003 -0.6917388740756547 -0.7211350331327104 0.03823080016466082 0.09313673148163043 0.13831118771117026 -0.08034092369329997 0.9871247901527105 -0.01564608511051294
-0.7083240559528894 0.6883840866467417 0.15621901615993922 -0.4341063259203463 -0.6920010010215403 -0.7208526588641815 0.038807973325416786 0.10159506277024306 0.13932568443626686 -0.08061509449210735 0.9869597561179455 -0.01657427539629771
-0.7076293542418384 0.6890116461235318 0.15660028263518427 -0.4636339110707534 -0.6926028153209148 -0.7202481556053174 0.039292932655645346 0.11159359985225269 0.13986435294535018 -0.08065696407179725 0.986880143138922 -0.01765146693825836
-0.7081704433367221 0.6894955578931464 0.1519555817661505 -0.5991259909438506 -0.691065534980611 -0.7209983733989205 0.05088980170989761 0.057514646561652394 0.14464801950331863 -0.06897261196829872 0.9870763543171511 -0.014774176775706504
-0.7076561779540089 0.689970737907854 0.15219433180777606 -0.6456496295715477 -0.6913492005658068 -0.7206206955835673 0.0523650262453421 0.05845859933109112 0.14580472105025866 -0.06816299529471298 0.9869624052576214 -0.014434786450951871
-0.7075588086776118 0.69001651195037 0.15243931743012973 -0.6911049267474787 -0.6912385204724496 -0.7206404002044886 0.053541772553523825 0.05951982391823492 0.14679863786077033 -0.06748797543977401 0.9868614558757794 -0.014170546377462857
-0.707510119304456 0.6899050337661455 0.15316812810088196 -0.7419950760885772 -0.6914190068521949 -0.7205868374161815 0.051907289527291976 0.062555326456053 0.14618203735520655 -0.06917842240669629 0.9868359325784615 -0.015514129080988249
-0.7073071676516163 0.6902257998625749 0.15265947658994886 -0.7858510705724348 -0.6916741779041146 -0.720324672696843 0.05214592529482448 0.06673593262837005 0.14595685050492058 -0.0687074312447702 0.986902166722938 -0.017370106153324297
-0.7077813021395379 0.689896802413802 0.15194745921163524 -0.8312117249793891 -0.6913722714690981 -0.7206552185123739 0.05157943654735309 0.07078467445037498 0.1450862177648855 -0.06854529925599716 0.9870418083164391 -0.01851533962010301
-0.707737572948775 0.690030831381644 0.15154200598954215 -0.8787862448386125 -0.6914620047639475 -0.7205602717947749 0.05170290783759387 0.072987453864049 0.1448717495041733 -0.06819344876010607 0.9870976799394288 -0.01962565370057609
-0.7078523307167561 0.6898664180290786 0.15175441731489958 -0.9322839274655895 -0.6911383438291672 -0.7207864436330497 0.05286484998461951 0.07496489609873591 0.14585221146054622 -0.0674627893771754 0.9870034976946733 -0.020558288076228448
-0.7079264891806197 0.6896693313475203 0.1523033135393516 -0.9809339157175757 -0.6909901878572744 -0.7209355158252957 0.05276876260330158 0.07835606022564742 0.14619386512904922 -0.06788369038568103 0.9869240894710446 -0.021102875974526474
-0.7083251202391311 0.6894056768904111 0.15164213368814936 -1.0300400668936158 -0.6906848285968222 -0.7212326482723451 0.052706115510802086 0.08133906783131513 0.14570515290956168 -0.06740385550792942 0.9870292440846256 -0.022104916451655462
-0.7056949173632625 0.6916429830548683 0.15370318018382476 -1.0621137298503371 -0.6933626335832428 -0.7187821266853651 0.05099522240537521 0.08551045913559636 0.1457495864768336 -0.07058497254109396 0.9868002937237125 0.0072030184272659364
-0.7058648318484498 0.6915775398240976 0.15321666218270266 -1.1114760589402077 -0.6932884890483861 -0.7188670363904345 0.0508060522402549 0.08868358163201767 0.1452787324854039 -0.07036114270023185 0.9868857074075762 0.010310047279449275
-0.7062141072071356 0.6913929532338814 0.15243824651366272 -1.1580451168325985 -0.6932526169213381 -0.7190009770837893 0.04938019931382204 0.09432665794103397 0.14374437002312412 -0.0708052199423755 0.9870786072626471 0.012739596688728087
-0.7065002806465699 0.6909707159651225 0.15302556363223688 -1.210871065116846 -0.6929654675562312 -0.7193243607220391 0.04869625084545535 0.09987798991684542 0.14372269904539 -0.07163751636171888 0.9870217079824702 0.015897558247595804
-0.7065108693318763 0.6905978528746811 0.15465121118438319 -1.2572588310890658 -0.6925667803295992 -0.7196432087728046 0.04964782826140764 0.10681348393018748 0.1455803774545492 -0.07202956109863434 0.9867208805068073 0.018416615609692003
-0.7069658839434513 0.6901523023095821 0.1545607924308025 -1.3014435631453716 -0.6923375513146779 -0.7199705740339833 0.04807377210883455 0.11712421018665463 0.1444574469511706 -0.07302172376737977 0.9868129883004125 0.02001493891036543
-0.7072997487056071 0.6899551728346976 0.15391206892127546 -1.3475656043082573 -0.6921411160377609 -0.7201836013630705 0.047710122801360895 0.12500365523844711 0.14376279411234286 -0.07278351328673613 0.9869320236078327 0.021865003696454444
-0.7074081391016204 0.6896819711643217 0.15463668188265756 -1.4007776170329935 -0.6920241477345956 -0.7203440142060672 0.04697957162103489 0.13317273460294268 0.14379257173091095 -0.07377858665212429 0.9868537969054109 0.025224232829288686
-0.70740863177469 0.6896002632377167 0.15499840203412674 -1.4491769233773248 -0.6919573681166332 -0.720403174707953 0.04705599409007024 0.14047838155448453 0.14411116681146943 -0.07396446993776365 0.9867934073488039 0.02789328689031354
-0.7071426240101693 0.6899421558262909 0.15469043577992317 -1.4981318587719918 -0.6922098482291165 -0.7201280851592657 0.04755067801275726 0.1474482333011449 0.144204144609772 -0.07345313185031267 0.9868180187343281 0.030674462293784167
-0.7045877778251176 0.6927678403689428 0.1537165660884134 -1.6336057507407304 -0.693769221848804 -0.7180208114455636 0.055949809171787074 0.12525586460985272 0.1491319219844216 -0.06722227072633996 0.9865296935032554 0.008255141025836943
-0.7051566930693012 0.6919591231114415 0.15474692294973896 -1.697437429590932 -0.6933370390245893 -0.7185998655144604 0.05383292300455621 0.13007168944932998 0.14845130021721745 -0.06933112739199113 0.9864863943503596 0.007005987335724581
-0.7046633299010013 0.6923654732022935 0.15517616766178036 -1.7578064647318343 -0.6936686565251788 -0.7182231251196857 0.05458330786848634 0.13502263952966603 0.1492427098634512 -0.06917798826705396 0.9863777265793957 0.005794361710224831
-0.7048432880937733 0.6925235490091105 0.15364593485342964 -1.818950824220229 -0.6937095091654953 -0.7181777292005673 0.05466137734894962 0.14643182919433675 0.1481993796293552 -0.0680579411100782 0.9866129233541042 0.002753470033993185
-0.7048010887354142 0.6924254590396537 0.15428029359286152 -1.8769383063205192 -0.6935716432154808 -0.7182689807169804 0.05520912123162028 0.15560167616045295 0.14904295033564172 -0.06809298799079633 0.9864834230445703 0.0009618063810397658
-0.7047522183465696 0.6925711212194914 0.15384912345660454 -1.9387579229052834 -0.6934232173945898 -0.7182747674725795 0.05697016754712403 0.16094763459167288 0.14996183619082676 -0.06653270222220475 0.9864506309092651 -0.000592782242668725
-0.704656891985656 0.6929168792011318 0.15272479528642252 -2.0041030638286035 -0.6935545297182113 -0.7180718368198165 0.057921942936727935 0.16369081616633493 0.14980246621623544 -0.06510787728361964 0.9865699090440346 -0.0016554598853005442
-0.7045409567735103 0.6925248422072868 0.15502058945327019 -2.079203824897699 -0.6932630786771631 -0.7183278858974403 0.05823531647699224 0.1663350527196241 0.15168501564666306 -0.06644088551401438 0.9861933201763157 -0.0020271995545946874
-0.7048994567365976 0.6921857061895316 0.15490546807440003 -2.144665636650537 -0.6928673098714342 -0.7186874079574419 0.05850897841302118 0.1714790926880488 0.15182768787006995 -0.06608598785153295 0.986195211611634 -0.0033723902379461453
-0.7044811566204208 0.692283358731032 0.15636512140127504 -2.211727949211214 -0.6931390125548208 -0.718462853310289 0.05804685769071504 0.17645969698324593 0.15252740488608027 -0.06748984840195854 0.9859921455678023 -0.004990684106190558
-0.7069388643096379 0.6897455242338744 0.1564881910175239 -2.3174335350793407 -0.6901488960729193 -0.7211189819787786 0.060678786072407516 0.1871873154748106 0.15469952610764529 -0.06510396016547701 0.9858141462734454 0.00022531030444768302
-0.7069342536756055 0.6895113098839687 0.1575376606472511 -2.3942673757408772 -0.6899598638386553 -0.7212885410612815 0.0608130481511369 0.19194556094010745 0.15556139389919024 -0.06570383608117503 0.9856387059426791 -0.0002019920535622657
-0.7070982726771387 0.6890936771688845 0.15862514574578718 -2.4691875532751486 -0.6896833620143844 -0.7215928093842087 0.06033802785591133 0.19697472470802938 0.15604131804603064 -0.06673620854431624 0.9854934731045086 -0.0007317326794108582
-0.7072744130293469 0.6887487146332791 0.1593364765676672 -2.5536074157401414 -0.6894995978548022 -0.721830707270001 0.05958804074775575 0.20137222214029968 0.15605514804728138 -0.06771733997356989 0.9854243515536062 -0.001541991348727157
-0.7071129011135935 0.6888052727565445 0.15980813903396637 -2.630388352497595 -0.6891717487513354 -0.7219225115420549 0.06221083548577217 0.2045250000300473 0.15822024460145273 -0.0661451702816903 0.9851858558904826 -0.0006650042017065749
-0.7076424040738939 0.6885114987589113 0.1587266330307477 -2.709964601014514 -0.6890714541178192 -0.7221640722783635 0.06049449421463649 0.2074532104779616 0.1562778265668998 -0.06656552251044315 0.9854675398694964 -0.0018110366711101633
-0.7077235689979595 0.6884080866111737 0.15881327454949504 -2.7907585993966233 -0.6891271067215636 -0.7221924343223027 0.059514020106132944 0.21007192003061578 0.15566367805739792 -0.06732305768434212 0.9855132800919902 -0.0032163233697627856
-0.7079608179088845 0.6885970474140208 0.15692541731177845 -2.8787670557960663 -0.6893415374746672 -0.7220672895346972 0.058541217070349906 0.21375233616035505 0.15362201996408334 -0.06673032052004862 0.985873896249133 -0.00438884126242495
-0.7082537090243868 0.6882444326319491 0.15715051576220118 -2.961422243965553 -0.6890033927264291 -0.7223930488917956 0.0585030573926341 0.21614551997241943 0.1537888437588025 -0.06684223114126511 0.9858403053595386 -0.004764389850659074
-0.7083947661688239 0.6880440171923848 0.1573921397986019 -3.0461363224322207 -0.6887493399010896 -0.7226007883238273 0.05892747660978482 0.21706778426950565 0.15427638202405042 -0.0666598163779997 0.9857764791422143 -0.005096948327665281
-0.7075128126520186 0.6890759468611857 0.1568437419554575 -2.9965337706634148 -0.6905365280128443 -0.7212850521638923 0.053918243711173854 0.2323381918841437 0.1502828114362915 -0.07015848474911447 0.9861505278630197 0.011216107448337256
-0.707827367220166 0.6883637102788246 0.15854280363781467 -3.066879149391574 -0.6901268895125413 -0.7217696816963891 0.05266310810840659 0.23604432829274055 0.15068276140923623 -0.07213826276715825 0.9859466397625297 0.013017244748146004
-0.7078207837457997 0.6885526019317098 0.15774996821094486 -3.1357400464698597 -0.6901679686972862 -0.7216858242410125 0.05327049909501632 0.23770267639862006 0.15052545659038355 -0.07116800870224492 0.9860411763489463 0.014769174055777386
-0.7075202862302515 0.6886975903241835 0.1584634773514895 -3.213604190107385 -0.6901870072439383 -0.7215794116642403 0.05445225150482394 0.23883165727829864 0.1518451171566561 -0.07084336062011747 0.9858622006404999 0.016632361720848022
-0.7070779433125123 0.6894896845160724 0.1569864867651816 -3.2839249354070694 -0.6904463961119172 -0.7211092509761929 0.05731685836313455 0.2388347309750618 0.1527237904748742 -0.06786326769675105 0.9859361139143377 0.018506527971979124
-0.7074280214968922 0.6891830129985347 0.15675576223939627 -3.3560334491868127 -0.690255667904294 -0.7213623648886984 0.05642208298336012 0.24037993070044858 0.1519628485090669 -0.06828699082874927 0.9860244315211285 0.02031301070853208
-0.7070613912019192 0.6894627321322935 0.15717929275919237 -3.428718299086825 -0.6902536085479299 -0.7212014509294081 0.05846728199495597 0.2405214867841499 0.15366894597857933 -0.06715361626889557 0.9858378400446204 0.023011581538909254
-0.7071280455643412 0.6890771207997521 0.15856433636438846 -3.511142337412972 -0.6899792447825487 -0.7214753478150159 0.058326359945615615 0.24026928146993642 0.15459161990760914 -0.06816189614092134 0.9856243640296315 0.025948426027714626
-0.7066912964838679 0.6894692824771912 0.15880654896551682 -3.5860773468066682 -0.6899391072888456 -0.7212739124445104 0.061220678373077465 0.23867744219149484 0.15675279808482162 -0.066302728053799 0.9854098175607969 0.029259136607189904
-0.7068358160297122 0.6893115098681963 0.15884826577850428 -3.6638433001837067 -0.6899556235726257 -0.721350681318369 0.060120146889658124 0.23720566192965378 0.1560268139715734 -0.06710318118206045 0.9854708501001578 0.03087476578100923
-0.6952298754962756 0.70083464194159 0.1596440568014874 -3.6816494719356285 -0.7013265807236534 -0.7100557691503542 0.06294308434425167 0.2893665960228245 0.15746887752156594 -0.06820270779743423 0.9851659470673942 -0.0027349660294342646
-0.6957182404184156 0.7007926941433942 0.15768871165795878 -3.752341452578605 -0.7011883895841783 -0.7102153600006688 0.06268161398262848 0.2956357794709855 0.1559197622543413 -0.06696075159646732 0.9854974812165609 -0.005696858990761006
-0.6957634787555714 0.7007066761422984 0.1578712628680644 -3.82279994649149 -0.7010679736541517 -0.7103089539335239 0.06296734295112469 0.30078874569135516 0.15625900916877397 -0.06686810877746621 0.9854500383490367 -0.007947673553205208
-0.6956831578449028 0.7007537815954519 0.15801607978499446 -3.9019255422748484 -0.7010131993987733 -0.7102996806449323 0.0636777664840952 0.3051081248793566 0.15686120667532755 -0.06647180797436512 0.9853811752743094 -0.010352339917094059
-0.6959072435800208 0.7005755712273565 0.15781944535551024 -3.9745579914708475 -0.7008820764030221 -0.7104652455899879 0.06327282027653328 0.30935140226099994 0.15645262321177641 -0.06658080660536699 0.9854387717569939 -0.013468365633097858
-0.6961880422792049 0.7002314497590503 0.15810795854664172 -4.047495886523048 -0.7006565236320021 -0.7107467301549405 0.06260608170120258 0.3139218363459271 0.1562134619018651 -0.06719376713951052 0.9854351079488877 -0.01634293260269364
-0.6961639125694414 0.7002669874735507 0.15805680336741337 -4.121170290627393 -0.7006732884159251 -0.7107213293951119 0.06270673682515046 0.31769591879857023 0.1562457991000747 -0.06709201291929577 0.9854369143004621 -0.018441987530255943
-0.6962497687531536 0.700166510658187 0.1581237390903683 -4.203813518277102 -0.7005991623221305 -0.710807625411198 0.06255664162039967 0.3212795999678067 0.1561956249858145 -0.06722631188777797 0.9854357156736597 -0.02156396933845468
-0.6966504416558656 0.6999990528442714 0.15709706603819873 -4.278955477417786 -0.7003987229208297 -0.71102827990269 0.06229296998452307 0.32487738784048525 0.15530547663092253 -0.06663415937599007 0.9856166078819376 -0.025232027061781823
-0.6966163247866116 0.7005407620553499 0.15481710738708324 -4.35314270734244 -0.700865436992866 -0.7106071850850347 0.061847131981380615 0.32875799734820454 0.15334058585251695 -0.06542223784335768 0.9860053729701345 -0.028855011146241876
-0.6997216945099074 0.6975809853442665 0.15417625990503947 -4.372893151607572 -0.6985810209064879 -0.7132744237144161 0.05678163174933366 0.3579475746247451 0.1495797695593665 -0.06797326945932518 0.9864104253187802 0.004199215369599695
-0.6996730250154567 0.6977390319492174 0.15368116787781463 -4.444425150252681 -0.6984898036625476 -0.7132481735763292 0.05821543669411299 0.362988354274665 0.1502319947453799 -0.06661295808323991 0.9864041066268047 0.006558227962561735
-0.6970531439317447 0.7001527279630023 0.1546061837729546 -4.515104333724155 -0.7008522093919508 -0.7108391555271106 0.05927795171836961 0.36907500434720847 0.15140374871611192 -0.06703620287180952 0.9861962544946306 0.010048615406554965
-0.6946707084929351 0.7031896651376986 0.15151535105544467 -4.593897929704948 -0.7040069419013655 -0.7078631888571534 0.05747983660092798 0.37539601194718264 0.14767136661049432 -0.06673830013203065 0.9867822286497037 0.011256930114421103
-0.6904872188411418 0.7073770182555489 0.1511461367713841 -4.666108746050169 -0.7081988763904081 -0.7036420908988997 0.057811412323067045 0.38180396930348526 0.14724724817934107 -0.0671234829200121 0.9868194799173242 0.012936578291458353
-0.687683368549896 0.710452116222756 0.1494970741334946 -4.7392533150454605 -0.7112414184541787 -0.7005794378887081 0.057654972750229676 0.3884706564747375 0.1456956735636162 -0.06668014518692582 0.9870797986701453 0.015390428950742817
-0.6831834052785101 0.7147654794440051 0.14956852659313224 -4.814255150463329 -0.7155175478594352 -0.6961418184602164 0.05849108732212138 0.39470605928882035 0.14592831615995555 -0.06705876516969711 0.9870197812387731 0.01836377047892541
-0.6791110163107371 0.7183666016825551 0.15085639897748854 -4.898656141442967 -0.719491993346934 -0.6921540778942586 0.05704387753303599 0.40265892733294945 0.14539428817891487 -0.06980084556368832 0.9869084774808355 0.021903251486787484
-0.6756951065047296 0.7217850343399698 0.1498749053324495 -4.975264951614093 -0.722857788146932 -0.6886113688738332 0.057367244774615446 0.4101150574554282 0.1446123824604495 -0.0695754759994786 0.9870392656721204 0.024907805372801257
-0.6707828439438998 0.7261166231829809 0.15101332990130054 -5.053723621137719 -0.7273738181023593 -0.6838496622718657 0.05724480893365908 0.41807598421628567 0.14483682200921766 -0.07144430661711516 0.9868728418809942 0.02843497614924901
-0.6679856508535339 0.7285503143405303 0.15168918790769187 -5.072765116295457 -0.7302422708622726 -0.6809756959459623 0.05493930630089408 0.41152494512537063 0.1433226991780854 -0.07407118876612252 0.9869002294533534 -0.010725617384951593
-0.6633007254567348 0.7326195658605741 0.15264573143993646 -5.147284341881621 -0.7343103775583445 -0.6764998669779093 0.056001780230565706 0.41797128905916037 0.144292816933799 -0.07494332323252653 0.9866930025515405 -0.012830573509733234
-0.659358142148686 0.736229667784322 0.15235720086828888 -5.220420612537583 -0.7378683272311133 -0.6725590115692738 0.05669839174192112 0.42535150782015085 0.1442122465374976 -0.07503500670452752 0.9866978137796087 -0.015262928773903221
-0.6553396083876118 0.7397545968030247 0.15262088385003494 -5.302868368920404 -0.7414744398925108 -0.6685753227503044 0.05676876601982553 0.4333045682916071 0.14403351229647512 -0.0759616634765242 0.9866530155112386 -0.0173918573938363
-0.6552193782077866 0.7402673990079854 0.1506377920276092 -5.3897213468083285 -0.7419500760029669 -0.668109967371303 0.056028173433620154 0.4278923934774113 0.14211844053532546 -0.07505497628450915 0.9870000503519434 -0.0168258852112427
-0.6551291608206696 0.7401371766435516 0.15166655001191737 -5.497231127019146 -0.741785078540679 -0.6682277255309471 0.056803204893174204 0.40164378859427663 0.14338995744752833 -0.07529054775899417 0.9867981827716074 -0.011390056134826241
-0.6544532110678382 0.7407866998718102 0.15141353907768038 -5.61331119413915 -0.7422878901010409 -0.6675865414189415 0.05776588894530146 0.3665394422858927 0.14387384311382173 -0.0745873649442622 0.9867811521600576 -0.004307907250036658
-0.6542306379193485 0.7408804795705125 0.15191572466012138 -5.74976078840437 -0.7423384483829684 -0.6674804426073987 0.058339410255832065 0.32028339056671823 0.14462330538336327 -0.07460545374165714 0.9866702214073312 0.005319194677343347
-0.654203969826003 0.7408710111639645 0.1520766605392916 -5.875663211762421 -0.7423515336954561 -0.667472035941974 0.05826904543134468 0.2781489199827813 0.1446767648376968 -0.07477450135146897 0.9866495870691564 0.014108944680505204
-0.6540559590322755 0.7409685727065267 0.1522378951366011 -6.0006585639924745 -0.7424125992805145 -0.6673737311408021 0.058615999631110506 0.23817164325355245 0.14503218568276594 -0.07468518758399695 0.9866041698024709 0.022573387598520372
-0.4970719991312242 0.8524948918235885 0.1617772761990268 -5.34428761979575 -0.8630377138618828 -0.5050476050991524 0.009634367424256746 0.4199889491032665 0.08991847491891307 -0.13483091632967042 0.9867802652414357 0.00024197912711666569
-0.4969213946540503 0.8525897989883092 0.16173979781163358 -5.363835198085444 -0.8631254982700303 -0.5048968445172093 0.009672157601962342 0.4097811966634864 0.08990829645358554 -0.13479544153137926 0.98678603920565 0.0037872946097907904
-0.49677248794563916 0.8526753324924301 0.16174632168684272 -5.381605019533591 -0.8632101495022567 -0.5047514386962257 0.009706849663099676 0.40107084818868893 0.08991847983919395 -0.13479897066748728 0.9867846292329419 0.0070508287891242
-0.49667749662010335 0.8527228036031993 0.16178777631912417 -5.399294864437174 -0.863266129176634 -0.5046561116394224 0.00968499878006375 0.3937291167684505 0.08990580942062734 -0.13485558646225462 0.9867780481102847 0.010354188748380046
-0.49646549260153366 0.852852290320028 0.16175594440946967 -5.413431604553084 -0.8633939079024038 -0.5044376027207775 0.00967805550358325 0.3893280674404471 0.08984973262582356 -0.13485427637712455 0.9867833347244318 0.01304951091253203
-0.49631926754043104 0.8529344349202431 0.161771550018585 -5.426066255827715 -0.8634803050624107 -0.5042898579684667 0.009669639055819648 0.38661271807571523 0.0898273201061692 -0.13488731918690205 0.9867808589981437 0.015526686822158542
-0.4961806248626295 0.8530149980752668 0.16177206362528374 -5.438080871155057 -0.8635603768886728 -0.5041523367644314 0.009690036267041652 0.3858069625498762 0.08982351016757087 -0.13489193598438612 0.9867805747112984 0.017959693917031828
-0.49604692688754143 0.8530970101871359 0.1617496137095725 -5.44729284547051 -0.8636375898016593 -0.5040194213020205 0.009722984724722092 0.3870289366688413 0.0898195958964797 -0.1348699898426117 0.986783930773524 0.01990018461780961
-0.4959154369715484 0.8531760765009587 0.16173577792111554 -5.454904197790189 -0.863718619437868 -0.5038811049208989 0.00969425293859466 0.39010465130188954 0.08976650717089092 -0.13488667313757965 0.9867864812613791 0.0215803030785972
-0.4957898346473879 0.8532502728100898 0.16172944014564328 -5.460923344684991 -0.8637905293624194 -0.5037572711761611 0.009722814455649861 0.3950489800309971 0.08976837552338265 -0.13487988614561905 0.9867872390081044 0.02299658014942145
-0.5046861213149286 0.8460068967175436 0.17194257663081813 -5.346777301088992 -0.8602440123924127 -0.5095738866394831 -0.017739594080301103 0.42638702146664414 0.0726096281156687 -0.15686549895207333 0.984947235715407 -0.03172729558405569
-0.5045253799716773 0.8461000711199376 0.17195583914270304 -5.331547169061142 -0.8603409273535917 -0.5094099094444343 -0.01774916561912355 0.44023267727157434 0.0725784381534661 -0.15689555064006672 0.9849447479450579 -0.03881373096323247
-0.5044160032725995 0.846160108261438 0.1719812979061631 -5.314298001673307 -0.8604044927425948 -0.509303081535887 -0.01773358413879412 0.4560007850558204 0.07258515351540491 -0.15691858502115424 0.9849405835704527 -0.04627437857539239
-0.5042433133617478 0.8462576134925509 0.17200794323477817 -5.292582969947432 -0.8605057201461522 -0.5091327446230722 -0.01771310103650612 0.47591284081675456 0.0725850296253861 -0.1569455318206605 0.9849362992172702 -0.05509969506648008
-0.5040528995729664 0.8463651395366061 0.1720369873290814 -5.2703446153974856 -0.860619496940642 -0.5089401442976536 -0.01772035575037644 0.496339865720249 0.07255863778849064 -0.15699038218777936 0.9849310960584062 -0.063709581272434
-0.5039222878438637 0.8464406183212887 0.172048270755857 -5.245726759256989 -0.8606958096790542 -0.5088118869298494 -0.017697087890485207 0.5189646798390491 0.0725606712697967 -0.1569991827200407 0.9849295434751238 -0.07288840173008235
-0.5037297494843697 0.8465468794815435 0.17208928009749816 -5.215935963743283 -0.8608102275458432 -0.5086180427278598 -0.017704201878493447 0.5464343967064059 0.07254027596368605 -0.15705434553600198 0.9849222512012664 -0.08364088624721516
-0.5035686440001625 0.8466380094110646 0.17211246846265288 -5.186381856837434 -0.8609021205207381 -0.508464306203045 -0.017651861101671815 0.5737528691589475 0.07256831032023621 -0.15706091282660462 0.984919138812593 -0.09402723481054426
-0.5034030438972363 0.8467306654734958 0.1721410919618204 -5.15448518616236 -0.8610022617371106 -0.5082937829254267 -0.017678674241558938 0.6032917764015132 0.0725291712249431 -0.15711336794229175 0.9849136555735497 -0.10497928896188763
-0.503237701879544 0.8468348852040806 0.1721118607429098 -5.120257648592296 -0.8611023290075288 -0.5081244559786443 -0.01767247051819433 0.6350541917471815 0.07248858106491564 -0.15709937758564918 0.9849188754295436 -0.11647141740025192
-0.47775582917981724 0.8676139458604228 0.13782383187682906 -5.343757397717405 -0.8719050239906213 -0.4874783925481119 0.046329752196864284 0.4207926911703857 0.10738247913239489 -0.09803498226253766 0.9893726019190974 0.004142281020905308
-0.47759488976930503 0.8677013110331104 0.13783162227031492 -5.341840405492241 -0.8720003570907373 -0.4873125712863297 0.04627996434670802 0.42254508620171405 0.10732426799131746 -0.09808614936741684 0.9893738468356644 0.010520297934583228
-0.4774656295439597 0.8677746790447766 0.13781755698359066 -5.339140661988669 -0.872072529227143 -0.4871822946313562 0.046291636016675505 0.4252535278097799 0.10731298323858157 -0.09808424035726399 0.9893752601626818 0.016733093961596748
-0.4772798331019015 0.8678819221889529 0.13778581222981265 -5.335245574988703 -0.8721779936323688 -0.48699280423040625 0.04629855344631027 0.42937290416181356 0.1072823766405124 -0.09807638739988987 0.9893793579294798 0.023525383918735262
-0.4771212800903033 0.8679692412864135 0.1377849057976886 -5.33084033571991 -0.8722702893538199 -0.48683035710734784 0.04626819327935149 0.4341343144426995 0.10723724350986288 -0.0981101400438289 0.9893809044169928 0.02963575279452011
-0.47693431154871424 0.8680777024737253 0.1377489199068091 -5.3256337973722125 -0.8723720662601652 -0.486643346533151 0.046316641544759646 0.43988871938986174 0.10724103914325059 -0.09807831433581052 0.9893836484299312 0.03568958598191565
-0.4767891140582583 0.8681506334113814 0.13779193888961155 -5.318938333612016 -0.8724524299403837 -0.4865006568171555 0.046301926607823146 0.44737939444662994 0.10723291568665434 -0.09814065734390398 0.9893783468266553 0.04230340713975575
-0.4766333281317727 0.8682173372051482 0.1379105720763715 -5.311908852272784 -0.8725230892992138 -0.48636564523979947 0.046388767716222974 0.45531776762541787 0.10735049675612154 -0.09821972565058247 0.9893577494209758 0.04830319453230977
-0.4761564202776087 0.8683477060250434 0.13873472841887244 -5.300078882458249 -0.8725200833950953 -0.48617582831240636 0.04839181787204817 0.47120190211331486 0.10947039554431674 -0.09800676204115001 0.9891465549116473 0.05364655444591319
-0.47601950705220863 0.8685079336330473 0.13820057207633565 -5.278106931795747 -0.8728108086145008 -0.485815412112844 0.046740536147211416 0.5055622961714458 0.10773449434361115 -0.0983735460887816 0.9893007248346909 0.05567664512504029
-0.4710790147340021 0.873458638002752 0.12310389748346415 -5.415583159399 -0.8746078611344023 -0.4806516027437172 0.0635226418043372 0.42469786980345237 0.11465448582217834 -0.0777434529608332 0.9903586746237842 0.004287680029440707
-0.47118413697250533 0.8734171324432893 0.12299602359432903 -5.41778100625119 -0.8745412942159743 -0.48075490698910067 0.06365723931297808 0.43781943818124563 0.11473026530311844 -0.07757082028986521 0.9903634353423157 0.0007958864129714572
-0.4705459549365731 0.8736423325917412 0.1238369048244092 -5.421879943230753 -0.8747029134819037 -0.4803052903930568 0.06482006762346511 0.4467085778074614 0.11610907561038368 -0.07781968082755533 0.9901832051882115 -0.001998142859439946
-0.47045183495672793 0.8735449267805805 0.12487726727374421 -5.4180670802341755 -0.8744534475257006 -0.48048933867889665 0.06679194207637248 0.47222139018925335 0.11834795771902673 -0.07777696517496104 0.9899214638504958 -0.007674637165637647
-0.47089999483808126 0.8733095324248301 0.12483451220483704 -5.406975747293856 -0.8747142903493523 -0.4805917418862513 0.06250190308596847 0.5116023159582509 0.11457794342771231 -0.0797623859138088 0.9902069766837702 -0.016208155699328177
-0.47019020282411556 0.8738542253372431 0.12369303144665769 -5.3969768029462415 -0.8751769103997075 -0.4797488656228139 0.06250121148302365 0.5457129055698561 0.11395853926511788 -0.07886582779550391 0.9903502575022085 -0.02392922517606789
-0.46964535738313734 0.8740436284492802 0.124422561682686 -5.3915395057068745 -0.8752178026360385 -0.4794331043182854 0.06432492854777538 0.5739895327679743 0.11587508894240178 -0.07868693697780267 0.9901420755182773 -0.03070766538784879
-0.46932844448093813 0.8741432405197078 0.12491759785877712 -5.386327556849069 -0.8751615550384545 -0.47930744597206526 0.06600473330307291 0.600261078715076 0.11757152624584324 -0.07834518038424532 0.9899691757457819 -0.03690946505345812
-0.4690261984144353 0.8744534768032269 0.12387712503788179 -5.375298728631593 -0.8755002927704184 -0.4788111253788535 0.0651087058107245 0.6370347146415126 0.11624827981443163 -0.07791677046813526 0.9901592368503167 -0.045333598997140526
-0.4690838524104642 0.87444715271469 0.12370334076705261 -5.364070226428458 -0.8755855732139375 -0.4787772454352826 0.06420477578049572 0.6751874273867432 0.11537002811553113 -0.07819543696773379 0.9902399861902399 -0.05384323397743841
-0.4357241168128781 0.8939668929455303 0.10472673175914583 -5.782549961783164 -0.8875722268821808 -0.44608068692989633 0.11501114213656946 0.436880492551567 0.14953272583298852 -0.042839410190460774 0.9878282992704197 -0.015825390570311265
-0.4364522714844856 0.893693616047785 0.10402468625988259 -5.825339084007109 -0.8877381554641177 -0.44656016406390775 0.11182570010682572 0.4498643480492128 0.14639119525845395 -0.04354010228111476 0.9882681202204953 -0.021370316198041188
-0.43560875687866984 0.8941954406776967 0.10324497470501776 -5.869186657115598 -0.8882853734457827 -0.445587389757796 0.11135965791578367 0.4582583850151683 0.14558195716814024 -0.04320175876111863 0.9884024998891089 -0.026137894965122567
-0.4352690725716741 0.8943619720182252 0.10323515617397987 -5.921381485937844 -0.8884189812680158 -0.4452592766540063 0.11160595985991212 0.46317613289420123 0.14578253731258756 -0.043137449637436265 0.9883757444684089 -0.030662781319968194
-0.4357956863486639 0.8940787433117171 0.10346651882632249 -5.9709548556932655 -0.8881108466602743 -0.4458248128738339 0.11180053788055633 0.466443692356974 0.14608642580427406 -0.04316754549602963 0.9883295600211403 -0.034834169949646866
-0.43555613133163146 0.8942342184672686 0.10313107670172045 -6.0186636216211715 -0.888296546259442 -0.4455253745252537 0.11151854804327133 0.4743120116964076 0.14567121322680593 -0.04303839188870794 0.9883964763497816 -0.04014253178509098
-0.4352694844012767 0.8943318577334265 0.10349398142947724 -6.0727242205602705 -0.888348385286481 -0.445312850462817 0.11195361348157934 0.48305940665739694 0.1462108830010572 -0.0432087196727583 0.9883093565459613 -0.04608028836581683
-0.43545082012163766 0.8942769806669777 0.10320496647229281 -6.124088994931603 -0.8882193141689191 -0.44546810269613574 0.11235933168900648 0.4882231242428336 0.14645488449583477 -0.04274168140654922 0.9882935371021369 -0.05192596272077431
-0.43526260632176 0.894381608903773 0.10309219753544321 -6.1760252741994 -0.8883995871253917 -0.44524166685981675 0.11183037014749397 0.49481582171705224 0.1459199682477424 -0.042911487350011705 0.9883653004431041 -0.05847903746026369
-0.4355323542908644 0.8942555975103539 0.10304608040705349 -6.228098766780784 -0.8883706559431026 -0.44547273156248657 0.111137856257345 0.5033747344256447 0.14528986896916962 -0.04313898185697864 0.9884482192908564 -0.06534251591834359
-0.4282808259027155 0.8977996798057811 0.10262197184192462 -6.334601912542498 -0.8914982611334956 -0.4383483202865413 0.11437482458094306 0.4489409537087247 0.14766984986801346 -0.042502765117161855 0.9881230340384509 -0.0018330729367280524
-0.4279722288438481 0.898149280239717 0.10083472488834047 -6.396787458132363 -0.8914156116724069 -0.43787667104767225 0.11679994956727205 0.44588376331432816 0.14905696429599502 -0.03989851321900443 0.9880233448850161 0.0014341291429732625
-0.4282846077023522 0.8978954549452796 0.10176466377801138 -6.460093161407112 -0.8910304987308127 -0.4383704209817671 0.11788139946483284 0.44428962169861524 0.15045579130349715 -0.04018863019409475 0.9877995388065136 0.004385329711086131
-0.42882998005099326 0.8975647502238917 0.10238343305919868 -6.530410236711932 -0.8910180894637227 -0.4389229544017069 0.11590256402553994 0.44375162220006803 0.14896849485002528 -0.0415229966982129 0.9879697506944826 0.005643226549696538
-0.4287102983821868 0.8976716902101386 0.10194614586304457 -6.593653317196853 -0.8911391539443205 -0.43873032990605537 0.11570093313333407 0.4458587232135775 0.14858831841183462 -0.04124602060558873 0.9880386011769714 0.006088380622804106
-0.4295518995748987 0.8971390345722696 0.10308597488665465 -6.659230157225103 -0.8908652671858308 -0.43967282373235167 0.11422295650673121 0.44771016197577207 0.14779797459205696 -0.042771026617984015 0.9880923023627546 0.007085896156825785
-0.4295418019276939 0.8974004874785917 0.10082760271818364 -6.733042348017709 -0.8909525425873307 -0.43935136698914223 0.11477779916840546 0.44406909686782825 0.1473003980099191 -0.04053074632865914 0.9882610238940729 0.008793932628317921
-0.4295625971795879 0.8973426399069168 0.10125295901460157 -6.803976933484673 -0.8909464267604558 -0.43942523698738334 0.1145422443527181 0.4380937744162764 0.1472767454389963 -0.04100789806204959 0.9882448646714181 0.011024734013580532
-0.430567518213397 0.896877757181684 0.10110341701598455 -6.875665580133426 -0.8905363433386726 -0.44038093519374094 0.11405986634601947 0.4320904275752387 0.14682177444964264 -0.040925793708102454 0.9883159646372308 0.012612593704473906
-0.43123368928959105 0.8964859603514697 0.10173705379256735 -6.947560196671549 -0.8904094653542014 -0.4410655564491795 0.11239287754044247 0.42948803703061655 0.1456313470010275 -0.0421200404425133 0.9884419117802459 0.013335988188919895
-0.4305929981882696 0.8965779512573878 0.10362261929878977 -6.945068327311015 -0.8912266746535423 -0.44050741731188725 0.108019580073243 0.46456398516204267 0.14249450620015439 -0.04583876756977484 0.9887335956113044 -0.010738792874870843
-0.43123371992020565 0.8958695067759727 0.10702946151764531 -7.01226549206166 -0.8908755116488781 -0.4415643164864879 0.10659163733694356 0.46378443003343023 0.14275258858644688 -0.04938401800984052 0.9885256280021638 -0.012217346874632662
-0.43139624396441906 0.895840366317322 0.10661762879485578 -7.076216592948781 -0.890582606972796 -0.4417489513548831 0.10826118480046013 0.46329930890343035 0.14408296516566324 -0.04824833731132415 0.9883886872560627 -0.014302114872655402
-0.43183643380925435 0.8956186961962394 0.10669791684308474 -7.148746595926475 -0.8903619154743122 -0.442197430030346 0.10824551883321089 0.462503633461673 0.14412825506408947 -0.048255402788761545 0.9883817391038116 -0.017463002702857708
-0.431913049627121 0.8956250686995663 0.10633369117404526 -7.214752198738948 -0.8903505518281547 -0.4422207401318772 0.1082437612821873 0.462783771693086 0.14396878974659919 -0.047922367576236184 0.9884211826265095 -0.02046942504110164
-0.4323565793301009 0.8952493329653335 0.10768667575470817 -7.279812750250889 -0.8900489293164345 -0.44285287066116963 0.10813990183937595 0.46842896503414894 0.14450152847856904 -0.04909141240875859 0.9882860625826262 -0.024071794119482848
-0.4326957546636363 0.8951256204819955 0.10735225872234357 -7.348323552570163 -0.8901142217480073 -0.44307015156661483 0.10670291951336794 0.4810987166098463 0.14307709857977108 -0.049385871941879586 0.9884786186430816 -0.029233185707429065
-0.43292868004753304 0.895017231965163 0.10731687881092289 -7.412297615136396 -0.8897138452796887 -0.4433943123874811 0.10867730793529573 0.4900482250678455 0.14485175701361383 -0.04843178943473367 0.9882673374458039 -0.03301394604635507
-0.4335019329066139 0.8948349708812975 0.10651971204475318 -7.479310243336653 -0.8897412439735007 -0.44376337086573225 0.10693263978023797 0.4953670305613402 0.1429566120846363 -0.048419475066857946 0.9885438591663664 -0.03807537638036724
-0.43310058702546445 0.8951489362776089 0.1055095417451119 -7.55566177382889 -0.8900223791738215 -0.4432159778023592 0.10686328457645766 0.49700714654590367 0.14242207022778608 -0.04762330208799106 0.98865968614598 -0.04299759182256762
