0.8859893643088991 0.4624645305816149 0.03390286544585035 0.0 -0.4635110464977746 0.885364976867994 0.035865965901872104 0.0 -0.013429672596558515 -0.047491216971803654 0.9987813715746235 0.0
0.8855394908657019 0.4627746981604624 0.04073559696145748 -0.15539536106067756 -0.4641763447765717 0.8849741678728372 0.0368923182741428 0.055395012840614155 -0.018977119570012965 -0.0515781052412008 0.9984886418946153 -0.002009323901677466
0.8857952023800391 0.4625980678631951 0.03701198521755618 -0.307005381538117 -0.4637786134588631 0.8852634821024614 0.03489935463586121 0.11337101903780418 -0.01662098488899677 -0.04807904808816357 0.9987052357909495 -0.00350951696856338
0.8875368347855545 0.45886438352662423 0.041495113321577064 -0.4642123677135964 -0.4606046251546116 0.88583331818543 0.0560598936742725 0.01598999345786558 -0.011033865370719896 -0.06886806170731168 0.9975647567409641 0.0030815576595342262
0.887245555816811 0.4593590320417349 0.04224456610025205 -0.6193999625170792 -0.4611482590687239 0.885560356415541 0.05590293644402845 0.045223726574206737 -0.01173059423913955 -0.06908064002931875 0.9975421085507801 0.0029325791320032007
0.8864785699822306 0.4609384832325122 0.04112735874780321 -0.7589396692457623 -0.4626761890158579 0.8845784914618374 0.05875063030182858 0.06803088696391736 -0.009299950538662631 -0.0711098243452413 0.9974251369408971 0.0037604229935585764
0.8865223396695348 0.46074886303604906 0.04229215622124402 -0.9107818017511206 -0.46256283016318395 0.8846836792244998 0.05805528283651486 0.09231299899583553 -0.010666274807987 -0.07103008464580589 0.9974171432539798 0.002120454253867908
0.8863860814736944 0.461037232426281 0.04200458173133785 -1.0649016647652603 -0.4628211037331405 0.884604313361952 0.05719995385196549 0.11513781876467091 -0.010786125761684952 -0.07014184983406653 0.9974787117492324 0.0012958616430101344
0.8864465264811726 0.46093298505505054 0.04187289072543805 -1.218980708627654 -0.462713479611292 0.8846259180923871 0.05773405256182683 0.13582387084756767 -0.010430315214524812 -0.07055330132206367 0.9974534777106568 0.001630792843153093
0.8865330983796768 0.46067162025278685 0.04290365684883466 -1.3726457623441295 -0.4624843370416231 0.8849606030008802 0.05434122861593154 0.15444409344106594 -0.012934584202859268 -0.06801756706903474 0.9976002742088178 -0.0005844171010147826
0.8861939349922715 0.4611757777966357 0.04446584708044708 -1.5141831754127584 -0.463092374103724 0.8846516856416674 0.054192694510728195 0.16987881071741975 -0.014344428531321583 -0.06861703188731368 0.9975399442153107 -0.0003787255963073337
0.8853546313471998 0.4629508304938551 0.04270486268698032 -1.6694198703818606 -0.4647682153290141 0.8836491614194032 0.056166409380239625 0.18333944556143653 -0.01173383023344114 -0.06957505348783641 0.997507708822452 -0.0007620656114677056
0.8850719195048968 0.46354045630356533 0.0421656575165133 -1.8231141911303235 -0.46535064537832177 0.8831481023257266 0.05914563554859621 0.19387187009952403 -0.00982212552846457 -0.07196995712344385 0.9973584366323637 -0.0007375651700128519
0.8898753210231712 0.4546239427900871 0.037933938312590954 -1.9331573547172471 -0.45571159245334975 0.8896984064782728 0.02763494189706172 0.40504371559305147 -0.021186258224140105 -0.041878588228562434 0.9988980560149481 0.00996067784645559
0.8896743722944853 0.4549031146575766 0.03927680686167413 -2.086181037133296 -0.45604250629265153 0.8895356071427193 0.027415982191971697 0.4520014234067063 -0.02246650254780205 -0.0423031901878495 0.9988521894470674 0.010037037264931957
0.8898277153248958 0.4547356473878427 0.0377111128771846 -2.2200990107136844 -0.45570692751296216 0.8898379624324433 0.022794666717752095 0.49575404983094856 -0.02319123231680671 -0.03746854158940608 0.9990286658223531 0.0093768833919408
0.8894779703504672 0.4553239782465414 0.03884604349166849 -2.3685861763917133 -0.4563750877955531 0.8894544129533787 0.02434392156908212 0.5419637767210925 -0.023467413594487153 -0.039381748456658205 0.9989486265007234 0.010220416813652855
0.8891625571341653 0.45610932194766296 0.03679991063950422 -2.5174753145010116 -0.4571264450074734 0.8890065663498506 0.026509210883730077 0.5893368417924824 -0.02062426399806124 -0.040393210064215535 0.9989709847214014 0.011426011855804143
0.8886975129349953 0.4570879600888068 0.03587934287312237 -2.6640998014948587 -0.4580705075119954 0.8885165003580114 0.026642799013145937 0.6379071236302665 -0.019701285512796894 -0.04011265801969781 0.999000917925373 0.01233990660235564
0.888548167134174 0.4572385437405876 0.037617400235618575 -2.8120675797639314 -0.4582105256313118 0.888546656976705 0.022977218634959853 0.6890107051584028 -0.022918745235655468 -0.037653054238780986 0.999028016936119 0.011768171449401274
0.888291791664131 0.4576802674032234 0.03829446032838244 -2.948642839229446 -0.4586786252447309 0.8883042886320097 0.023008901355403854 0.7363090135660366 -0.02348641321555486 -0.03800346862712628 0.9990015639460106 0.012427504508743921
0.888206321168586 0.4579033631014307 0.037603737800463194 -3.097478530488955 -0.4589054730786285 0.8881518066959178 0.024333825043700984 0.7879627887533078 -0.02225528734136846 -0.03887001830687192 0.9989964083329712 0.01379610671604005
0.8878654191874705 0.45829810952663796 0.04071658403362198 -3.246128993222191 -0.45941481360813313 0.8878979456949098 0.02398472572624656 0.8402773130034767 -0.025160016861313406 -0.04000101042559674 0.9988828223152452 0.013667127826600515
0.8883032292169757 0.4572950553955223 0.042409966676469624 -3.405921707546202 -0.4588284856186348 0.8876716619390863 0.03892867034989317 0.7789276027753441 -0.019844237138354644 -0.05403936436623456 0.9983416015329072 0.0180386414285362
0.8877879986064768 0.4582878423682003 0.04248203229373509 -3.560950699694032 -0.4598534435522933 0.8870748024022701 0.04041169875260689 0.8122036716940173 -0.019164550174846005 -0.055412529995238526 0.9982796058901147 0.01904714652476245
0.8878307831698344 0.45830125061941324 0.041430232158658445 -3.6974635354191787 -0.4597963295341825 0.8871348980495037 0.03973673375593824 0.8418338706137776 -0.018542810006361574 -0.05432896412944604 0.9983509041683137 0.019692885954611217
0.8913688244269729 0.4512527683188545 0.04280838614391668 -3.8513486552298093 -0.4528712221002513 0.8905907647318358 0.04190162249589696 0.8712453595557492 -0.019216530204521385 -0.05673648613488549 0.9982042356692165 0.02121093133923074
0.895943982705825 0.4424211937373499 0.039342943271223625 -4.004563105908871 -0.44386446822405656 0.8950833888272809 0.04254481041967497 0.8997429317374336 -0.01639248917644447 -0.055580701484318776 0.9983196241290218 0.023879713012082002
0.8976857967064563 0.4385044362788147 0.043290527315959546 -4.160206283621523 -0.44019356238606017 0.8968479438782966 0.04351313818999611 0.924959036187505 -0.019744316279999143 -0.058117337560068066 0.9981144909525984 0.02458028179872127
0.8977998619582397 0.4382255391047826 0.0437468255315546 -4.302087507684788 -0.4398878339380065 0.897119527422973 0.04092978218498588 0.9501250394582373 -0.02130965558366675 -0.055990449120400576 0.9982038710535045 0.026143601337139086
0.897812299625762 0.4383749453248152 0.04195809757563257 -4.458191526106758 -0.4399823684382767 0.8969637914660433 0.043260516204790794 0.9740475749965877 -0.018670567858143135 -0.0573006466833119 0.9981823710051829 0.02774029690061077
0.8979118931366832 0.43834005269824117 0.04015258851183813 -4.612977863030113 -0.4398494900846209 0.8970153069036616 0.04354268311472159 0.9972609953174655 -0.016930984495793035 -0.05675858861029996 0.9982443610574367 0.029575251045510585
0.8978599008639712 0.43819442180894635 0.04281643511623878 -4.768143635198412 -0.4398498652854627 0.8970325720509797 0.04318171705668919 1.01829217086441 -0.019485749380000132 -0.057603935413536395 0.9981493336149521 0.03232383003493724
0.898084651004196 0.43771700953471476 0.04298580224513644 -4.8903744932713025 -0.4389327275023922 0.8981907641347635 0.024318962772296115 1.1553167712088805 -0.02796462690582942 -0.040708362617477775 0.998779659812424 0.023179711137279645
0.898290083317489 0.43736273786415364 0.04229375534792408 -4.995359052907129 -0.43854112408845014 0.8983910279495647 0.023984231965250985 1.176620402224143 -0.027506520984977797 -0.04009234874257182 0.9988172980458473 0.024218664802731067
0.8984249692420366 0.436843259064834 0.04472741499415979 -5.092339098197902 -0.4380939963595952 0.8986323840359876 0.02309737464467487 1.192400334606379 -0.030103571152347554 -0.04034607008633936 0.9987321811338932 0.02460262777158313
0.898376980239162 0.4367475733342992 0.04658710726118667 -5.174658689989712 -0.43814012959865656 0.8985533850136083 0.025200022140044236 1.2005242303802424 -0.0308549544098964 -0.043050801005175804 0.9985963149947911 0.025870845661914173
0.8982985771950245 0.436908274409401 0.04659212339005512 -5.237313198036284 -0.4382543680945745 0.898538384682582 0.02370401016793345 1.2024544643895034 -0.03150833311077697 -0.041712480202164066 0.998632712232062 0.02682724499235519
0.8983438643562485 0.4367232745100707 0.047445578030873466 -5.284931220391231 -0.43809780253117225 0.8986206745065541 0.023477622680840728 1.1966756858617433 -0.032382353077568184 -0.04187678176015129 0.9985978762037162 0.02873048366200632
0.8982862294461932 0.43682018514295823 0.04764426344286256 -5.313257476811549 -0.43820271786350706 0.8985698140894522 0.023466300609232636 1.1850469121289837 -0.03256114316753658 -0.0419573004245858 0.9985886825398655 0.030471252742142393
0.8980069258426023 0.4375250278632397 0.046426405546737555 -5.329715653118524 -0.438875529536348 0.8982256670017911 0.024060771254837125 1.1657811016514525 -0.031174199475030345 -0.041982152546752034 0.9986318982260842 0.03235970945407102
0.8978587161687893 0.4378147340374078 0.04656162002644648 -5.346451825896307 -0.4391790513482752 0.8980703641064938 0.0243183463759103 1.147050321827435 -0.031168680699740277 -0.04228332736887637 0.9986193637067399 0.03402514604669222
0.8978227821622439 0.4378679219944929 0.046753980778885144 -5.367620395236475 -0.43925016032564157 0.8980270982388993 0.024629808820217442 1.1309704973903603 -0.031201738482749257 -0.04264989703207907 0.9986027427354719 0.03583506157848557
0.9008383434254301 0.433899539485471 0.01488182276547469 -5.18997501149211 -0.4340614183044412 0.900826000240568 0.010158859685858647 1.2262164234352666 -0.00899800833872001 -0.015611115427037556 0.9998376512819769 0.0372816526259763
0.9009536573920632 0.4335648005620352 0.017437630156283936 -5.192772481956512 -0.4337637894712619 0.900973443304459 0.009789249390917916 1.2381948161091791 -0.01146656772515146 -0.016383472577858594 0.9998000298314134 0.03876974732127222
0.9007464352804466 0.4340211879691815 0.016776999832764202 -5.173203523635245 -0.434211334929422 0.9007559339065413 0.009963139613786514 1.2444040181167455 -0.010787768461432971 -0.016259025984814844 0.9998096159397787 0.0418934454316185
0.9005964612987369 0.43431704101921004 0.017167462727805102 -5.145210293331739 -0.434517013070009 0.9006050278972038 0.010273708142366864 1.2499097664156968 -0.010999056728211377 -0.0167120198239082 0.9997998445411437 0.04486679915477195
0.9005319302361381 0.4344451320530906 0.0173109751472262 -5.12276145610556 -0.43464414379009947 0.900547059303634 0.009973076182813767 1.2615670423966436 -0.011256593363294789 -0.01650518751633916 0.9998004140281719 0.047673082937818176
0.9003973620572113 0.4347071085045658 0.017729078261851525 -5.101096256459382 -0.43492280608682016 0.9004026838417543 0.01082403234161236 1.2763491708411305 -0.011258025847429402 -0.01745671063418702 0.9997842367770423 0.05050373287840052
0.9004514471179621 0.43458072102262346 0.018077286815910264 -5.07733614713267 -0.43479535673037056 0.9004713839046955 0.010211979948677957 1.2913281310944589 -0.011840149867199784 -0.017055312492567608 0.9997844403504704 0.053006793817955415
0.9001440572262472 0.4352153459635121 0.018118467874823053 -5.0474407506905585 -0.43543139959465216 0.9001633191005018 0.010271085288834289 1.3090917321901927 -0.011839446241815783 -0.017134806209253065 0.9997830894393336 0.05599112769459146
0.8999136237416865 0.4356710570629986 0.018606446240906408 -5.016239889638765 -0.435901890377329 0.8999294654578892 0.010793477944980954 1.329075579316268 -0.012042083273973842 -0.01782378293985903 0.9997686237285783 0.05896482405285107
0.8998248574759496 0.4358427125156629 0.018877388997846245 -4.983380992135494 -0.4360794602823192 0.8998423887211873 0.010880247259541013 1.3519058722213997 -0.012244598330201565 -0.01802235854533977 0.9997626040236728 0.0619828316846833
0.9111630536741048 0.40788357539501113 0.0584198471605565 -5.2288284454938365 -0.4101927487536572 0.9113337486686732 0.03482394876263563 1.232151742626992 -0.039035861578804405 -0.055693693184110854 0.9976845263159666 0.016752421818830597
0.9110555572299107 0.4080752139016424 0.05875705438179847 -5.240444760201857 -0.4104099969433883 0.9112293978266496 0.034994555939596064 1.2324582689180594 -0.03926074438195027 -0.05599646717079838 0.9976587540912798 0.014599993727951163
0.9108945526133884 0.408405907453891 0.058955311686214124 -5.25464682470687 -0.41075370494963354 0.9110727550905584 0.03504038815208473 1.2328519363640207 -0.039401876724392965 -0.056134211390765576 0.9976454492564643 0.012230107499669176
0.910788684614494 0.40859432927692974 0.05928445041438383 -5.270870596275185 -0.41096809883770125 0.9109688984625206 0.035226236979089734 1.2331644152801458 -0.039613049818525814 -0.05644767591954088 0.9976193994541994 0.009782776800124795
0.9106675271618773 0.4088230064998697 0.059568484362782934 -5.289001988301888 -0.41121941200542966 0.9108491726970951 0.035388978325549394 1.2333121140177017 -0.03979007618465085 -0.05672331049423157 0.9975967200646736 0.007264744551927347
0.9105280628635517 0.4091131551573087 0.05970823239034985 -5.3091462629104305 -0.4115230876831035 0.9107066386067263 0.03552698553779177 1.2334367808264606 -0.03984212647077069 -0.056919633474484026 0.9975834603096714 0.004674667052580994
0.9104142210753484 0.4093014302177099 0.060152184378488814 -5.329199886387235 -0.4117353395156979 0.9106120909511635 0.03549126663621388 1.233439374269954 -0.040248680197735184 -0.057078533927274105 0.9975580608200474 0.0022153657983053758
0.9102686513634692 0.40958071316219224 0.060453467646455206 -5.353167760299272 -0.4120372215843633 0.910470459159026 0.035621215978552556 1.2332566528263023 -0.040451333401623366 -0.0573339550729095 0.9975352160308569 -0.0005361089202020481
0.910133775161359 0.4098363703012896 0.06075080977894194 -5.379270952334273 -0.4123123215965115 0.9103437318288967 0.035676874576294725 1.2329917804121753 -0.04068243810574645 -0.05751903596290503 0.9975151626575258 -0.003366244823149121
0.9100090314365031 0.41007976601006757 0.06097662021730766 -5.407451494663364 -0.41257381056069575 0.910220458835409 0.03579898262359903 1.2325664501663767 -0.04082172881474629 -0.05773475406188053 0.997497009835112 -0.006272953639255947
0.9161404155025334 0.39974096951943133 0.029898099780929097 -5.23038516855763 -0.40061119195051714 0.9156415295738898 0.03333559964322395 1.2434372375444567 -0.01405033689386875 -0.0425176034984628 0.9989969176258334 0.011387754989108446
0.9160188439680342 0.39999722212208944 0.030194366860032323 -5.224884565751946 -0.40088123830171274 0.915519987211004 0.033427321083936375 1.2456591153727277 -0.014272710784983456 -0.04272441119284165 0.9989849420362017 0.010094018295080685
0.9159075915246384 0.4002336606139971 0.030435188500412644 -5.218016861512379 -0.4011285348608334 0.9154099466076991 0.03347429121117303 1.2482450048158882 -0.014463136172251265 -0.04286778001260367 0.9989760613392363 0.008796444654364181
0.9157803318908249 0.40049838979284663 0.030780245211298383 -5.210032811542731 -0.401410408637564 0.9152802533422638 0.03364136856825665 1.2509805098192628 -0.014699236692919716 -0.043163614480931346 0.9989598764843296 0.0075555308504653635
0.9156686324761001 0.40073665387592244 0.03100144738037108 -5.201004366303738 -0.40165824165423636 0.9151711874554632 0.03365047640946951 1.2539441328892211 -0.014886652094270788 -0.0432646725595644 0.998952729461078 0.006378043166897078
0.9155574875670673 0.40096472497248803 0.03133330955415212 -5.1919168432729785 -0.4019029080925687 0.91505810241965 0.033804166353951934 1.256754012511667 -0.015117520518113357 -0.043542605846301825 0.9989371862382028 0.005331249355122166
0.9154524030382264 0.40118679520304684 0.031560309349644586 -5.180938307192941 -0.40213582624810784 0.9149531868727544 0.03387392919550858 1.2600249287067777 -0.015286432523266287 -0.04370150095934027 0.998927676958954 0.004226470423183053
0.9153250288723128 0.4014490824556509 0.03191748291165466 -5.169021582060509 -0.4024154584922634 0.9148258483227704 0.03399214625446489 1.2634485324390674 -0.015552822456428781 -0.04395795077161244 0.9989123126068671 0.00316301309981116
0.9152209221280987 0.40166400687045783 0.032197659600684894 -5.156133220212205 -0.4026436166057957 0.9147230712955818 0.03405614256170189 1.267044975719653 -0.015772815398583447 -0.04413307630730888 0.9989011411896852 0.0021370869046286873
0.9150957700904837 0.4019268488059222 0.03247367813238777 -5.1423355262180275 -0.40292057404959297 0.9145963230554353 0.03418445349898927 1.2707945858764775 -0.01596065694296621 -0.04436636183438331 0.9988878232151643 0.001132926187942707
0.9143861634063737 0.4017674226913044 0.049808455456469336 -5.230796593988348 -0.4037203770876683 0.9140792007393924 0.03832847374765033 1.2481590165665741 -0.03012974104042833 -0.05515571447837603 0.9980230688041316 0.016969579793582077
0.9143963860199368 0.40199762561468433 0.04771957914561484 -5.241064283405385 -0.40386297206900384 0.9139753701961782 0.03929023372735205 1.2503146762381414 -0.027819939346977633 -0.05519901878579941 0.9980877312640485 0.017908818634963727
0.9143871957212315 0.4019237189961399 0.048511652305135725 -5.276215173764182 -0.4038117538250411 0.9140294824975379 0.03855090917251555 1.2622691766168688 -0.028846555666263846 -0.054840033129047845 0.9980783771791663 0.01813426728019227
0.9142892346309626 0.4022379343211436 0.04774766623603785 -5.322208683434306 -0.40410269691849177 0.9138725236163937 0.039217609848199324 1.2778102380121306 -0.027860469865568945 -0.05515119918971276 0.9980892442295961 0.019012360366934572
0.9140461064339224 0.40290518264302233 0.04676675221115372 -5.376832965453843 -0.4047692821773086 0.9134885646325779 0.04123676140507391 1.2956026394451687 -0.026106388464376212 -0.0566220459265252 0.9980543073382537 0.020256950160615305
0.9141835988426671 0.402495173356413 0.04760234271399559 -5.44008535998828 -0.4043677611244011 0.9137303028197611 0.03979506844003629 1.3180801637016284 -0.027478380052486515 -0.055628851630237466 0.9980733287168796 0.02107641253049444
0.9139843681468018 0.4029368024883115 0.04769180206059457 -5.515309400431264 -0.40480797759751574 0.9135450751653496 0.03957141537201986 1.3439240955749754 -0.02762383131827834 -0.05547367701560054 0.9980779504135276 0.022047118935842377
0.9142197564827221 0.4024907024298143 0.04694114734672358 -5.586476831935037 -0.40429039717886545 0.9138214590943281 0.03846577241741672 1.3678460516137552 -0.02741371200015336 -0.054144024197209054 0.9981567577480527 0.023489147926079437
0.9139940330175379 0.40316612264160173 0.045519063725792536 -5.656991843091905 -0.40495142513265225 0.9134225571976339 0.040909354499541146 1.3892341340015573 -0.025084873756304703 -0.055823915633643466 0.9981254628311804 0.025551097170152883
0.9139731455763251 0.4033733449188553 0.044079856786198066 -5.741926649146399 -0.4050796618761458 0.9133634904351976 0.040958538479051385 1.416725475716065 -0.023739349182842897 -0.05529085773440959 0.9981880405772092 0.027116956192331586
0.9197832659443752 0.39101510105137166 0.033255592589585686 -5.756603067986251 -0.3922904468451369 0.9183895764902027 0.051660343670838965 1.3687632505468241 -0.010341615093478631 -0.06056217089844148 0.9981108527880691 0.020134736708621967
0.9198195608726724 0.39125047486128856 0.029241090212585 -5.839193182104427 -0.3922938137948904 0.9183133798101879 0.052972635575828333 1.3864572907763837 -0.006126915558756714 -0.06019636519264193 0.9981677506929033 0.021728167573875155
0.9200220253179742 0.39057963154066727 0.03173364705434162 -5.939027660829334 -0.39177822147317076 0.9185137317833276 0.053313691532142604 1.4082906748592734 -0.00832454858428127 -0.06148232226438685 0.9980734571863166 0.021498119927071922
0.9200962611326141 0.3902703494357949 0.03334553344972537 -6.053319958831565 -0.3915657462690318 0.9186238226302226 0.05297677646869078 1.434960333762653 -0.009956736340812723 -0.06180070264568131 0.9980388452129203 0.021836712291749185
0.9199272042402226 0.3906248494737524 0.03385507159017894 -6.179252060644534 -0.39191327239858087 0.9186665921432383 0.0495548120545828 1.4666149194899245 -0.011744182244993549 -0.05885507160421728 0.9981974527766833 0.02206815045525645
0.9195227558634083 0.39143302295453863 0.03546956427748239 -6.30542131747791 -0.3928446778353852 0.9181442877786476 0.051808550605593494 1.4957640415373104 -0.012286600252927373 -0.06157317078169324 0.998026945575175 0.021082574002172744
0.9193156412517365 0.39192213093257083 0.035437198466885395 -6.452806492969637 -0.39332164136553655 0.9179826183322876 0.051048985037099245 1.532373808181056 -0.01252350523730752 -0.06086834748102282 0.9980672352559723 0.020124382563882635
0.9190143965055717 0.3925053647663793 0.03677060844086244 -6.59929019442556 -0.3940457108506585 0.9173988886147905 0.05574277467570601 1.564034254796875 -0.011853977210158757 -0.06571771296963089 0.9977678414472688 0.02142116623076142
0.9191945546129252 0.3923766049703615 0.033495830216296006 -6.741145317295228 -0.3936890442126205 0.9176493013702699 0.054117429369925404 1.5967467150073695 -0.00950301199090655 -0.0629313877694468 0.9979726114460818 0.02331612643040572
0.9188690497843287 0.3928573318229262 0.0366440470119786 -6.885888169885906 -0.3943803923766943 0.9172975028568431 0.055039961495303685 1.6257187779520095 -0.011990640401975129 -0.0650262107582099 0.9978115134919918 0.022702925395779776
0.9186574191435726 0.39187711428355804 0.05000873476965492 -7.108800844482499 -0.3941943501505537 0.917633610900686 0.050590220939932505 1.674544384532043 -0.026064546070344755 -0.06618824250695704 0.9974666691133027 0.015069485423707077
0.9177616051979891 0.39365563235093165 0.05242975436523145 -7.265540420100491 -0.3962579141507961 0.9164798504017566 0.05517562215720051 1.702068372626133 -0.026330619006599325 -0.07141377266299527 0.997099178405422 0.01495140629595236
0.9180031079151728 0.3934089524969305 0.049996899437381004 -7.425394709411899 -0.3958024656208732 0.916764720046954 0.053692236735564364 1.7328391913309367 -0.024712386904570716 -0.06907853626487954 0.997305095625697 0.015368985938838182
0.9175229885589692 0.39445891373949366 0.05053445198353986 -7.589038952470329 -0.3969583823861579 0.9160935240393231 0.05653934794971549 1.7597445639993512 -0.023991834427212956 -0.07193622581615532 0.997120640291908 0.016018192379263333
0.9179175893869915 0.39372321858083537 0.04908488814617229 -7.753947240216105 -0.39607623322990576 0.9165895532977267 0.054655358894467904 1.7888823740408688 -0.02347161188294836 -0.06961047288893801 0.9972980825710007 0.01616789769402932
0.9178757711781631 0.3937034253950757 0.05001681233621993 -7.90549266723557 -0.39607907278557436 0.9166892240207659 0.05293613761435292 1.8129817033374176 -0.025008734182525867 -0.0683994107897876 0.9973445161117585 0.015661414482014652
0.9181135390012841 0.3930209124388788 0.051010703663532664 -8.074463414260233 -0.39547946162385894 0.9169172721442727 0.0534669194662311 1.837605028163554 -0.02575897777941203 -0.06926238827254619 0.9972658605580274 0.016519388521869308
0.9173621125670739 0.39453195651559586 0.052832657650842996 -8.245360153319691 -0.3971134727323336 0.916215412241879 0.05338734068025715 1.8608591619103296 -0.027343083237654664 -0.06995608378418354 0.9971752614965129 0.01690234749625817
0.9169424169039679 0.3953305543048319 0.05413277117739472 -8.417287284790818 -0.3980547179086312 0.9156970716213683 0.05523870540418986 1.8823975572868266 -0.02773167201937026 -0.07219851700059447 0.9970046782788559 0.017741562720699995
0.9164661107633106 0.3964089086157514 0.05431247547700356 -8.59088558981533 -0.39907866251589785 0.9153886688273686 0.052913194072747236 1.9045689686583596 -0.028741763113862208 -0.07016809925120501 0.9971210302167836 0.018943144019311645
0.9173372590602911 0.3968866106839333 0.031198900614805163 -8.593471556470924 -0.39791325829504565 0.9165314138788027 0.04043768349378268 2.033577289895491 -0.012545597346194579 -0.0495094499377946 0.9986948594811552 0.03737184170237864
0.9172009217913174 0.39724552229538634 0.030634361123148483 -8.734884626903971 -0.398240860657124 0.9164003817726565 0.0401815528570359 2.071589660050219 -0.01211139827728179 -0.049054411658843666 0.998722673582899 0.03880100753639619
0.9166762573723294 0.39843150050860326 0.03093507026534504 -8.881170154917061 -0.3994822752136067 0.9156954606935378 0.04376911074501703 2.1090920521030516 -0.010888110948147726 -0.052480116879750044 0.9985626101413314 0.04207417433226308
0.9168437413339081 0.3981136359804006 0.030051403017281018 -9.02656050746903 -0.39907113302634145 0.9160708570430851 0.03945143421245476 2.151053175668273 -0.01182306059842584 -0.04816344799547311 0.9987694916822767 0.0460504187491795
0.9163337176333507 0.3991480453256226 0.03183325055625688 -9.157450680935355 -0.40022631186200175 0.9154450673927736 0.04218089472237219 2.185368429005402 -0.012305170522282898 -0.051392280538762 0.9986027319607346 0.04880049079931445
0.9162280653203304 0.3993299670043758 0.032583888221765236 -9.296171549761915 -0.4004209722717647 0.9154466987306483 0.040254027725092505 2.2240595946091024 -0.01375417334116902 -0.04992914214606618 0.998658051327009 0.05084343925915951
0.9220272031511335 0.38548566956465175 0.03558981890359174 -9.439511316520193 -0.38673146698257077 0.9213337198046082 0.039786294078646325 2.261273122843331 -0.017453054025215423 -0.05044774832731284 0.9985741913317693 0.05317492665797391
0.9382381755278869 0.3442339823320921 0.0348151028993312 -9.588051481195835 -0.34550045636230764 0.9375064483944805 0.04136537044684248 2.292293279825666 -0.018400017270081552 -0.05083920363810029 0.9985373376784188 0.05802178867270635
0.958125466921644 0.28427014192380673 0.034439454798245915 -9.735007047581675 -0.28558821763353476 0.9574040666983173 0.04262420695361756 2.3122636391056237 -0.02085568471861894 -0.05067484070170134 0.9984974215964579 0.06242997016130185
0.9728202452406424 0.2289123936678793 0.03492687325224361 -9.870136119492518 -0.23033838248836763 0.9720934068091887 0.04448188384890572 2.3218318925604398 -0.023769728702256635 -0.05131787664495627 0.9983994568979263 0.06706934497997674
0.9831208428261462 0.1775221453152463 0.04426393931272252 -10.08555631945091 -0.1795892665271271 0.9825625763409198 0.04815058590030272 2.316908054570035 -0.034944294942898975 -0.05528717298765146 0.997858820051202 0.043032531146074554
0.986107919130644 0.16078581304395678 0.041702447789370135 -10.243568528392379 -0.1627347719588337 0.9854760375488777 0.04852188591212572 2.3203265097555157 -0.03329513212675019 -0.05463425428022913 0.9979511673603602 0.04583676202829403
0.9865405930950595 0.1583550239144158 0.0407595949036901 -10.404895128213127 -0.1601920120774289 0.9859841311183771 0.04662416164740827 2.324969342472538 -0.03280514353318699 -0.05252598960327712 0.9980805793992604 0.048118691847330634
0.9866646981347066 0.15785563633149352 0.03967835093760476 -10.568013484528883 -0.15962663429956234 0.986089901331266 0.04632541542920246 2.3292576644443046 -0.03181369323015247 -0.05204137364514565 0.998138058763508 0.05104834413554155
0.9867291877460304 0.1576396231468328 0.038926331244850065 -10.717267552049814 -0.15946658073264697 0.9859666003068391 0.0493991164780495 2.331994163825043 -0.030592804374516485 -0.05495099902183997 0.9980202743566908 0.05358975819862179
0.9870046579090783 0.1559158551504908 0.03888510484072942 -10.88260687757381 -0.15759603111248816 0.9864911853384721 0.04470606476852709 2.338722887107989 -0.0313894288475438 -0.050253232355613145 0.9982431148745469 0.05674731928783105
0.987065060398185 0.15556898143412254 0.038740915795536644 -11.049127779151554 -0.15734215671886817 0.9863804735182641 0.04792710278057989 2.3413475847073055 -0.030757312304269313 -0.05340274784535692 0.9980992607262982 0.05977845181852461
0.9857376962509388 0.16403825924030688 0.0375851525911746 -11.214820300241524 -0.16574887852406547 0.9849937227761315 0.04811107314986862 2.3478280374005904 -0.02912908268220252 -0.05365459530205495 0.9981346006151005 0.062051265004856325
0.9801351445589261 0.1946304465550689 0.03813250154693972 -11.381680393247754 -0.19624701992880045 0.9795402050798948 0.04458804549543324 2.361227871315461 -0.028674127179704835 -0.051185700208283724 0.9982774256311068 0.06381207268154954
0.972134702609445 0.23122257593941872 0.038603631414488415 -11.534693346355496 -0.23280357836341947 0.9715618208754098 0.04324490858407955 2.379113017569764 -0.02750661527038798 -0.051026939876872214 0.9983184048805115 0.06638998466259845
0.9678504392320469 0.25045843872468393 0.02315378478624151 -11.600865509242569 -0.25143327896873596 0.9658888327556917 0.061968290156153044 2.2833861290499593 -0.0068435009581110096 -0.06579766887543279 0.9978095175258629 0.058557125636013355
0.9648651659196202 0.2619103151991512 0.020933188653071238 -11.740463866193902 -0.2627167997953205 0.9628709991434252 0.062123442546655014 2.2851443149225603 -0.0038851898549897377 -0.06544024603272287 0.9978489261902161 0.06059177485074699
0.96413744395752 0.26466310757643513 0.019809811888158453 -11.881020258481877 -0.2653931754661965 0.9620674341439355 0.0631879306171119 2.2844136334885987 -0.0023348608156656247 -0.06617923879653377 0.9978050194187654 0.06214598903162314
0.9634956186927939 0.2668888780568762 0.02113100871544889 -12.024541870187191 -0.2677041197592495 0.9613823433548003 0.06386308910128274 2.2829237415781374 -0.003270630476821291 -0.0671886646330677 0.9977349278847109 0.06215682329547937
0.9628018524083776 0.26935917981374313 0.021406196510928094 -12.148911312677745 -0.27017931739310125 0.9608352291915089 0.061634396220767065 2.2805212740689473 -0.0039660373163549895 -0.06512522241473157 0.9978692178604553 0.0624939200813675
0.9621133820164096 0.2716880836589081 0.02287849083083123 -12.283603643484666 -0.2726178604549216 0.9598900142330996 0.06550315058499802 2.2730024003267357 -0.004164409433179432 -0.06925854296280134 0.9975900520357762 0.06294516312668018
0.9613302686553239 0.2745034026112325 0.022180994611117364 -12.424670056196305 -0.2753778960977943 0.9591124749717527 0.06534733884643862 2.2682097264611736 -0.0033360017738673126 -0.06892853043852333 0.9976160227180346 0.06368304411766092
0.9609247690782066 0.27575813316418657 0.024104774751034903 -12.570899811760802 -0.27675798831276754 0.9587782706120763 0.0644146233955168 2.263486055699872 -0.005348277953269036 -0.06856879608042543 0.9976320544805162 0.06336035586373388
0.9601835802518133 0.27814291282188985 0.026153628080331295 -12.716196428177192 -0.27927752727508165 0.9580570532492168 0.0642708758190157 2.256535514184907 -0.0071801792405031825 -0.06901596022936925 0.9975897163963211 0.06499018515164817
0.9594077937993322 0.2806957378196219 0.02732376194809452 -12.845569063061845 -0.28192923231549877 0.9570699401603324 0.0673278367949772 2.2468562750384815 -0.007252114387652784 -0.07229821859074828 0.9973566936786019 0.06440193340525073
0.9663024514863137 0.2545721348133374 0.038112995528040226 -13.083375102049937 -0.2559176160193616 0.9660307290782013 0.03592776485680057 2.447497778578108 -0.027672117058639603 -0.04447087421244286 0.9986273555657657 0.056470839471264474
0.9653325184016247 0.25795447359221096 0.03990762421069774 -13.241431667391625 -0.2594457626303655 0.96500135511269 0.03821362170509479 2.4720264025379133 -0.028653536771661697 -0.04724271567593665 0.9984723835169592 0.055961322149041814
0.9649707340135588 0.25957201188607887 0.03812942620531924 -13.401029518186956 -0.26093228943663105 0.9646671102625124 0.03649255687304054 2.5009055985224644 -0.027309756987050737 -0.0451634478664685 0.9986062488038622 0.05670178654533415
0.9641770960056992 0.2619721939379489 0.04163048331877189 -13.561555875086162 -0.26355386229150224 0.9638746886119894 0.038535001289378853 2.5283770241091283 -0.030031470314467602 -0.04812644030549346 0.9983896817046304 0.05439736616181018
0.9636463532873791 0.263653050694178 0.0432755664964542 -13.709869122528918 -0.2653015700498328 0.9634106350625211 0.03814479227264802 2.5567007505081096 -0.031635150150259944 -0.048239165706747106 0.99833471349387 0.054923270448764536
0.9630501604788752 0.2655758865783351 0.044764236503532395 -13.873493957955494 -0.2673392450864831 0.9627944385640258 0.039453733749439036 2.5880137301405077 -0.03262079763283289 -0.04996316181261522 0.9982181955982791 0.055366202266857054
0.9628302506875344 0.26663371964975824 0.04317832681697973 -14.034870141957512 -0.2682827981822953 0.9625771161314755 0.03833582788319076 2.621325270313912 -0.03134084492252264 -0.0484948971103757 0.9983316064283433 0.05539678175626754
0.9624590788382494 0.26777344487618515 0.04438359810751076 -14.198867218572676 -0.2694952242440694 0.9622208019632636 0.03877437786493022 2.6554658914175016 -0.032324072631200934 -0.04927991972714922 0.9982618112700788 0.054791744698981064
0.962263288878742 0.26884210552232535 0.04211039271473817 -14.364156786544608 -0.2704340695797676 0.9619811728835452 0.038179012927578006 2.691565630984223 -0.030245278752096365 -0.04812634741928405 0.9983832319291457 0.05491339105017232
0.9616806098640086 0.27079685097968603 0.0428890441846651 -14.514886807740506 -0.27238832040571614 0.9614768461205768 0.03697130347420349 2.7255854238227593 -0.03122511037836923 -0.047237060381806834 0.9983955391568735 0.05462234650617289
0.9633660118486048 0.2663927126997742 0.03099757789520352 -14.605415930129883 -0.26766643267407025 0.9622604430374324 0.04908686774425175 2.6683772171692604 -0.01675135918219959 -0.055585631109665475 0.99831339246736 0.05172502815193382
0.9627901227802341 0.2680298133801511 0.03457164468495977 -14.760264146199559 -0.26957036659793143 0.9615457765057073 0.052550329554565484 2.6882854051524703 -0.019157163910103414 -0.0599144291755999 0.9980196712728079 0.05192467129963827
0.9622238032042282 0.26960518318289584 0.03792621452383619 -14.91415334490013 -0.27140393133131696 0.9608832976061424 0.05516515602670997 2.70810827798367 -0.02156985408148752 -0.06337454995865954 0.9977566876811405 0.050154759991454294
0.9661261506739232 0.2558482046814914 0.03379285642330011 -15.064979176445176 -0.257262782445681 0.965161073130145 0.04774896525133641 2.7303696322865734 -0.020399062534691915 -0.054825168267182145 0.9982875733836322 0.05023361088981742
0.9739471318393501 0.22460960523024268 0.031265150251007484 -15.204684782261692 -0.22598913955635647 0.9727719216487161 0.0514168965850903 2.739430414256994 -0.018865131446167038 -0.05714292336045455 0.9981877544456955 0.050085109781464965
0.9843867579046217 0.17411882863031058 0.02579427026368942 -15.358770116870916 -0.17530663566000293 0.9829897692161994 0.054760360753506404 2.7417593384104633 -0.01582069390383057 -0.0584272807230639 0.9981662980243872 0.05093155028596031
0.9918081912973203 0.12529506005664104 0.024852758417139995 -15.515193685786913 -0.12654868577258083 0.9902784417668041 0.05774112833278293 2.7363998792988764 -0.017376472736737966 -0.06041320797071641 0.9980221953934273 0.050183133339574006
0.9951190683086556 0.09562356167219241 0.024375691613530072 -15.674410601055696 -0.09686225955529626 0.9937173131716558 0.05606785332744408 2.7279765048454223 -0.018861138946413676 -0.05815527453318211 0.9981293610958523 0.050618965672753
0.9954074313805765 0.09201552903354375 0.02640431724169147 -15.819467342168984 -0.09345607187772846 0.9938245339358819 0.05982272458114901 2.7176415161338356 -0.020736638626056788 -0.062015628383531085 0.9978597364633408 0.05011015648743618
0.9954272058171126 0.09160092843954676 0.027091471502093 -15.978605607237142 -0.09306110776706675 0.9939271434164809 0.058723622173027165 2.708221310190727 -0.021547810568641856 -0.06097625348418097 0.9979066030299283 0.04865487260790708
0.9956102198748686 0.09013850333971078 0.0252059575575427 -16.12658318151004 -0.09141999405141248 0.9942695264982451 0.0554120326697633 2.715209256363547 -0.020066757793809224 -0.05747311452002715 0.9981453633309191 0.035904127728174015
0.9956345513752797 0.08991408261876616 0.025045914927811504 -16.284135721796968 -0.09117050506655287 0.9943371745636129 0.05460331754354231 2.7074358822634816 -0.019994477078811915 -0.05664839827988918 0.9981939590373546 0.035113078297124366
0.9956825246259206 0.08932322257902858 0.025252169464237532 -16.441832352394627 -0.09063412829539425 0.9942696484558473 0.05668616187059827 2.698174888472535 -0.02004407500203664 -0.05873012912962962 0.9980726461484303 0.03383143430867798
0.9956778686892418 0.08945634020196812 0.02496287243325193 -16.586517139890585 -0.09072811532885106 0.994323534924148 0.05557982533996698 2.6907451746147477 -0.019849203795713574 -0.0576044364056821 0.9981421431915696 0.03366530269439955
0.9956375570926399 0.08878618459129604 0.028685681660380432 -16.747175075062252 -0.09033006431345886 0.9942237834713873 0.05796160678385752 2.680003470920788 -0.023373797032719523 -0.060299932052701656 0.9979066007431322 0.032258783734742634
0.9956564401578932 0.08819502656732055 0.029831031844393667 -16.906457736780087 -0.08975838247902349 0.994392719983257 0.055915572241096605 2.671170306832833 -0.024732285516323328 -0.058350284772994775 0.9979897586248315 0.03133505766107597
0.9955696416306088 0.088149508994251 0.03272235822146103 -17.06648339353786 -0.08989189036480119 0.9943607778128442 0.05626803350107605 2.6605117100321953 -0.027577830047770584 -0.058960220585646705 0.9978793292168889 0.02999212417670793
0.9955881540289283 0.08743325076457845 0.03405369609909132 -17.228153981664327 -0.08919366678314611 0.994540905098607 0.054156051290880226 2.650700139645814 -0.02913275412740829 -0.056954497156780276 0.9979516360478449 0.029542320378226097
0.995546281926579 0.0877023961734179 0.03458164610895943 -17.374018428626695 -0.08963829758928711 0.99421962375938 0.059095814886091225 2.6379104462161327 -0.029198906614098734 -0.06193245867231182 0.9976531433395796 0.029137588809597676
0.9956756560533992 0.086738264832288 0.03326351389310338 -17.533598805965276 -0.08845906294364561 0.9945975846783938 0.05431978217038052 2.628318259039758 -0.02837220692447015 -0.05702734401836823 0.997969388262208 0.029082534679376448
0.9953372629080394 0.09131879459093996 0.031058184447748906 -17.66572533131328 -0.09276116900234874 0.9944969246128731 0.048695302246265275 2.665891217523815 -0.026440472613975214 -0.051349242350741134 0.9983306850527808 0.04542903371590163
0.9953712503270532 0.0911739841065861 0.030387146040565343 -17.821399333194847 -0.09257024386306577 0.9945369191141684 0.0482396773416905 2.6625052673161695 -0.02582293502859803 -0.05082933347024982 0.9983734546177992 0.04752192346926756
0.99533052953698 0.0914319121769461 0.030940950329657258 -17.976465915133957 -0.09286827340087611 0.994486730168968 0.048699356395895135 2.6585933082577586 -0.026317689244598014 -0.051345388824133954 0.9983341275741922 0.04869985303415753
0.9954017123557588 0.09098796594271012 0.029943631924523154 -18.11873873423161 -0.09234879461017008 0.9945822153792092 0.04772752859129495 2.6561633055227007 -0.025438773029997388 -0.05027332200076376 0.9984114692458895 0.04969993692784464
