-0.4387360944689169 -0.8980170371625646 -0.03280305436892226 0.0 0.898221605695855 -0.43933261249304356 0.013594214254502959 0.0 -0.026619287581031815 -0.023500139697587477 0.9993693796404172 0.0
-0.4374486489731545 -0.8985748099897172 -0.034669732671390355 -0.008084057023497153 0.898794911655427 -0.438122896897511 0.014698094993778886 0.041039909780308595 -0.028396941628897495 -0.0247313175159919 0.9992907362925206 0.039587787655591566
-0.43664999280439093 -0.8989501737787916 -0.035005268846357365 -0.03496639764538892 0.899217099702375 -0.43729919975092196 0.01334231989019849 0.0970572265308827 -0.027301856837484113 -0.025651412442274316 0.9992980604669169 0.07378240953240764
-0.4373205141855771 -0.8986568288172538 -0.03415657905264208 -0.042692780564716246 0.8989480154569041 -0.4379022853030087 0.011578170515943441 0.13873283566467168 -0.025362046024648005 -0.025641617470808786 0.9993494254138161 0.08455931909231497
-0.4387289392468144 -0.897986615785934 -0.03371877424656179 -0.02239533560752008 0.8982717531956377 -0.43929405282004663 0.011339866303163946 0.14643982112922296 -0.024995505159939483 -0.02531349494367916 0.9993670255194214 0.07255762011735911
-0.44053557905688234 -0.8971206599985418 -0.033210314494116024 0.021160427155424176 0.8974081497446866 -0.4410720728826537 0.010678918241896034 0.12676453779860763 -0.024228420436244832 -0.02509876345120904 0.9993913326202029 0.049309606539876025
-0.4412584922008834 -0.8967736957345617 -0.03298305169596595 0.06992150053712456 0.8970852142529347 -0.4417575514332236 0.009401282917192178 0.09159121550564889 -0.02300133538230198 -0.025440212072597092 0.9994116940382138 0.021979022984511043
-0.4408384230377998 -0.8969439328348057 -0.033956827360304656 0.11699521595440794 0.8972981061406482 -0.4413402067691186 0.008656246611411783 0.052649379317773116 -0.02275068108764777 -0.026653390775345252 0.9993858130222907 -0.0040163045340125166
-0.4391007014607291 -0.897766483439289 -0.0347262896052628 0.14194506112789135 0.8982067317419327 -0.4395363677710557 0.005696354983955749 0.025038322029625793 -0.020377463781630797 -0.028690113622642656 0.9993806263632232 -0.02310310105072883
-0.4373645761934951 -0.8985367148117195 -0.03666060046489948 0.16876627474706699 0.8990846104933036 -0.43776299431059007 0.0032286198802179873 0.011365901068776774 -0.018949687733285484 -0.03154889772383334 0.9993225587302741 -0.036926412206835124
-0.43552012825314607 -0.8993336166698133 -0.03900338208356537 0.19131334859130303 0.8998999443777984 -0.4360550139334343 0.006009570063469779 0.007505834021791837 -0.022412228697711076 -0.03248185264275787 0.9992210072119659 -0.056143377797321946
-0.43573932355437434 -0.8992772955555837 -0.03783632654753316 0.23185088078610486 0.8997402112184446 -0.4363360909630244 0.008852572490303684 0.024647727535209996 -0.024470272269941182 -0.030185450490966537 0.9992447369657207 -0.07979174104505626
-0.4362091932190668 -0.8991064764490647 -0.03645660102805205 0.26848590488907914 0.8994371446543649 -0.43687345985862597 0.012425895829149495 0.06800749605178721 -0.027099124841480367 -0.027370131137817052 0.9992579813813471 -0.10731714248448647
-0.4365834098394021 -0.8989248816089787 -0.03645522565126366 0.3010222411886741 0.8991970765498843 -0.437303575177348 0.014498298564008201 0.13282315865383268 -0.02897488183137726 -0.02645071570663823 0.9992301115666323 -0.13650520330042662
-0.43617832157749903 -0.8990198153320378 -0.038882430816297935 0.32645273046935935 0.8993667969993545 -0.43696275420148445 0.014244855063313471 0.21776679095137275 -0.029796581027989943 -0.028756270290172064 0.999142252473611 -0.1762434160647959
-0.4352462095169538 -0.8992746212290885 -0.0431959803037677 0.3347678504983396 0.8996062800616978 -0.4363030464806357 0.018659917075653648 0.33605313905844286 -0.03562692766262601 -0.030737716977611896 0.9988923439391886 -0.21605996652154058
-0.43560502579667465 -0.8992253950561845 -0.040520986991031745 0.329214884391372 0.8994058278101091 -0.4366247073187917 0.02068868918012637 0.4794790571228745 -0.036296258786421544 -0.02743271486434324 0.9989644777234478 -0.2596597926365589
-0.4404078942255294 -0.8968564473798066 -0.04110230525295355 0.3094791972138242 0.8968744643777223 -0.4415694409781805 0.02515201664660116 0.6527172794400408 -0.04070727024756971 -0.025786461321577282 0.9988383135230157 -0.3125438833050491
-0.45589656210946283 -0.8889320419628756 -0.044250982231867145 0.2792136585896078 0.889076559275925 -0.4571475876397186 0.02364222623334112 0.8461087196529483 -0.041245562220138296 -0.02856410136689416 0.9987406548800577 -0.37090253619829083
-0.4828244087212707 -0.8747609844435293 -0.04091222846952714 0.23972704534549644 0.8749566147933943 -0.48382502356866836 0.019085827151619335 1.028326198456805 -0.03648989685158528 -0.026581321715914413 0.9989804406311446 -0.42811222271878696
-0.525859597523646 -0.8497176658516292 -0.03809950172807997 0.20415809411704602 0.8498790312732102 -0.5267111190321199 0.01676392824017953 1.1758851374822676 -0.03431203716451275 -0.023564495063356512 0.9991333237751757 -0.4827171347232958
-0.5847495519215431 -0.8101718424346375 -0.0411041026373208 0.17553649344325756 0.8103624914859667 -0.5857063462966972 0.01614646402250203 1.3225100098437899 -0.037156344279424665 -0.023867585421198805 0.9990243963217068 -0.5341858035023445
-0.6332730225024513 -0.7728873432832045 -0.040130207615209815 0.13544129577225342 0.7730551954168259 -0.6341700764788958 0.014628018929596701 1.4803384086411928 -0.03675518752044399 -0.021759335729325043 0.99908737730939 -0.5833835372888241
-0.658010125273534 -0.7520097307584996 -0.038781953045678795 0.07779413306401002 0.7522205493983899 -0.6588050677240889 0.011837559032300616 1.6437007700676993 -0.03445170678344908 -0.02138334832498608 0.9991775779680605 -0.6272661143608577
-0.6808526440863369 -0.7316378944105254 -0.033847725228982696 0.0281287873240906 0.7318628263220514 -0.6814103669369868 0.007530954700431511 1.785878158811889 -0.02857412270818816 -0.01964442143037226 0.9993986272844902 -0.6632140138693162
-0.714904360153465 -0.6982595943252974 -0.03667826013098115 0.0014921229121642385 0.698387969588468 -0.7156299908335145 0.011311947388539509 1.9078230621783818 -0.034146738755874005 -0.017528695111020082 0.9992631010299756 -0.6942330298917522
-0.7599970183035863 -0.6487784993545311 -0.03861335189983814 -0.016570209084386608 0.6489139269467314 -0.7607877096558546 0.010619616338220485 2.0340692019302424 -0.036266342305644954 -0.01698586506132438 0.9991977946352204 -0.7236925876595883
-0.7991777158576766 -0.599826024375981 -0.039034842869057056 -0.053745017458047044 0.599949730953629 -0.7999780886199244 0.009766168986905738 2.1667798229308923 -0.03708502130476701 -0.015614038853472555 0.9991901235428158 -0.753970482528261
-0.8292480682203546 -0.5576857595237147 -0.03652718134852009 -0.10100514990550358 0.5577505337884854 -0.8299560938441682 0.009339397710225558 2.2866841465190837 -0.035524405856676475 -0.012628377385379735 0.9992890175885766 -0.7857214366345595
-0.8575291697824887 -0.5133337387975799 -0.033648114126256706 -0.16193170184862524 0.5133035803708438 -0.858146624874951 0.010188453965292318 2.3640127706518874 -0.03410509273742488 -0.008534800983510105 0.9993818088306108 -0.827709174699941
-0.882137158860209 -0.4697460367359648 -0.034244618977172965 -0.23778529255982964 0.4697408827206965 -0.8827614989771918 0.008697069869925439 2.4022121380202046 -0.034315245282805246 -0.008414089041306388 0.9993756386098201 -0.884399285890908
-0.9037193668550015 -0.42652214495780033 -0.03701575113100143 -0.32846895825595057 0.42651810176173377 -0.9044399977557422 0.00840234069532498 2.4319762156239024 -0.03706231024588627 -0.00819452989440038 0.9992793577569025 -0.9499405993549631
-0.9184901015206953 -0.39370247128643 -0.03707151887178006 -0.43041911522829934 0.3936848781731563 -0.9192099431318344 0.008080664908099666 2.460187519535308 -0.03725788649789605 -0.007172485658935414 0.9992799434308598 -1.0212480971174775
-0.9265349841485438 -0.37459388347623873 -0.03481875372622887 -0.5250663799793411 0.3745479342474695 -0.9271723480000247 0.008079731126361437 2.488770131136819 -0.03530960350684981 -0.005555138730142616 0.9993609819949336 -1.0964130741223568
-0.9356720572852821 -0.3513541637331417 -0.03268107775016362 -0.5752227772860979 0.35134234017181504 -0.9362259119051377 0.006293002461922794 2.51808948176099 -0.03280794443606913 -0.005594059776030877 0.9994460191911827 -1.1583002099682873
-0.9470247445404072 -0.319218153456166 -0.035269019439336455 -0.6123209582292533 0.3191269642656459 -0.947675302805468 0.008336733842324763 2.564493140055819 -0.03608481545982755 -0.003360201868972521 0.9993430817975526 -1.208656971651502
-0.958323885737067 -0.28381366740953035 -0.032636363421212594 -0.6606751102858359 0.28371617150262374 -0.9588775656139361 0.007677772475483837 2.6404254235654965 -0.033473333471627065 -0.0019016713291239403 0.9994378017627976 -1.2491262590935948
-0.9689399681639277 -0.24491920591080077 -0.034204103123885825 -0.7104848674351381 0.24474558768096674 -0.9695433181595131 0.009238588795870462 2.7433228031178416 -0.03542506746902345 0.0005803346135945185 0.9993721668160223 -1.2808744066287414
-0.9785911647122162 -0.20302405056383058 -0.033772285084718065 -0.7641699551890442 0.20279308599678939 -0.9791688476214053 0.010165240757978136 2.8704372072681257 -0.03513255782158624 0.0030988288794365965 0.999377856789157 -1.302566054382987
-0.9859533795354515 -0.16324799375455493 -0.03529909230752121 -0.829947334319049 0.16308172470340004 -0.9865836083768362 0.007558753197848421 3.0114423649828304 -0.03605945715601588 0.0016959414065179713 0.9993482072492846 -1.3147252826604565
-0.9907343136792526 -0.1317695256953032 -0.03289850751227434 -0.912412967751137 0.13151970164882093 -0.991266536395264 0.009655148944576208 3.154592530607473 -0.03388344399121007 0.005238885470369853 0.9994120603146246 -1.3189026172684946
-0.99333117397608 -0.11109749200328117 -0.030830602943888376 -0.9942276204733146 0.11098084920153309 -0.9938074671441928 0.005474427728159792 3.2916959760882696 -0.03124787861294577 0.002016313225952152 0.9995096320512201 -1.322601312490967
-0.9948583407810864 -0.09804395633362241 -0.02538236404975908 -1.057152647152342 0.09787375570448827 -0.9951677505615252 0.007866141786927974 3.41827045879712 -0.026030937797204116 0.00534142946828343 0.9996468673529836 -1.326309501786648
-0.9956094210007228 -0.0882800572526892 -0.03112093035350144 -1.0992838859680485 0.08806980504429822 -0.9960816488517474 0.008065870085943838 3.5395569479741766 -0.03171104309329599 0.00528964197710354 0.9994830811142774 -1.3331383382743267
-0.9968216679509254 -0.07055195052588148 -0.03699979162817631 -1.1711026642001527 0.07025127569762929 -0.9974853555266475 0.009366096985051035 3.6860211250084665 -0.03756754671775324 0.006737045856402857 0.9992713803800938 -1.3436641618724858
-0.9981598879620083 -0.05014727284456847 -0.0340894278321511 -1.274612047739817 0.04984126495278839 -0.9987093801493819 0.00976843434452755 3.8348169798738936 -0.03453529168223398 0.008051399126226651 0.9993710465090196 -1.3517359734730463
-0.9987008815001842 -0.03910441349828072 -0.03267099838864018 -1.3733988345729384 0.038801173069730174 -0.9991982550058176 0.00986489542478622 3.9696874332995273 -0.033030565529035286 0.008584406693802631 0.9994174751836931 -1.3550830103051241
-0.9986816738999145 -0.03738109026999062 -0.03517908905431926 -1.4463967538619347 0.037054669986149424 -0.9992643413678598 0.009885722172654286 4.077727610116212 -0.035522748326705655 0.00856914003177472 0.9993321290694267 -1.3494274513092364
-0.9986336383180209 -0.03820497456884292 -0.03565440138196532 -1.4937849820311853 0.037903254553629216 -0.999239973304906 0.009100496901470556 4.160507369455055 -0.035974987337801946 0.007736644479679516 0.9993227429705781 -1.335795037786586
-0.998717012583838 -0.03799665377937625 -0.033475111309512084 -1.5149694005724694 0.03773759427893149 -0.9992529033388892 0.00833721457319207 4.210812913241165 -0.033766888421244375 0.007063247862768383 0.9994047767426252 -1.3169688824591397
-0.9987321821828584 -0.03499920869652212 -0.03618126121188905 -1.4979271453027014 0.034717629917383884 -0.999362011999578 0.008381834230923162 4.240982015053709 -0.036451535566903476 0.00711507995544631 0.9993100926099177 -1.2966744818312037
-0.9989192549833074 -0.023830327104433315 -0.03990535720539313 -1.4770396539634705 0.02362162263964246 -0.999704758407699 0.0056934138154957565 4.26165142754862 -0.04002925139775463 0.0047446313976807555 0.9991872434661261 -1.2759382450966859
-0.9992449168683221 -0.0038268433119502555 -0.038664601162895516 -1.4649207278159453 0.0036574428607702683 -0.9999834054321747 0.004451064141416455 4.279226801152348 -0.038680993065589725 0.004306289648477493 0.9992423312915257 -1.25815332502025
-0.9988792514598863 0.026363513739952098 -0.039309110219139534 -1.452767560228934 -0.02650732562461379 -0.9996436822078529 0.003141704975924758 4.290976184034622 -0.03921227730147532 0.004180163299252087 0.9992221592536986 -1.2435193945248029
-0.9974316668245478 0.060664150754286154 -0.038077957256995344 -1.458942016149922 -0.06078659460225978 -0.9981486489175415 0.002065086135491257 4.3073215335257276 -0.03788218489296578 0.00437441165732246 0.9992726377672848 -1.2314155951464756
-0.9944912811887984 0.09797474326986735 -0.037256426568658685 -1.4874579580610416 -0.09819793695851727 -0.9951580217765201 0.00420438710568309 4.324499619294531 -0.03666410801524212 0.007839730546833214 0.9992968937249829 -1.2240494091735488
-0.989763986877914 0.13820689589192436 -0.035582358092957185 -1.5382874570218354 -0.13847461448120338 -0.9903525364054956 0.005160889408190883 4.345160241551957 -0.03452580808350118 0.010035315795741379 0.9993534214746358 -1.2211866924272696
-0.98626688039118 0.1610290478679141 -0.03670539995971561 -1.6127014015693266 -0.16141378730760533 -0.9868563724885449 0.007751731791391184 4.365613490313563 -0.03497470386529097 0.013570033953662639 0.9992960643713311 -1.2252730837376407
-0.9864196047305783 0.1604014813697446 -0.035323196026988184 -1.7109515081654694 -0.16094196466208419 -0.9868781034183194 0.013011264510782206 4.37678577800368 -0.03277266259976456 0.01851955096249819 0.9992912382375168 -1.2376949823679797
-0.9874190917971833 0.15461381075148484 -0.03313769272791344 -1.8243045561923181 -0.15512139064931502 -0.9878055977338474 0.013321233002214302 4.378130363830761 -0.030673951774236305 0.018294004771528736 0.9993620155238897 -1.2588261132267495
-0.9883230258565262 0.1497162227763724 -0.028331064211847893 -1.9429444399589484 -0.15016280123379844 -0.988557267244394 0.014340938041652495 4.372048777402513 -0.025859808340723607 0.018427751242932652 0.9994957169976816 -1.290168089581869
-0.9889288805799903 0.1458474699905133 -0.0273529642301088 -2.059566602821685 -0.1463003446848405 -0.9891211458243692 0.015348225571184825 4.361637554204607 -0.024816895452577193 0.01918005162801802 0.9995080026291148 -1.333204527754208
-0.9893281131570244 0.14321323003510458 -0.02683011852515971 -2.1732119023078686 -0.14364403218864694 -0.9895176435864018 0.014873635998020381 4.351903493485184 -0.024418774206517 0.018568892646759153 0.9995293490899225 -1.3887130338208509
-0.98958128981775 0.14146435074610386 -0.02677140845420161 -2.2740846671122252 -0.14190749594442173 -0.9897595214244965 0.015438663942697144 4.336597668100512 -0.024313235848449372 0.019076876514118102 0.9995223556004351 -1.4616931889954121
-0.9900282064670186 0.13844012037863598 -0.02604771524043873 -2.3730284787943723 -0.13891410703748766 -0.9901523376480424 0.01735566524493921 4.320587437884616 -0.02338848574995026 0.02080099323748144 0.9995100286713778 -1.5487804825122262
-0.9905547965499116 0.13451240623682656 -0.02660089472822322 -2.488788058190818 -0.13504249266110357 -0.9906529337096976 0.019242923588823804 4.319457792711037 -0.023763842446853083 0.022653421391667736 0.9994609058344467 -1.6337861908272377
-0.9914197337478974 0.12818472372291523 -0.02560445545853805 -2.6249848041354493 -0.128566290589983 -0.9916041834231576 0.013851077273079633 4.333984072952342 -0.02361398863344377 0.01702410120307884 0.9995761899520451 -1.717860093567283
-0.992244586106659 0.12269183284790129 -0.019934781023319352 -2.7804121635750945 -0.12294860682670863 -0.9923379729738381 0.012206042501389654 4.357254673748408 -0.01828445846604318 0.01456233314400429 0.9997267711890118 -1.792260330587422
-0.992886564066507 0.11775109217737971 -0.017633808075405006 -2.9220266155645422 -0.11797808050003918 -0.992938337492631 0.012435049613732325 4.386343006601744 -0.016045043400759896 0.014426996513617608 0.9997671820748387 -1.85947218631956
-0.9935345413256764 0.11183286125870986 -0.019558280483418317 -3.068373078788665 -0.11206596501813096 -0.9936370243449645 0.011255369182732696 4.430783988427775 -0.018175111480619864 0.013374415634887032 0.9997453627444803 -1.910150145775712
-0.9939855833957256 0.10788009956282485 -0.018829341989930234 -3.2301198780460387 -0.10809067295126527 -0.9940851031251143 0.010545812708051914 4.481821018625048 -0.0175802850489223 0.012517662043916114 0.9997670937346121 -1.9452918220691275
-0.9942036059569463 0.10602639216136317 -0.017821169082015635 -3.386984077955111 -0.10624017965995977 -0.9942738945859686 0.011508552066600937 4.537564459849732 -0.016498912934627838 0.013335168168981778 0.9997749542581472 -1.968696519769409
-0.9925410497957916 0.12067412511095875 -0.017321085386680004 -3.526132077209203 -0.12088015455905582 -0.9926018480193882 0.011382422513423926 4.59504607901249 -0.01581937748606948 0.01339129706936552 0.999785187157098 -1.9789202651740092
-0.9881250567853741 0.1527238813570547 -0.016860848618551322 -3.642937865915565 -0.1529049176684203 -0.9881901019525138 0.010020406972479561 4.650291508373289 -0.015131368269757757 0.012479521878533212 0.9998076331114741 -1.9812457859950172
-0.981396891932083 0.19141620601180295 -0.014831607535750996 -3.755246078170805 -0.19156041294451184 -0.9814396484177584 0.00899025617848458 4.703265533555016 -0.012835446956597945 0.011664158335417365 0.999849588043997 -1.9740054519919494
-0.9753606653974477 0.22013181331191758 -0.014613595158451915 -3.8660771009919253 -0.22025867518632927 -0.9754110400293209 0.007708371688088264 4.748711642949117 -0.012557404214691913 0.01073721364813459 0.9998635026054622 -1.9601928805758035
-0.9733224810895892 0.22894738002531695 -0.015048089086302747 -3.9749525213308097 -0.22906823734007212 -0.9733862904483197 0.00684632815249891 4.787146915406985 -0.013080154720743883 0.010110724346079488 0.9998633320637771 -1.940639906187308
-0.9739301982603246 0.22640652425632246 -0.014144069102487448 -4.075322885255056 -0.2265204143329817 -0.9739810616463235 0.007028047005740548 4.820861175538258 -0.012184859745559913 0.010048747607133555 0.9998752681532377 -1.9175516398931514
-0.9739732825362232 0.22594750217566206 -0.017993642382621453 -4.167184634502754 -0.22611291583796336 -0.9740703934318251 0.007734205248352272 4.850007495491363 -0.01577954995773255 0.011601504219226642 0.9998081870553885 -1.895173069127409
-0.970923637691578 0.2386168766932832 -0.019216553512425488 -4.2644174351331 -0.2388053030980131 -0.971033181904161 0.008160076797833912 4.863226310127848 -0.016712779063325647 0.012511826334429502 0.9997820448566564 -1.8797513915031354
-0.9664750351358804 0.25600785677866594 -0.019646468555262066 -4.3680054012858145 -0.25615549629239903 -0.9666207019066654 0.005364733419325478 4.868541310247145 -0.017617269320004243 0.010217431823103388 0.9997925964462062 -1.8688080710255361
-0.9634527980114577 0.26734532272195416 -0.016887404258421564 -4.4745312965739785 -0.26742316158861323 -0.9635759690074814 0.0024909028972737376 4.867489723099218 -0.015606365683388931 0.006915950403765334 0.9998542948750927 -1.860684367532279
-0.9633415927219707 0.2679000929992907 -0.01423080822961406 -4.579561616593665 -0.2679894433049723 -0.9634100949594768 0.004758908200739539 4.859640933206676 -0.012435192358289373 0.008398160580952167 0.9998874121069177 -1.8562232924223887
-0.9631985304165164 0.2682840126755928 -0.01650089531345759 -4.686369740380544 -0.26839718566698983 -0.9632951787621137 0.005034808805401062 4.851177656315807 -0.014544474191344648 0.009278314305408078 0.9998511745025594 -1.854652916268977
-0.9620443046439672 0.27244227715178765 -0.01568316047403073 -4.800390663239697 -0.27259320264502873 -0.9620925340206009 0.008420323838497324 4.839800089852672 -0.012794599400996262 0.012375847533296142 0.9998415557597117 -1.8543747543395694
-0.9620334707969426 0.272663545726658 -0.012090984168169018 -4.9276637182184 -0.2727920274235077 -0.9620139291882485 0.01066348076191732 4.855055214092244 -0.0087241527130408 0.013556949492944108 0.9998700406952322 -1.8674951142966227
-0.9608278628326102 0.2766695451486818 -0.016241329740522104 -5.0536278163363635 -0.276844357363336 -0.960865870866815 0.009694328209776316 4.896583619479379 -0.012923614068841023 0.013810901150138142 0.9998211036024499 -1.8942337278493673
-0.9531836447946112 0.30185915195294455 -0.017944126568595342 -5.20266807245128 -0.30208680020961254 -0.9532090468805781 0.011665251139081623 4.955427079383391 -0.013583240967393922 0.016539810375857573 0.9997709388842789 -1.9317096255623534
-0.9415551261342011 0.33651098145022085 -0.015306985784851367 -5.369874045004801 -0.3366704252004882 -0.941576178215161 0.009344806742453169 5.013875734432643 -0.01126806308692859 0.013952060103813965 0.9998391724538144 -1.9707128093689334
-0.9313265414197133 0.3639379094395421 -0.013419065540144649 -5.532545125039675 -0.3640706578231305 -0.9313254746412257 0.009242099140807841 5.065364518633558 -0.009133967343278338 0.013492900246838836 0.9998672473301147 -2.010672220214598
-0.9257226091312671 0.3780711970554372 -0.009991041000217037 -5.685563654511818 -0.3781603816602555 -0.9256922444609079 0.009412453850969142 5.131177079562582 -0.005690051473326901 0.012491537215072132 0.9999057879681641 -2.0583110453518705
-0.924942955710389 0.3800011892840167 -0.008923274312852822 -5.814944802117975 -0.3800825059812949 -0.9248917265356676 0.010610505777331974 5.221347365054916 -0.00422105777127474 0.013205693037655213 0.9999038915529266 -2.1079246947056185
-0.9263753645499754 0.37646537836914407 -0.01012436883353427 -5.937163237486798 -0.376539705756421 -0.926375573402248 0.006793157772666441 5.337690345598381 -0.006821579272292993 0.010105240869647845 0.999925672319297 -2.153684879173625
-0.9267245254988541 0.37564849129910166 -0.008358518028481931 -6.073293189941712 -0.37571132508217786 -0.9267026518512814 0.007949544439585357 5.461248289714265 -0.004759626447295548 0.010507427682911014 0.999933467746515 -2.192320957917416
-0.9271120372903023 0.37465639032126885 -0.009790786631428494 -6.209410028356788 -0.3747202549854134 -0.9271201812596215 0.005735852577733024 5.592542590220533 -0.006928262054215864 0.008986584031975558 0.9999356181736624 -2.2233358536454246
-0.9272352612285725 0.37430115076892523 -0.011550708525418875 -6.355151324163576 -0.37438036329493546 -0.9272582272550722 0.005614585196877209 5.711462729690053 -0.008608943810538642 0.009530399825776742 0.9999175253817826 -2.244296379863538
-0.9278208735569268 0.3729258460616319 -0.008645225924025108 -6.503371468523663 -0.3729715540994823 -0.9278322811141194 0.004413383643715071 5.806020815027491 -0.006375454860508126 0.007319252816078347 0.9999528899470895 -2.2569996725432504
-0.928338176578959 0.3716225060826344 -0.009216446110939993 -6.65187372539438 -0.3716777761872062 -0.9283472226064734 0.00520240015569704 5.872021847058304 -0.0066227331658885525 0.008255134869237284 0.9999439945085445 -2.266628423772471
-0.9289177419038086 0.37013938403797686 -0.010424258262167158 -6.791617346363645 -0.3702229748428997 -0.9289111475649015 0.007683022070234732 5.908476757760733 -0.006839420648195734 0.010996195416829774 0.999916149490322 -2.2672212749670857
-0.9294570951087675 0.36877873064781486 -0.010571479260630694 -6.934467543428241 -0.3688698286403671 -0.92944180555847 0.00854280978585822 5.9365018312735245 -0.006675168222429986 0.011839674910974572 0.999907627847295 -2.261606305552511
-0.929784204388887 0.3678999001632356 -0.01228807262371912 -7.095728211932449 -0.36801991762302944 -0.9297690029959008 0.00953631484102951 5.983068254440678 -0.00791665975415661 0.013388970381995473 0.9998790236675871 -2.2620905948846133
-0.9305617646617078 0.36598938143900456 -0.010323508298210207 -7.257307597023366 -0.3660840273220849 -0.9305326589034864 0.009563244933130353 6.022131904987935 -0.006106315528319676 0.012678461574767671 0.9999009798588886 -2.259395375804748
-0.9312113796086311 0.3644164147483476 -0.006785510249815317 -7.434647883047118 -0.36447298255682287 -0.9311451700991091 0.011318886307190208 6.073418784034991 -0.002193507128763112 0.013013410892671919 0.9999129160398993 -2.271637129532983
-0.9321210376321974 0.3621184271981681 -0.004540472112071485 -7.614646875436122 -0.36214660753159733 -0.9320627496927435 0.010433853006317658 6.11833082493954 -0.0004537144814159397 0.011369930462729152 0.9999352573164134 -2.2877044807568234
-0.9324793668107555 0.36119013166745173 -0.004890731873798474 -7.796190848677918 -0.36122309570394356 -0.9323813368583841 0.013524711022126396 6.162917829693603 0.0003249650321379368 0.014378159277922301 0.9998965761185036 -2.312984016411785
-0.933191727429752 0.35935228648129897 -0.004374249345655442 -7.9707377899694105 -0.3593781010563465 -0.9330947010670493 0.013478105272193619 6.199150431857282 0.0007617990614213276 0.014149665764827029 0.9998995982702132 -2.338396273078324
-0.9334728616873806 0.3585778164533254 -0.00709690360210783 -8.133570113822637 -0.3586447934495754 -0.9333658335624072 0.014217343980650912 6.227904818154529 -0.0015259831859457903 0.015816772297721573 0.9998737425742303 -2.3583423161886095
-0.9342009220800161 0.3566729147684974 -0.007284851089186154 -8.293467687697696 -0.3567418103412271 -0.9341050509277316 0.013529027524701311 6.240458456863219 -0.0019793785164467274 0.015237640954044413 0.9998819412104832 -2.3724616179973053
-0.9348487671760901 0.35500331034840443 -0.0055165343304462485 -8.46018999257931 -0.3550458335677985 -0.9347564080699015 0.013149663052833176 6.252325729297668 -0.0004884419020003514 0.014251568823480741 0.9998983219360748 -2.3902171999729296
-0.9355491550420437 0.35315670385751835 -0.00530292566524289 -8.63605060268073 -0.3531960957759465 -0.9354657347668759 0.012505079195967257 6.258137452355694 -0.0005444527035255423 0.01357208891667486 0.999907746731513 -2.408814818595296
-0.9361433427600259 0.35157942864109754 -0.005248539080948596 -8.824117405699978 -0.351618260971952 -0.9360589488468168 0.012579460833154298 6.276804932066244 -0.000490262322760728 0.013621660698754355 0.9999071006861903 -2.4363469729058322
-0.9371715864248132 0.3488087307633144 -0.006472012151127271 -9.007262666674738 -0.34886535072807173 -0.9370832428702851 0.012960053745640803 6.292828840029866 -0.001544234236832925 0.014403654917972393 0.9998950695276109 -2.4606829599374858
-0.9376868875079293 0.34730318722708947 -0.011126416206358961 -9.200331800402134 -0.3474213839264627 -0.9376392157148904 0.011449154736770644 6.287337335748445 -0.0064562362343112915 0.014601277186274185 0.9998725517375784 -2.4874544013762314
-0.9384942214727898 0.34506343852723087 -0.012641979826993666 -9.384094448039123 -0.3451718948214756 -0.9385081279371096 0.007671819949277606 6.276058683938365 -0.009217336249390992 0.011563614821754978 0.999890655784281 -2.5049714029217136
-0.9392596746867748 0.3429392150251835 -0.01356312298862579 -9.561369710999802 -0.3430473826731055 -0.939294915107448 0.006599673811936964 6.270833276983496 -0.010476485499705214 0.010851601319760247 0.999886236529122 -2.5165478554158245
-0.9397765368607601 0.34153467319925074 -0.013195748128750823 -9.733364318191818 -0.34164610342888685 -0.9398001279650209 0.007325263735083248 6.2728522881622455 -0.009899534224134228 0.011392386914564996 0.9998860998846489 -2.523486433732655
-0.9406001657291431 0.3393166771931193 -0.011641340512543431 -9.904134716261106 -0.33940360806906106 -0.9406184435291058 0.006491111044006438 6.284222337407093 -0.0087475173627571 0.0100566530964765 0.9999111683887152 -2.5275880093601457
-0.9412478844047372 0.3374866865789712 -0.012456182623650721 -10.065374042442867 -0.33758934109424166 -0.9412652983994991 0.007285245943513093 6.305629505274907 -0.009265898939780129 0.011062296816167683 0.9998958789323961 -2.5289745041035117
-0.9418827927936019 0.3357428358642523 -0.011556504884887728 -10.219676341691223 -0.33582094781748983 -0.9419091998725644 0.005599125144903735 6.3355740851943665 -0.00900531211493916 0.00915463605258326 0.9999175450968231 -2.528061832629541
-0.9424698247338713 0.33408986564983206 -0.011601341999222732 -10.381631460634347 -0.3341671913430181 -0.9424979253910586 0.0054725554788768 6.374675665855701 -0.009105915441320379 0.00903450627471346 0.999917726615719 -2.530874582602093
-0.9431031600190682 0.3323263233225743 -0.01075380811375737 -10.56084699117379 -0.33239929337509944 -0.9431205332952821 0.005862545569727453 6.40885059603469 -0.008193859028703412 0.009103543470670111 0.9999249902720181 -2.5415413527146367
-0.9436308027170611 0.33087680704540207 -0.00902478381982852 -10.748956424905378 -0.3309304556304923 -0.9436405241018032 0.005253076152985154 6.439714118374284 -0.006778030668982387 0.00794354028843778 0.9999454777476302 -2.555782431136243
-0.9443373867045305 0.3288698557683422 -0.00845683386190903 -10.934047917525264 -0.32891605481303055 -0.9443470502690763 0.004783046552812104 6.465425630460927 -0.006413186282152851 0.007298398112237058 0.9999528010994847 -2.5699212811005654
-0.9446463898392509 0.3279132828931953 -0.010773906713780698 -11.114745444775759 -0.3280110776864131 -0.9446304258169045 0.009060437956935107 6.488770448811499 -0.0072063221318415605 0.012092870758461357 0.9999009107897397 -2.5868444463064404
-0.9455093904584186 0.32542364875787716 -0.010556580130860619 -11.29401876851666 -0.32549160343901323 -0.9455290481274468 0.00548044139687452 6.515221886100312 -0.008198087926439135 0.008617886998228163 0.9999292591868867 -2.605904436116358
-0.9460599534561827 0.32374576648017034 -0.012619158159425083 -11.4665415703576 -0.3238408644356676 -0.9460902387339558 0.006352534445883521 6.54565008944266 -0.009882256222397778 0.010096477528999987 0.9999001960963211 -2.622355577910287
-0.9468270014659296 0.3215303198147284 -0.011699689520458571 -11.639480949106096 -0.32160202650931347 -0.9468626462124065 0.004823458587163082 6.586296137900047 -0.009527110797061318 0.008329624690087965 0.9999199225499925 -2.6434692588173188
-0.9473621647252699 0.3199370741079068 -0.012049790799942757 -11.804809641284008 -0.32000774001278587 -0.9474045719256121 0.00442983367148261 6.627085178332701 -0.009998758870974114 0.008052683137905197 0.99991758616164 -2.666520152796793
-0.9482298231772534 0.31741989930421655 -0.01023767370724582 -11.95568905131219 -0.3174689025113273 -0.9482620809934607 0.003538599751994221 6.660573164653574 -0.008584775797209027 0.006605548853236954 0.999941332453489 -2.6897263657155106
-0.9488321806158359 0.3156287109674635 -0.00979846114526879 -12.096173405310417 -0.31569288338236445 -0.9488433679568533 0.005853756573710485 6.6864543399093685 -0.00744959123219365 0.008647537066287972 0.9999348597249524 -2.7122573193060813
-0.9497124314353906 0.31293806161409854 -0.010773447465375126 -12.230486022707781 -0.31300982060803123 -0.9497325322052959 0.0057419050710498755 6.708510372303207 -0.008435032898964932 0.008825353484565092 0.999925478901236 -2.735008625469884
-0.9504553206167984 0.31071329088690597 -0.009588241624400402 -12.360353150013669 -0.3107733482378982 -0.9504678627706294 0.00554687887357079 6.729218610112819 -0.0073898265355140024 0.008251830491531168 0.9999386469965615 -2.755743475552284
-0.9510219624240526 0.3089919332952453 -0.009011778158094334 -12.482008926193496 -0.3090295067348443 -0.951047423938355 0.003092149323321212 6.75664362752818 -0.0076151792049089445 0.005725607276572881 0.9999546122034697 -2.773271292141371
-0.951761682397424 0.30672334623917885 -0.008395760350676709 -12.608069338278352 -0.3067648947476123 -0.9517761342578442 0.004182057828439687 6.775491781548442 -0.006708149559417585 0.00655584693498059 0.9999560098326594 -2.7871194161212025
-0.9523002734792658 0.3050772252726653 -0.007216353043397628 -12.758135052886164 -0.3051118447743743 -0.9523068611358372 0.004290036362037252 6.796389859789299 -0.0055633901259568765 0.006287197590418291 0.9999647592974292 -2.8074626392942448
-0.9530542816779737 0.30271078630703885 -0.007329121956684767 -12.916496352563378 -0.3027483832656058 -0.95305895016951 0.004696161395582091 6.826188513188698 -0.005563506569020874 0.006694576548653086 0.9999621143020823 -2.8300744980258856
-0.9537667947174358 0.3004430712390033 -0.007928571050562263 -13.09285295206226 -0.30047112611493487 -0.9537873818153253 0.002594737190910365 6.86300943841014 -0.00678260021315739 0.0048570808457534176 0.9999652019445509 -2.8545675419735645
-0.9542323347415703 0.298958435100615 -0.008031526370685441 -13.278236597066883 -0.29898577059618425 -0.9542544935013024 0.002422934910120436 6.905212899867657 -0.0069397632998205346 0.004713354937214042 0.9999648113661692 -2.8777564261663744
-0.9546235525814163 0.2977211577388162 -0.007482318590842537 -13.463595579358312 -0.2977407239462078 -0.9546453855885358 0.0016275989997418818 6.9505117479769485 -0.0066583902577134505 0.0037815352933451814 0.9999706824852423 -2.8981884632791353
-0.9532864914485807 0.3019740860057706 -0.007517752498886955 -13.639692561864031 -0.30201739392003324 -0.9532866284523491 0.005486144703188323 6.996503196628739 -0.005509899400762474 0.007500359653531267 0.9999566918690335 -2.9130355589403076
-0.945814311363413 0.3246527911956898 -0.005987786652912017 -13.813860428323501 -0.32467720448576765 -0.9458177694957428 0.003668759109714547 7.028461171615663 -0.004472282131080182 0.005414062702437578 0.9999753430048133 -2.9336732330062247
-0.9352247462950691 0.35403001416693186 -0.004174085083650782 -13.952334948286248 -0.3540467576420626 -0.9352175518422763 0.0043616658837959425 7.100101105550955 -0.0023595169984815456 0.005556959159585577 0.9999817762761642 -2.9198276068886386
-0.9263502934577174 0.3766284100739958 -0.005116105543779845 -14.092581860198765 -0.3766448140228999 -0.9263537766557516 0.0027137695703844736 7.139507587472072 -0.003717240973648792 0.004440855858960768 0.9999832303187809 -2.917818676337591
-0.9241704344981849 0.3819368171941809 -0.0057685068271573076 -14.219297830610149 -0.3819608346691171 -0.9241705263238957 0.003841751304388253 7.1664081219885345 -0.003863777724907313 0.005753776654705966 0.9999759823495263 -2.9113001783287467
-0.9243260944818371 0.3815287605881262 -0.007554859630885121 -14.348690126999244 -0.38156867961566515 -0.9243281231025078 0.00478158740934474 7.178239856605292 -0.00515885610498786 0.007302443829541675 0.9999600294600802 -2.902142461442147
-0.9246947181235311 0.3806459491746639 -0.006952672246155312 -14.48220519309985 -0.3806760361573513 -0.9247013021402202 0.0036410596957610186 7.176487247864509 -0.005043190455479422 0.006013584380410318 0.9999692010421768 -2.892953457264004
-0.9246866525002811 0.38066136408520507 -0.007177783823377906 -14.619608737625496 -0.38070915658021964 -0.9246666766980115 0.007216307936384483 7.158895697236131 -0.0038900878912965877 0.009405471654619926 0.9999482008179984 -2.886086410022756
-0.9254617932718081 0.37878596309358525 -0.0064547159034591605 -14.76816417016544 -0.3788277591061333 -0.9254374310163933 0.0074222775752245595 7.131962610506691 -0.0031619811439585485 0.009314259876302602 0.9999516220488879 -2.8840422612056593
-0.9261971655734338 0.3769853646878147 -0.006391032383963312 -14.912357996184117 -0.3770302266142939 -0.9261603403839195 0.00867364508823677 7.101628372009748 -0.002649283471374502 0.010443117883939809 0.9999419596086317 -2.8826504876368126
-0.9273792457448593 0.37405874549424617 -0.00691299363276467 -15.048827576744115 -0.3741104231065912 -0.9273398882063931 0.00906217768318273 7.068696241852457 -0.00302090792696221 0.01099029847752266 0.9999350416175402 -2.8816559713812806
-0.931349666444524 0.364083303384126 -0.00558095068751217 -15.17594073322924 -0.36412253587655224 -0.9312987933397284 0.009865920676494009 7.030859598613027 -0.0016055156501449217 0.011220771848159746 0.9999357562356838 -2.8827138058908157
-0.9340904797475558 0.3569808726268863 -0.006295412895738789 -15.305807812128611 -0.35702681056441454 -0.9340493208060011 0.009150018581923245 6.987692067717973 -0.0026138445215309718 0.01079457643423944 0.9999383205660349 -2.8897149035296112
-0.935326943772817 0.35375251640121436 -0.004760818460135145 -15.43948143658637 -0.35378296477369353 -0.9352783521553059 0.009592592224803239 6.938736639062747 -0.0010592868059708903 0.010656506438060041 0.9999426567468749 -2.9023949533579363
-0.9367344502827397 0.3500236678391862 -0.003464333398604743 -15.574679561361778 -0.35004071227229655 -0.9366808588839387 0.010023390262295862 6.88735243008864 0.00026344904052697513 0.010601912697717389 0.9999437634396011 -2.9222630248020427
-0.9382910606090439 0.34581254558410224 -0.004854780921793822 -15.709851791425102 -0.34584568364543183 -0.9382287580858837 0.010842536808528255 6.837330892075805 -0.0008054098206871756 0.011852460388613158 0.9999294327590108 -2.9473902845634607
-0.9397464231044381 0.3418052612479801 -0.006769316480585302 -15.847952559761959 -0.34186042494705526 -0.9396945254933275 0.010278551108434075 6.790233631399108 -0.0028478267912687427 0.011973393047501075 0.9999242610025506 -2.9741611487286934
-0.9409706812733257 0.33841469947283304 -0.007047564453436102 -15.984350675147672 -0.3384717382596224 -0.9409258560137899 0.009768105457379135 6.7409187161246775 -0.0033255651433838213 0.01157690223803098 0.9999274553441606 -3.002941765699997
-0.942148786534193 0.33512949341646314 -0.006624701847825681 -16.11992606908628 -0.33517479190051636 -0.9421248998907876 0.007650613061633545 6.692223952358729 -0.00367735048551846 0.00942844887550863 0.9999487894113421 -3.033315039230518
-0.9431375349287747 0.33229070603716543 -0.008629999408818648 -16.254665809715487 -0.33236108198935527 -0.9431125111765871 0.008654619636753194 6.641469787887537 -0.005263210744323581 0.011030772571036039 0.999925307545092 -3.0676850081506792
-0.9442281365580376 0.32914786515088174 -0.009742124960840856 -16.39247553333449 -0.32923309887072016 -0.9442055583524648 0.009023867479795807 6.588450080052234 -0.006228381821810966 0.0117280195654377 0.999911826521196 -3.1049441626429948
-0.9454108497535537 0.3257106525304238 -0.010530716806990867 -16.53441342633007 -0.32579961672618307 -0.9454030359287114 0.008228572041835677 6.537104080836513 -0.007275638070694771 0.011210284785899803 0.9999106933149996 -3.1459625302207357
-0.9464181211843257 0.32267329038405196 -0.013216942409657612 -16.67621460909357 -0.3227977640961729 -0.9464283005882828 0.008664602707934042 6.494865751025313 -0.009713052478105815 0.012466736473676918 0.9998751107479641 -3.1859962693970205
-0.9476992214023089 0.31882087322792574 -0.014813390821836206 -16.806763255432582 -0.3189598432805539 -0.9477330858985564 0.008161878928530462 6.465927592231591 -0.011436963229025491 0.012459883120734701 0.999856963362618 -3.223198704669583
-0.9487091770012871 0.315713310071415 -0.016613347564267494 -16.930601744540883 -0.31585047713615966 -0.9487878034958521 0.006338771992808108 6.447731648845338 -0.013761306856577091 0.011260984915498533 0.9998418958277014 -3.2605003019843983
-0.9498125369238024 0.31232173787476053 -0.017643036962488916 -17.05376610157057 -0.3124517173055364 -0.9499199755202615 0.005095533378029033 6.443442030958249 -0.015168027399485667 0.010352398682180384 0.9998313651743146 -3.298183267655659
