-0.4685945810539666 -0.8792361144787376 -0.0858077712284256 0.0 0.8742515109572265 -0.4754947291236662 0.09792373647189755 0.0 -0.12689922850775678 -0.02913104138103526 0.991487754958271 0.0
-0.4667376116253761 -0.8799308987380561 -0.08875593129631669 -0.009912811445875273 0.8739968128528475 -0.4742655937318243 0.10583816762049923 0.0561212606354767 -0.13522415840856356 -0.028173747500769057 0.9904143915222853 0.012085768232914821
-0.4668172189633679 -0.8800209249157334 -0.08743486598470923 -0.02161675844609577 0.8735776608645629 -0.47425699409912914 0.10928116940469318 0.117538959568483 -0.13763631249675942 -0.02536681411836528 0.9901579521590375 0.017745548878628305
-0.4578936283891627 -0.8804300086017742 -0.1231926338466999 -0.03307505845807652 0.8619099103428944 -0.47360616855305243 0.18113117777235718 0.19104424613200297 -0.21781811571426055 -0.023242139789127078 0.9757125967233957 0.0247982406931396
-0.46078429272681876 -0.8802154921711424 -0.11357166423962875 -0.06919800267153846 0.8672675473193553 -0.47374776338813357 0.15300345764527962 0.30453619196461845 -0.18848033569291853 -0.027995428674242213 0.9816778590914792 0.0007234375347951728
-0.4611098420200767 -0.8822921149359758 -0.09454278139563546 -0.1179633628279958 0.8732642120310253 -0.4701149214510373 0.12806864024778866 0.40486761632755763 -0.15743992371076784 -0.02350711702629721 0.9872487456923202 -0.021888712691370483
-0.45260753001205783 -0.8880832285609638 -0.08034054347039951 -0.16927757718500208 0.884084200023101 -0.45866963111059755 0.0895393587557001 0.485698418849417 -0.11636817024383361 -0.03050161709816838 0.9927376795047617 -0.0442462439092842
-0.4528027535519399 -0.8890326541243919 -0.06775401299052722 -0.20714866869727186 0.8868355468078165 -0.4569295923491524 0.06883357141481636 0.5218163753755779 -0.09215410622355583 -0.028918636485435162 0.9953247375454711 -0.06044947841448825
-0.45969718197674686 -0.8866978373729401 -0.049451451756128265 -0.22213519777891597 0.8864938845306746 -0.4614884556054855 0.03401467378322006 0.5655804731479052 -0.05298201178091208 -0.028201959878966794 0.9981971528143287 -0.06811845751452353
-0.4591849592598908 -0.8871764141252243 -0.04546628871373877 -0.21652725402940196 0.8873879674870466 -0.46046106991554275 0.02276396827097507 0.6313809829105728 -0.04113111168812116 -0.02989336568776276 0.9987064725629633 -0.06522643506860244
-0.45609478531480707 -0.8895163516903316 -0.02716996290322205 -0.1970053631826221 0.8898295767888141 -0.4553687294129018 -0.029028340371425633 0.7301084695602912 0.013448831937379793 -0.037416311261292384 0.9992092616519916 -0.027701241497081884
-0.4504551588316391 -0.8924972304453309 -0.02321300345445727 -0.16882851889515127 0.8908939229174354 -0.44764433887797445 -0.07695819630996925 0.8500987604071004 0.05829380748197299 -0.05534654025244109 0.9967640605937493 0.027320452525011682
-0.4338438065540704 -0.9006000894123933 -0.02643918427378757 -0.1389706864074584 0.9000264659747262 -0.4318387108471916 -0.05888708142606789 0.973959573440233 0.04161624754490787 -0.04934376114793638 0.9979144658617072 0.09520353647311083
-0.4372616727807675 -0.8983460753972387 -0.042149238846551015 -0.10807297163745784 0.8988744195431642 -0.4350591597000609 -0.05242428303769651 1.1003144251397965 0.028757736487851047 -0.06081000229777532 0.9977350030006162 0.16427651365569043
-0.4432109579767727 -0.896124188072781 -0.02292348752285589 -0.13023188658863896 0.8962244191738185 -0.44244015012395704 -0.03207029832792493 1.2150390834690477 0.018596698789386575 -0.03475849693513029 0.999222702746964 0.21697995189134167
-0.44439603892687124 -0.8956430491802453 -0.018321818720293214 -0.00963887080489306 0.8958280382239807 -0.44425462945122546 -0.011399567664097516 1.3079016757786484 0.0020703907555524375 -0.02147912163629946 0.9997671532991331 0.31735988689191713
-0.4503299066298993 -0.8928602832205013 -0.0018681119111241436 0.047330964913866694 0.8928125743027572 -0.4503259400022877 0.00960494289101344 1.3970387568797809 -0.00941713128239345 0.0026575192308392077 0.9999521264690364 0.3973843671211684
-0.44190973632387553 -0.8964494302155029 -0.03307875463893871 0.11129791517801373 0.896307753528385 -0.4427484350352638 0.024621824439400922 1.5033746386277607 -0.03671778733887268 -0.018768120314115386 0.9991494191325 0.4760246265712857
-0.43987635741591813 -0.8970073391382437 -0.04343528195639458 0.1445020323871265 0.8973384640146237 -0.4409455477731781 0.018727116673094762 1.6279010672227676 -0.035950955291609014 -0.03073853332772938 0.9988807092853885 0.5589811993436145
-0.43936625557229003 -0.8972859893241093 -0.04283861373853943 0.1617533622748413 0.8975865355230171 -0.4404247989408367 0.019089466354802267 1.7607776674336626 -0.03599589854653844 -0.030064095539001644 0.9988996173025841 0.6372758268807243
-0.44028873612746433 -0.8968796316929687 -0.0418659180427826 0.15847037209097642 0.8970659964656666 -0.44137864940506977 0.02138891849573267 1.908881100300553 -0.03766200770459036 -0.028139191595379223 0.9988942682146184 0.7047270542236109
-0.4399243502736558 -0.8970209823728345 -0.04266055812078455 0.14028933368285398 0.8973418074279336 -0.44095449754565386 0.01835243134381074 2.0557472088459496 -0.03527388096412282 -0.030207420895121406 0.9989210504562379 0.7596055864195911
-0.4394283891144897 -0.8974925761115441 -0.03754685958784215 0.11744745658054662 0.8977996285772752 -0.4401741367514594 0.014232226165090416 2.1789010992139 -0.029300473831515787 -0.027455512374969012 0.999193513326361 0.8064872151650222
-0.43754073949006406 -0.8983935695328701 -0.03804070856958408 0.10769420495014646 0.8986689705350184 -0.43834331876944893 0.015786585688984865 2.2674064207406297 -0.030857457510596535 -0.027278730032269074 0.9991514841122984 0.8467614453869897
-0.43678619202786856 -0.8988570500312266 -0.035690699950476176 0.11416301114936037 0.8990036483325774 -0.43757161935726147 0.017986612181828183 2.389262216439357 -0.03178463053913779 -0.02422976562463862 0.999201008666057 0.9110241749242195
-0.43789525733017454 -0.8983372369908107 -0.03518454552010284 0.05841237519357822 0.8985187207631751 -0.43862741157751733 0.01643478782688464 2.457489494596169 -0.0301968880159478 -0.02441725718673604 0.9992456882597138 0.9170199748403242
-0.43738814535937204 -0.8985642170295314 -0.03569255066808734 0.01440170209367335 0.8987688465559857 -0.43812717942973495 0.016097673911710707 2.557762929808528 -0.03010267030533505 -0.02503842085775484 0.9992331593384189 0.9544938698652244
-0.43898253152872924 -0.8978522524114536 -0.03399514454018124 -0.01899732735525704 0.8981021773485104 -0.43959566878478906 0.01296638066381322 2.640445234831786 -0.026586012384205555 -0.024839098722248203 0.9993378823602023 0.9993752377791292
-0.43988011319328385 -0.8974695647314439 -0.0324633084853712 -0.030089738867670596 0.8977217389770806 -0.4404156774537209 0.011389048289749381 2.6788681508375474 -0.024518674210280655 -0.02413320189557812 0.9994080363801551 1.0432527102887414
-0.4391504507843502 -0.8977847828946416 -0.033606028904401314 -0.030116240175896085 0.8979963304877018 -0.4397791579989055 0.014031486749308864 2.7008605892617443 -0.027376486380181784 -0.0240161569072824 0.9993366560878675 1.0849768337201828
-0.4387360944689169 -0.8980170371625646 -0.03280305436892226 -0.034359698595001556 0.898221605695855 -0.43933261249304356 0.013594214254502959 2.722080478056854 -0.026619287581031815 -0.023500139697587477 0.9993693796404172 1.1251917547070627
-0.4374486489731545 -0.8985748099897172 -0.034669732671390355 -0.04244374508347538 0.898794911655427 -0.438122896897511 0.014698094993778886 2.763120372989413 -0.028396941628897495 -0.0247313175159919 0.9992907362925206 1.1647795599063406
-0.43664999280439093 -0.8989501737787916 -0.035005268846357365 -0.06932607143293922 0.899217099702375 -0.43729919975092196 0.01334231989019849 2.8191376819194196 -0.027301856837484113 -0.025651412442274316 0.9992980604669169 1.1989742058150956
-0.4373205141855771 -0.8986568288172538 -0.03415657905264208 -0.07705244381322321 0.8989480154569041 -0.4379022853030087 0.011578170515943441 2.8608132884008475 -0.025362046024648005 -0.025641617470808786 0.9993494254138161 1.2097511331878275
-0.4387289392468144 -0.897986615785934 -0.03371877424656179 -0.056754996982766044 0.8982717531956377 -0.43929405282004663 0.011339866303163946 2.868520273878599 -0.024995505159939483 -0.02531349494367916 0.9993670255194214 1.1977494373894346
-0.44053557905688234 -0.8971206599985418 -0.033210314494116024 -0.013199239293597521 0.8974081497446866 -0.4410720728826537 0.010678918241896034 2.8488449895076715 -0.024228420436244832 -0.02509876345120904 0.9993913326202029 1.1745014151865405
-0.4412584922008834 -0.8967736957345617 -0.03298305169596595 0.03556182509473427 0.8970852142529347 -0.4417575514332236 0.009401282917192178 2.8136716666062114 -0.02300133538230198 -0.025440212072597092 0.9994116940382138 1.147170816369038
-0.4408384230377998 -0.8969439328348057 -0.033956827360304656 0.08263553057815119 0.8972981061406482 -0.4413402067691186 0.008656246611411783 2.7747298296648073 -0.02275068108764777 -0.026653390775345252 0.9993858130222907 1.1211754719905602
-0.4391007014607291 -0.897766483439289 -0.0347262896052628 0.1075853687046486 0.8982067317419327 -0.4395363677710557 0.005696354983955749 2.7471187742410392 -0.020377463781630797 -0.028690113622642656 0.9993806263632232 1.102088663565161
-0.4373645761934951 -0.8985367148117195 -0.03666060046489948 0.13440657881065407 0.8990846104933036 -0.43776299431059007 0.0032286198802179873 2.733446352429529 -0.018949687733285484 -0.03154889772383334 0.9993225587302741 1.0882653464338672
-0.43552012825314607 -0.8993336166698133 -0.03900338208356537 0.15695365158019287 0.8998999443777984 -0.4360550139334343 0.006009570063469779 2.729586287906686 -0.022412228697711076 -0.03248185264275787 0.9992210072119659 1.069048379075431
-0.43573932355437434 -0.8992772955555837 -0.03783632654753316 0.1974911879579826 0.8997402112184446 -0.4363360909630244 0.008852572490303684 2.7467281813095377 -0.024470272269941182 -0.030185450490966537 0.9992447369657207 1.0454000229179425
-0.4362091932190668 -0.8991064764490647 -0.03645660102805205 0.23412622281634726 0.8994371446543649 -0.43687345985862597 0.012425895829149495 2.7900879523501834 -0.027099124841480367 -0.027370131137817052 0.9992579813813471 1.0178746397695169
-0.4365834098394021 -0.8989248816089787 -0.03645522565126366 0.26666257525815174 0.8991970765498843 -0.437303575177348 0.014498298564008201 2.8549036192160284 -0.02897488183137726 -0.02645071570663823 0.9992301115666323 0.9886866064158297
-0.43617832157749903 -0.8990198153320378 -0.038882430816297935 0.292093085685839 0.8993667969993545 -0.43696275420148445 0.014244855063313471 2.939847262063097 -0.029796581027989943 -0.028756270290172064 0.999142252473611 0.948948429734985
-0.4352462095169538 -0.8992746212290885 -0.0431959803037677 0.3004082352465558 0.8996062800616978 -0.4363030464806357 0.018659917075653648 3.0581336250573368 -0.03562692766262601 -0.030737716977611896 0.9988923439391886 0.9091319296721244
-0.43560502579667465 -0.8992253950561845 -0.040520986991031745 0.29485530497305873 0.8994058278101091 -0.4366247073187917 0.02068868918012637 3.2015595631097735 -0.036296258786421544 -0.02743271486434324 0.9989644777234478 0.8655321647458537
-0.4404078942255294 -0.8968564473798066 -0.04110230525295355 0.2751196610760763 0.8968744643777223 -0.4415694409781805 0.02515201664660116 3.3747978129406015 -0.04070727024756971 -0.025786461321577282 0.9988383135230157 0.8126481480551931
-0.45589656210946283 -0.8889320419628756 -0.044250982231867145 0.2448541707710226 0.889076559275925 -0.4571475876397186 0.02364222623334112 3.5681892856496833 -0.041245562220138296 -0.02856410136689416 0.9987406548800577 0.7542895777903406
-0.4828244087212707 -0.8747609844435293 -0.04091222846952714 0.20536760304221777 0.8749566147933943 -0.48382502356866836 0.019085827151619335 3.7504067987787337 -0.03648989685158528 -0.026581321715914413 0.9989804406311446 0.6970799691833898
-0.525859597523646 -0.8497176658516292 -0.03809950172807997 0.169798688627097 0.8498790312732102 -0.5267111190321199 0.01676392824017953 3.897965770033454 -0.03431203716451275 -0.023564495063356512 0.9991333237751757 0.6424751202923744
-0.5847495519215431 -0.8101718424346375 -0.0411041026373208 0.1411771245487 0.8103624914859667 -0.5857063462966972 0.01614646402250203 4.044590671539752 -0.037156344279424665 -0.023867585421198805 0.9990243963217068 0.5910065141909393
-0.6332730225024513 -0.7728873432832045 -0.040130207615209815 0.10108196630287951 0.7730551954168259 -0.6341700764788958 0.014628018929596701 4.202419101398997 -0.03675518752044399 -0.021759335729325043 0.99908737730939 0.5418088479214707
-0.658010125273534 -0.7520097307584996 -0.038781953045678795 0.043434844440274366 0.7522205493983899 -0.6588050677240889 0.011837559032300616 4.36578149603493 -0.03445170678344908 -0.02138334832498608 0.9991775779680605 0.49792634082114834
-0.6808526440863369 -0.7316378944105254 -0.033847725228982696 -0.006230465738766102 0.7318628263220514 -0.6814103669369868 0.007530954700431511 4.5079589125977995 -0.02857412270818816 -0.01964442143037226 0.9993986272844902 0.4619785022076723
-0.714904360153465 -0.6982595943252974 -0.03667826013098115 -0.032867099651297964 0.698387969588468 -0.7156299908335145 0.011311947388539509 4.6299038358898885 -0.034146738755874005 -0.017528695111020082 0.9992631010299756 0.43095953832824563
-0.7599970183035863 -0.6487784993545311 -0.03861335189983814 -0.05092940005832696 0.6489139269467314 -0.7607877096558546 0.010619616338220485 4.7561499927460655 -0.036266342305644954 -0.01698586506132438 0.9991977946352204 0.4015000344911408
-0.7991777158576766 -0.599826024375981 -0.039034842869057056 -0.0881041752211775 0.599949730953629 -0.7999780886199244 0.009766168986905738 4.88886063600646 -0.03708502130476701 -0.015614038853472555 0.9991901235428158 0.37122219641312754
-0.8292480682203546 -0.5576857595237147 -0.03652718134852009 -0.13536427768637133 0.5577505337884854 -0.8299560938441682 0.009339397710225558 5.008764985018828 -0.035524405856676475 -0.012628377385379735 0.9992890175885766 0.33947129369127005
-0.8575291697824887 -0.5133337387975799 -0.033648114126256706 -0.19629081040970942 0.5133035803708438 -0.858146624874951 0.010188453965292318 5.086093642377799 -0.03410509273742488 -0.008534800983510105 0.9993818088306108 0.29748358892941895
-0.882137158860209 -0.4697460367359648 -0.034244618977172965 -0.27214439182104005 0.4697408827206965 -0.8827614989771918 0.008697069869925439 5.124293052995484 -0.034315245282805246 -0.008414089041306388 0.9993756386098201 0.24079349443749848
-0.9037193668550015 -0.42652214495780033 -0.03701575113100143 -0.3628280503865069 0.42651810176173377 -0.9044399977557422 0.00840234069532498 5.154057181352347 -0.03706231024588627 -0.00819452989440038 0.9992793577569025 0.17525219415579438
-0.9184901015206953 -0.39370247128643 -0.03707151887178006 -0.46477820064988873 0.3936848781731563 -0.9192099431318344 0.008080664908099666 5.1822685413090355 -0.03725788649789605 -0.007172485658935414 0.9992799434308598 0.10394470897445444
-0.9265349841485438 -0.37459388347623873 -0.03481875372622887 -0.5594254586194529 0.3745479342474695 -0.9271723480000247 0.008079731126361437 5.21085120876415 -0.03530960350684981 -0.005555138730142616 0.9993609819949336 0.02877974466957583
-0.9356720572852821 -0.3513541637331417 -0.03268107775016362 -0.6095818488876309 0.35134234017181504 -0.9362259119051377 0.006293002461922794 5.240170598391339 -0.03280794443606913 -0.005594059776030877 0.9994460191911827 -0.03310737840287244
-0.9470247445404072 -0.319218153456166 -0.035269019439336455 -0.6466800184334071 0.3191269642656459 -0.947675302805468 0.008336733842324763 5.286574287488546 -0.03608481545982755 -0.003360201868972521 0.9993430817975526 -0.08346412009826874
-0.958323885737067 -0.28381366740953035 -0.032636363421212594 -0.6950341516131504 0.28371617150262374 -0.9588775656139361 0.007677772475483837 5.362506600415148 -0.033473333471627065 -0.0019016713291239403 0.9994378017627976 -0.12393337490025991
-0.9689399681639277 -0.24491920591080077 -0.034204103123885825 -0.7448438830571473 0.24474558768096674 -0.9695433181595131 0.009238588795870462 5.4654040060316635 -0.03542506746902345 0.0005803346135945185 0.9993721668160223 -0.15568147828915863
-0.9785911647122162 -0.20302405056383058 -0.033772285084718065 -0.7985289389611562 0.20279308599678939 -0.9791688476214053 0.010165240757978136 5.592518432932475 -0.03513255782158624 0.0030988288794365965 0.999377856789157 -0.1773730715497347
-0.9859533795354515 -0.16324799375455493 -0.03529909230752121 -0.8643062826963975 0.16308172470340004 -0.9865836083768362 0.007558753197848421 5.733523612373974 -0.03605945715601588 0.0016959414065179713 0.9993482072492846 -0.18953223934492175
-0.9907343136792526 -0.1317695256953032 -0.03289850751227434 -0.9467718801511102 0.13151970164882093 -0.991266536395264 0.009655148944576208 5.8766738005186525 -0.03388344399121007 0.005238885470369853 0.9994120603146246 -0.1937095124657446
-0.99333117397608 -0.11109749200328117 -0.030830602943888376 -1.028586498413976 0.11098084920153309 -0.9938074671441928 0.005474427728159792 6.013777268151678 -0.03124787861294577 0.002016313225952152 0.9995096320512201 -0.1974081487829243
-0.9948583407810864 -0.09804395633362241 -0.02538236404975908 -1.0915114932816083 0.09787375570448827 -0.9951677505615252 0.007866141786927974 6.140351768266368 -0.026030937797204116 0.00534142946828343 0.9996468673529836 -0.2011162837651834
-0.9956094210007228 -0.0882800572526892 -0.03112093035350144 -1.133642701632648 0.08806980504429822 -0.9960816488517474 0.008065870085943838 6.2616382709506455 -0.03171104309329599 0.00528964197710354 0.9994830811142774 -0.20794506830679454
-0.9968216679509254 -0.07055195052588148 -0.03699979162817631 -1.2054614430882962 0.07025127569762929 -0.9974853555266475 0.009366096985051035 6.408102470534538 -0.03756754671775324 0.006737045856402857 0.9992713803800938 -0.21847082906219267
-0.9981598879620083 -0.05014727284456847 -0.0340894278321511 -1.3089707892518523 0.04984126495278839 -0.9987093801493819 0.00976843434452755 6.556898354872824 -0.03453529168223398 0.008051399126226651 0.9993710465090196 -0.22654257665430513
-0.9987008815001842 -0.03910441349828072 -0.03267099838864018 -1.4077575421853208 0.038801173069730174 -0.9991982550058176 0.00986489542478622 6.691768834568954 -0.033030565529035286 0.008584406693802631 0.9994174751836931 -0.22988955544145848
-0.9986816738999145 -0.03738109026999062 -0.03517908905431926 -1.4807554342733502 0.037054669986149424 -0.9992643413678598 0.009885722172654286 6.7998090273318255 -0.035522748326705655 0.00856914003177472 0.9993321290694267 -0.22423394998093388
-0.9986336383180209 -0.03820497456884292 -0.03565440138196532 -1.5281436415510754 0.037903254553629216 -0.999239973304906 0.009100496901470556 6.882588792774995 -0.035974987337801946 0.007736644479679516 0.9993227429705781 -0.21060150090355817
-0.998717012583838 -0.03799665377937625 -0.033475111309512084 -1.5493280473394841 0.03773759427893149 -0.9992529033388892 0.00833721457319207 6.9328943338609195 -0.033766888421244375 0.007063247862768383 0.9994047767426252 -0.19177532401056913
-0.9987321821828584 -0.03499920869652212 -0.03618126121188905 -1.5322857843728914 0.034717629917383884 -0.999362011999578 0.008381834230923162 6.9630634227338035 -0.036451535566903476 0.00711507995544631 0.9993100926099177 -0.1714809106103197
-0.9989192549833074 -0.023830327104433315 -0.03990535720539313 -1.511398287723466 0.02362162263964246 -0.999704758407699 0.0056934138154957565 6.983732821133639 -0.04002925139775463 0.0047446313976807555 0.9991872434661261 -0.1507446651750842
-0.9992449168683221 -0.0038268433119502555 -0.038664601162895516 -1.4992793570598109 0.0036574428607702683 -0.9999834054321747 0.004451064141416455 7.001308184105925 -0.038680993065589725 0.004306289648477493 0.9992423312915257 -0.13295973766983535
-0.9988792514598863 0.026363513739952098 -0.039309110219139534 -1.4871261864388599 -0.02650732562461379 -0.9996436822078529 0.003141704975924758 7.01305755769177 -0.03921227730147532 0.004180163299252087 0.9992221592536986 -0.1183258022300395
-0.9974316668245478 0.060664150754286154 -0.038077957256995344 -1.4933006381837801 -0.06078659460225978 -0.9981486489175415 0.002065086135491257 7.0294029035744305 -0.03788218489296578 0.00437441165732246 0.9992726377672848 -0.10622199584843946
-0.9944912811887984 0.09797474326986735 -0.037256426568658685 -1.5218165757350397 -0.09819793695851727 -0.9951580217765201 0.00420438710568309 7.046580993373494 -0.03666410801524212 0.007839730546833214 0.9992968937249829 -0.0988558023962954
-0.989763986877914 0.13820689589192436 -0.035582358092957185 -1.5726460694845326 -0.13847461448120338 -0.9903525364054956 0.005160889408190883 7.067241627193022 -0.03452580808350118 0.010035315795741379 0.9993534214746358 -0.09599307656509444
-0.98626688039118 0.1610290478679141 -0.03670539995971561 -1.6470600089104621 -0.16141378730760533 -0.9868563724885449 0.007751731791391184 7.087694896411029 -0.03497470386529097 0.013570033953662639 0.9992960643713311 -0.10007945875139046
-0.9864196047305783 0.1604014813697446 -0.035323196026988184 -1.7453101127641437 -0.16094196466208419 -0.9868781034183194 0.013011264510782206 7.098867214106331 -0.03277266259976456 0.01851955096249819 0.9992912382375168 -0.11250135208623666
-0.9874190917971833 0.15461381075148484 -0.03313769272791344 -1.8586631605671535 -0.15512139064931502 -0.9878055977338474 0.013321233002214302 7.100211837450478 -0.030673951774236305 0.018294004771528736 0.9993620155238897 -0.13363248175847792
-0.9883230258565262 0.1497162227763724 -0.028331064211847893 -1.9773030460327412 -0.15016280123379844 -0.988557267244394 0.014340938041652495 7.094130294222891 -0.025859808340723607 0.018427751242932652 0.9994957169976816 -0.16497446006508643
-0.9889288805799903 0.1458474699905133 -0.0273529642301088 -2.093925211746529 -0.1463003446848405 -0.9891211458243692 0.015348225571184825 7.083719118704892 -0.024816895452577193 0.01918005162801802 0.9995080026291148 -0.20801090204604097
-0.9893281131570244 0.14321323003510458 -0.02683011852515971 -2.2075705139809343 -0.14364403218864694 -0.9895176435864018 0.014873635998020381 7.073985110235001 -0.024418774206517 0.018568892646759153 0.9995293490899225 -0.26351941164865184
-0.98958128981775 0.14146435074610386 -0.02677140845420161 -2.308443283029232 -0.14190749594442173 -0.9897595214244965 0.015438663942697144 7.058679341337913 -0.024313235848449372 0.019076876514118102 0.9995223556004351 -0.3364995728041438
-0.9900282064670186 0.13844012037863598 -0.02604771524043873 -2.407387099208779 -0.13891410703748766 -0.9901523376480424 0.01735566524493921 7.042669173139972 -0.02338848574995026 0.02080099323748144 0.9995100286713778 -0.4235868726126923
-0.9905547965499116 0.13451240623682656 -0.02660089472822322 -2.523146679349133 -0.13504249266110357 -0.9906529337096976 0.019242923588823804 7.041539593325628 -0.023763842446853083 0.022653421391667736 0.9994609058344467 -0.5085925807831946
-0.9914197337478974 0.12818472372291523 -0.02560445545853805 -2.6593434220954193 -0.128566290589983 -0.9916041834231576 0.013851077273079633 7.0560659436684485 -0.02361398863344377 0.01702410120307884 0.9995761899520451 -0.5926664765922837
-0.992244586106659 0.12269183284790129 -0.019934781023319352 -2.814770776085334 -0.12294860682670863 -0.9923379729738381 0.012206042501389654 7.079336615277243 -0.01828445846604318 0.01456233314400429 0.9997267711890118 -0.6670667028487475
-0.992886564066507 0.11775109217737971 -0.017633808075405006 -2.9563852211231 -0.11797808050003918 -0.992938337492631 0.012435049613732325 7.108425012404358 -0.016045043400759896 0.014426996513617608 0.9997671820748387 -0.7342785454111718
-0.9935345413256764 0.11183286125870986 -0.019558280483418317 -3.1027316734451604 -0.11206596501813096 -0.9936370243449645 0.011255369182732696 7.152866052643924 -0.018175111480619864 0.013374415634887032 0.9997453627444803 -0.7849564851254424
-0.9939855833957256 0.10788009956282485 -0.018829341989930234 -3.2644784600576267 -0.10809067295126527 -0.9940851031251143 0.010545812708051914 7.20390313850279 -0.0175802850489223 0.012517662043916114 0.9997670937346121 -0.8200981387810292
-0.9942036059569463 0.10602639216136317 -0.017821169082015635 -3.421342646074718 -0.10624017965995977 -0.9942738945859686 0.011508552066600937 7.259646629156368 -0.016498912934627838 0.013335168168981778 0.9997749542581472 -0.8435028118630189
-0.9925410497957916 0.12067412511095875 -0.017321085386680004 -3.560490630928406 -0.12088015455905582 -0.9926018480193882 0.011382422513423926 7.317128287672146 -0.01581937748606948 0.01339129706936552 0.999785187157098 -0.8537265320039811
-0.9881250567853741 0.1527238813570547 -0.016860848618551322 -3.6772964057540025 -0.1529049176684203 -0.9881901019525138 0.010020406972479561 7.372373747399355 -0.015131368269757757 0.012479521878533212 0.9998076331114741 -0.856052028635752
-0.981396891932083 0.19141620601180295 -0.014831607535750996 -3.7896046046479563 -0.19156041294451184 -0.9814396484177584 0.00899025617848458 7.425347797737413 -0.012835446956597945 0.011664158335417365 0.999849588043997 -0.8488116714363348
-0.9753606653974477 0.22013181331191758 -0.014613595158451915 -3.9004356159653892 -0.22025867518632927 -0.9754110400293209 0.007708371688088264 7.470793929113872 -0.012557404214691913 0.01073721364813459 0.9998635026054622 -0.834999080041833
-0.9733224810895892 0.22894738002531695 -0.015048089086302747 -4.0093110265326475 -0.22906823734007212 -0.9733862904483197 0.00684632815249891 7.509229220614509 -0.013080154720743883 0.010110724346079488 0.9998633320637771 -0.8154460886750745
-0.9739301982603246 0.22640652425632246 -0.014144069102487448 -4.109681381853402 -0.2265204143329817 -0.9739810616463235 0.007028047005740548 7.542943496142172 -0.012184859745559913 0.010048747607133555 0.9998752681532377 -0.7923578074617648
-0.9739732825362232 0.22594750217566206 -0.017993642382621453 -4.201543123650212 -0.22611291583796336 -0.9740703934318251 0.007734205248352272 7.572089829654512 -0.01577954995773255 0.011601504219226642 0.9998081870553885 -0.7699792237707265
-0.970923637691578 0.2386168766932832 -0.019216553512425488 -4.298775920872815 -0.2388053030980131 -0.971033181904161 0.008160076797833912 7.585308662167476 -0.016712779063325647 0.012511826334429502 0.9997820448566564 -0.7545575399838
-0.9664750351358804 0.25600785677866594 -0.019646468555262066 -4.4023638856296925 -0.25615549629239903 -0.9666207019066654 0.005364733419325478 7.590623683671108 -0.017617269320004243 0.010217431823103388 0.9997925964462062 -0.7436142166794605
-0.9634527980114577 0.26734532272195416 -0.016887404258421564 -4.508889781138366 -0.26742316158861323 -0.9635759690074814 0.0024909028972737376 7.589572119848678 -0.015606365683388931 0.006915950403765334 0.9998542948750927 -0.7354905130583675
-0.9633415927219707 0.2679000929992907 -0.01423080822961406 -4.6139201031077635 -0.2679894433049723 -0.9634100949594768 0.004758908200739539 7.581723354467316 -0.012435192358289373 0.008398160580952167 0.9998874121069177 -0.7310294407271494
-0.9631985304165164 0.2682840126755928 -0.01650089531345759 -4.720728229014521 -0.26839718566698983 -0.9632951787621137 0.005034808805401062 7.573260103767349 -0.014544474191344648 0.009278314305408078 0.9998511745025594 -0.7294590676048165
-0.9620443046439672 0.27244227715178765 -0.01568316047403073 -4.83474915473344 -0.27259320264502873 -0.9620925340206009 0.008420323838497324 7.561882565860036 -0.012794599400996262 0.012375847533296142 0.9998415557597117 -0.7291809099101617
-0.9620334707969426 0.272663545726658 -0.012090984168169018 -4.962022205946696 -0.2727920274235077 -0.9620139291882485 0.01066348076191732 7.577137727701431 -0.0087241527130408 0.013556949492944108 0.9998700406952322 -0.742301262673749
-0.9608278628326102 0.2766695451486818 -0.016241329740522104 -5.087986293765565 -0.276844357363336 -0.960865870866815 0.009694328209776316 7.618666176168209 -0.012923614068841023 0.013810901150138142 0.9998211036024499 -0.7690398578368342
-0.9531836447946112 0.30185915195294455 -0.017944126568595342 -5.23702653528501 -0.30208680020961254 -0.9532090468805781 0.011665251139081623 7.677509689533665 -0.013583240967393922 0.016539810375857573 0.9997709388842789 -0.8065157296519614
-0.9415551261342011 0.33651098145022085 -0.015306985784851367 -5.404232493350609 -0.3366704252004882 -0.941576178215161 0.009344806742453169 7.735958403264001 -0.01126806308692859 0.013952060103813965 0.9998391724538144 -0.8455188876307633
-0.9313265414197133 0.3639379094395421 -0.013419065540144649 -5.5669035606530315 -0.3640706578231305 -0.9313254746412257 0.009242099140807841 7.787447245413298 -0.009133967343278338 0.013492900246838836 0.9998672473301147 -0.8854782756409677
-0.9257226091312671 0.3780711970554372 -0.009991041000217037 -5.71992207383206 -0.3781603816602555 -0.9256922444609079 0.009412453850969142 7.85325986513784 -0.005690051473326901 0.012491537215072132 0.9999057879681641 -0.9331170718871412
-0.924942955710389 0.3800011892840167 -0.008923274312852822 -5.84930319903021 -0.3800825059812949 -0.9248917265356676 0.010610505777331974 7.943430204323362 -0.00422105777127474 0.013205693037655213 0.9999038915529266 -0.982730682091202
-0.9263753645499754 0.37646537836914407 -0.01012436883353427 -5.97152160538817 -0.376539705756421 -0.926375573402248 0.006793157772666441 8.059773235115534 -0.006821579272292993 0.010105240869647845 0.999925672319297 -1.0284908162878854
-0.9267245254988541 0.37564849129910166 -0.008358518028481931 -6.107651526979237 -0.37571132508217786 -0.9267026518512814 0.007949544439585357 8.183331229940837 -0.004759626447295548 0.010507427682911014 0.999933467746515 -1.0671268416085453
-0.9271120372903023 0.37465639032126885 -0.009790786631428494 -6.243768332543667 -0.3747202549854134 -0.9271201812596215 0.005735852577733024 8.314625577903449 -0.006928262054215864 0.008986584031975558 0.9999356181736624 -1.09814168061461
-0.9272352612285725 0.37430115076892523 -0.011550708525418875 -6.389509598557328 -0.37438036329493546 -0.9272582272550722 0.005614585196877209 8.433545762962396 -0.008608943810538642 0.009530399825776742 0.9999175253817826 -1.1191021553352214
-0.9278208735569268 0.3729258460616319 -0.008645225924025108 -6.537729719206285 -0.3729715540994823 -0.9278322811141194 0.004413383643715071 8.528103890991662 -0.006375454860508126 0.007319252816078347 0.9999528899470895 -1.1318054068923253
-0.928338176578959 0.3716225060826344 -0.009216446110939993 -6.68623195953088 -0.3716777761872062 -0.9283472226064734 0.00520240015569704 8.59410496447423 -0.0066227331658885525 0.008255134869237284 0.9999439945085445 -1.141434129174518
-0.9289177419038086 0.37013938403797686 -0.010424258262167158 -6.8259755713355235 -0.3702229748428997 -0.9289111475649015 0.007683022070234732 8.63055991057273 -0.006839420648195734 0.010996195416829774 0.999916149490322 -1.142026964068339
-0.9294570951087675 0.36877873064781486 -0.010571479260630694 -6.968825761321883 -0.3688698286403671 -0.92944180555847 0.00854280978585822 8.658585017615755 -0.006675168222429986 0.011839674910974572 0.999907627847295 -1.1364119819307608
-0.929784204388887 0.3678999001632356 -0.01228807262371912 -7.130086418117998 -0.36801991762302944 -0.9297690029959008 0.00953631484102951 8.705151481543881 -0.00791665975415661 0.013388970381995473 0.9998790236675871 -1.1368962505339928
-0.9305617646617078 0.36598938143900456 -0.010323508298210207 -7.291665793370452 -0.3660840273220849 -0.9305326589034864 0.009563244933130353 8.74421517157648 -0.006106315528319676 0.012678461574767671 0.9999009798588886 -1.1342010139228145
-0.9312113796086311 0.3644164147483476 -0.006785510249815317 -7.46900606656259 -0.36447298255682287 -0.9311451700991091 0.011318886307190208 8.795502100441809 -0.002193507128763112 0.013013410892671919 0.9999129160398993 -1.1464427448223309
-0.9321210376321974 0.3621184271981681 -0.004540472112071485 -7.6490050477438425 -0.36214660753159733 -0.9320627496927435 0.010433853006317658 8.840414193464543 -0.0004537144814159397 0.011369930462729152 0.9999352573164134 -1.1625100759213867
-0.9324793668107555 0.36119013166745173 -0.004890731873798474 -7.830549009909463 -0.36122309570394356 -0.9323813368583841 0.013524711022126396 8.885001254653522 0.0003249650321379368 0.014378159277922301 0.9998965761185036 -1.187789591581801
-0.933191727429752 0.35935228648129897 -0.004374249345655442 -8.005095942226497 -0.3593781010563465 -0.9330947010670493 0.013478105272193619 8.921233911549074 0.0007617990614213276 0.014149665764827029 0.9998995982702132 -1.2132018318540752
-0.9334728616873806 0.3585778164533254 -0.00709690360210783 -8.167928258956346 -0.3586447934495754 -0.9333658335624072 0.014217343980650912 8.949988347301291 -0.0015259831859457903 0.015816772297721573 0.9998737425742303 -1.2331478618222742
-0.9342009220800161 0.3566729147684974 -0.007284851089186154 -8.327825829750735 -0.3567418103412271 -0.9341050509277316 0.013529027524701311 8.962542032242311 -0.0019793785164467274 0.015237640954044413 0.9998819412104832 -1.2472671574129728
-0.9348487671760901 0.35500331034840443 -0.0055165343304462485 -8.494548131743965 -0.3550458335677985 -0.9347564080699015 0.013149663052833176 8.974409354175958 -0.0004884419020003514 0.014251568823480741 0.9998983219360748 -1.2650227334263546
-0.9355491550420437 0.35315670385751835 -0.00530292566524289 -8.670408740484424 -0.3531960957759465 -0.9354657347668759 0.012505079195967257 8.980221129390374 -0.0005444527035255423 0.01357208891667486 0.999907746731513 -1.2836203486192137
-0.9361433427600259 0.35157942864109754 -0.005248539080948596 -8.858475538958025 -0.351618260971952 -0.9360589488468168 0.012579460833154298 8.99888866813678 -0.000490262322760728 0.013621660698754355 0.9999071006861903 -1.3111524939523491
-0.9371715864248132 0.3488087307633144 -0.006472012151127271 -9.041620796034666 -0.34886535072807173 -0.9370832428702851 0.012960053745640803 9.01491263253568 -0.001544234236832925 0.014403654917972393 0.9998950695276109 -1.335488473160478
-0.9376868875079293 0.34730318722708947 -0.011126416206358961 -9.234689931287898 -0.3474213839264627 -0.9376392157148904 0.011449154736770644 9.009421188223744 -0.0064562362343112915 0.014601277186274185 0.9998725517375784 -1.3622599158964714
-0.9384942214727898 0.34506343852723087 -0.012641979826993666 -9.41845258185604 -0.3451718948214756 -0.9385081279371096 0.007671819949277606 8.998142590096505 -0.009217336249390992 0.011563614821754978 0.999890655784281 -1.3797769212572617
-0.9392596746867748 0.3429392150251835 -0.01356312298862579 -9.595727846193437 -0.3430473826731055 -0.939294915107448 0.006599673811936964 8.992917232659872 -0.010476485499705214 0.010851601319760247 0.999886236529122 -1.3913533750205893
-0.9397765368607601 0.34153467319925074 -0.013195748128750823 -9.767722452915232 -0.34164610342888685 -0.9398001279650209 0.007325263735083248 8.994936290051204 -0.009899534224134228 0.011392386914564996 0.9998860998846489 -1.3982919515460885
-0.9406001657291431 0.3393166771931193 -0.011641340512543431 -9.938492848147312 -0.33940360806906106 -0.9406184435291058 0.006491111044006438 9.006306383991031 -0.0087475173627571 0.0100566530964765 0.9999111683887152 -1.4023935214014638
-0.9412478844047372 0.3374866865789712 -0.012456182623650721 -10.099732168953013 -0.33758934109424166 -0.9412652983994991 0.007285245943513093 9.027713592999167 -0.009265898939780129 0.011062296816167683 0.9998958789323961 -1.4037800061443146
-0.9418827927936019 0.3357428358642523 -0.011556504884887728 -10.254034460665846 -0.33582094781748983 -0.9419091998725644 0.005599125144903735 9.057658211334001 -0.00900531211493916 0.00915463605258326 0.9999175450968231 -1.4028673210668887
-0.9424698247338713 0.33408986564983206 -0.011601341999222732 -10.415989569790758 -0.3341671913430181 -0.9424979253910586 0.0054725554788768 9.096759833923837 -0.009105915441320379 0.00903450627471346 0.999917726615719 -1.4056800534899208
-0.9431031600190682 0.3323263233225743 -0.01075380811375737 -10.59520509179345 -0.33239929337509944 -0.9431205332952821 0.005862545569727453 9.130934813721103 -0.008193859028703412 0.009103543470670111 0.9999249902720181 -1.4163468080603603
-0.9436308027170611 0.33087680704540207 -0.00902478381982852 -10.783314517840386 -0.3309304556304923 -0.9436405241018032 0.005253076152985154 9.16179838943978 -0.006778030668982387 0.00794354028843778 0.9999454777476302 -1.430587872303783
-0.9443373867045305 0.3288698557683422 -0.00845683386190903 -10.968406004070713 -0.32891605481303055 -0.9443470502690763 0.004783046552812104 9.187509954102953 -0.006413186282152851 0.007298398112237058 0.9999528010994847 -1.4447267103031316
-0.9446463898392509 0.3279132828931953 -0.010773906713780698 -11.1491035255419 -0.3280110776864131 -0.9446304258169045 0.009060437956935107 9.210854825112314 -0.0072063221318415605 0.012092870758461357 0.9999009107897397 -1.4616498645769902
-0.9455093904584186 0.32542364875787716 -0.010556580130860619 -11.328376842733787 -0.32549160343901323 -0.9455290481274468 0.00548044139687452 9.237306315612917 -0.008198087926439135 0.008617886998228163 0.9999292591868867 -1.480709842137892
-0.9460599534561827 0.32374576648017034 -0.012619158159425083 -11.500899637011509 -0.3238408644356676 -0.9460902387339558 0.006352534445883521 9.26773456935696 -0.009882256222397778 0.010096477528999987 0.9999001960963211 -1.4971609700235766
-0.9468270014659296 0.3215303198147284 -0.011699689520458571 -11.673839005652376 -0.32160202650931347 -0.9468626462124065 0.004823458587163082 9.308380670308976 -0.009527110797061318 0.008329624690087965 0.9999199225499925 -1.518274632663085
-0.9473621647252699 0.3199370741079068 -0.012049790799942757 -11.839167687697188 -0.32000774001278587 -0.9474045719256121 0.00442983367148261 9.349169762148342 -0.009998758870974114 0.008052683137905197 0.99991758616164 -1.5413255083552337
-0.9482298231772534 0.31741989930421655 -0.01023767370724582 -11.9900470894292 -0.3174689025113273 -0.9482620809934607 0.003538599751994221 9.382657796308397 -0.008584775797209027 0.006605548853236954 0.999941332453489 -1.564531706178053
-0.9488321806158359 0.3156287109674635 -0.00979846114526879 -12.130531437040604 -0.31569288338236445 -0.9488433679568533 0.005853756573710485 9.408539016501246 -0.00744959123219365 0.008647537066287972 0.9999348597249524 -1.587062647972603
-0.9497124314353906 0.31293806161409854 -0.010773447465375126 -12.264844049014293 -0.31300982060803123 -0.9497325322052959 0.0057419050710498755 9.430595092374007 -0.008435032898964932 0.008825353484565092 0.999925478901236 -1.60981394400486
-0.9504553206167984 0.31071329088690597 -0.009588241624400402 -12.394711171224555 -0.3107733482378982 -0.9504678627706294 0.00554687887357079 9.45130337168473 -0.0073898265355140024 0.008251830491531168 0.9999386469965615 -1.6305487845544844
-0.9510219624240526 0.3089919332952453 -0.009011778158094334 -12.516366940602241 -0.3090295067348443 -0.951047423938355 0.003092149323321212 9.478728427168656 -0.0076151792049089445 0.005725607276572881 0.9999546122034697 -1.64807658879109
-0.951761682397424 0.30672334623917885 -0.008395760350676709 -12.642427348021988 -0.3067648947476123 -0.9517761342578442 0.004182057828439687 9.497576618796106 -0.006708149559417585 0.00655584693498059 0.9999560098326594 -1.6619247040518965
-0.9523002734792658 0.3050772252726653 -0.007216353043397628 -12.79249305748431 -0.3051118447743743 -0.9523068611358372 0.004290036362037252 9.518474743450701 -0.0055633901259568765 0.006287197590418291 0.9999647592974292 -1.6822679175019475
