-0.9800350414314157 0.1976483660392685 -0.021597244466149464 0.0 -0.19480548250698215 -0.9762722890716926 -0.09456871351530305 0.0 -0.03977614299734401 -0.08847339143903621 0.9952840385817155 0.0
-0.987497193816411 0.1555489523669157 -0.02556981858106593 0.14884269824329993 -0.152513709168269 -0.983769083681405 -0.09454077696097904 0.028659269253712306 -0.03986051580762951 -0.0894590040756319 0.9951925571814461 -0.004713665688801644
-0.9935499412252016 0.10859510534682237 -0.032643795522444286 0.3041220988750301 -0.10517988639492834 -0.9901341464505046 -0.09258273883765149 0.05121193752662249 -0.04237576889389229 -0.08855210402606686 0.995169743854388 -0.010598402922645356
-0.9972835523270682 0.07068387530543423 -0.020719701486978295 0.35727859261359846 -0.06841485102041547 -0.993122013424313 -0.09501618078986776 0.10994939529289438 -0.027293303533248225 -0.09334053901625117 0.9952600762405763 0.03635633181592041
-0.9979900362857925 0.058257425084989524 -0.024939123816789456 0.490061631173189 -0.05571959542537536 -0.994145416589672 -0.092575468453474 0.1341289530600928 -0.030186324054359635 -0.09099979723172191 0.9953933005319409 0.035574685379017326
-0.9980509988442945 0.05695397366196505 -0.025503893624666808 0.6228936696461179 -0.05436862614660393 -0.9942169032992213 -0.0926110235611168 0.16154924076176808 -0.030630967938296456 -0.09104391291140285 0.99537568270726 0.03444958585979469
-0.9982852632279812 0.05390255758574751 -0.022826465069204764 0.7606190275139146 -0.051505757379574434 -0.9941406939861125 -0.09503387563162477 0.1918168739374393 -0.0278152867789794 -0.09369522317880397 0.9952122964347242 0.0331982147777715
-0.9984211689958957 0.05186248146208959 -0.02157434396368523 0.8865641882766078 -0.04956420470939907 -0.9941399519112956 -0.09606844240088207 0.21925097927130166 -0.026430265083683357 -0.09484745136481647 0.9951408955807238 0.031816980480875126
-0.9984923690466442 0.05035716646253859 -0.021843643045158814 1.0209199680954533 -0.04807913472258055 -0.9943544783034955 -0.09459158674063586 0.24915229188417076 -0.02648368856387053 -0.0933987540797385 0.9952764877039971 0.03202516855492836
-0.9986316372688254 0.047981352434627346 -0.020800068853954166 1.151222496626081 -0.04577839718579352 -0.9943408171887056 -0.09586802190301406 0.2820351173043236 -0.02528223480796122 -0.0947846458612424 0.9951767076816429 0.03240733589751543
-0.9986842001470352 0.046214507957284615 -0.02222808203473069 1.2815279412599234 -0.04382623268183244 -0.9942190437450273 -0.09801915314692972 0.31552658653034715 -0.02662948939793105 -0.09691600646430629 0.9949362582524652 0.031104653667577576
-0.9985479301392179 0.04441173063174592 -0.030489824482550953 1.4238074909952836 -0.04125086472636076 -0.9943846981749866 -0.09745480077845475 0.3502647096173164 -0.03464675127643294 -0.09605555797419565 0.9947728044172975 0.026981918969706656
-0.998906837364183 0.03681722316804962 -0.028803165542694395 1.5507928690507091 -0.03382693069901446 -0.9945926024305667 -0.09819009089453465 0.38225932688900516 -0.032262501864701996 -0.09710843047123628 0.9947507646163652 0.027400010608153336
-0.9985577806115925 0.031215961309126617 -0.04367977265963847 1.7997118880706726 -0.027909575341314427 -0.9968408435936502 -0.07435985575407632 0.24434127839147377 -0.04586299580618436 -0.07303352862245294 0.9962744046258717 0.0014845553596436454
-0.998771748708749 0.02708201333102023 -0.04149166826250766 1.9381690337486321 -0.023915797951881642 -0.9968972701323238 -0.07499244902685595 0.24738228918712465 -0.043393877328401026 -0.073908033099652 0.9963205177319939 -0.0011499541769122578
-0.9988831067055202 0.02602732486441852 -0.039434978112465116 2.0811393623183316 -0.02305396441168211 -0.9969870228980704 -0.07406342483133813 0.24914766211431078 -0.04124383424505384 -0.07307157130679756 0.9964735277986677 -0.0038095814197002718
-0.9988775094057872 0.024355825810780125 -0.040626530154153045 2.2318916678340748 -0.021202001174914418 -0.9968570666006065 -0.0763312774333872 0.251373597293038 -0.04235795497271201 -0.07538423255236293 0.996254496167029 -0.0075449135848654
-0.9989597697892175 0.023355158751958427 -0.03916522567717917 2.36963183694181 -0.020435324845962895 -0.9970959393714642 -0.07336269615667981 0.24987136844250485 -0.040764884902493304 -0.07248602795441457 0.9965360003082068 -0.010170779996853936
-0.9989229307520251 0.02157037160378921 -0.041081595473631466 2.5165314533728567 -0.01849240177142822 -0.9970954421372852 -0.07388308565413217 0.2488344056038165 -0.04255595721527988 -0.07304381108571893 0.9964203892773196 -0.01564490445790765
-0.9989839098813372 0.020494384491192678 -0.04013885900873983 2.6592337528599357 -0.017534308523089036 -0.9971954914632808 -0.0727578162806096 0.2456859973179719 -0.041517415897590025 -0.07198008064480736 0.9965416058386892 -0.019720726853467097
-0.9991509587172769 0.018269405087806615 -0.036926826726434464 2.803722400928013 -0.015422155230503434 -0.9969907567044448 -0.0759709692839631 0.2435809795677297 -0.03820364933344385 -0.07533697554080755 0.9964260239947423 -0.02297308287506623
-0.9990240866560768 0.01692673484176504 -0.040796567607927846 2.9614332908052137 -0.013793557278368266 -0.9970204974296693 -0.075893777628363 0.2390621117848514 -0.04195964797993453 -0.07525698208599396 0.9962809717086382 -0.027122409558938937
-0.9990189922121067 0.01014489270670732 -0.043106082534560324 3.103938301063443 -0.006866844421579568 -0.9971202929457734 -0.07552461746625999 0.2325669273510305 -0.0437481387855158 -0.07515452446595933 0.9962117735728176 -0.031170564292069738
-0.999279447933611 -0.014525371041108372 -0.03506563180117945 3.196926811024636 0.017612583910300506 -0.9958398553502189 -0.0894023455176537 0.31432354172329113 -0.033621151460061276 -0.08995552285531691 0.9953781302009435 0.02792501231313506
-0.9980617597475969 -0.05091929692647717 -0.0357763739085354 3.32693273917464 0.053859627341632355 -0.9947773418321362 -0.08670167656977432 0.31102906474184133 -0.031174737723845717 -0.08846053005664457 0.9955917187029767 0.028556993844980352
-0.9954999818391778 -0.08747493350149528 -0.03644066639217365 3.464209171778424 0.09027594663424901 -0.9923640306263256 -0.08404691653096595 0.304103740683464 -0.028810408145094765 -0.08695841953475182 0.9957952568949759 0.028474961236997533
-0.993437367851273 -0.10684451452079748 -0.04082212480444294 3.6133217518106986 0.1099657558240879 -0.990383715446211 -0.08395015619399235 0.29618397151782666 -0.03145995395374089 -0.08788825800852883 0.9956334292305853 0.028470495022332763
-0.9930413648943098 -0.11023310405901786 -0.04144285678328409 3.7437041899513135 0.11347107707423894 -0.9897922971845262 -0.08622947930835842 0.29092066218244417 -0.03151447725186289 -0.09033200542273057 0.9954129628048097 0.02824026151369038
-0.9928403809034492 -0.11232784022015281 -0.04062553826067798 3.878118670049065 0.11551168734905409 -0.989479888276074 -0.08710109518796205 0.28566675846709677 -0.030414275156057297 -0.09117020899747831 0.9953707675324246 0.029055934500915762
-0.992694535717674 -0.11432230724348694 -0.038574198926193556 4.009528729056284 0.11728422514534721 -0.9893578624697549 -0.08611289393193779 0.28020661460791646 -0.028319062278389172 -0.09000794429273137 0.9955383471649243 0.030342770965409372
-0.9923256629183698 -0.11659408768374473 -0.0411776326518817 4.154471031997334 0.11987119007468211 -0.9887946886801279 -0.08897168891309487 0.2760173107742084 -0.030342651560097786 -0.09322490201209298 0.9951826169809932 0.030879102068227044
-0.9920574090279696 -0.11894636237260803 -0.040912835040315496 4.306519431692924 0.12213428729506542 -0.9886834955282058 -0.08711005416744261 0.26921674836399306 -0.03008842069032984 -0.09141503458650871 0.9953582161171469 0.032410435065322915
-0.991804900750766 -0.12099066504651709 -0.04104019759168703 4.4436311107115625 0.12418471907262131 -0.9884238829831242 -0.08715723204311479 0.2645932752857303 -0.03001989999345989 -0.09153953528484146 0.9953488429109756 0.03371320616456893
-0.9920350231421199 -0.1183571631728598 -0.04310562359004534 4.606145647981867 0.12153735476196012 -0.989301230333309 -0.08069539676131794 0.21080416341623887 -0.0330935682101384 -0.08529160326007544 0.9958062854573909 0.08174187338974169
-0.9918392033360711 -0.12047062995605762 -0.041735141591450475 4.7554793039184515 0.12363512391376567 -0.9887576061478169 -0.08409965766676021 0.19993416893861848 -0.031134399953999376 -0.08857326686325329 0.9955829576367181 0.08632495318759081
-0.9917306392612952 -0.1213444176040436 -0.041783626777938745 4.905167130265539 0.12445615613922273 -0.9888005200149682 -0.08236623590511905 0.1865417864376069 -0.031320988959993246 -0.08688534936606851 0.9957258316002975 0.09169521431177834
-0.9914538124042592 -0.1233325481333016 -0.04252552692215289 5.057547333005502 0.12649876833089568 -0.9885523703032257 -0.08223303945884841 0.17459769117247267 -0.031896700140081766 -0.08690968725533982 0.9957054317323737 0.09663068090371948
-0.9913285132932383 -0.12499049051767698 -0.04056052282661185 5.195862912769944 0.12801290426666376 -0.9882679778375556 -0.0833012624279058 0.16308968822775774 -0.02967280022228402 -0.08777118696371465 0.9956986209019018 0.10214068414600294
-0.9910553783490577 -0.12652224131279385 -0.042442425691673766 5.349138304339767 0.1296009500425308 -0.9883334349338776 -0.08000384453184795 0.14950853065599656 -0.03182500264696808 -0.0847888191036402 0.9958905689690664 0.10631345554895781
-0.9906900176553205 -0.12853860899975517 -0.044845455895874936 5.501769319493764 0.1319014754572971 -0.9878231697537526 -0.0825068849844481 0.13859611920251022 -0.03369406016331155 -0.08765392914214942 0.9955809856639761 0.1118931275174526
-0.9904177989844815 -0.13094131787036167 -0.043897092490368446 5.649710084411024 0.1343286995375946 -0.9871942422212209 -0.08604259762354965 0.1285882291531845 -0.03206842583092728 -0.09111475950493614 0.9953239254961592 0.11780883212233738
-0.9903384645092598 -0.13171665636086588 -0.04336413438032661 5.795879664958734 0.13503748690232495 -0.9871398387860685 -0.0855559221358712 0.1165537328589528 -0.03153732462568547 -0.0905851042861265 0.9953892384574619 0.12409188769657117
-0.9899685839838465 -0.13351223610432345 -0.04622429594316687 5.933987465830284 0.13699936655067615 -0.9870873312826837 -0.08300466243496801 0.10519371733152841 -0.03454527883418445 -0.08850470739826731 0.9954765393913689 0.13024308275489355
-0.9896418183863281 -0.13383490907519757 -0.05193542542268869 6.108223025544691 0.1380398963519471 -0.986486418716775 -0.0882583293661027 0.11201173940395288 -0.03942154634391912 -0.09451329430395157 0.9947427702092984 0.055581663446210246
-0.9894723110646779 -0.13568339828668152 -0.050344424375527316 6.257167161536265 0.1396281500682272 -0.9865029465828663 -0.08553312862187959 0.1030161461086061 -0.03805949743296753 -0.09166216129188817 0.995062572325203 0.05580276633123895
-0.9892115386836529 -0.13818738735384162 -0.048628980160386824 6.409594231189563 0.1420487819077273 -0.9859587973034476 -0.08779176258892472 0.09666185008420573 -0.03581445648967597 -0.09375231195153817 0.9949511690078516 0.056676091939566645
-0.9889750345918353 -0.14002992041545628 -0.048166402632116904 6.556662695988427 0.14394583938212668 -0.9854154997236808 -0.09075179463186063 0.09051024292143486 -0.034755953139760216 -0.09668461249221305 0.9947080523593732 0.05864486965681186
-0.9888064167527869 -0.14160571952197454 -0.04700734397067956 6.715517575159807 0.14542831800287193 -0.985130139181693 -0.09148340395237725 0.08347081393078355 -0.03335377806740144 -0.09729557582193626 0.9946964845690913 0.060126120758058475
-0.98864081217315 -0.1418686944969934 -0.049624772315175036 6.868438500778166 0.1458772818508113 -0.9852378729368046 -0.08958879601144214 0.0769901253741169 -0.036182359589075536 -0.09581026694816995 0.9947417904169339 0.06077262536732941
-0.9884029747435391 -0.14283056768694452 -0.05156538036655833 7.014078092145511 0.14698289850033483 -0.9851670146681727 -0.08855495897035098 0.07280898333899753 -0.03815215677472177 -0.09510721394313595 0.9947356587503091 0.06074852556743597
-0.9884026888288241 -0.14425006460958906 -0.04745570119680043 7.163342418333417 0.14806960765214466 -0.984837584945814 -0.0903898366401695 0.06932458594162016 -0.033697418383172466 -0.09636830463500937 0.9947751674906664 0.0620511290842041
-0.9881162054351335 -0.14506423336221932 -0.05082059381298888 7.312648785193133 0.1490299504424344 -0.9851140775535416 -0.08567571462766 0.0629932267614986 -0.03763560053458399 -0.09223135261323157 0.9950260997418786 0.06227508943926673
-0.9878966831046422 -0.14601662007982638 -0.05233822858398952 7.4720299591298165 0.15016647502737437 -0.9848373217367723 -0.08686471949067724 0.060452218019894054 -0.03886094811889231 -0.09367281555928987 0.9948443246742155 0.06305698193218476
-0.9900288212998383 -0.13404510331412814 -0.04329946042571041 7.56452381484434 0.1369803384340241 -0.9878063257987992 -0.0739935780617267 -0.043969785522741923 -0.03285300409632535 -0.07918694961533329 0.9963182760205022 0.05726847392060685
-0.9926303570813757 -0.11341964819418521 -0.042672679831569804 7.69747346623406 0.11642477672048313 -0.9902748274011564 -0.07616454280828817 -0.05663518713506333 -0.03361912500476559 -0.080571394546186 0.9961817127486314 0.058052976829350345
-0.9948641393951568 -0.09073272246083179 -0.044865546027876624 7.851859296791019 0.09384410819333498 -0.9929112208934454 -0.07294237987127536 -0.07140205168620972 -0.03792924337409705 -0.07677812513166407 0.9963264986932421 0.05921535139440208
-0.995297541187492 -0.08428537231578083 -0.04773657423530482 7.99761790937922 0.08775000847785873 -0.9932504802475984 -0.07585129860490722 -0.08174803987343524 -0.041021220341041574 -0.07968349579119434 0.9959758029089996 0.059604832232197126
-0.9953380074202923 -0.08350560018430873 -0.0482603949679288 8.146352804139232 0.08700521578031802 -0.9933314063898764 -0.07564925317893374 -0.09583524113665236 -0.04162142971622204 -0.07949548299978115 0.995965925506997 0.060785001414052214
-0.9954827908272276 -0.08339006773667586 -0.045388432113335105 8.286243799932059 0.0865934504822392 -0.9934988014465492 -0.07390335484841036 -0.10968597095116554 -0.03893054713735996 -0.07749985888466303 0.996231993248783 0.0627582557844958
-0.9957225495377783 -0.08253473892122279 -0.041528559006933696 8.434763533910374 0.08550801353010785 -0.9934493487396824 -0.07580746078609982 -0.12324552724069254 -0.03499977091527416 -0.07903422271337121 0.9962572999361017 0.06478419175243266
-0.9956706143402954 -0.08209674944389714 -0.04359072688043582 8.59610077450697 0.08530955836877012 -0.9933099410915327 -0.07783084336984424 -0.1376154552415514 -0.03690944310260149 -0.08121258929181978 0.9960131567154994 0.06571474731899378
-0.9957441872990009 -0.08087331457046434 -0.04419299096733469 8.740047150962921 0.08404816564341148 -0.9936005410253844 -0.0754577413261291 -0.15293971266514614 -0.03780766208362891 -0.07885094713730499 0.9961692169623192 0.06671149561856132
-0.9958471432620523 -0.08023018255349766 -0.043030048387631685 8.894461650407841 0.08330593750601384 -0.9936809778354777 -0.07522124077794098 -0.16854333931651863 -0.036723126678614965 -0.07849351626320032 0.9962380136652009 0.0683936629461457
-0.9960033701142592 -0.08029860042845136 -0.039107818786911205 9.031667487612905 0.08304743923126978 -0.9937462769186856 -0.07464221290516204 -0.19577396703618505 -0.032869584088736636 -0.07759169981050097 0.9964432339889465 0.0834278857667983
-0.996003069162988 -0.07946441071257485 -0.04078349725086769 9.188773988148006 0.08222399419595053 -0.9940701571368269 -0.07115994286414588 -0.21570384092057707 -0.034886974594719546 -0.07422890353539807 0.9966308087168287 0.08486576927024864
-0.9959806742536411 -0.07876473566903833 -0.04264519818513049 9.348017746879473 0.08172379704837579 -0.9939942666875207 -0.07277787293081615 -0.23389722665105708 -0.03665675257382218 -0.07597048247394944 0.9964360332120757 0.08672972000159088
-0.9961410526479004 -0.07766083574871846 -0.04088762429322035 9.484919066156994 0.08050378770267388 -0.9940619791952742 -0.0732114860107154 -0.2511570105136438 -0.03495916753951362 -0.07622057536639915 0.9964779377867626 0.08837200733461742
-0.9961697701117822 -0.07678148385362532 -0.04183769655077274 9.632295370438912 0.07969668809923977 -0.9941313160242163 -0.07315302048427183 -0.27056470794463644 -0.03597536687028448 -0.07620715345159713 0.9964427945152462 0.0905396316838471
-0.996297506841307 -0.07605883139381556 -0.04007907220486691 9.784244243905654 0.07873397434930686 -0.9944322309394358 -0.0700392700702931 -0.29199949089589694 -0.03452881615344619 -0.07293553479494001 0.9967387664875976 0.09427929287958983
-0.9961402463673388 -0.07534896503322625 -0.04502380521056834 9.948961040661251 0.07851626277080194 -0.9942145342574928 -0.07329840620138386 -0.3109319419004817 -0.03924036248206599 -0.07655059333263417 0.9962932302353046 0.09590085713666835
-0.9962013389522102 -0.07451906931188215 -0.04505330818835014 10.110860138419905 0.07754698921970567 -0.9945505492431036 -0.06968263387099907 -0.33420397954320225 -0.03961510738067497 -0.07291168156839999 0.996551318276227 0.09766221129124354
-0.9962454861277904 -0.07474198487555522 -0.043687149905490205 10.254830236178488 0.07772403347556558 -0.9944365726378978 -0.07109766255286068 -0.3527831624249625 -0.03813011920112049 -0.07422626689423065 0.996512195265394 0.100361265068295
-0.9963094580835579 -0.07418826471210532 -0.04316902954959458 10.410263064471211 0.07712241212408691 -0.9945030549362655 -0.07082236419802651 -0.3747428047597009 -0.0376775434630454 -0.07389029098225289 0.9965543776518913 0.10333875681023205
-0.9971597669971006 -0.0681458012701912 -0.032070997046106074 10.497453869650798 0.07098123711402013 -0.9926844025264062 -0.09766954980215171 -0.22611400657815264 -0.025180608810173477 -0.09966858456923802 0.9947020208031718 0.09599260382267638
-0.9971991420710582 -0.06717188540543512 -0.03289086292307557 10.649218746760738 0.07002776565649359 -0.9929946100233995 -0.09517256170575682 -0.22028716256585665 -0.026267529192991714 -0.09720927052270252 0.9949172702463955 0.09841447303048757
-0.9971168236637593 -0.06736556390284032 -0.03492736415402697 10.798497617871833 0.07050671195525297 -0.9926586586144919 -0.09827304333812419 -0.20910287107349101 -0.02805073146915529 -0.10045231842884556 0.9945463730698109 0.09952581931240022
-0.9972338903062916 -0.06717527188078032 -0.031812747010004014 10.930672697270428 0.06999160003163186 -0.9927457100820756 -0.097760580187761 -0.19928951802065378 -0.02501487456677219 -0.09971678876387277 0.9947013713115258 0.10189800234389196
-0.9972878408891561 -0.06642455596968214 -0.031697646267127386 11.07507319229373 0.0691291848392545 -0.9932016141562415 -0.09365740462396292 -0.18736069028627503 -0.025261001922044887 -0.0955946232884836 0.9950997687569962 0.1044456832041191
-0.9972144640301037 -0.0664039692491904 -0.03396800843596305 11.222425017137642 0.06939338912739862 -0.9929499746925367 -0.09609841467737182 -0.1705193317092634 -0.02734721694371324 -0.09818788431391752 0.994792073299436 0.10702440840030893
-0.9972080650865283 -0.06631655229881853 -0.034324769738200485 11.369675857870712 0.06936447806009056 -0.9928714259868491 -0.09692729565139015 -0.1523864057639849 -0.0276521990053889 -0.0990376006880157 0.9946994066250002 0.10895298151426468
-0.9972785347486476 -0.0656725157547119 -0.03350589207941898 11.512931817883068 0.06857484847744966 -0.9931651603379753 -0.09444815745761675 -0.13356038142861695 -0.0270742365706842 -0.09648878155148952 0.9949657786822738 0.1102759671840325
-0.9972522617716046 -0.06560389767958685 -0.03441010027107454 11.640074470261357 0.06860671575465564 -0.9931193818900014 -0.09490527839789283 -0.1127444153218864 -0.027947181338714443 -0.09700526750474922 0.9948914177595227 0.11249894527451575
-0.99739652237457 -0.06550448991353024 -0.030155247574541754 11.77935776025567 0.06814974867685815 -0.9929291655013432 -0.09719714014356151 -0.08751525181817668 -0.02357517572351824 -0.09899916210743544 0.9948082111601365 0.1167122430310061
-0.9973732337814475 -0.06043591125746469 -0.03992659723565218 11.994825582486314 0.06291923282410747 -0.9959525889844859 -0.06418419303789162 -0.2633892354792665 -0.03588596769161861 -0.06652774703519901 0.9971390355398071 0.07278927314184558
-0.9972832559515581 -0.06080876682812684 -0.04157404569562166 12.155151050237007 0.0634949451340438 -0.9957523599740612 -0.0666755543547441 -0.2686788293669695 -0.037342995877191 -0.069134155689718 0.9969082049898005 0.07016815680887636
-0.9973099788697369 -0.06029249587319618 -0.04168478125437867 12.296029587163952 0.06299085575886393 -0.9957777400684515 -0.06677457955639703 -0.2748591242488901 -0.037482771210394464 -0.06922071456976024 0.9968969528175121 0.06819387345202109
-0.9972893627591276 -0.06003190697187943 -0.04254523560650385 12.450019768689305 0.06279950788882584 -0.9957738153583208 -0.06701291260387121 -0.2822505630143412 -0.03834251864985674 -0.06950308476645042 0.9968446079863867 0.0663054642024201
-0.997285355022831 -0.0593567604790408 -0.04357402485907765 12.60933448607049 0.06213216713932647 -0.9959245573524725 -0.06537484125298063 -0.2909738770774181 -0.039516002626234066 -0.06790472036401739 0.9969089399181492 0.06544192777328754
-0.9972166785897988 -0.05918675901266808 -0.04534118988189603 12.772167569742425 0.06217409323408679 -0.9957743984735103 -0.06758497965700509 -0.29851339832063317 -0.041149460176883 -0.07021591630317918 0.9966827213435858 0.06319357753901757
-0.9972786652173294 -0.05899778245410319 -0.04421001660076635 12.9324153254729 0.061828071570624685 -0.9959253167939632 -0.06565099340224488 -0.30861426962584604 -0.0401566117619432 -0.06820575514091318 0.9968627897045101 0.0607745244133012
-0.99729884352412 -0.05940759598690905 -0.04319437746407661 13.077926652247013 0.062201297672162904 -0.9958456527154869 -0.06650138747097754 -0.31653047328482126 -0.03906424545990775 -0.0690085031479621 0.9968509473436468 0.05967453182774916
-0.9973229203567935 -0.05951812990373539 -0.04248040423252972 13.238484563496126 0.062329823686643644 -0.9957187258767632 -0.06825842085447877 -0.32561204487843864 -0.03823592041770364 -0.07072348373148274 0.9967628620884177 0.05862082439878474
-0.9973190198452891 -0.05976876773405833 -0.042219273541641816 13.401145589611346 0.06260779285087907 -0.9956172331190312 -0.06947365969017516 -0.33551886523406577 -0.037881881278167856 -0.07193065771948037 0.9966899937045971 0.0568078366473023
-0.9967792157760609 -0.07103521097519501 -0.03721819176922252 13.509632268839797 0.07344247495316028 -0.9949856917800641 -0.0678945949667686 -0.3418301584830861 -0.03220866140676313 -0.07040931724322193 0.996998059263772 0.0580243651990773
-0.9966461654020775 -0.07094751206521735 -0.04077832170517489 13.669436821268915 0.07367118266575977 -0.9948436471013694 -0.06970419403934255 -0.3510979108306616 -0.03562271514024661 -0.07247460488889815 0.9967338931792352 0.05556026662151026
-0.996676342368773 -0.0705274736969547 -0.0407694004901931 13.811493851423512 0.07327601220625932 -0.9948240541300575 -0.07039692720129673 -0.3604673919622424 -0.03559346284856996 -0.07315037100495046 0.9966855715943146 0.05494387687663688
-0.9966724728676855 -0.07039249259000809 -0.04109597078520729 13.967977437217337 0.07302948897069993 -0.9951005093305759 -0.06664585561538526 -0.37251348566290227 -0.036203253562233494 -0.06942530746776725 0.9969300131476204 0.053390924866313666
-0.9965892753703696 -0.07116001734510519 -0.041785980282937396 14.125551270411544 0.07395462952434471 -0.9948261602983474 -0.06965359687743251 -0.38178267547684913 -0.03661323515723 -0.07250629433015651 0.9966956949309204 0.05235364598755966
-0.9965632353395009 -0.07130413359882816 -0.04215967862054043 14.282381422106784 0.07419214656290365 -0.9946810950717646 -0.07144959408718732 -0.3921607097411154 -0.03684078389577797 -0.07433195570248152 0.9965528169662604 0.05074512260518764
-0.9965747612272322 -0.07128709469686996 -0.04191533626925332 14.439300928415955 0.0741141720512563 -0.9947698014070941 -0.07028607052358961 -0.40392532048862495 -0.03668562097119069 -0.07315184439349243 0.9966458613147341 0.04903951318803067
-0.9965481009972688 -0.07120140396701823 -0.042687732100253964 14.583144296957263 0.07410542345324952 -0.9947323621253797 -0.07082311737898266 -0.41386831812958486 -0.03742016319515652 -0.07374203559428001 0.9965750566680163 0.047955688374107935
-0.9965950376970789 -0.07126834115229082 -0.041462686682828924 14.741213172373559 0.07413735306032805 -0.9946197553316865 -0.07235464867680744 -0.4248580646523972 -0.03608301149801683 -0.07518221766705646 0.9965167587290729 0.04740015529211198
-0.9966674513107524 -0.07140078826975658 -0.03944513825791907 14.899000060698139 0.07397212322032486 -0.9949315561565721 -0.06811257996977264 -0.43832278844646894 -0.03438192088883397 -0.07080343210833065 0.9968975662111303 0.045657381168308454
-0.9963605162697591 -0.07414792896135022 -0.042045288076093146 15.061197078891139 0.07710159371862671 -0.9943010501900575 -0.07362585033122827 -0.4335071840070841 -0.036346469769524006 -0.07659964896584816 0.996399231188785 0.047427631117934695
-0.9962316827801453 -0.07476907352927893 -0.04395474796438936 15.225691629642451 0.0779077244650032 -0.9941611313037616 -0.07465943660053799 -0.44249489334051173 -0.038115885057608885 -0.07780251055330985 0.9962399051723823 0.04503444034069474
-0.9961946135163136 -0.07442048216453606 -0.04536390454403893 15.372107248228524 0.07766378858085378 -0.9941914698469857 -0.07450944387632058 -0.45113211845363177 -0.0395553781975492 -0.07774903933739691 0.9961879636583454 0.0435059400501879
-0.9962051869821977 -0.07389242940711806 -0.045990589320843614 15.534190529736767 0.07712164591535621 -0.9943509655584631 -0.0729274229920288 -0.460744592695478 -0.040342002442502065 -0.07619754700294455 0.996276295346659 0.04255989741817853
-0.9962865867304436 -0.07420269343170552 -0.04366918122066057 15.69572978832828 0.07737806217869228 -0.9940870116838907 -0.076181682147761 -0.46828324432908497 -0.037758079856806806 -0.07927782469816123 0.9961372164097949 0.041944242308695805
-0.9963877504237533 -0.073462564344023 -0.04259932447225762 15.857269107759777 0.07637166277316282 -0.9945307703962388 -0.07124546203321264 -0.4793557156793042 -0.03713246464691919 -0.07424148688613347 0.9965487352328442 0.03988588258936657
-0.9956801071533635 -0.08131407752915756 -0.04482348731021189 16.01946215194398 0.08444888012217665 -0.9937386570516968 -0.07315646333168595 -0.48734331793974933 -0.038594181752912064 -0.07662572855557216 0.9963126953211783 0.039295877690109
-0.9951784465935 -0.08657900951511488 -0.046086164378584545 16.167490830562723 0.08989565003111177 -0.9930808079536658 -0.07555978414195133 -0.49550308883435784 -0.03922539408638416 -0.07933841431158083 0.9960756921405581 0.03834550350707248
-0.9935296757136423 -0.1032611336130933 -0.04728553437663352 16.33160169058426 0.10668821664161322 -0.991319390059434 -0.07683418068818039 -0.507732288428301 -0.03894108249878399 -0.08138184795843997 0.9959219783279674 0.03528250668242022
-0.9904351936387079 -0.1297223929793798 -0.047013061605883005 16.497428265598117 0.1328958564573101 -0.9884963262656528 -0.07220598517980541 -0.5268269132122115 -0.03710550549895817 -0.07776319000022835 0.9962811188327596 0.03420503437389159
-0.9878756292382236 -0.15015502141054424 -0.03943615983311254 16.572714675168488 0.15303374031001615 -0.9845917431826214 -0.08461544530009439 -0.4639311477855727 -0.02612308335381435 -0.08962459931182806 0.9956329723920777 0.03536965449394723
-0.9872640010758736 -0.15395471439267033 -0.04009660953158963 16.72215382690217 0.1569285988815907 -0.9838188867555396 -0.08645121697322367 -0.4675957659303901 -0.02613822933402865 -0.09164247912055787 0.9954488680931431 0.03435361391135251
-0.9869532372118955 -0.1560559337321578 -0.039621371807956586 16.849687933285413 0.1589501993181816 -0.9835917983084375 -0.08533468484200724 -0.4698760163896357 -0.025654272425276386 -0.0905191683974104 0.9955642312070935 0.032257186576932516
-0.9866385450733277 -0.15794102823058853 -0.03998766030979327 16.993503267735903 0.1608866848123622 -0.9831939534754688 -0.08628513486902156 -0.47074837863016367 -0.025687662907991463 -0.09156572202927282 0.9954676602098048 0.03084730414043739
-0.9863347512001923 -0.1594431699014309 -0.04149257941654416 17.144142831891596 0.162592384778402 -0.9826796905105512 -0.08890636799554659 -0.4706072007467719 -0.026598401961901007 -0.09443781779494333 0.995175373280108 0.029065353001272082
-0.9862105929010394 -0.16034840082866628 -0.04095188397949077 17.27580571797529 0.16340037017933173 -0.9826918328538369 -0.08727588823738316 -0.46861053191546903 -0.026248532816857663 -0.09276395848634435 0.9953420831708595 0.027936162628531287
-0.9861139365603665 -0.16158852255852946 -0.0383204057751114 17.397376187261138 0.16436920873572525 -0.9826157973160569 -0.08630734664280638 -0.4631874378202831 -0.023707959444227975 -0.09140757212770491 0.9955313096114603 0.02759806551769713
-0.9859733964407102 -0.16136341591948242 -0.04264164061063081 17.532626708038418 0.16461387329838187 -0.9823445307650845 -0.08889035714648849 -0.458488055898521 -0.02754513076524334 -0.09466293297126453 0.9951282303765699 0.025498166698602557
-0.9855381768787648 -0.16399048279993225 -0.04268048108357806 17.689695392598342 0.16712852766978292 -0.982259036904204 -0.08506021196162171 -0.45701356228315687 -0.027974223017112568 -0.0909632121853144 0.9954612683954702 0.023524567817046742
-0.985274466857408 -0.16535011005095487 -0.04351512455442849 17.83474721169391 0.16865084375424153 -0.9817169755206737 -0.08825345815050685 -0.44801087186980837 -0.0281268174494153 -0.09429274139973848 0.9951471052359492 0.02202503481011693
-0.9859100550126785 -0.15893493568847286 -0.052163681260033276 18.055821818279156 0.1625001116686352 -0.9839862611466443 -0.07324446451663853 -0.5616746984200401 -0.039687241433216836 -0.08068905807077577 0.9959488936562321 0.0874502527476955
-0.9857550432921638 -0.16050134249542322 -0.05026244802266588 18.2004374967461 0.1639334583334589 -0.9837018975147082 -0.0738674357534826 -0.5710993560962561 -0.03758744288850243 -0.08105489425771673 0.9960006467136324 0.08957657385004925
-0.9856241714305547 -0.16159379664566542 -0.04931974835166679 18.360881396904688 0.16484774255482598 -0.9837474524609834 -0.07117704370865048 -0.5837403593942885 -0.037016408070073684 -0.07828406390935937 0.9962436403166772 0.09312209839715534
-0.985436816107818 -0.16216222601326433 -0.051163404047321635 18.521133928876054 0.16564496442386217 -0.9834524592867103 -0.07336897221536333 -0.5931951499615409 -0.03841909968106943 -0.08077544662423289 0.9959916164317608 0.09585728568950833
-0.9881283452170523 -0.14450103275776915 -0.05217111183929388 18.67669690885704 0.14800817749876027 -0.9864236554055309 -0.07114739243209035 -0.6011507901979268 -0.041181947162627686 -0.07802450633184754 0.9961005088039891 0.0977929997305066
-0.9918274620437805 -0.11716598180112513 -0.05050166575838588 18.82499163271177 0.1206551630506971 -0.9900289211905713 -0.0726984651519095 -0.6010128726721389 -0.04148032262414323 -0.07819762090250645 0.9960745528925959 0.10061758161277427
-0.9944863358015622 -0.09381431759822347 -0.04685938238562436 18.95721821282494 0.09717034100760577 -0.9924088199637487 -0.07538341254298156 -0.597560141083405 -0.039431620971602376 -0.07952111588590416 0.9960529802153159 0.1044413230029513
-0.9955304463302662 -0.08291836899910368 -0.04520701839304762 19.118876702930994 0.0862170242932751 -0.9933198374793231 -0.07669631798244413 -0.5941945506488294 -0.03854549456776593 -0.08025113427597054 0.9960291161888524 0.10748163753113557
-0.9954358645268822 -0.08210820232853185 -0.04863828455029847 19.295374253299276 0.08560744982396579 -0.9935124025538309 -0.07486301160354082 -0.5930674651663753 -0.04217587163599715 -0.0786851261808201 0.9960069511653282 0.11073128544834177
-0.9954771526332511 -0.08076109715140854 -0.05002882940960757 19.467953313715547 0.08432282950627894 -0.9937070412956454 -0.0737290750213906 -0.5906061069129913 -0.04375955906141968 -0.07761418212128232 0.9960226602464397 0.114604655635576
-0.9935204298902364 -0.10656253117028837 -0.03951686148090756 19.536473958278435 0.10872355839959998 -0.9924191164601348 -0.05730170270955489 -0.7216313298116314 -0.03311107427506227 -0.06122682610642785 0.9975745247976637 0.1379014346101868
-0.993620880930555 -0.10569014752409993 -0.03933367126422104 19.671839001042006 0.10772364779767997 -0.9927254797146565 -0.05377487917667875 -0.7414129029032744 -0.03336406276143861 -0.05766900936932237 0.9977780939038557 0.1425263784878908
-0.9935900852937879 -0.10578857235153112 -0.039843699197091534 19.824928831550352 0.10788998920342988 -0.9926451456153643 -0.054912340288281826 -0.7619569578241226 -0.03374155650777289 -0.05885909314691435 0.9976959028272872 0.14820951569467875
-0.9934904829774338 -0.10637959412404983 -0.040743615294519336 19.98519799625434 0.1085983298057874 -0.9924624931987913 -0.056785582298967144 -0.784414755973357 -0.034395682820069114 -0.060840624155590016 0.9975546879523446 0.15328317702345115
-0.9935769316042645 -0.10586129340318005 -0.03997833842045528 20.140901480743896 0.10803987823054033 -0.9925134349744847 -0.05696021512493628 -0.8091628830683325 -0.033649155944609356 -0.06091361058215832 0.9975756945465644 0.15947190712331247
-0.9937043832851986 -0.10529115683083404 -0.03828016370142018 20.292293236927243 0.1073500457613851 -0.9926183855411135 -0.05643322036515296 -0.8350053579889722 -0.0320556752356169 -0.06018731576485282 0.997672251145741 0.16666706522778602
-0.9936512971010679 -0.10548164918478484 -0.039124435518268844 20.430602328738907 0.10767823466952371 -0.9924286006157358 -0.05908358873957487 -0.8584201691610964 -0.032595974411270205 -0.06292133473751343 0.9974860440562713 0.17293712816608467
-0.9937010820971691 -0.1044281859613052 -0.0406560378756519 20.589976139407074 0.10663567336944334 -0.9926884082310617 -0.05655578952438406 -0.8888916718546964 -0.034452759018121816 -0.0605349332246439 0.9975713153732555 0.1785033519742471
-0.9935878741627612 -0.10532963291105152 -0.041095069625785324 20.749284880806393 0.10756114532103156 -0.9925913196891939 -0.05650727470770753 -0.918826123567193 -0.03483871889081079 -0.060565175707559295 0.9975560751945524 0.18478057097731526
-0.9936026253709094 -0.10579738016193106 -0.039506166694684354 20.905632610475756 0.10800717142645122 -0.9924116588509718 -0.058766914987256336 -0.949666629927378 -0.03298899477846407 -0.06265791033488168 0.997489705458644 0.1928197785933149
-0.9907667439841135 -0.13106367424531554 -0.03469253966540661 21.014821588748116 0.13372253277398705 -0.9868604342432994 -0.09069050420874565 -0.7700167496486642 -0.022350464058447598 -0.09449230983759666 0.9952746656767305 0.10489375539494204
-0.9907848023801563 -0.13093204191581137 -0.03467384853561486 21.158741495003227 0.13351385470603364 -0.9871901972937833 -0.08734738100594291 -0.7688721980381374 -0.02279311242570193 -0.09117189680388048 0.9955742861580607 0.10443189858084657
-0.9907863956152168 -0.13007549370274613 -0.037718486207615656 21.311313973861786 0.13293387058286535 -0.9872852261939505 -0.08715772020319336 -0.7642171501675632 -0.025901820701743038 -0.09136874781426628 0.9954802095507413 0.10437741257423781
-0.9908793075006354 -0.12972963936018228 -0.036447477807639954 21.461749068686874 0.13245574571877855 -0.9874109748544343 -0.08645832616410096 -0.7585571974082262 -0.024772432120073296 -0.090497444209728 0.9955885391055702 0.10472046926555546
-0.9909622603154045 -0.1296053279768508 -0.03458695694329785 21.610968456834392 0.13214323017830024 -0.9875295936826466 -0.08557726519953711 -0.7504615213606162 -0.02306437401338617 -0.08937427236626926 0.9957310249712874 0.10421562051958913
-0.9909344302167282 -0.12976437355932707 -0.03478738802790061 21.76143250909199 0.1323141537051989 -0.9875270887034275 -0.08534174714762933 -0.7405818535579414 -0.023279169665718545 -0.08917093938996219 0.9957442562365029 0.10446194292328269
-0.9909357672352019 -0.12992065171566305 -0.03416034940920658 21.897517000544035 0.13247740692778645 -0.9872580864788373 -0.08815445159397492 -0.7288277929467281 -0.022271997388455676 -0.09188087363495284 0.9955209004297231 0.10483530006712516
-0.9910084252552314 -0.12947438775856418 -0.033744391944314805 22.046737264433926 0.13194148973051606 -0.9875407957624 -0.0857590811089884 -0.7167323648384655 -0.022220359151883636 -0.08944025726433756 0.9957442924866055 0.10409210635458713
-0.991007452763248 -0.12907576818505787 -0.035265771438264 22.19733425399037 0.13171027273280114 -0.9874624529649061 -0.0870075171532996 -0.7006901601963412 -0.023593063055691154 -0.09086996231961243 0.99558325484295 0.10378941302273174
-0.9909998862163113 -0.12881315375207858 -0.03641973283401906 22.34768749921027 0.13157655065254223 -0.9873984350832378 -0.08793146031740978 -0.6835153171047285 -0.02463405848894873 -0.09193204999137455 0.9954605272670266 0.10388601988951472
-0.9882166981187233 -0.14621766801196304 -0.04525650362623529 22.559000629093248 0.14901845374312245 -0.9866048565660508 -0.06636533315136284 -0.7977276559226593 -0.03494650201861353 -0.07232738458859042 0.9967685245006671 0.15246145906582034
-0.9880864043195756 -0.14676898256962084 -0.046304679615460156 22.713338092743957 0.14970092585381992 -0.9863954481741766 -0.06792387371001565 -0.7993687363157118 -0.03570560736524707 -0.07404650955138521 0.996615384200914 0.1555876469519201
-0.9880006783639996 -0.1473140027917268 -0.04640306168514713 22.876504201286295 0.15031159014664205 -0.986187019594622 -0.06958152233649828 -0.8014285319470031 -0.03551176452760914 -0.07572150925962728 0.9964964463637488 0.15861728306349465
-0.9880818309098152 -0.14679138045199283 -0.04633126429211441 23.039296353153883 0.1498280069377901 -0.9861733775421991 -0.07080704600575206 -0.8039531126630857 -0.03529679536384265 -0.07690487664647452 0.9964134564451815 0.16139036941032017
-0.9882857377662169 -0.14593281762095814 -0.04466445196229733 23.201622279852845 0.14877652420191717 -0.9864709686905923 -0.06885182479093097 -0.8073921935189171 -0.03401244440319678 -0.07469029837838961 0.996626566449975 0.1657658815435159
-0.987992731834052 -0.14640404481226255 -0.049358054111725405 23.36845028011633 0.1496723686346977 -0.9862023986246625 -0.07073196600011362 -0.8095620672208731 -0.03832158543648942 -0.07727020518654706 0.9962734421232269 0.17019250016246878
-0.9879119902263359 -0.1465543371380899 -0.0505146100950523 23.521688727066866 0.14973040938242735 -0.9865092412422173 -0.066183996931852 -0.8148395540395897 -0.040133577877019544 -0.07294753737940549 0.9965279487887279 0.17301636869403939
-0.9874610428445555 -0.1500016787293252 -0.04919537826592234 23.688100669194174 0.1531604509942665 -0.9858336645107278 -0.06836565050215375 -0.8167623043981259 -0.03824349769014024 -0.07504320286164536 0.9964466631931135 0.17605429235631512
-0.9869449019097527 -0.15314054752599734 -0.04987718213558577 23.85512059540213 0.15654357502511437 -0.9849308190799049 -0.07352136250739649 -0.8182609627695402 -0.03786647214496007 -0.08036948631181716 0.9960456194157322 0.18018564225104972
-0.9868575808132067 -0.15503168286347 -0.04557732440617303 24.020156276699858 0.1583161185161239 -0.9841025515839197 -0.08048710818514629 -0.8192080791758766 -0.03237470941172553 -0.08664493796257984 0.9957130776061782 0.18577381010350583
-0.9831378294756014 -0.18137917741297385 -0.023272349580489425 24.048583083080413 0.18263807502034604 -0.9802812270270346 -0.07544567244868278 -0.8346441379703563 -0.009129173394453521 -0.0784239117831063 0.9968783016265174 0.059091691565273906
-0.9831013101623208 -0.1810136390047954 -0.027310738755480617 24.19334885949256 0.18257324366336108 -0.9804001942458794 -0.07404370210140179 -0.8411763397019397 -0.01337253361810991 -0.07777867070658744 0.9968809626669318 0.05197306005119999
