-0.9780337394468785 0.2079765860200985 -0.013990860265897374 0.0 -0.2078481956980984 -0.9781090109128765 -0.010094073314544653 0.0 -0.015783917403492723 -0.0069643692075440685 0.9998511716815361 0.0
-0.9784739377296481 0.20600526127379257 -0.012271328834045806 0.05606475404443944 -0.20591476575302647 -0.9785352017938073 -0.008244276513395501 -0.16155710405893886 -0.013706291574056608 -0.005539961901453248 0.9998907172253464 -0.0007235718445019252
-0.9801223844140526 0.19522921317572986 0.03529399231168722 -0.22940923430886648 -0.1959952756181061 -0.980406943094475 -0.019699692066867946 -0.22408315463602752 0.030756519729882376 -0.02622556491159366 0.9991827942069323 -0.03368492560291084
-0.9802981540097802 0.1943209276153963 0.03542465717137305 -0.21689684495809766 -0.19504042842940963 -0.9806281718436034 -0.01810027250470639 -0.3811070087976625 0.03122115505694395 -0.02465290403510721 0.9992084236031771 -0.03754479907777594
-0.9805420270216381 0.1928808853800507 0.03652803442980425 -0.20462627613127535 -0.19368900374894146 -0.9808586744482086 -0.02002075389303197 -0.5388024612423716 0.03196721869415223 -0.026706269202390737 0.9991320593966794 -0.041513088875648925
-0.9822488054477121 0.1842626255346423 0.03513643447509793 -0.19133569881910661 -0.18502795804392486 -0.9825314974881909 -0.019912588623999087 -0.6995214618860374 0.030853507720164344 -0.026060339113166336 0.9991841270690145 -0.046554262294954116
-0.9864986427596587 0.1604675994395436 0.03271967853542476 -0.17738854137718513 -0.16114142528921904 -0.9867464803231422 -0.019100382866580876 -0.8497105901965434 0.029221035045158623 -0.024114997408275284 0.9992820412730774 -0.05071389801443127
-0.9904043265956298 0.1338658455018095 0.03433955836557366 -0.1638732094301051 -0.13446972536805052 -0.9907899110513039 -0.015913677085778354 -1.0202576293901817 0.03189299014043729 -0.02037860562047945 0.9992835181333009 -0.05293301994894664
-0.9918996138578593 0.12259187371766539 0.03326241913964963 -0.15253601849193757 -0.12322000043364872 -0.9922244707062412 -0.017533716800811536 -1.1905272162626845 0.030854295029401606 -0.021490282225029855 0.9992928400864921 -0.056642657742840975
-0.9920478753656901 0.12137573278374789 0.03330081791230592 -0.14257246772239007 -0.1219583754059874 -0.9924053693158014 -0.016054208840682486 -1.362801432420141 0.031099319136479047 -0.019987857423351574 0.9993164253152609 -0.059228770607597764
-0.9922281368720771 0.11969477536789919 0.03400713379564253 -0.13538753017663116 -0.12025289250251163 -0.9926320283700303 -0.01486264104319011 -1.5353960954219017 0.0319775897175813 -0.018836586835928922 0.9993110710645743 -0.06145545460371924
-0.9921665098909034 0.12038911519310183 0.0333478274243758 -0.12341123816252221 -0.1209731465596999 -0.9925255313737347 -0.016080030557525223 -1.6910518892949382 0.03116270948343969 -0.01998825941165547 0.9993144425171404 -0.06472098643649232
-0.9916649859229875 0.12485776954495176 0.03179768983150907 -0.10688618566442472 -0.1254752159839106 -0.9919294788605368 -0.018217550363720757 -1.8602039963003458 0.029266463198550783 -0.022055528824388455 0.9993282882917527 -0.06728082671692523
-0.9923571713523062 0.11434065641809624 0.04640537420955034 -0.23928316743339892 -0.11618387799505606 -0.9924548151360696 -0.03917583958589379 -1.8382700740155509 0.04157584586847829 -0.04426798169228658 0.9981541939185608 -0.028671734389590513
-0.9921381862011588 0.11533531492553442 0.048575555709660614 -0.2605843442789909 -0.11718065679838635 -0.9924203644730584 -0.03702045179979434 -1.9809845544799416 0.04393760523484789 -0.04242151942340002 0.9981332083124159 -0.026138970654709343
-0.9922018715416553 0.11492637771754345 0.04824286282924082 -0.2779111191653257 -0.11680374787287102 -0.9924246781868313 -0.03808073802613345 -2.1070160243177147 0.04350092633596653 -0.04341872672578924 0.9981094547079614 -0.02543680512904311
-0.9921087925305753 0.11559337247946326 0.048562496047340614 -0.29927964260054796 -0.11745192136292554 -0.9923766364322939 -0.03733172419650291 -2.2445552080931117 0.0438769865838695 -0.04274089028261659 0.9981222502009302 -0.0221365720476138
-0.9920425945598077 0.11563962554403807 0.049789231597603824 -0.3294073587613771 -0.11763099562691169 -0.9922869222869274 -0.03911026369328949 -2.37953678277989 0.04488250713659676 -0.04465580435253417 0.9979936972199581 -0.018488200945418132
-0.9928405318285385 0.10884268451978188 0.04920313389360445 -0.3712358066942395 -0.11079649935640866 -0.9930818843210871 -0.03889095992186883 -2.516294196331819 0.044629744440116005 -0.04406405632492665 0.9980313346039811 -0.013923852107491056
-0.9945401435565413 0.092183923373226 0.04890835435846585 -0.41384106140626203 -0.0941433687361514 -0.9947789062872375 -0.039394843938981135 -2.6525579391211336 0.04502142798205207 -0.04378415098510925 0.9980260613555991 -0.00929701582002279
-0.9957976033798916 0.07929326381401125 0.045822608138184 -0.4430274719483735 -0.08109287189236865 -0.995949267724983 -0.03884587811232834 -2.7754076118435265 0.04255677655922543 -0.04239851921696792 0.9981940123728936 -0.005001733324343091
-0.9958888084737268 0.0773856231061613 0.04708446127176066 -0.47900246115966816 -0.07922164942521799 -0.99611472812587 -0.038462691963408 -2.908356536328543 0.043925065954744255 -0.042034673154377054 0.9981501264006714 0.0002255891832169923
-0.9961157526702629 0.074876733453469 0.046334458769837904 -0.5197913097807919 -0.07667216647682415 -0.9963217832242349 -0.03826595302133129 -3.0395700310682265 0.043298801021573505 -0.04166988193190289 0.9981927843707725 0.00521336722191418
-0.9973371624012207 0.07243556045394574 0.008466054287789137 -0.26514671074553886 -0.07272129025121685 -0.9965253418197236 -0.040606120909061565 -3.1661084682675527 0.005495310517094848 -0.041113655794709214 0.9991393640876707 -0.053957500470920274
-0.9974699103915263 0.07072439323512357 0.0071998656268001514 -0.2409822330702582 -0.07095598148361912 -0.9966855463857639 -0.03978907283925618 -3.29178464597074 0.004361943972206861 -0.04019927645163455 0.9991821613787689 -0.053310136208167616
-0.9975959761708919 0.06905312175629082 0.005825350062973588 -0.22148197939360686 -0.0692337441224507 -0.9967679684341832 -0.04074684991969412 -3.403798290406222 0.002992825158998178 -0.0410522043172097 0.9991525206485072 -0.053007513348936636
-0.9977190652560086 0.06736787144598808 0.004270447460553667 -0.20155597666519823 -0.06748613062486863 -0.9968883084740398 -0.040734783675023735 -3.525894774051128 0.0015129434753794716 -0.04093006626679996 0.9991608682676858 -0.052130133298940784
-0.9978641472893247 0.06517820645420909 0.004352580609398639 -0.1800981202799807 -0.06530447258786186 -0.9969613266739609 -0.04246691625862551 -3.645254180634062 0.0015714371034231231 -0.04266045616151344 0.9990883925186608 -0.049779127560211606
-0.9979895554713413 0.06306885441848835 0.00625833623690816 -0.15755151170878756 -0.0632752090364211 -0.9971300465158734 -0.041568236150329285 -3.7638782597127465 0.0036187140688217472 -0.04188066305100543 0.9991160668165117 -0.04719614694634876
-0.9978419690191257 0.06533677648777564 0.00652000783900321 -0.13660645688946632 -0.06555915119182779 -0.9969022648594713 -0.04344964917077704 -3.8785158255440195 0.003660950565260482 -0.04378332966144749 0.9990343424951496 -0.04532110239719476
-0.9969758062677043 0.07730063420298626 0.007990849058581044 -0.12061105869628493 -0.07757320761394 -0.9960680084780452 -0.04278925036811905 -3.9807367473134283 0.004651792917303517 -0.04327972317837911 0.999052163995583 -0.04263925682825088
-0.9951119505787653 0.09821635550258691 0.010283643669166712 -0.10222683251657852 -0.09856372546565424 -0.9942508740071645 -0.041837681082017825 -4.0873598271851765 0.006115377147491929 -0.04264677066061343 0.9990714964979058 -0.03884650106965254
-0.9937752120355534 0.09538484650602615 0.05755483472926169 -0.36212108076897265 -0.09616379439635475 -0.9953056937898878 -0.010913320151350672 -4.400556134306096 0.05624368934366243 -0.016380078340841292 0.9982826956541727 -0.10306378239422939
-0.993766197077052 0.0963363881383793 0.056107449304573856 -0.3797676712463346 -0.09716999105155742 -0.9951915784561565 -0.012317264671349422 -4.5350330085707915 0.054651060246385365 -0.01769244161768959 0.9983487562588289 -0.10673029560383679
-0.9936722335383928 0.09732393720480893 0.05606731259634336 -0.39908156478854523 -0.09824354284270972 -0.9950656109284272 -0.013879345710388452 -4.670106721762318 0.05443986209143383 -0.019299771879227663 0.9983305165228975 -0.10996504245339657
-0.993519030159117 0.09846874026784806 0.05677890366809267 -0.42035395588276414 -0.09926659702606645 -0.9949955664281541 -0.011400241365049595 -4.795016502258189 0.055372190010437604 -0.016962605294586323 0.9983216869301538 -0.11230543350431743
-0.9933812614171862 0.09898905311688438 0.05826522829460421 -0.44546596865722293 -0.09984567908787612 -0.9949309065041874 -0.011972119705255475 -4.930625351422985 0.05678476761139875 -0.017710410660929127 0.9982293481567954 -0.11622201894828448
-0.9929620685620625 0.10087190817208373 0.0620579450084571 -0.47579937750822343 -0.10161995432442489 -0.9947824897310359 -0.009010161353895442 -5.068186529449551 0.060825284874398866 -0.015253073993269054 0.9980318774737128 -0.1187212601058515
-0.9909356560175296 0.11903260622087533 0.0622716973381508 -0.5053432201477432 -0.11981130622998795 -0.9927566932191416 -0.008910609858997203 -5.201120208113403 0.06075999121603195 -0.016290694425383972 0.9980194570961862 -0.12179785955837945
-0.9875401887655681 0.14415797941619135 0.06310984506007691 -0.5415194640804001 -0.14518944565842426 -0.9893304812159422 -0.012050884051862235 -5.329859696665483 0.0606992622876542 -0.02106361573122962 0.9979338272901974 -0.125407722030471
-0.9846833487845225 0.16156161899149235 0.06554804265076462 -0.5830549105710089 -0.16264624281319484 -0.9866171101032142 -0.01152726118093631 -5.44713571758481 0.06280845743408976 -0.022011845002864107 0.9977828302563239 -0.12641536923728192
-0.9837619030627903 0.16557257612091145 0.06926933029098821 -0.6226715357280099 -0.16704756353415376 -0.985818486338503 -0.016031952799498005 -5.572454728791979 0.06563253461188208 -0.027342897248599122 0.9974691656239167 -0.12997129718959347
-0.9836611269389033 0.17943089543139737 0.014674505578509358 -0.30977931263188935 -0.17955648153230813 -0.9837172823076439 -0.0077316511173969905 -5.7363658028175015 0.013048267663741878 -0.010240227241140522 0.9998624307658655 -0.09368162671802521
-0.9847945666254201 0.1730721493203026 0.015023071413726306 -0.2788756749276293 -0.1732258256965198 -0.984835298739348 -0.009604564994720139 -5.867258445694842 0.013132968316796952 -0.012060907371741623 0.9998410171905132 -0.09552614561344254
-0.9868586334653818 0.1607233002055121 0.016675080985947523 -0.25403588765226587 -0.16085626853876017 -0.986953325492971 -0.0069565918488696515 -5.991662530444713 0.015339440231812423 -0.009547464030533066 0.9998367604284012 -0.09590196448600971
-0.9880787715907287 0.1529829132695981 0.01722118983413822 -0.22734741591828586 -0.15309519006383948 -0.9881967243419153 -0.005394143048313616 -6.128834609322697 0.016192711665241714 -0.007966319567745236 0.9998371536612705 -0.09568253957345514
-0.9884510701938902 0.15030382414645005 0.019319479276270774 -0.18486100630411406 -0.1504549553915022 -0.9885947361379771 -0.006614686570388889 -6.262587640662372 0.018104922830388406 -0.009445005412196419 0.9997914800807564 -0.09805607734147657
-0.9886406064305602 0.1489991073132416 0.019723522415417045 -0.13459274564325516 -0.1491674419076911 -0.9887846358240464 -0.007349709723764216 -6.396245461250548 0.01840721574084324 -0.010208328862507604 0.9997784576747516 -0.0985168861432233
-0.9888740173832782 0.14744574466353866 0.019695941837614077 -0.08818453251923132 -0.1476526322845984 -0.9889937423340422 -0.009490932701019195 -6.531255506195953 0.018079765587122272 -0.012293494406419248 0.9997609674675212 -0.09890437863750634
-0.9890230989547054 0.14622833267298685 0.02122697476583093 -0.04214653547235765 -0.14639446225500138 -0.9892050230961658 -0.006487195263219179 -6.65570016903732 0.02004921831643087 -0.009523497518897623 0.9997536355722383 -0.09770397478794428
-0.9908978686871848 0.13372110863195266 0.015494480870174207 0.024241433958401126 -0.13390898077775784 -0.9909234519815338 -0.011793946755132543 -6.789911535387985 0.013776744835292322 -0.013761446844076469 0.9998103939660263 -0.10070775512528948
-0.9947366457549411 0.10140562141556954 0.014693724426807133 0.09154426432316129 -0.1015034012264078 -0.9948166916753272 -0.0060670836179993175 -6.934724840629027 0.014002325938201773 -0.007526613413687867 0.9998736344953002 -0.10060944848157641
-0.9949528210476303 0.059690722988255125 0.08065916859540188 -0.2622657222705747 -0.05942051953327982 -0.9982164891896281 0.005748266549830485 -7.1559611281183955 0.08085843028254498 0.0009264443168263817 0.9967251657067612 -0.15019569445364775
-0.9961233056452123 0.035412599038770434 0.0805251996568415 -0.2589905556888074 -0.034836200384415636 -0.9993564434531045 0.008552079953952843 -7.323269174415275 0.08077622851576911 0.005713734162632854 0.9967158843665967 -0.15595032355448923
-0.9963100986226574 0.030942713493713137 0.08005458053201468 -0.2597191486570548 -0.030693504674429828 -0.9995194125754728 0.004341964484244965 -7.472311180231263 0.08015045947037107 0.0018687874217452642 0.9967810248395886 -0.161317984284537
-0.9963292187864768 0.028512017106730445 0.08071649566745438 -0.2641615147817693 -0.028248202839756164 -0.9995912178007285 0.004408665555573205 -7.640369914037844 0.0808092001485763 0.002112386366746548 0.9967273503798242 -0.1669144590285147
-0.9963286073080572 0.02657668382332951 0.08138173097533578 -0.2700268877564389 -0.026136541188107966 -0.9996374504003753 0.0064690781228563185 -7.810897870593828 0.08152415270525348 0.0043182906331160715 0.9966620113617748 -0.17340222057384394
-0.9963357818977625 0.0241008117013312 0.08206193140251639 -0.2773478276186423 -0.023840873004001922 -0.9997071683181056 0.004146129255345934 -7.981067475709247 0.08213782614959675 0.002174508848443768 0.9966186076060826 -0.17911355500074752
-0.996178395954582 0.02221226574164774 0.08447022365294435 -0.2881559618176369 -0.02179150645816784 -0.999745127491068 0.005900025775534684 -8.154941443455051 0.0845797474555206 0.0040367447889068115 0.9964085361998208 -0.18375036328156236
-0.9962202153493942 0.02034609417263091 0.08444713719910822 -0.30031201656839157 -0.01994112055730487 -0.9997852683007151 0.005636399541013098 -8.313869178811226 0.08454368243769377 0.003931124620936614 0.9964120192064571 -0.19028936964143878
-0.9963671258926428 0.01811542265935225 0.08321287101348825 -0.31293517240424096 -0.01774858858852585 -0.9998292382172865 0.005146067329108953 -8.4895314628174 0.08329188461998957 0.003650461301465845 0.9965185076498764 -0.19691545139887445
-0.9961791967415015 0.015148698933810247 0.08600886524114768 -0.3290399140854952 -0.015096563463257853 -0.9998852507886845 0.0012565933507761955 -8.666005466681302 0.08601803154604826 -4.6646137708836115e-05 0.9962935792591865 -0.20191519474785796
-0.9961255834725347 -0.007258326784100127 0.08764210542768537 -0.38478472772444977 0.005855362390135392 -0.9998507439644605 -0.01625436941240939 -8.699100783705616 0.08774700383934765 -0.015678216927000874 0.996019405850713 -0.18913276297296056
-0.9962442948171227 -0.010137144100651061 0.08599153070981179 -0.41054242207732405 0.008522747954468881 -0.9997808644814701 -0.01912029769613837 -8.856587729056022 0.08616651212413362 -0.018315603352524128 0.9961123786311435 -0.1949310656468767
-0.9961783159250636 -0.011194526976126057 0.08662243038893026 -0.4366735079792625 0.009742014078413202 -0.9998050726724179 -0.017172938601099686 -9.000132192152902 0.08679778823449524 -0.016263432118772674 0.9960931907875477 -0.19856638612322589
-0.996218080083378 -0.013897387957902876 0.08576945565255624 -0.4687359489300948 0.012379591193477913 -0.9997576718116897 -0.018202839766146995 -9.155661731032517 0.08600164322192128 -0.01707220728603055 0.9961487123424455 -0.20378531892917526
-0.9959277243779491 -0.016416095134657204 0.08864806617117872 -0.5021789503532154 0.014712161018284226 -0.9996949033967137 -0.01984067642010729 -9.31090096145439 0.08894672637895042 -0.01845567509372679 0.9958653864470353 -0.20747464080798403
-0.9957782060899912 -0.01925958041767295 0.08974872053870203 -0.5382366237416777 0.017169736137639155 -0.9995645120054539 -0.023999718753822338 -9.464678852895325 0.09017186056172234 -0.022357435037005297 0.9956752385499015 -0.21091105755753953
-0.995692062497433 -0.021209881272472062 0.09026326836546263 -0.5769128352399555 0.019161529501558937 -0.9995401977844488 -0.023499548935792675 -9.620697945408581 0.09072018775757011 -0.021668732067946825 0.9956406548468171 -0.21449725013416182
-0.9955847626040493 -0.02413646868043323 0.09071059116926412 -0.6141565606124773 0.021910437702076926 -0.9994357964735125 -0.02545626537925298 -9.760485567161036 0.09127383628588381 -0.023356361167656523 0.9955518907634416 -0.2190223713804821
-0.9954532605605776 -0.026160117833297965 0.09158850514263689 -0.6571003248245969 0.023902638510924026 -0.9993849508824156 -0.025658991055139767 -9.91564851468612 0.09220341594285404 -0.023353119378353222 0.9954663037510458 -0.2237701340131159
-0.9953576855054385 -0.028922831744338347 0.09179622927520142 -0.7023340685517685 0.026569248659208494 -0.9992887684461691 -0.02675877955033798 -10.06955147048924 0.09250488057903648 -0.02419560003858413 0.9954182136207028 -0.22783398754381354
-0.9972311848479649 -0.03995102229979934 0.06272064878431186 -0.5082829139785157 0.03794686851045058 -0.9987404340844712 -0.032826521213989934 -10.149882049226264 0.06395310107394823 -0.03035557843235561 0.9974911226276966 -0.28613496238547664
-0.9971309159580689 -0.04271006865940659 0.06249629169583833 -0.5149666219798207 0.04047377835595983 -0.9985092381079798 -0.03662205180781779 -10.292088968173434 0.06396725495294582 -0.03398751900522643 0.997373069039692 -0.29475865241282717
-0.9971240616141971 -0.04429228406952863 0.061496335841342176 -0.5200562736014188 0.04209185309150124 -0.9984421223619182 -0.03662791553927089 -10.419723935994373 0.06302286611485107 -0.033934081177080154 0.9974350086503566 -0.30322335031070763
-0.9968899583283808 -0.04661430855298926 0.06354146065495925 -0.5256395666061925 0.04449925763516448 -0.9984202350529584 -0.03430525188239498 -10.559396567849603 0.0650401956789667 -0.03137101329128564 0.9973894086419404 -0.3126111274733241
-0.9965052634900734 -0.05016858839879685 0.06678602080264655 -0.5300741146234054 0.047574801658921355 -0.9980713337540099 -0.03987795112096531 -10.69438094892777 0.06865783337459555 -0.0365612564959673 0.9969700980670094 -0.32146357091531474
-0.9962387193299092 -0.05182503040376188 0.06944480060848107 -0.532947815200992 0.04921614726783089 -0.9980355032677192 -0.0387673195521926 -10.830940489095084 0.07131749403907654 -0.035203699248797536 0.9968322399497251 -0.32983165392557784
-0.9960337537198175 -0.05479746010881352 0.07009992736396312 -0.5335717441132826 0.05203106537645075 -0.9978157510827395 -0.0407000629849647 -10.9644922219634 0.07217707175136313 -0.03689126260798858 0.9967093383010851 -0.33902990312506226
-0.9959190378713063 -0.05631962087167564 0.07052212638854759 -0.5327963095846309 0.05344560285524984 -0.9976871453917882 -0.0419991363652143 -11.085070101006103 0.0727243944005756 -0.038058641920799975 0.9966256580252255 -0.34874953224640715
-0.9957110872840114 -0.05850425596262668 0.07167065434298152 -0.5311639693698936 0.055453776105455356 -0.9974983866125476 -0.043838880243573894 -11.21607670022772 0.07405612314547463 -0.03967645069337535 0.9964644850093948 -0.35952720895893375
-0.9955048380170151 -0.06022629028653305 0.07309522175244378 -0.5278886016485237 0.05728728373970138 -0.9974880981033081 -0.041661268151273786 -11.347655184524118 0.0754207173556684 -0.03728656729396859 0.9964544281064682 -0.3697465134768132
-0.9902823294957035 -0.07814483196232375 0.11504039780069884 -0.6825653250356822 0.07692481421213575 -0.996923852065746 -0.01501353192366773 -11.616825403036325 0.11585974644798447 -0.006018174139618842 0.9932473512338374 -0.4710703555384364
-0.9898846112119655 -0.07908257099847514 0.11778965765298376 -0.7035967154803396 0.07804023787474829 -0.9968595790614962 -0.013442503702413948 -11.76090225013218 0.11848281629919453 -0.004114194648755419 0.9929475795046804 -0.48792343843516406
-0.9897712979248967 -0.08081280721798469 0.11756729134250836 -0.7264990397391425 0.07992028583551515 -0.9967254409941732 -0.012294030540905306 -11.914879221624208 0.11817582542988628 -0.0027722670361996072 0.9929888160595994 -0.5086722173562448
-0.9893898200983593 -0.08315109192786266 0.11913723094373313 -0.748981230946863 0.08186006333028578 -0.9965201952095504 -0.01569810724518596 -12.067616157872832 0.12002797139541212 -0.005778966233150411 0.9927536903139561 -0.5289515693089654
-0.988907535379692 -0.08411635640923956 0.12241864667483089 -0.7736401881973979 0.08272107715419819 -0.9964370476986426 -0.016444858408093257 -12.221861371569812 0.1233657564468864 -0.006135842081314294 0.99234230060914 -0.5491014323541012
-0.9894718630410897 -0.0713508320272298 0.12591461797193068 -0.7997290841029873 0.07006384818220644 -0.9974352793507324 -0.014626027636615002 -12.375347176147418 0.1266352613922992 -0.005649980136986036 0.9919332579849088 -0.5701434560748911
-0.9903897179364419 -0.05437478765890055 0.12716756297430662 -0.822866249095267 0.05271778714538396 -0.9984753954626737 -0.016362138434545863 -12.510073164940492 0.12786337053381924 -0.009500901152350189 0.9917462837606322 -0.5908667553660248
-0.9907498004413839 -0.039936137800383346 0.12969170298421895 -0.8488479231700953 0.037958187932061634 -0.9991227636656862 -0.017688388676068395 -12.657527142053869 0.13028433863773634 -0.012601905515840296 0.9913965821421301 -0.6137471825795726
-0.9907504908136996 -0.039153240492441205 0.12992493490994916 -0.8763921456035836 0.037383474636019494 -0.9991723602852672 -0.01603341093174453 -12.805837851212777 0.13044516386800836 -0.01102806424125106 0.9913941905329783 -0.6383772842579506
-0.9905225524349753 -0.03793317014748938 0.1320081350533487 -0.9033914034157099 0.036109256359081195 -0.9992167921671236 -0.016184061802817402 -12.952995575934082 0.13251865801801532 -0.011263962615566503 0.9911165059786359 -0.6633041161947745
-0.996445800835575 -0.02132207066629614 0.08149316106061379 -0.8296191481368291 0.0194385194373373 -0.9995268591236849 -0.023836984969277726 -13.132989008070053 0.08196285719296226 -0.022168157181930704 0.9963888110812582 -0.4737175902425318
-0.9961783618007807 -0.02025618935139616 0.08496092203403559 -0.8413323347499717 0.01843582873884693 -0.999584528168603 -0.02215606609178308 -13.27724357166897 0.08537442063419812 -0.020505068615148284 0.9961379173901891 -0.481725999260888
-0.9959735569640503 -0.019759544361146505 0.08744274832722035 -0.8526060853431474 0.018090837627613772 -0.9996395822663304 -0.019834998369739454 -13.430650931278713 0.08780316294023256 -0.018173221316985504 0.9959720571404876 -0.49163437325906917
-0.9957201045363346 -0.019267091026127624 0.09038944974686887 -0.8624007508552928 0.01745596057987499 -0.9996315694648521 -0.020784964986026392 -13.583032366080749 0.09075661332588757 -0.019118172837052323 0.9956895764268038 -0.501073243751454
-0.9956468551450003 -0.01911391046208696 0.09122498707436472 -0.8715561865506384 0.017307035305261165 -0.9996388728036713 -0.020557006317747387 -13.735465910605075 0.09158496802867341 -0.018888684619443066 0.9956181051108572 -0.5105684384158788
-0.9956091658214447 -0.019025098321577963 0.09165388462133713 -0.8783198001048167 0.017176612677153143 -0.9996336973456198 -0.02091494939187952 -13.88804389164014 0.0920182205286874 -0.01924881204074971 0.9955712582862934 -0.5202866460747443
-0.9957428194909776 -0.019340036092488334 0.0901232513622294 -0.8832744334616407 0.01729755723876782 -0.9995767747180418 -0.023389441161531434 -14.025460368875871 0.09053746156000778 -0.021730955989519615 0.9956559313367503 -0.529120427102643
-0.9959342724189554 -0.0180802921452081 0.08824980485683738 -0.8883866026734587 0.01591755331275618 -0.9995569670430665 -0.02514957518928804 -14.177446787640823 0.08866541895159306 -0.023642602894140358 0.9957808347274658 -0.5392984373559561
-0.9960651596235981 -0.016982931589310836 0.08698147974510956 -0.8927394087840878 0.015114427892255818 -0.9996416096017812 -0.022095393688499793 -14.331283321671409 0.08732555097739673 -0.02069377653771262 0.9959648667292945 -0.549265928091256
-0.9958484267753964 -0.017842777551053696 0.08926111235152535 -0.8973317227679092 0.015703513616241567 -0.9995737452491642 -0.024611531213309258 -14.482494105450812 0.0896622024549505 -0.02310764154609454 0.9957041359525954 -0.5585475057510751
-0.9952567193931044 -0.01644966571401185 0.09588258966450955 -0.9377686531872302 0.014594523684822997 -0.9996931048047603 -0.020017394541539474 -14.64946993717092 0.09618244320710818 -0.018523085696389163 0.9951913549237632 -0.5425972305514749
-0.9951841599385546 -0.016793436528081497 0.09657364183342591 -0.9468757121738265 0.014867390556733473 -0.9996766508608718 -0.02062897044508473 -14.795732588132239 0.0968888461352858 -0.019093826572165278 0.9951120425768171 -0.5502000280149296
-0.9948571886324815 -0.016573696525737647 0.09992240394299977 -0.9555258398882673 0.014458717630949334 -0.9996566277755713 -0.02185342144473531 -14.95080848597889 0.10025028533996169 -0.02029628359689266 0.9947552167047986 -0.5577714253448921
-0.9947319231412328 -0.016088257744796743 0.10124015530648613 -0.9637986495001394 0.013766629299887327 -0.9996269507612093 -0.023588964147798125 -15.105975077174836 0.10158189307875656 -0.022070959983281405 0.9945823202349579 -0.565153788460213
-0.9948671423652488 -0.01558160906778152 0.09998291104415237 -0.9701275918393777 0.013548599389522598 -0.9996880781794945 -0.020980510012180514 -15.262914529132052 0.1002786342975725 -0.019518191633648024 0.9947679305741445 -0.5735138611557243
-0.9947098064202844 -0.017579967248368758 0.1012094153864476 -0.9768027918642029 0.015137330177561747 -0.9995765262113739 -0.024852152468105244 -15.417178520707004 0.10160345587831003 -0.023188639432893707 0.9945546866587254 -0.5821434227379351
-0.9944497957758545 -0.01755693261852982 0.1037369644745288 -0.9834420867972168 0.015112437366952548 -0.9995903909303497 -0.024303592255889808 -15.559613291146844 0.10412116940464693 -0.022600983977230163 0.9943077881647462 -0.5888455801590945
-0.9945374294696923 -0.017835312984313987 0.10284552977435886 -0.9896408172612461 0.015381793154459804 -0.9995790230762669 -0.024600346852215387 -15.715939495674283 0.10324098906524669 -0.0228840170566151 0.9943930912572665 -0.5975159188696229
-0.9942398321943453 -0.018575828621680574 0.1055561209460545 -0.9943973119728582 0.015970205044795155 -0.9995478444167719 -0.025476641705923668 -15.8720344052019 0.10598164288681003 -0.02364413907933132 0.9940869408951161 -0.6051284275982964
-0.9939631225744965 -0.019692730217137175 0.1079328834903966 -1.0002374688322897 0.01678399600878876 -0.9994728109467307 -0.027792043037848158 -16.027434875134286 0.1084232836614601 -0.025812720794904473 0.9937696388022884 -0.6123568057517832
-0.9949189375054356 -0.017415597230639974 0.09916150849072079 -1.009162624175165 0.014784862888636759 -0.9995205826439555 -0.027203174455420056 -16.167097692149248 0.0995877282722092 -0.02559886411909583 0.9946994433161168 -0.5240792756926144
-0.9948857275086351 -0.018538637082551747 0.09929102746338868 -1.0133220815791781 0.015794885903624302 -0.9994732992103216 -0.028348646262680074 -16.313227308768717 0.09976427606566118 -0.026635373110893562 0.994654536067844 -0.5260615538781519
-0.9946994384661936 -0.018804223309509184 0.10109118804705605 -1.0171140729691692 0.01584653717434195 -0.9994248328558722 -0.02998150647639336 -16.46750807244002 0.10159682266006816 -0.028220642387052956 0.9944253018546143 -0.527340852005985
-0.9945953922020685 -0.018943444361590248 0.10208404246567171 -1.0213806269422772 0.016141775869566864 -0.9994719248382092 -0.028201321458076987 -16.622738465925917 0.10256436458239479 -0.02640108664287247 0.9943759519124973 -0.5291359072129395
-0.9945014626450467 -0.01923215111887048 0.10294156186984876 -1.0229180620155967 0.016438339464809312 -0.9994749967716392 -0.027919738966753628 -16.777170667027644 0.1034244738565426 -0.026074032900050143 0.9942954907952789 -0.5302221010260294
-0.9943883111532216 -0.02011397235169596 0.10386199862355318 -1.0242394514369686 0.01703091103630744 -0.9993900815077192 -0.030486276474299183 -16.929804286264847 0.10441185139205766 -0.028546332518017734 0.99412437460745 -0.5308107969386382
-0.9943057537098746 -0.019684066382964667 0.1047311112805992 -1.0257650223347137 0.01661921040711486 -0.9994100228120774 -0.0300567487963527 -17.070004365247748 0.10526096135264136 -0.028145049891482598 0.9940462696382516 -0.5311806507081035
-0.994335908662002 -0.01974382520925904 0.10443314661263906 -1.0261351996644879 0.016881689753105264 -0.9994591809519349 -0.02821974773039738 -17.22420239754235 0.10493383294433993 -0.026296900520662025 0.9941314619941448 -0.5320819173500184
-0.9941572810476851 -0.02084289176568879 0.10590974649539012 -1.0258378799237322 0.017777875342486794 -0.9993977092727367 -0.02980211148078796 -17.37691528421849 0.1064671202211322 -0.02774513584847074 0.9939290516674563 -0.5325084125819659
-0.993923601400688 -0.02117304939341713 0.1080165568700929 -1.0259080291713378 0.018118681711456957 -0.9994099335979434 -0.02918043863264087 -17.53024276391477 0.1085706587975085 -0.02704600904270948 0.9937207482201107 -0.53202038006907
-0.9924407731859977 -0.023396786001733397 0.12047365738105655 -1.0812833844662069 0.020238188431927883 -0.999420332298232 -0.02737544735497658 -17.70726074364596 0.121044320176425 -0.02473034156012419 0.9923389958876687 -0.6084312143168163
-0.9924721277111026 -0.02408413010571278 0.12007926712654385 -1.0874188797103088 0.02079981349779438 -0.9993765049882638 -0.02853014258464323 -17.857420940396988 0.12069152196842056 -0.02581774495369806 0.9923542717046429 -0.6134710740336203
-0.9925151087048821 -0.02479087878229173 0.11957914250293669 -1.0954042008086697 0.021154736383471005 -0.999277261405437 -0.03158214632661409 -18.014299643655097 0.12027566720281277 -0.02881609215788174 0.9923222242354883 -0.6182386457810061
-0.992571797926024 -0.02338595181236469 0.11939147046472696 -1.1027208193508238 0.020286775467478882 -0.9994266376190696 -0.027107983299630586 -18.174738849002654 0.11995696187813407 -0.02448455176781291 0.9924771201502316 -0.623071874575841
-0.9925252053820647 -0.025255130967398523 0.1193980529200949 -1.1101447991227433 0.021760868073630302 -0.9992984834622622 -0.030479592692568447 -18.33129960168599 0.12008405931668155 -0.027653558719310665 0.9923785061095315 -0.627640959331287
-0.9923370269917677 -0.02449002673716831 0.12110930373655236 -1.1174482006563269 0.021256001588127058 -0.9993840339598457 -0.02792373654494697 -18.47666943221362 0.1217185575728913 -0.02513545815295293 0.9922463411299716 -0.6299313754894943
-0.9925901630660094 -0.024190620332046543 0.11907805033902638 -1.124683830370768 0.02109649620619377 -0.9994080124993259 -0.02717650455760357 -18.63498394955841 0.11966497412532615 -0.024463001453177657 0.9925128994262427 -0.6345664708835339
-0.9924735358730437 -0.02500115079646739 0.11988003607986898 -1.1314367214040575 0.021851428709647944 -0.9993824723288068 -0.027517068617656286 -18.79319280104083 0.1204939652223528 -0.024690412325717222 0.9924069668660034 -0.6388632187492211
-0.9926947025954627 -0.0256531334983635 0.11789463168703217 -1.138259942370146 0.022379621645592648 -0.9993286454938767 -0.029007082417466676 -18.950697418947488 0.11855960515245464 -0.02615673980236688 0.9926023599553878 -0.6422744056319043
-0.9928111727154744 -0.015435017487072617 0.1186917670544106 -1.1455377045447677 0.012428445969228563 -0.9995839111590707 -0.026029565550066282 -19.108810396067458 0.11904414753407523 -0.024367289285207608 0.9925899083462296 -0.6455425274829184
-0.9935787084215465 0.0044298489611875715 0.1130562984072651 -1.095082306382806 -0.00859008888347707 -0.9993026594862158 -0.03633737905725071 -19.22406318141685 0.11281649056917818 -0.037075209803282626 0.9929238985308477 -0.6816466322651299
-0.9930567423548528 0.028389336016860472 0.1141593275387049 -1.092941008467373 -0.03268446483179238 -0.9988196978753607 -0.03592961027944184 -19.363099824242752 0.11300456726268565 -0.03941137826434181 0.9928125256266049 -0.6870509254576587
-0.9926665430837616 0.03620482035862503 0.1153357933381239 -1.0904489364036303 -0.04037397601886181 -0.9986053644318236 -0.03401864471746644 -19.506766080441057 0.11394330301761095 -0.03842573500643189 0.9927438675643645 -0.6927597004292653
-0.9927084625419071 0.035662085385772216 0.11514392760202721 -1.0854549131077453 -0.03987663981517382 -0.9986085493693604 -0.03450824138481436 -19.649021085853896 0.11375307466057297 -0.038848176178034564 0.9927492418596483 -0.6982499637544984
-0.9925702292907063 0.036168630714726466 0.11617301785705841 -1.0800385865286861 -0.040842073759150964 -0.9984388508698714 -0.03810231075279972 -19.789475972683615 0.11461354604429067 -0.0425639662845533 0.9924978810240759 -0.7035819676136655
-0.992529180018909 0.03732342225764443 0.11615846487436825 -1.0745273476021318 -0.04176863971885518 -0.9984759385817699 -0.036071883916571235 -19.918507115987033 0.11463510608460543 -0.0406541784350845 0.9925754531665286 -0.7072761267133867
-0.9928040957330817 0.038772178268296875 0.11329936314008777 -1.0668252476266438 -0.042980810232288134 -0.9984646847707741 -0.03494171171214622 -20.059318147814334 0.11177064662689443 -0.03955997292630657 0.9929462881217069 -0.7134470611269222
-0.9927273881519999 0.038570757426047104 0.11403784233529496 -1.0585903797259903 -0.04295342744609128 -0.9984200630193251 -0.03622679714134637 -20.198238749816372 0.11246037472613157 -0.04086164989409901 0.9928156876703703 -0.7183995555022036
-0.9926750717331757 0.03910347724994534 0.11431150434885101 -1.0513474686571416 -0.04341179162287846 -0.9984282946965959 -0.03544512233494391 -20.337241505109244 0.11274581281637983 -0.040147956563321714 0.9928124310644802 -0.7231117408605329
-0.9929323096400485 0.040252587861923116 0.11164747038467529 -1.0400671397703056 -0.04443915033917587 -0.998389454683005 -0.03526554543607928 -20.475125715905357 0.11004812760792848 -0.039977818201975546 0.9931219379622015 -0.7272875219090033
-0.9921710305698789 0.03291899115089125 0.12046985564659674 -1.0692910155798587 -0.03529801122050458 -0.9992206619651972 -0.017666892927461347 -20.754907818315743 0.11979439261410128 -0.021780925679153167 0.9925597688677381 -0.8259785434750044
-0.9921195295797272 0.03317601890787298 0.12082297296427272 -1.0667681695802966 -0.03571466625669388 -0.9991831763456234 -0.018906155665384634 -20.911192664310448 0.12009705092413342 -0.023072318420463044 0.9924940133230179 -0.8365814987903728
-0.9921637668915457 0.03374458147674579 0.12030113419472743 -1.0624470390580065 -0.03616900791767443 -0.9991830971127238 -0.01802612854931456 -21.07539967643609 0.11959457568731852 -0.022236044279153478 0.9925737734803322 -0.8479863341335474
-0.9920003487771545 0.032310832153867736 0.12202998873854175 -1.058047459682043 -0.03504526890544483 -0.9991789654683992 -0.020327914129212005 -21.23988000601854 0.12127298608242933 -0.02444187167596095 0.9923182240368393 -0.8582141490426247
-0.9916852573499217 0.03198649353782685 0.1246483637516919 -1.0548392700309428 -0.034663193327067 -0.9992114357477615 -0.019364134353679376 -21.407033206881877 0.12393067974956774 -0.02352383689051446 0.9920120038158604 -0.8675176240570607
-0.9917749840918214 0.031660063716138095 0.12401621383979379 -1.0498997368559455 -0.0343150664778037 -0.9992240982297081 -0.019330745708599623 -21.55963029184496 0.12330797679911587 -0.023427374639867483 0.9920918813170442 -0.8779739167263637
-0.991572647662028 0.031227328138673252 0.12573201018768193 -1.0446490238982562 -0.034281563516366985 -0.9991655946858335 -0.02220109904887488 -21.727247709000704 0.1249338177251821 -0.026324292458189312 0.991815795808469 -0.8897105862196857
-0.9914443961312631 0.0314520199744374 0.12668377883313497 -1.0399119936172756 -0.034483994009443845 -0.999167214334258 -0.02181128049142453 -21.89764279759921 0.12589226956835634 -0.025993234486045524 0.9917033267181682 -0.901878138374243
-0.9914637534802826 0.033027950963165395 0.12613001224912326 -1.0329430309888015 -0.03562322870109896 -0.9991963359194473 -0.018375741129543738 -22.07069770058198 0.1254217330118606 -0.02271203954570238 0.9918435119251303 -0.9134588419069916
-0.9918559487144745 0.018089827762627943 0.12607353065266455 -1.0260539376214088 -0.02052303072245011 -0.9996268344157931 -0.01802767666189191 -22.24580646631014 0.12570036678417157 -0.02046826928147098 0.9918570803008596 -0.9245826592827224
-0.9907530599852548 -0.02814025323270639 0.13272716480756103 -1.0793527825266385 0.021577269780680686 -0.9984844088826741 -0.050629108692812494 -22.231466330340528 0.1339507206351128 -0.04729705451945243 0.9898586732837764 -0.9900725932028738
-0.9899464134892754 -0.06075285175541411 0.12773092586881715 -1.0793061896590428 0.05485865513569853 -0.9972826858074039 -0.04917085056690996 -22.382783688423938 0.1303711102062995 -0.04166936035452871 0.9905892377929518 -1.007372917544347
-0.9881458848932317 -0.0813709351919483 0.13017865060969033 -1.0822807832301407 0.07572116261486571 -0.9959833983418591 -0.04778468122374305 -22.540741243626627 0.133544059024822 -0.037360957340376415 0.9903383983092776 -1.0242406097435468
-0.9863484752423984 -0.08626233511174251 0.14026936560797992 -1.091531366228095 0.07978438705192166 -0.9954974869849863 -0.051178169069695495 -22.694736579769238 0.14405254933441777 -0.039288203670397245 0.9887898159278383 -1.0409703663916148
-0.9856566821069109 -0.0850218467442723 0.1457813108535844 -1.0968914729162524 0.07852503269518518 -0.9956692181404482 -0.049765724025764665 -22.849921460844648 0.14938113755831434 -0.03760443622475872 0.9880643613236954 -1.0577711728899328
-0.9859157327572445 -0.08434091740173072 0.14441875762372408 -1.09803247993057 0.07790065811072733 -0.995721891356127 -0.049693083423077114 -22.988714866909355 0.1479920787328197 -0.03774287649360823 0.9882680911100626 -1.0721867724079097
-0.9869175102190318 -0.08280674786198534 0.13833607819939414 -1.0974081517972898 0.0766892904142585 -0.9958507324384551 -0.04899052395667828 -23.141299615365522 0.1418188307624373 -0.037740710251847845 0.9891729161430075 -1.0898952773406072
-0.9885635957821538 -0.07996727102813787 0.12785637511900177 -1.097288007388119 0.07513952427440222 -0.9962816112236044 -0.04215451375019746 -23.294623840173436 0.13075193683489003 -0.03206535048945213 0.9908964347054204 -1.114468579404468
-0.9895717146014693 -0.07959804978416847 0.12004987351623989 -1.0964392960788454 0.07536150570881366 -0.9963762536798428 -0.039433546127908656 -23.444391683105884 0.12275367659670568 -0.02997518262627423 0.9919843866253706 -1.1368989255812527
-0.9893700203372929 -0.08134001134636681 0.12054362451808684 -1.0977785750335314 0.07677273947165894 -0.9961607278549652 -0.042068405644647824 -23.577314879177496 0.12350266933067225 -0.03236675506810615 0.9918162550767959 -1.1527812370764594
-0.9873045249190419 -0.07051252032285832 0.14232975638320894 -1.2039018994709492 0.06591031562182668 -0.9971467141694198 -0.03680028146306044 -23.78721455796044 0.14451852950060176 -0.0269520852411789 0.9891349653773926 -1.1753502442459471
-0.9870046684621576 -0.07006261399653133 0.1446133277187111 -1.2250431777872515 0.06558307889655324 -0.9972147159564034 -0.035519994966753336 -23.93933236799281 0.14669916222103915 -0.025574213574668544 0.9888505020495679 -1.1931742484565224
