0.9329055267017685 0.35990353733151775 -0.012518868381643306 0.0 -0.3584056177599336 0.9312892649802624 0.065159175030405 0.0 0.0351097053165715 -0.056300521745214514 0.9977963518894024 0.0
0.932627351436453 0.36038843088983086 -0.018066605475079097 -0.145093513745919 -0.3587289238949373 0.931414891362022 0.0614805604256566 0.015461252597274072 0.038984388077881134 -0.050857438294099416 0.9979447572167284 -0.010561075948127984
0.9324431371124888 0.36087040630430733 -0.017953994140144727 -0.299582705296127 -0.35896570441516057 0.9308908053713881 0.06771950626470641 0.027748125066887168 0.0411511738052242 -0.05669972071158897 0.9975428424712794 -0.02422270310792379
0.9328085836883926 0.35961334430800096 -0.02337496081003024 -0.45183092611409775 -0.35747810055550816 0.9315726426075464 0.06619531077363976 0.04282146980909 0.045580191097463744 -0.053391517498642835 0.9975328526112365 -0.03623296409510413
0.9332106646118994 0.35853454370587357 -0.02389218332924083 -0.6071723666110489 -0.3563732470827061 0.9319960845393168 0.06619219868769372 0.05628761681222885 0.045999611067328784 -0.0532567307765287 0.9975208050004024 -0.05006937539341051
0.933694605072727 0.3574033678477772 -0.021845299474962193 -0.7653107957877701 -0.3554685607218985 0.932524819863899 0.06355755404438289 0.07338073539693256 0.043086967825391606 -0.05157802815995492 0.9977390541693477 -0.06364156525303245
0.9330435319052879 0.3593801701927711 -0.016603037129420753 -0.9097989736541389 -0.35793582741844465 0.9319603545063825 0.05772210216729317 0.08958604142723636 0.03621755126978393 -0.047914412242590715 0.9981946193400701 -0.07685590476207897
0.9320607391850232 0.3620013973254861 -0.014756923943149512 -1.0680181766928278 -0.3607435962842896 0.9310551450331355 0.0547756756891647 0.10586716349327938 0.033568381101057296 -0.04573079095885646 0.9983896326327371 -0.09181574217301018
0.9312800967784958 0.3640523183829988 -0.013538494162918382 -1.2262873678503132 -0.3623391969553776 0.9294720895371287 0.06922384792263511 0.1150546095989418 0.03778475478242141 -0.059561264689794585 0.9975092821896869 -0.1052532956297553
0.9305014565097162 0.3660040329035664 -0.014425232463361953 -1.3827373417373248 -0.36408857630956665 0.9285055966101885 0.07291684074636669 0.12896740059905315 0.04008176685439185 -0.06259716416806123 0.9972336972866225 -0.11794553247837715
0.929662971167109 0.36760815875255265 -0.02431052568952317 -1.5045838440518033 -0.36477655709322626 0.9277312900724628 0.07907412228849663 0.10058596649830939 0.05162192785972951 -0.0646443736070044 0.9965722660825972 0.04443725522756901
0.9297804419669246 0.36729511337366744 -0.024548511718946012 -1.6491739332355901 -0.36473365196829166 0.9282076630225218 0.07348399436708417 0.10942965049261338 0.04977642873553199 -0.05937031243048493 0.9969942192130519 0.043732584762686086
0.9281479173817943 0.37157685404790347 -0.021727517016468377 -1.8027532131601882 -0.3691006206437591 0.9263524200054715 0.07507280326721928 0.11352505095398224 0.048022654031506046 -0.061659025988656434 0.9969413168356002 0.04162324890303503
0.9276829628611396 0.3729273325820197 -0.018152824310204787 -1.9593784194070463 -0.3706650234817831 0.9257163304836912 0.0752111417481404 0.11978686898432142 0.0448526563809401 -0.0630434777678813 0.9970023867205655 0.04168188177840875
0.9262423505423093 0.3768001570297351 -0.009836143767996179 -2.1147424271442294 -0.37471909683849813 0.9233207926430719 0.08404946363606143 0.12019119027343492 0.040751767156750406 -0.07416438185096873 0.9964130358130937 0.044901938506823336
0.9217209137606192 0.3876338175528578 -0.013060651809427087 -2.2623533533421814 -0.3853876250992172 0.9191321342167372 0.08168536142156031 0.12656298721569667 0.04366847325788477 -0.0702576923872641 0.9965725869718381 0.048588782372001225
0.9155924859338723 0.40207281485627067 -0.005277428823494482 -2.4035313953173243 -0.40044184074252714 0.912914720792162 0.07894963422147967 0.1342449611020947 0.03656134412420426 -0.07017238854794669 0.9968646367492969 0.048524858940350364
0.9103771694492624 0.41373940912323537 -0.005754188379337829 -2.557904786135615 -0.41213408968475523 0.9079084210950494 0.07647085081527787 0.14511427227336035 0.03686328071763224 -0.0672458195209965 0.9970552132613733 0.05155643211148599
0.910517245733249 0.41331608396220976 -0.011320775613092388 -2.7051155222542747 -0.41081562115541914 0.9074284937463793 0.08834055779688345 0.14552041656186554 0.04678536776627429 -0.07578484990630353 0.9960259965922845 0.05777611039362738
0.9121160934913114 0.4093867095170587 -0.021136557547164623 -2.850894810862406 -0.4066937126088972 0.9101752559310404 0.07862078360876927 0.15506083995429562 0.05142427557623847 -0.06311517695182836 0.9966804996185079 0.06261616639993302
0.9117185572362251 0.41026804156241004 -0.021199209033374664 -2.9940540487475253 -0.40798995990223846 0.9102834835216955 0.07020094192086584 0.2424112904330606 0.04809849280451501 -0.05535443704123014 0.9973075860985829 0.040141931981930126
0.9127863470365079 0.40728934245572757 -0.030601898400735284 -3.133565059993925 -0.4046976031910222 0.9120022902658965 0.0668705654320452 0.2618338813367024 0.05514467005241524 -0.04865402420910956 0.997292259717817 0.043377292271911394
0.9119944141776901 0.40942814373535596 -0.025194912703011347 -3.2865065398639626 -0.40746170316274355 0.9112786801934541 0.05954937011079537 0.2813820991207123 0.04734077486066211 -0.044042730867839636 0.9979073548648166 0.042689298595538126
0.9113039246202969 0.41126171195790173 -0.019722100524542173 -3.4444504993719685 -0.4092390663944627 0.9100068950990999 0.06641413560895236 0.29911793246836615 0.04526083857191293 -0.052452408424701516 0.9975972139807807 0.04704362960837453
0.9112890195512178 0.4113157714632834 -0.019278459247155648 -3.5950217768551775 -0.40931798241012063 0.9099740011034042 0.06637851001318054 0.31728591692160213 0.04484542475089779 -0.05259898726616051 0.9976082569914334 0.04915332980982384
0.910726220910663 0.4127958890958143 -0.013315573265108745 -3.7496253391272862 -0.4112944460629557 0.9094065003023806 0.06177941279700453 0.33828289090186253 0.0376115565158993 -0.05078750981661219 0.998001001834707 0.050779235200365924
0.9109195883735941 0.4123913758476468 -0.012603834486642908 -3.8911075814143685 -0.4108840254943242 0.9095132907077195 0.06292766974546923 0.35739819073362616 0.03741418328470243 -0.05214333277131628 0.9979385009792129 0.05468122469724906
0.9109998274938284 0.4119809634810312 -0.018734994941448025 -4.040554795610751 -0.4104047456843948 0.9101122899649859 0.05712761481469925 0.37969046405474044 0.04058643894137672 -0.0443543164069815 0.9981910817023599 0.060416790209656186
0.908909788593555 0.41666233664218416 -0.016597994538330503 -4.194091010879669 -0.414805944699898 0.9074977748072129 0.06621039919515648 0.39537178626997505 0.04265002274846289 -0.05329433313056862 0.9976676248208737 0.06489526083088591
0.9105766016789597 0.41290175594750395 -0.019036607110117676 -4.34773939520666 -0.41115341941269884 0.9095290807638112 0.06090744576964163 0.41895331486838766 0.04246313907428957 -0.04763392887852484 0.9979618683294234 0.071787510481268
0.9106614000530241 0.4128073383644528 -0.01690904627476499 -4.509271892805807 -0.4115450804061186 0.9099639465682939 0.05095353510186204 0.5184156183542771 0.03642061568655044 -0.03944258280477366 0.9985578708390922 -0.040810567589220796
0.9110267908454062 0.41216991446178725 -0.012089167650561224 -4.661337901701627 -0.4109976586294734 0.9100248980513927 0.05418126546734422 0.5516383417742521 0.03333333111183483 -0.044391964803497795 0.9984579322624832 -0.045273064346468314
0.9134540928682694 0.4067903769770743 -0.01109997392145042 -4.821279481791733 -0.406104160722751 0.9129839154930239 0.03924003943292001 0.5969924718510528 0.026096568086189046 -0.03133622903089802 0.9991681589623671 -0.04857630331946691
0.9108485617520923 0.4125809426805265 -0.011483174255978027 -4.9808529929954215 -0.4118680374111803 0.9103791158890513 0.03968104222587684 0.6353424638507775 0.026825683834855233 -0.0314138677962037 0.9991464114917668 -0.053358129171032505
0.9076931830738675 0.4190294677888605 -0.022525330759278043 -5.130704427995864 -0.41755394642323973 0.9072293302087812 0.05082956064442011 0.6727318014489845 0.041734724482244044 -0.036732104942554536 0.9984532864580498 -0.058641914862084504
0.90405642832817 0.42655109880877135 -0.02713179875242575 -5.272588637796692 -0.4248894670142643 0.9037939038018393 0.051239830902979455 0.710379968538801 0.04637796048606228 -0.03479568300323055 0.9983177576430722 -0.05949252015615406
0.9016237514551854 0.4320548811779111 -0.020079603138989186 -5.43930351083007 -0.42981777349329164 0.900204634177826 0.06991636570958101 0.7510411004931442 0.048283458877214094 -0.05440768562535588 0.9973507463995527 -0.05795677636793261
0.9008239142053314 0.4337427237044216 -0.01958380017401234 -5.595254369620422 -0.4313142865750448 0.899135790578284 0.07431565311173802 0.7961696126773405 0.04984236944654595 -0.058498544722359075 0.9970424557025243 -0.06225307842122505
0.902310733751616 0.4307660213667439 -0.016612483031936704 -5.738302765426707 -0.4287763844869807 0.900793260489231 0.06871909460589065 0.8399637667448853 0.04456626373046468 -0.05488293626480276 0.9974977250320225 -0.07057851108812274
0.9030778926025835 0.4292086316148785 -0.015174664403540986 -5.885162374134858 -0.42751948605677614 0.9017703126677656 0.0635404771215173 0.8862163723277824 0.04095618310129251 -0.05089453544697661 0.9978638871747038 -0.07542538914376745
0.9027057352417409 0.43001584537200155 -0.014447431974947099 -5.997878731839483 -0.42633025597692703 0.8984867694087841 0.10470930252854467 0.6533854695699323 0.05800748572654817 -0.08836231055359137 0.9943979252157131 -0.14308160042601442
0.902403884264698 0.4303079998559349 -0.022411044687168202 -6.128706021296587 -0.42608682642671125 0.8988795923669451 0.10230100083502694 0.6520169523460281 0.06416576976549992 -0.08276776961003172 0.9945010056828407 -0.14822370265736495
0.9018751266771637 0.4317596861366704 -0.014311859006212853 -6.256276084355557 -0.42819584291708046 0.8978342570901126 0.10267408097458944 0.6364734541890812 0.057180206274381376 -0.0864709212545435 0.9946120870911481 -0.15599954879347144
0.9018037797131255 0.43190623506846904 -0.014385652717240113 -6.376094318187889 -0.4280244053857178 0.8972948036370789 0.1079682534826729 0.6172800406564032 0.05954033329872656 -0.09120876862931711 0.99405025488443 -0.16294559693666524
0.899475443450705 0.4367968603443147 -0.012346231105361816 -6.50878633815902 -0.4330791951573662 0.8948705426294538 0.10793110143010126 0.6018099573039969 0.05819224476685577 -0.09173447949062641 0.9940817108877811 -0.17051174041265116
0.8982664486979491 0.43935699455518085 -0.009100465867931236 -6.630528721803154 -0.4357002853099451 0.8931082239274251 0.11190603975672014 0.5854387201743279 0.05729440220830537 -0.09655636534500946 0.9936771204908332 -0.17685243775109674
0.8978131387029719 0.44030032289532667 -0.008197172109288671 -6.759334772025927 -0.43703774075125135 0.8931394625902407 0.10630105137324866 0.5667362873022619 0.05412560513620389 -0.09185600700164955 0.9943002025778495 -0.18487973433108443
0.8965555728715779 0.4429119042741792 -0.004141232321059958 -6.888725429216949 -0.439879318907143 0.8914347548367244 0.10885891174808313 0.5405156992308396 0.05190654631840433 -0.09577642153165511 0.9940485840882658 -0.19057988326217512
0.8951577128823731 0.4457229891107581 0.004866831142518041 -7.023283298065659 -0.44290402981021415 0.8881585626357628 0.12251688860989227 0.5092061348673473 0.05028607605562118 -0.11182747692292273 0.9924544956621344 -0.19706547864090723
0.8973186235137965 0.4413810022025099 -0.0014487201294008864 -7.1502708853169095 -0.4384211315991003 0.8916712909769271 0.11273517736227863 0.48573689410226595 0.051050947715687404 -0.10052422465380124 0.9936240138981556 -0.2052821525293314
0.9154664473720595 0.4019879460977984 -0.018079682742060364 -7.155160453525433 -0.40061955363924273 0.9147235571173129 0.05277108390533432 0.8655974481819305 0.03775125134182988 -0.04106708227672593 0.9984429566957758 -0.22640347186503726
0.9163932516784751 0.39983290005290945 -0.018896039622925576 -7.271296768882443 -0.3985754915920113 0.9158263972359557 0.04898558592071815 0.9085846970410422 0.036891540769363504 -0.03735856208541255 0.9986207248292882 -0.23576200456538993
0.9169823884855006 0.3984427286872456 -0.01966446449025701 -7.3879107865311875 -0.39701765678309403 0.916300437645258 0.05263542698192959 0.9505092756212964 0.03899076057078043 -0.040458619939027766 0.9984201623879305 -0.24297631903173192
0.915404711316364 0.4018908234386644 -0.022759185741069415 -7.504325809553591 -0.4004794386315234 0.9149801338924601 0.04927041521557973 1.0008662173337173 0.0406255305588013 -0.0359877842875611 0.9985261366879127 -0.2531419560973234
0.9096208101779939 0.4149570014843543 -0.020016708276927413 -7.610265518786018 -0.4135955733649679 0.9090662503895766 0.050371163333191915 1.0484700803440683 0.039098380836468376 -0.03753983646407099 0.998529958135567 -0.2638078696525669
0.9040660265572231 0.4269907681159011 -0.018533849271726653 -7.7246959934273765 -0.42577979907186647 0.9035707541682887 0.04765978298388411 1.1077435518943546 0.03709693150862127 -0.03519625200987563 0.9986916648881685 -0.2733420827601233
0.9038543854671897 0.42754239347987005 -0.015960941364242854 -7.840965174035873 -0.4265999531979515 0.9034453820869889 0.04241369492511016 1.1714549433041854 0.03255349141389302 -0.03152686732294705 0.9989726356780584 -0.2820433214675628
0.9036720282709658 0.42805831557306173 -0.011955910228496461 -7.954995303542297 -0.4271565139680871 0.903036606381038 0.04541145351615246 1.232781396373989 0.0302353748987864 -0.03593001537115423 0.9988968195465228 -0.2906707528018822
0.9040722636861054 0.42730041697316234 -0.008227738938667059 -8.062012342017464 -0.42658395737139515 0.9033960746956111 0.04360802148597952 1.2973848264458563 0.026066632825145722 -0.0359149812630265 0.9990148371140619 -0.30058279685545564
0.9019766497668353 0.431744423920367 -0.005905564246220272 -8.15940486236485 -0.43116058000099705 0.9013235925106058 0.04142868374664464 1.3606288461073934 0.023209427580179604 -0.034821458864414796 0.9991240105582261 -0.30998114687483586
0.910903054049722 0.4126204282837244 -9.102661779235299e-05 -8.348765606982177 -0.41075330285662365 0.9068020968830381 0.09482447616992147 1.0521916735023797 0.03920905909689909 -0.08633851545794048 0.9954940032131057 -0.3505317275061948
0.9064538657066625 0.4222028643423625 -0.009280661967364816 -8.459664569405241 -0.4198599164992191 0.9033496411738237 0.08761892665624758 1.063953037999538 0.045376644462945655 -0.07552593681794889 0.9961108336952544 -0.36281031487374693
0.8947893332948742 0.44615809203876844 -0.01717573666659669 -8.573859772260377 -0.4429289061495155 0.8918464005071571 0.09178225318448605 1.0711000933643464 0.05626751388597253 -0.0745181508811998 0.9956309617877191 -0.37406477086522166
0.8822534150526659 0.47034335623889834 -0.020150406195343085 -8.685850369778429 -0.4668041410053683 0.8795579356646853 0.09204201078593115 1.0795044456665317 0.06101479794401257 -0.07179808528927567 0.9955512188635225 -0.38690934162918506
0.8730927816241079 0.4871043939084151 -0.020935713768426963 -8.781958769793476 -0.4827332746436371 0.8696860576670985 0.10302789258880815 1.0776699052165748 0.06839283754684274 -0.07984654366079767 0.9944581183929846 -0.39894930703670706
0.8726365857184316 0.4874471657262166 -0.03001082956461839 -8.877441756953301 -0.4823390265446978 0.8698588738457185 0.10341471396165845 1.0755588737000559 0.07651439562325256 -0.07576806858655298 0.994185469137963 -0.41173419346624496
0.8717714449347821 0.489063368684983 -0.028836941703630263 -9.000054432668817 -0.48428923010766256 0.8691633502789134 0.10009501552855823 1.0832705207754973 0.07401681834589736 -0.07329455602179001 0.9945599120513149 -0.4264674106853938
0.871336800805926 0.48997576072824367 -0.026380550791689675 -9.141248283635589 -0.48523107584289393 0.8683988920724891 0.10214777179958989 1.0943889914744425 0.07295877327396443 -0.07620444964732877 0.9944193779569593 -0.44444660377058076
0.8715037134289351 0.4899390030057341 -0.021001209806192786 -9.276214246284441 -0.4850772748736369 0.8675592880967055 0.10973112155766757 1.0979224141964807 0.07198135092329483 -0.08544387029439168 0.9937394176283704 -0.462920795146324
0.8712742149548317 0.49014610166091993 -0.025259481020895314 -9.397296106370817 -0.48507749737052125 0.867814348232444 0.10769437565003315 1.1037022909368288 0.0747065184545085 -0.08157852676103929 0.9938631093223577 -0.48174345749740444
0.8767272500700942 0.4802901310766247 -0.025898242699631965 -9.528604877365566 -0.47885370930119187 0.8766376001929556 0.04696427383049161 1.411195184928213 0.045259850563385405 -0.028773389065844524 0.9985607833320141 -0.37067350171370494
0.8770577824845984 0.47930123063652075 -0.03224866653856642 -9.669779538893668 -0.47745661798808986 0.8771460095460705 0.05147869342533919 1.4672684760848103 0.05296059027781067 -0.029752449440702863 0.9981532786249335 -0.3782910312955186
0.87717386049802 0.4789675033396969 -0.03400219409887368 -9.824429049392844 -0.47718215672775227 0.8774132119090398 0.049429190445660486 1.5353319149637084 0.053508950276107754 -0.027132753490935666 0.9981986805883631 -0.3896510966159899
0.8785713218350908 0.47647168766281567 -0.03297215953937006 -9.98173932558016 -0.47456973282275605 0.8786723439120051 0.05213905189702865 1.6031537058223326 0.05381450675681524 -0.030160286801212716 0.9980953641624578 -0.39790583292017345
0.8815559235689905 0.4708449940637473 -0.03411957188380233 -10.121598738149574 -0.4694200273210163 0.8819580210394823 0.042366107610405296 1.6707537113828628 0.050039899783678024 -0.021331682756638205 0.998519387763908 -0.40877329081773683
0.882748916581467 0.46875576090386345 -0.031974785279751214 -10.27020157290056 -0.4674064052064089 0.8830559731101478 0.04175405042043519 1.7372744440785268 0.04780797680584811 -0.021913123326671793 0.9986161486676457 -0.41982834984742534
0.8845031904182048 0.465147427199712 -0.035944083094515904 -10.416118046052445 -0.4641095575597085 0.8851356034872332 0.033723612217897825 1.8110253357035169 0.047501839140695536 -0.01314665009727181 0.9987846318748959 -0.42941062015279224
0.8830707651144508 0.4676188487101993 -0.038969682204581635 -10.570013215793693 -0.466767386210737 0.8838974601657416 0.02921450123736411 1.8864851572174457 0.04810645455835471 -0.007608695256020557 0.998813234186615 -0.43847549422876625
0.8804020966458115 0.47253619360704696 -0.04002116881129981 -10.720364818474838 -0.47146002319180136 0.8812457691410128 0.03363541144464923 1.9609256869576273 0.05116243498549767 -0.010744305581475301 0.9986325476089424 -0.44490091790409375
0.8779097974668101 0.4772891510343807 -0.03833345557948768 -10.858419593589163 -0.4760966981220867 0.8786394882850085 0.03639483017551842 2.0302046878559232 0.05105214539107082 -0.013700946359224555 0.9986020040635961 -0.4511477415314221
0.8612509036317207 0.505985576260189 -0.047174968046506456 -10.867178976777083 -0.5016863890081547 0.8613670694989509 0.0797341750239373 1.8311219578147242 0.08097930647704361 -0.04500409091886887 0.9956992436087633 -0.584794694426845
0.8587251734348622 0.5104937816605084 -0.04457774551521365 -10.999785214972158 -0.505619556578368 0.8582317708161591 0.08824449879315088 1.86450479921644 0.08330630537216566 -0.053238392610155325 0.9951008657606155 -0.6025556740234557
0.8584434492844826 0.511086484888325 -0.04319084793166131 -11.139431534950855 -0.5065480148661372 0.8580073401018542 0.08504418243781645 1.9069052319825535 0.08052299681293344 -0.051127383033329726 0.995440624893533 -0.6244660034391293
0.8568900778960199 0.5137630252124179 -0.04227231159916891 -11.280039109696336 -0.5094233564204421 0.8564916476860656 0.08312581655141697 1.9473821477178987 0.07891285279777942 -0.04969518456141454 0.9956420794114332 -0.6430010780936277
0.855259796423106 0.5169570533992878 -0.0358620351211852 -11.40340548935325 -0.5126911990410399 0.8542036134001693 0.08650966003837403 1.977862201258468 0.07535525892841213 -0.05560208444671956 0.995605340060514 -0.660565744361737
0.8548883000560936 0.517458225241994 -0.0374563687055767 -11.529202718726687 -0.5127286575915422 0.8536829946855747 0.09129440436874572 2.006722670563635 0.07921690546579988 -0.05884156451076646 0.9951192653015757 -0.6755989227904019
0.8556464921937965 0.5161921137620312 -0.0376135891179972 -11.650118855604758 -0.5118428225154773 0.8547288298165653 0.0863455414007849 2.034467785440773 0.07672030654162497 -0.05462901399706269 0.9955549534776409 -0.6938321892137342
0.8539058526835516 0.5190842347059774 -0.03736779405432611 -11.77011407643395 -0.5142981571064024 0.8526583348000971 0.09203895747390822 2.0567848619343265 0.07963793285699433 -0.059374416844591243 0.9950540077174854 -0.7114936339404511
0.8539179138593743 0.5185989661439432 -0.043350994273343615 -11.881410626628908 -0.5134618722682962 0.8531570230358724 0.09208691422402976 2.0770125832691697 0.0847413837318588 -0.056375583003647436 0.9948068614179381 -0.7265539825890875
0.8539066567394594 0.517920310691922 -0.05100954174291271 -11.975725307422396 -0.5126864884465104 0.8539980669128676 0.08854301933789732 2.0931774296249444 0.08942027812764332 -0.04945557078700161 0.9947653795632952 -0.741243197657772
0.8500378606362151 0.5250146536615247 -0.042370377926988105 -12.140369435343032 -0.5201646638509939 0.8493888873965202 0.08925939977438829 2.127779351869934 0.08285142102456056 -0.053834295834262344 0.9951067835294061 -0.6503150691690784
0.8490896557880657 0.5262025334588605 -0.04645051361589876 -12.21892895222882 -0.521168534585756 0.8488128280685348 0.08888273996694546 2.1262981736937525 0.08619811477891882 -0.05126086897208021 0.9949583952712734 -0.6511906663960607
0.8481831604200759 0.5275027029427204 -0.048230952384705664 -12.28271393610475 -0.5217846820579513 0.8477181660945748 0.0954707098692239 2.1098212695346894 0.0912473120124333 -0.05581047626902064 0.9942631034032846 -0.649968128218379
0.8477684785567071 0.5280715938450025 -0.04928487130595621 -12.330355762130726 -0.521995030059233 0.8472220781538783 0.09867086136283611 2.089889647963471 0.09386051011531081 -0.057923588136633314 0.9938989196987142 -0.6478603605466869
0.8471824242706967 0.5291124806331818 -0.04818633462949806 -12.368504861197493 -0.5228480605940329 0.8463809750867554 0.10133681731854283 2.058028336453461 0.09440257168045706 -0.060656638955631684 0.9936845206657505 -0.6435516641252975
0.846980234267426 0.5293616012243456 -0.048997733717928704 -12.390096499444857 -0.5230490998349804 0.8462585566710806 0.10132173716827093 2.017191851482041 0.09510058844251647 -0.06018928816804801 0.9936463795876835 -0.6367035126019078
0.8469440206855368 0.5293112538936057 -0.05015398614862006 -12.406029376588627 -0.5229069475840257 0.8463188908441637 0.10155126374724069 1.972283376520154 0.09619849267724591 -0.059782367817638994 0.9935652562890585 -0.6286340194769564
0.846843360996816 0.529631385450878 -0.04844499438538488 -12.432547932179089 -0.5233591010902083 0.8460755872695696 0.10124896015516407 1.9317014016611709 0.09461275411732581 -0.060387881001376625 0.9936808997794503 -0.6218706914136553
0.8466630180971864 0.5298894021736256 -0.04877453485827517 -12.4560472006579 -0.5235555461666139 0.845902156225098 0.10168152325721957 1.893919627658921 0.09513844577636285 -0.06055380712892997 0.9936206079673722 -0.6150293292848781
0.8464948589712408 0.530143961851802 -0.04892681726144052 -12.482319698220506 -0.5237792863465395 0.8457368827485224 0.10190379950287337 1.8514788201414558 0.09540289790970229 -0.06063418896041352 0.9935903492886511 -0.6072562967993546
0.8487125157719586 0.5219877298859074 -0.08494630904630182 -12.27055661545885 -0.5199423151148294 0.8529396147600626 0.04641123275660088 2.1787341116870977 0.09668016614106646 0.004777386473061269 0.9953040349829908 -0.6056499558956207
0.848647808373246 0.5222317741892644 -0.08408847346943282 -12.255582987668355 -0.5202038808792895 0.8527915386123026 0.04620080074400878 2.2023823496890653 0.0958374648110658 0.004534941939522041 0.9953866658943111 -0.5982316073644066
0.848477590013304 0.5224826647426004 -0.08424751799719153 -12.23795466382185 -0.5204288859351927 0.8526385567582604 0.04648942044643268 2.231358527127714 0.09612259843278223 0.00439961051257906 0.9953597789231127 -0.5901492866400411
0.8483384241179301 0.5227283369820793 -0.08412493019941672 -12.219471871517285 -0.5206588141209381 0.8524888850247232 0.04665940620585409 2.2619678184905885 0.09610576175904083 0.004217419264682368 0.9953621933404243 -0.5823851301610722
0.848214526266973 0.5229806212895329 -0.08380565127310231 -12.196801484259622 -0.520902116614836 0.8523351900893721 0.046751562984544484 2.3004582258209076 0.09588066716433709 0.003999186283267874 0.9953848020605867 -0.5734306819948969
0.8480927161749402 0.5232341479891353 -0.08345520444583493 -12.171619277608647 -0.5211499125433824 0.8521805168486158 0.04680956483082117 2.3440393355828757 0.09561126203035542 0.003793821517898898 0.995411519669756 -0.5640384724855035
0.8479962799434264 0.5234624022023459 -0.08300254624202515 -12.143878102891247 -0.5213974155448287 0.8520404824909629 0.04660205209795369 2.3927072163376666 0.09511595168678728 0.003758946277437568 0.9954591031567295 -0.5541897093614206
0.847859068881728 0.5237301207496436 -0.08271493175100052 -12.113712036849867 -0.5216375214462982 0.85187750411939 0.04689364770074289 2.446348141517215 0.09502260538614934 0.0033880075091719713 0.9954693495385711 -0.5438553338532229
0.8477411215231128 0.5239555921157204 -0.08249562636527911 -12.084087341692639 -0.5218583311739281 0.8517393707127467 0.04694599623202088 2.4994761083037846 0.0948623901401276 0.003252978407379258 0.9954850802841715 -0.5340448880478323
0.847619515202074 0.5241949228840098 -0.08222432894969661 -12.049216686055486 -0.5220885873347892 0.851592838477503 0.04704406900549381 2.5627109156897245 0.09468191180666492 0.0030529127823285445 0.9955028956764408 -0.5228530682279348
0.8475074893620229 0.5244415711183975 -0.08180521962654512 -12.011892147512409 -0.5223341594585468 0.851441666726581 0.04705437306558482 2.6309500535499697 0.0943296418842661 0.002850727052635475 0.9955369365409088 -0.5112283926020809
0.8732602062904481 0.4839718067310152 -0.056461512546873635 -12.25251471078174 -0.4756987153312741 0.8718936616776343 0.11624188125861701 2.143508861487567 0.10548622820889636 -0.07465074022328126 0.9916148055784446 -0.5917502488484404
0.8731086141590316 0.4842724127307973 -0.056227912545172856 -12.254383240074404 -0.4759921987606553 0.8717030552417031 0.11646978235266522 2.1281279169259757 0.10541714566564649 -0.0749267225372409 0.9916013370551369 -0.58960169533522
0.8730069600260189 0.4845093076926603 -0.05576359480259791 -12.25659564051761 -0.47625140869141297 0.87154585450084 0.11658653104816807 2.1120966813599815 0.10508778932670557 -0.07522336247190585 0.9916138372737878 -0.5874696175162758
0.8728629570788985 0.4847781047323741 -0.05568166063946282 -12.25966786236849 -0.4765091410322399 0.871383718298334 0.1167452525685155 2.092353439600514 0.10511563476570837 -0.07536978609931821 0.9915997673815505 -0.584842511500121
0.872740370568944 0.4850344862716866 -0.05536960092273821 -12.263398657986132 -0.47678120097519994 0.8712252837358935 0.11681691391214633 2.070315182264547 0.10489962810147754 -0.07555165191094637 0.991608801855701 -0.5819699789751637
0.8726259468258547 0.4852770623693337 -0.05504661356042172 -12.267877083203114 -0.47704534222424055 0.8710773811967881 0.11684150559412815 2.0460186653777783 0.10465036258149232 -0.07569919884341755 0.9916238868169861 -0.5788457167107567
0.872505823044835 0.485520203504163 -0.05480621079887934 -12.273160984666701 -0.4772948900611358 0.870926036391938 0.11695053251762913 2.0194193583661004 0.10451400228860852 -0.07588129627190718 0.9916243503473036 -0.5754721614915601
0.872400239880817 0.48573800482325885 -0.05455650397718474 -12.278623663089972 -0.4775256593144644 0.8707922247711384 0.11700489722407828 1.993191261946729 0.10434110480620243 -0.0760229698739189 0.9916317067840108 -0.5721920028941605
0.8722970144745907 0.48596137296895187 -0.05421681031605396 -12.28540407693971 -0.4777699965976883 0.8706522581685856 0.1170490311663763 1.9621353220713207 0.10408529622266811 -0.07619835515333476 0.9916451289560019 -0.5683487390591629
0.8721697181679388 0.48619018897823346 -0.05421330881036452 -12.293247221233639 -0.4779651234937391 0.8705021871442018 0.11736815113469178 1.9288733278901005 0.104256047471948 -0.07645287645648607 0.9916076009425585 -0.5641515254845203
0.8666883535338293 0.49501037711576235 -0.06177397831231897 -12.266676461401824 -0.4894149886365721 0.8677218942462556 0.08678527031446057 2.169653180037935 0.09656224286274703 -0.04498267214606869 0.9943099579406389 -0.5966580356336056
0.866697844308825 0.49510926561888746 -0.060841283424676026 -12.296021710858156 -0.48944411296083334 0.8675883667071994 0.08794820204141207 2.190493745190986 0.09632915944000954 -0.046446109122939616 0.9942652825020701 -0.599983500501958
0.8670677357622584 0.49438592495256684 -0.06144996996667554 -12.33103818350989 -0.48885198239305494 0.8680881496113869 0.08629428610666268 2.21643960332608 0.09600667117701053 -0.04478305162752149 0.9943727658058803 -0.6042629461249588
0.8677276405379256 0.49302550979601395 -0.06304433786522994 -12.382581206217452 -0.4878292519982061 0.869074318352808 0.08205150866664795 2.2536933668956607 0.09524370184613498 -0.04044348983437028 0.9946320733762117 -0.6102034306590726
0.868148218071577 0.49220967589433734 -0.06362630285610606 -12.447779657070797 -0.4870637796600138 0.8695771795496063 0.0812674802725746 2.2969190331664664 0.09532862110849516 -0.039562150630914936 0.9946593840280249 -0.6170651693994245
0.8687090737452019 0.49083304474021483 -0.06653921688601008 -12.523933555085105 -0.48554393517871935 0.8704015212898796 0.08153697779183863 2.347094913112897 0.09793687867150389 -0.03852419924298761 0.9944467074050622 -0.6249824844751594
0.8697251226672594 0.4890631638718611 -0.066298059889153 -12.615436199658136 -0.4838754977483879 0.8714207921513579 0.08056243346032785 2.4053382882423704 0.09717362646402809 -0.03798716559504023 0.9945422371975383 -0.635670864349975
0.8703877417802076 0.4872843267871672 -0.07056319030718429 -12.708009964271666 -0.4818714285586817 0.8724739198750088 0.08117379796924748 2.4649473112353673 0.10111926274239758 -0.03665029338919511 0.9941989995453224 -0.6451850767393777
0.8698723077630668 0.48762984138573123 -0.07442651393880402 -12.820634690553065 -0.48235003677591926 0.87244708793286 0.07857811896286351 2.537223652497517 0.10325023103715422 -0.03245329794642129 0.9941258337067673 -0.6593872400511769
0.8765291381504239 0.47372477096802135 -0.08533177218698149 -12.987816891299026 -0.46467627600278183 0.8790196658549992 0.1067725880568233 2.418383456404275 0.1255891256974969 -0.05393763446297325 0.9906150125528469 -0.7342069276609545
0.8749291597323575 0.4748822776533983 -0.09479339544900489 -13.129058330835981 -0.46485347200972127 0.8784822278925132 0.11036405591275544 2.4661372803841592 0.13568424746645413 -0.052495691706341614 0.9893603930528727 -0.7572553706410992
0.8727049987681326 0.47971661544473887 -0.09087328535580987 -13.276464244307526 -0.4680708365367659 0.8749737168853002 0.12381715044247621 2.507547424785095 0.1389088805976282 -0.0655207114290367 0.9881352940083391 -0.782078163655117
0.8737324410513199 0.4771450526282581 -0.09446809094545461 -13.406569948401017 -0.46533261492322237 0.8765091139183975 0.1232774541702657 2.5495777213523576 0.1416233700461121 -0.06375242717232528 0.9878656027448366 -0.8057333216403214
0.8740485250587033 0.4748447142802156 -0.10277000127880598 -13.548063419494456 -0.46331930431880736 0.8783277694485936 0.11779453154113154 2.594641526609812 0.14619985666286323 -0.05534281105616759 0.9877058140844163 -0.8320262267915994
0.8742565325528591 0.47539632767638124 -0.09835571625717804 -13.696685589263497 -0.46426069470059145 0.877955439358473 0.11685997542783841 2.63533344338086 0.14190673925073458 -0.05650290375442257 0.9882661074946072 -0.8615649353701548
0.8750461652478813 0.47310309032659226 -0.10231165431369954 -13.841852250321521 -0.4619996598439805 0.8793874226038805 0.11503945092945461 2.6756951252718943 0.1443971017334628 -0.05339688089703697 0.9880780587187652 -0.8898222433201793
0.8715507302015378 0.47797813532281647 -0.10925304040844586 -13.972034068403106 -0.46560715738852254 0.8766693832364076 0.12108165626747967 2.7058438193465677 0.15365317983610272 -0.05465980835330366 0.9866118819865461 -0.9139331577706925
0.8701660333680712 0.4810764522327995 -0.10666077760629651 -14.120751360869713 -0.4683869566728276 0.8747502094436013 0.12420036190423309 2.740288981720804 0.15305140702144343 -0.0581164192417149 0.9865078553277098 -0.9432984594478532
0.8692975880301012 0.4821370240882573 -0.10892930481907782 -14.268353682812238 -0.4694721890884668 0.8743050238908779 0.12323387874953107 2.774854299530949 0.15465305401941262 -0.05598763437126396 0.9863811726102533 -0.9713654558973379
0.863693270838067 0.49383181513475666 -0.10081702371004989 -14.431043750048282 -0.48191171530603594 0.8677122877799124 0.12180510780153886 2.8524564945461215 0.14763140776892772 -0.05661734713373503 0.9874206010832985 -0.9666975939667017
0.8605896428265117 0.5019014391664833 -0.08648937519921128 -14.586462946079028 -0.4920696563325618 0.8631965462101863 0.11295652228871256 2.8973534243779193 0.13135037105578187 -0.05465041604067415 0.9898284760755723 -0.9960969918888153
0.8445344426463454 0.5285011301519581 -0.08630255275558105 -14.720580161017482 -0.5196353506297793 0.8477391620586445 0.10638334215455705 2.9409524552284605 0.12938577031456408 -0.04499853931196291 0.9905727908134245 -1.0218491777743453
0.8285792164032182 0.5536417834578206 -0.08329020203044712 -14.866010712361417 -0.5471636333564122 0.8322775293603467 0.08902849237208757 2.9955805052821405 0.1186104568612682 -0.028193788881255143 0.9925405129221077 -1.0462799843413098
0.8122830461050206 0.5766862209295358 -0.08734561008064218 -15.007274093746707 -0.5693421279059783 0.816477437740442 0.09599028623926095 3.041222541721372 0.1266719953337823 -0.02824174659636104 0.9915425403619076 -1.069850003844771
0.8080696913356356 0.581969035585248 -0.09129849705612379 -15.145162819985982 -0.5730900206634273 0.8124998398669158 0.10682620667340376 3.080487877844036 0.13634955871114182 -0.034000762288700345 0.9900771414405365 -1.0920229929572636
0.8045694841408644 0.5850699162759194 -0.10178967657966165 -15.281374166937827 -0.5755338534591724 0.8104542741636538 0.10920005958011622 3.126590087801147 0.14638554816558674 -0.029275630800270215 0.9887943207409249 -1.1158996047353655
0.7962947675389135 0.595057423043437 -0.1087258316641078 -15.408612450722572 -0.5831282689384213 0.8029190216351704 0.12362227413092276 3.1612188415592537 0.1608603902613319 -0.0350386640345336 0.9863550207038272 -1.1331540151073962
0.794273515018717 0.5974367864769482 -0.11044849253796743 -15.546018650579784 -0.5852055615509099 0.8011599115655265 0.12520881290948419 3.20521183668098 0.16329125533749936 -0.0348149718428042 0.9859634291726486 -1.1587789453052881
0.7889661193243139 0.6066406104411095 -0.09756860315680738 -15.695002560937054 -0.593493504424011 0.7935100428324114 0.13456326441719185 3.2459396653539385 0.15905320733905043 -0.048259524321554156 0.9860898009549731 -1.186800396638003
0.7831133410730035 0.6157253848307656 -0.08726823882996354 -15.820117269429023 -0.6026081493472252 0.7860006723985123 0.13808099554029474 3.2808567488609515 0.1536128685162485 -0.05554451785813071 0.9865687473066018 -1.0844587932135892
0.7835264639057535 0.6165116826008169 -0.07745724999027216 -15.95697055853517 -0.6049686053711446 0.7853511186935502 0.13128825873657413 3.3182473222031166 0.14177188323020296 -0.05600862061771253 0.988313597772419 -1.1012381009658005
0.7830466989443576 0.6166323411729526 -0.08125529577761578 -16.064587252889662 -0.6050395282653808 0.7854801070833689 0.13018513975375487 3.341648012220981 0.14410078594077838 -0.05277837810943496 0.9881545457545532 -1.1118953244506664
0.7810689249610986 0.6192600546634777 -0.08030142687586814 -16.17595573397911 -0.6075525755048139 0.7833386669403399 0.13137884484801468 3.358035626874116 0.14426088332455583 -0.05382859439292462 0.9880745315855991 -1.117980266076608
0.7782080545490698 0.622639529488695 -0.0819282622362292 -16.2923243057674 -0.61036981006674 0.7805893974263063 0.13464355753146065 3.3762084695623713 0.14778673416123525 -0.054774163103898474 0.9875013277268158 -1.126040501861442
0.777933885715979 0.6239648599596541 -0.07407241720348541 -16.416183410766816 -0.6134330214340005 0.7797057289823204 0.12553447497202208 3.4014673294334985 0.13608378914915265 -0.05221905521624657 0.9893201567759202 -1.1361822528263958
0.7747912630393975 0.6281473092804288 -0.07162022452891534 -16.536858455959653 -0.6172315527307196 0.776075614426863 0.12935165636972662 3.4187679068295966 0.13683460465627828 -0.05601427082203343 0.9890089445666485 -1.14142440217898
0.7748719377129785 0.6289933964478284 -0.06277569091582529 -16.647065473177793 -0.6180160110687921 0.7746999844235625 0.13377647101321966 3.430666832281196 0.13277684364207767 -0.06486325122253185 0.9890212679377983 -1.1475440513212722
0.7762807371105459 0.6262803177031688 -0.07184135890088217 -16.764762176073543 -0.6151360342851231 0.7774811729323526 0.130884242977163 3.4494042671890472 0.13782552925738836 -0.05741070800252499 0.9887912489962528 -1.153965262290982
0.7723221746081979 0.6333155796933652 -0.049293357829642635 -16.893250753910916 -0.6239272201451617 0.7708654306943673 0.1283795611548765 3.463254262075329 0.11930332170729947 -0.06839491412411068 0.9904992948768616 -1.1611167930394217
0.7732391755138939 0.6319078926307955 -0.05285444807677753 -17.017684870680583 -0.6276087891244854 0.7745520156673226 0.07858996653126318 3.8179110078393323 0.09060013942754713 -0.02759692476698913 0.9955049093194439 -1.2597160929797833
0.7726215647826542 0.6321536938000943 -0.05863126339845913 -17.13277742148764 -0.6283318479796308 0.7746173977753693 0.07188167971199223 3.8903525677279753 0.09085706602848785 -0.0186974457777507 0.9956884046096365 -1.2729855999887987
0.7690040255299303 0.6368814636636563 -0.0549072851304933 -17.24264779827957 -0.6330431053664384 0.7706648023947315 0.07302183986935762 3.9557273035416736 0.08882136830053239 -0.02139541052489003 0.99581775488374 -1.2823859088392424
0.7681117485396333 0.6394386701922185 -0.033504161207144154 -17.369530277750343 -0.6355311960877292 0.7677124527059187 0.08196150779215018 4.0315600531558005 0.0781309193257528 -0.04166265741728084 0.9960721773156015 -1.297211516399025
0.7700325329732527 0.6359783985667242 -0.05080723097454991 -17.482880163590234 -0.631422802197758 0.7710775696148352 0.08212567504507766 4.116507027211836 0.09140647147509522 -0.031158597423240366 0.9953260766096149 -1.301846182598613
0.7697081437805461 0.6361409657621165 -0.053610121032765135 -17.59961203021493 -0.6311111996627107 0.770887243541813 0.08620621442100096 4.1969389235230725 0.09616666292536295 -0.032519677485284865 0.9948338773473954 -1.3096480085514495
0.7705026912398346 0.6354730176357637 -0.04999646636581867 -17.722041082118515 -0.6308747902733319 0.7714469117471918 0.08286532057079048 4.289148890356691 0.09122829489665832 -0.03230644227730215 0.9953058283751943 -1.3227090524164484
0.7727428303533526 0.6320013312741697 -0.058675679844096815 -17.8299677190253 -0.6276619881841562 0.7746257852461694 0.07742946093359789 4.376492328753261 0.09438721696396152 -0.023004566925559945 0.9952697338783921 -1.331084402686973
