0.8104371482447044 -0.5844974505877152 -0.03942535987727521 0.0 0.5850941109765196 0.8109521870590047 0.004629428130245698 0.0 0.029266192878257002 -0.02681940641920382 0.9992117940625673 0.0
0.8124045904845778 -0.581991858107775 -0.03583655195251171 -0.07960912819535783 0.5824742787878624 0.8128399393800039 0.003866199590214593 0.006362863669467371 0.026879284033343467 -0.024014788047602948 0.9993501858932552 -0.00829271637014216
0.8151673531472435 -0.5781449071511222 -0.03536456840027234 -0.15724615840700182 0.5786495583566903 0.8155595863460672 0.005220127645851429 0.018128417409312963 0.025823922562705534 -0.024718969522452016 0.9993608445247509 -0.01452342147064677
0.8168058445417484 -0.5756908239185261 -0.037527157878658964 -0.22513077038447088 0.5761481943945461 0.8173434666249386 0.0017075307997647463 0.03883639621339853 0.029689567500141668 -0.023015925389531317 0.9992941492674307 -0.019498308848339915
0.8189606606139613 -0.5720626072908505 -0.04525273147930479 -0.2954989056813253 0.572739505924225 0.8197336873365126 0.0024779425657465264 0.05453102993596396 0.035677650152701655 -0.02794736454978588 0.9989724971661146 -0.023028490343732885
0.8206764840675324 -0.5697768159985618 -0.042947508066178426 -0.3846432516362856 0.5704048659586388 0.8213583609475127 0.0029549606296356383 0.06792633587859133 0.033591626773061496 -0.026922534281833423 0.9990729601778756 -0.02803648533255838
0.8223782725830985 -0.5670182923742474 -0.046735777475414984 -0.43752651855038777 0.5677103943226777 0.8232261723705332 0.001891375729702393 0.07868997087723195 0.03740167056735291 -0.028087812964943015 0.9989054959312305 -0.029629981507531412
0.8237576982742655 -0.564781185024007 -0.04945166909986563 -0.5661084205855542 0.5653840889390161 0.8248249671106869 -0.0021460674391077517 0.10689641890578325 0.04200102985026595 -0.02619134730656048 0.9987742121309422 -0.030215269172507622
0.8256689723545056 -0.5621927232069055 -0.04701159499802432 -0.6714780358117808 0.5627474004976833 0.826627133095755 -0.0017164099140082323 0.12248702529473329 0.039826013159171204 -0.02503846646854982 0.9988928690669229 -0.03253678274598809
0.8279792602236223 -0.5587167660075348 -0.04781129596261468 -0.7896836793579132 0.5593788963232345 0.8289118938923515 0.000567901395595323 0.1386277264007561 0.03931405585466048 -0.027214840544755887 0.9988562246221325 -0.03337566082716836
0.8296777095095502 -0.5562220836686323 -0.047454103956468485 -0.911287776436085 0.5569185568280145 0.8305652128578701 0.0017743311310432532 0.15820528457233135 0.03842680579475674 -0.02790019407971846 0.9988718435148356 -0.03294619464932002
0.8313541871580027 -0.5537732753551546 -0.04674799458031243 -1.0368223318071226 0.5544309211322237 0.8322286753347754 0.0013362795363362281 0.18231086704354038 0.038165025708503685 -0.0270294552839935 0.9989058210660903 -0.03247634839807684
0.8318905540370765 -0.5530543932347715 -0.04570496939726454 -1.160188997904668 0.5536572334041702 0.8327444132938217 0.0006403336388963142 0.2060676028866532 0.037706418593209515 -0.025837574414941777 0.9989547766266629 -0.030407062653941604
0.8332696614769997 -0.5510829634513835 -0.04437610455693061 -1.2980948589888897 0.5516807947606501 0.8340540117542274 0.0014853177896613987 0.22086617754022647 0.03619353470253937 -0.025719114882126106 0.9990137912838922 -0.02856673340713783
0.8337624544142473 -0.5501250659584195 -0.04693166748981634 -1.4374008149185074 0.5507225646161051 0.8346883251537974 -0.00023806429475751664 0.23999738257377579 0.03930428006960555 -0.025647839210996514 0.9988980738353723 -0.027508331292891198
0.8344492986527284 -0.5490004978066557 -0.04788341451915936 -1.570265293610333 0.5494048654226134 0.8355385563357159 -0.005441941417147059 0.26467446537372025 0.04299606758681147 -0.021766356711026363 0.9988381069460649 -0.024018660291501747
0.8360114133954608 -0.5465820212910149 -0.04830124919660467 -1.708153803830406 0.5469291683238648 0.8371505929205127 -0.0068825583469733845 0.2840502032181019 0.04419730205668109 -0.020663464720672788 0.9988091007377976 -0.021785848333654306
0.8389714666266472 -0.5420094476994745 -0.048503987370554266 -1.8505166717220984 0.5424105912399426 0.8400947771227947 -0.005613907884670848 0.2999738260387281 0.04379073757163881 -0.021599167935647853 0.9988072122524043 -0.018123097365063092
0.8400484520652126 -0.5401589645011925 -0.05046673411109054 -1.9818336082254122 0.5405096852912851 0.8413035078766196 -0.007595244618220254 0.32304630407198587 0.04656047990684824 -0.020897385087471954 0.9986968614185938 -0.015199675013006236
0.8427346983930781 -0.5355137853534222 -0.05498375960932817 -2.106958163710273 0.5362439724604169 0.8440612621742615 -0.001728495491503397 0.34332146656819645 0.04733529469855703 -0.028028046547008852 0.9984857527689414 -0.014542982367096106
0.8443517274480129 -0.5331845582197364 -0.052767293199301665 -2.243539426195804 0.5338985295458997 0.8455482934036641 -0.0006660862386416652 0.3616350172845007 0.04497244160908669 -0.02760996918099807 0.9986066137862004 -0.013566775915078398
0.8446534066201188 -0.5325916741958768 -0.053914110047939265 -2.3664351065895968 0.53310895329597 0.846028828961026 -0.00548310883626358 0.38220039149431373 0.04853314950323777 -0.024110768218121734 0.9985305224454726 -0.012000612815009566
0.8409653712544433 -0.5383826510352294 -0.054049656938364526 -2.4764714439771534 0.5386081518657312 0.8424772055944633 -0.011550618923941207 0.41026183695195473 0.05175425677814188 -0.01939791530095849 0.9984714406468114 -0.010691304205937113
0.825980497553815 -0.5611171822331428 -0.05388622702964399 -2.586851876519167 0.5617662781301573 0.827287871574218 -0.0036641918605378743 0.42990744207636333 0.04663546307846591 -0.02724491418482007 0.9985403588411029 -0.01281300577743907
0.8009336351875044 -0.5963858979616727 -0.053189968394225504 -2.693346405860941 0.5969503873823412 0.802253432703668 -0.0062979932719859945 0.45266562220797674 0.04642786910253697 -0.026707497592069217 0.9985645510145887 -0.015736766189732587
0.7789891773371789 -0.6246431210058024 -0.05474333723546472 -2.7980546768055916 0.6254049417642388 0.7802900945756023 -0.004003389072604176 0.47262245750724247 0.04521637323375686 -0.03111815687549733 0.9984924335738642 -0.019946539644944056
0.7651267840478173 -0.6411124625659864 -0.0596306521448617 -2.9121289346999557 0.6419390766684032 0.766727234774886 -0.006600704551403727 0.4881341850027556 0.04995223897647388 -0.033228869933141926 0.9981986856453998 -0.023863500318682656
0.7650507180044616 -0.6414330710524196 -0.05710529083298342 -3.035834227400788 0.6422379634545347 0.7664866721395591 -0.005346001327696252 0.5010154867951669 0.047199546381609656 -0.03258522353284735 0.9983538481063138 -0.02648122271552113
0.7668268083227894 -0.6392547585396701 -0.057706149775152774 -3.162920539011165 0.6402258954311429 0.768183753267442 -0.0021269779822621314 0.5108018737508355 0.04568860751736018 -0.03531394767416992 0.998331345918173 -0.030810341601005053
0.7673492529988456 -0.6388988085835925 -0.05462084137561067 -3.295646366465792 0.6396950628459948 0.7686199984138745 -0.0036775819113096624 0.5222809691413399 0.044332273713090675 -0.03211869282398685 0.998500395131973 -0.03675221916971026
0.7696114740049237 -0.6363571045504098 -0.05241960099225722 -3.431021380240369 0.6372757995392575 0.7706350809044539 0.0010617914041989689 0.5293229193469635 0.03972070494803476 -0.0342229099815409 0.9986245831296295 -0.043897174291422314
0.7716184225302295 -0.633885557228557 -0.0528593449543402 -3.5767898474601334 0.6349293415691917 0.7725601458046699 0.003943644099045313 0.5330370381588789 0.038337204207829954 -0.03660493752636399 0.9985941804968714 -0.049478785059762616
0.7745033776916059 -0.6302000869132421 -0.054702544719928484 -3.7220836601934515 0.6313236854074383 0.77550728104948 0.004342957841465909 0.5364947268249554 0.03968528931308696 -0.03789864765113805 0.9984932500114118 -0.05327018253509383
0.7754001230495785 -0.6289459437995566 -0.05640610740676375 -3.861557675879075 0.6300546618913859 0.7765469075905563 0.002454249472904603 0.5431600000478344 0.04225839802488762 -0.037441956274062334 0.9984048916680754 -0.05955250623411448
0.7769415826731572 -0.627056193735731 -0.05623439348821181 -4.002153812206625 0.6281734574108947 0.7780680162671992 0.002875668003830198 0.547531605714718 0.04195097755443268 -0.03755917943303311 0.9984134531958915 -0.06580821247050989
0.7759640848128097 -0.628151822461164 -0.05748936440192319 -4.138361509381439 0.6293589803160966 0.777105301075141 0.0038242563195598524 0.5513128049673113 0.04227307625548487 -0.03914893331411175 0.9983387942198105 -0.07149114361226434
0.7654145201674811 -0.6413957939565167 -0.052459963893184205 -4.265179981256113 0.6424042059956474 0.766359479699934 0.003159745741067005 0.5605191554521515 0.038176543005965576 -0.03611901672161138 0.9986180291759095 -0.0773802991257315
0.7545226482369155 -0.6542178385048796 -0.05190947003731538 -4.383075447617789 0.6551487346488609 0.7554989281609813 0.0012267989260241335 0.5652234842125406 0.03841495523293272 -0.03493407118575806 0.9986510410973596 -0.08345872527861067
0.7471315397225744 -0.6629537259997311 -0.0478207019485118 -4.505786916633813 0.6637294530406553 0.7479725942255894 0.0004598410531751647 0.5614898997161071 0.035463721154546955 -0.03208357010239235 0.9988558299431191 -0.09137259850211259
0.7493660559686655 -0.6606287236680694 -0.0449466753683159 -4.632928440515185 0.6613092411587291 0.7501132953748241 0.00036284981469040384 0.5548866366590698 0.03347538976670775 -0.029995559114972228 0.9989893216212811 -0.09671894502780973
0.751624916416621 -0.6580110593621185 -0.0456227002582059 -4.763680709104244 0.6587961056570982 0.7523156686386508 0.002970840255088425 0.5462652341479188 0.03236782650640655 -0.03228901481808511 0.9989543249465056 -0.10045363246716105
0.7547130859714506 -0.6544007373399019 -0.046559991757329375 -4.8964057274134545 0.6553071236625957 0.7553396094666815 0.005886259234558881 0.5361576491186721 0.03131663360748395 -0.03495353114799156 0.9988981525259624 -0.10250899490666249
0.7571538093187651 -0.6514384131813821 -0.04843658602550369 -5.032014781533387 0.6524409744732511 0.7578084246781573 0.0068677736715882995 0.5250598511408234 0.03223172137006664 -0.03680197438361928 0.9988026485842886 -0.10440535026260758
0.7597893100894231 -0.6484523212005329 -0.04722066712234638 -5.174424082742745 0.6495749792612537 0.760194864988002 0.012494541352728074 0.5111094598478254 0.027794794325202928 -0.04016658282097375 0.9988063350985042 -0.10611915071378443
0.7618252681183127 -0.6462593855654201 -0.04439670511497985 -5.329079281987862 0.6474103863146028 0.7619201903875163 0.018368864195361594 0.49617384732654257 0.021955695125354835 -0.042736752900244826 0.998845091795072 -0.10666884639376284
0.7635627162755295 -0.6443333533449442 -0.04250303614089965 -5.482750746247937 0.6453875622448005 0.7636532838540042 0.01756577805590476 0.48550320877823167 0.021139366443889293 -0.04084350408883761 0.9989419079006027 -0.1043799963188559
0.7651516224840098 -0.6426730823950834 -0.038914056263640716 -5.627676993617548 0.6435629750651607 0.7652170942454377 0.016416327233830172 0.4772999435137925 0.019227369434394636 -0.037604625239075255 0.999107702114873 -0.10216429528371311
0.765781256924525 -0.6421483806072527 -0.03499319686135572 -5.775472253287379 0.6428955240528291 0.7657781187395958 0.016407864348653288 0.4775986066442049 0.016260740940462128 -0.03506180461882392 0.999252849963881 -0.09969391043872879
0.7668003475376238 -0.6405574560547851 -0.04127193366927909 -5.9241154815467025 0.6415611587442821 0.7668710963366336 0.017549962796077942 0.48210130497041037 0.020408493498381062 -0.03993578715978477 0.9989938069362867 -0.0948157620145022
0.7670497280599774 -0.6402140174020906 -0.041961012916639506 -6.082268006252157 0.6410665094875921 0.7674212865263806 0.00991460536732254 0.48531139247791427 0.025854305183267666 -0.0345047954358606 0.9990700545984851 -0.08912290934210851
0.766724127617603 -0.6405582620251701 -0.04265237484969582 -6.235849901368363 0.641423700607646 0.7671281386379906 0.009489742283362752 0.48169853340228197 0.026641104102839385 -0.03463425848932357 0.9990449037511159 -0.08275868428950117
0.7678128493384487 -0.639461167724619 -0.0394061335712996 -6.390390093466244 0.6400874618576808 0.7682890112660516 0.004476197094041335 0.47600937939245447 0.027412945178590522 -0.028660253664254277 0.999213250661007 -0.07476863232472401
0.7699520376566189 -0.6369030145700906 -0.03909488125000113 -6.545445128204217 0.6375970473492703 0.7703340703434173 0.007444815621320936 0.4649426734128313 0.02537449349076811 -0.03065893180908495 0.9992077686749703 -0.06665154292094667
0.7729237777610316 -0.633517369633731 -0.035278550763517505 -6.7069992871216195 0.6340950166187423 0.7732204050657593 0.007329057867140165 0.45097346941478766 0.02263500984961592 -0.028034756326776968 0.9993506435515044 -0.05848674916356999
0.7737203511696836 -0.6322362438586432 -0.04042462290950523 -6.867348800634405 0.6330655114177545 0.7740166433249825 0.011238065193959606 0.4315524350760435 0.024184218805625848 -0.03428655432441403 0.9991193901397973 -0.050888741661010664
0.77586803723265 -0.6293382641733741 -0.044296027451673214 -7.033484463599486 0.6302208026725324 0.7763715443484425 0.008304517132462483 0.41139589143771116 0.029163824844214543 -0.03435948738352661 0.9989839322767896 -0.041741212648526205
0.7796324094640295 -0.6243102483062959 -0.04909195425976766 -7.193870229340788 0.6255876390100802 0.779996888755276 0.015651180462932783 0.3837576672511218 0.028520379224434875 -0.04291348729503153 0.9986716280024548 -0.03497933700257838
0.7791021868794539 -0.6250436805834797 -0.048168244334929264 -7.357628470738808 0.6258430083916664 0.7799465623811592 0.0019719728905002454 0.3679601475809103 0.03633608739147472 -0.03168212733497272 0.9988372898328385 -0.025053729710264133
0.7820423791954099 -0.6210827553936921 -0.051632626264425954 -7.5126196494009445 0.6221577712240689 0.7828659220081049 0.0063761950957403855 0.34477998986135205 0.03646127874720953 -0.03711009446200749 0.9986457910796697 -0.018893195890965536
0.7840704420863933 -0.618357476888418 -0.05354972103230306 -7.665939422415561 0.6197594693336639 0.7846748634811994 0.013548387063276993 0.3346961033086789 0.03364137360012307 -0.04381083652420705 0.9984732688386535 -0.015013208290613167
0.7860731825176467 -0.6159560381508615 -0.051837349392817526 -7.805783927000484 0.6171735855335331 0.7867594995455692 0.010308016030656213 0.30747380894997556 0.03443424235062337 -0.04009549775598055 0.9986023402803734 -0.00957721220029987
0.7881850125330829 -0.6134758011778249 -0.04911035926818232 -7.939550616726537 0.6145533706075084 0.7888196382465007 0.009366589112927308 0.2870895249367538 0.03299304007172669 -0.03756354197737198 0.9987494378576339 -0.00697461187576263
0.7893117583055136 -0.6121575067424617 -0.04743558937666317 -8.068667094795785 0.6131695937467198 0.7898966326196523 0.009292958657852592 0.2652364299628302 0.03178045791270299 -0.03642110260531485 0.9988310696909023 -0.007544293669637607
0.7916952084036648 -0.6089812296835542 -0.04858558308576744 -8.187989879545352 0.6102572264149891 0.7920292933654671 0.016604699915496762 0.23675357340759146 0.028369254466103954 -0.04279556453775497 0.9986809926382559 -0.008756907833010768
0.79228328242232 -0.6085276219778396 -0.04451217456056052 -8.304595811247285 0.609776790779741 0.7922473017058038 0.022726160393546815 0.20897810707674422 0.02143515384768979 -0.04514804790762162 0.9987503131161747 -0.01181765556597763
0.7931801145387101 -0.6075577063852162 -0.04170059127031932 -8.420462121202393 0.6087140848219453 0.7930138197701376 0.024418120176565347 0.1830212606421512 0.018233728081236564 -0.04475170461011451 0.9988317256148548 -0.016021378805293512
0.792042155645627 -0.6094624807209985 -0.03499583223235469 -8.531454878813479 0.6102503839061404 0.7919847317422489 0.018832249721323552 0.1628919651585421 0.016238615169922997 -0.03627215571984319 0.9992100070039325 -0.01846371240785213
0.794485699538581 -0.606613562506112 -0.028503666647206067 -8.636979548425606 0.6072213719182922 0.7941976346215007 0.023072118396030825 0.1392168870685646 0.008641684694471753 -0.035638503689925646 0.9993273829633532 -0.02133782247599777
0.7963572253909894 -0.6043205663363731 -0.024735049432944422 -8.740524113871222 0.6048038854317589 0.7960152937642274 0.023914687121066557 0.11194410654082095 0.005237340375877831 -0.03400448788521761 0.999407957277433 -0.022692621171626202
0.7990477932160958 -0.6004332315438071 -0.03166320600236862 -8.841781910376074 0.6011493447110026 0.7988262590422949 0.02227270118383888 0.08420846544567918 0.0119201304531357 -0.03683126826968136 0.9992504031360844 -0.022453871401452625
0.8008579509182149 -0.597977456294852 -0.03239605244804714 -8.93661017529981 0.598707466933947 0.8006872127745973 0.021198026719100233 0.05900286348839453 0.01326316284356867 -0.03637236674159778 0.9992502886909765 -0.026095448217658915
0.8044008964356082 -0.5929478189517218 -0.036770665128417056 -9.038252190050667 0.5939246313534252 0.8040857409376627 0.026450963922470913 0.0325549395396362 0.013882726147554102 -0.04311618282183688 0.998973605604065 -0.028867286719589866
0.8045472105378179 -0.592446854455292 -0.04135832034604723 -9.143537805596738 0.5936672998518338 0.804196099154422 0.02877101304166845 0.007062197770816722 0.01621490371384149 -0.04770072065326655 0.9987300526902703 -0.030351875385265594
0.8053650123393663 -0.5907778130134705 -0.04867003750392039 -9.247034868163725 0.5922138835623802 0.805465343068114 0.022545448146550337 -0.01087534984582853 0.0258826779058056 -0.04698038704806645 0.9985604289261807 -0.03145436968277722
0.8052266166747288 -0.591338370687776 -0.04392069160311601 -9.365254540057753 0.5925340741733378 0.8052586923221093 0.021489750655415266 -0.030713094934750742 0.02265980454714802 -0.04332862554954861 0.9988038663650998 -0.03670987404104211
0.8061632908469176 -0.5905684992387706 -0.03646362842250318 -9.481178341183274 0.5915108153299751 0.8059127806190522 0.024890668583538285 -0.044559372426878824 0.014686859383009622 -0.04163457387476933 0.9990249538523701 -0.03994110736861882
0.8060271306543263 -0.5908833855593449 -0.03430873531741132 -9.58776112941203 0.5916279275179728 0.8060178909623941 0.017650915821069438 -0.0458235774748996 0.01722382158355036 -0.034525123004280386 0.9992554007117486 -0.04178755980479494
0.8076473667744398 -0.5884669910724211 -0.03758099733222243 -9.691018839944883 0.5894517388859685 0.8074299035871922 0.024568237980885706 -0.04976235548234523 0.0158864239721039 -0.04199465693809757 0.998991526651768 -0.043004673006771965
0.8074389195667657 -0.588732292670549 -0.037903545160487336 -9.811327409830238 0.5895344298731586 0.807616002085491 0.014336986070234353 -0.0548181221092763 0.022170862928264846 -0.033921685428753214 0.9991785486561893 -0.04495163758186065
0.8088669244703617 -0.5868349899094365 -0.03686452381151348 -9.946695336476083 0.5877579198428521 0.8087225672638043 0.0225485445260872 -0.06973330905618831 0.016580897438365962 -0.039906187693551615 0.99906584869262 -0.0462369964350017
0.8095105250719149 -0.5859508642010557 -0.03680074102281701 -10.08529514557559 0.5867253801866626 0.8096505933362848 0.014806922537043115 -0.05774116026724048 0.02111961274760025 -0.03357828840542417 0.9992129205055114 -0.04513342426015586
0.8114457221705332 -0.582619331032282 -0.045940777949854295 -10.218688532796381 0.5837545624180368 0.8117749403776439 0.015876304072390966 -0.03557702130209311 0.028043730623224027 -0.03970089775268165 0.9988179953777179 -0.044645366246481966
0.811832862482053 -0.5822685869196406 -0.043482135191375074 -10.36183656190197 0.583179158393031 0.812266422178445 0.01119502645928239 -0.008228514014400865 0.028800566143603348 -0.034446365382039656 0.9989914790936782 -0.04717822822144301
0.8132254014158216 -0.5797530230904853 -0.05050622446312127 -10.502702485089861 0.5809651996198595 0.8138314696632194 0.012560884382130696 0.010965276495047561 0.033821344188732096 -0.03955718902105864 0.9986447543916803 -0.04624707771823373
0.8140478460603386 -0.5783602286273055 -0.05315590528524877 -10.646287202146205 0.5796839801334713 0.8147421230043601 0.012718340259856 0.030364826889523765 0.03595257294187209 -0.04116696423734909 0.9985052296079077 -0.04493964463385324
0.816399328207715 -0.5758313117560763 -0.04370854954431929 -10.792653979692428 0.5767227587378653 0.8168737251259818 0.010400805381696514 0.049440576191059335 0.029715256279859676 -0.033698925800066705 0.9989901831069933 -0.04763265998568707
0.8182537537749149 -0.573422093320265 -0.04059430163786497 -10.939114184350231 0.5743279804565161 0.8184890155266397 0.014936610290550012 0.07656010182550572 0.024661007643651353 -0.035536380716633204 0.9990640621839834 -0.046538941094987865
0.8222549460931826 -0.567731716776536 -0.039717771730857054 -11.081339352345104 0.5687594289380532 0.8222129477424298 0.021876484149967894 0.10935151734825418 0.020236492269092986 -0.040577904463774433 0.9989714300469117 -0.04713826464855983
0.8240345474127441 -0.5647283757850161 -0.04526506659104758 -11.224777078888442 0.5660904464592946 0.8239297322193933 0.02610369307963014 0.13906663283842008 0.022553738000404742 -0.047134466668210015 0.9986339023656831 -0.04628051094983511
0.8245931566796685 -0.5639187323630692 -0.045186162119489656 -11.375078706456588 0.5651231855634327 0.8247693660143641 0.019780748795279877 0.17425373605602643 0.02611342749808722 -0.04184681797093909 0.9987827254863839 -0.044074926490889225
0.8261146041121848 -0.5614304073420703 -0.04827585922886429 -11.525840911502508 0.5628806151189311 0.8261921801039714 0.023914319107611062 0.20957394868209656 0.026458911464793487 -0.046929513600334635 0.9985477188183518 -0.04272605053203554
0.825124223467096 -0.562946681498011 -0.0475504956672243 -11.6799633139909 0.5640430281159274 0.8256453281977864 0.012855133565417304 0.2531154817988623 0.032023089820267456 -0.03742760766528523 0.9987861111883848 -0.04215762870951783
0.8267136409008338 -0.5609130526354285 -0.043830392785057334 -11.833543837092423 0.5620281236461983 0.8269110840406216 0.018505332244997105 0.2896019177381126 0.02586395521224384 -0.0399325240120028 0.9988675834898287 -0.042130444417144454
0.8277725257158197 -0.5597253819496345 -0.03873167271611834 -11.988100968709738 0.560659325648211 0.8278233431439601 0.01922584483581285 0.3340461416276895 0.021301789449385024 -0.03762989964500737 0.9990646747928588 -0.039566939371923224
0.8291084122175774 -0.5579702641677086 -0.035333059514644424 -12.136147477940405 0.5589004048296815 0.8288100245268837 0.02653828790567976 0.37452653954521375 0.014476818409651444 -0.04175077901505708 0.9990231699917524 -0.03676445190030458
0.829793440462147 -0.5570997034692646 -0.032905418405650394 -12.280640106914463 0.5578392137606534 0.8297041455834772 0.020160416476057576 0.42264265310767224 0.01607040002269844 -0.03508491408069092 0.9992551180990074 -0.035760631710792724
0.8318545473961189 -0.5539990087006679 -0.03321310486954939 -12.428663148669761 0.5548709364682296 0.8314386294187398 0.028775847045006617 0.46433169319946815 0.011672867654023306 -0.04236630582154831 0.9990339535229855 -0.034042769326942106
0.8318900256954479 -0.55386848732166 -0.03447729543399641 -12.575477433103925 0.5546658801904966 0.8318264471076658 0.020261373219486754 0.517090428225353 0.017456990030605864 -0.035978613706669306 0.9992000764885968 -0.033380969365440195
0.8328411858156571 -0.5516689379822587 -0.045132494665117304 -12.712417277844446 0.5527756962040655 0.8331681714387634 0.01642643562974552 0.5716455192706531 0.028541003753909878 -0.038628758288538304 0.9988459491522229 -0.029953959683369585
0.8337365316159062 -0.5503681609640649 -0.04447789615204702 -12.84377344401131 0.5513948717679036 0.834117901325346 0.014526598936348688 0.6278986958420133 0.029104831852051365 -0.03663624005863076 0.9989047475496501 -0.034775008784117135
0.8348189812844747 -0.5483870890082048 -0.048465132789039266 -12.965895937507996 0.5493730615936716 0.8355292955410323 0.008946255524081317 0.684488053797207 0.03558802723315404 -0.03409394230378251 0.9987848093637781 -0.03482327253375414
0.8375620190627253 -0.5443932947342096 -0.046106451522568266 -13.08635304050293 0.5451852480781482 0.8382960918344773 0.00571906399768754 0.7408570676584043 0.03553743802722784 -0.02992662800038661 0.9989201606910271 -0.03940147279958079
0.8407129177926603 -0.5389877127854383 -0.0519040973611271 -13.20682680302014 0.5403912470479393 0.8412359546587731 0.01730227451278557 0.7899291404017247 0.03433787952865758 -0.04259476558997067 0.9985021762489108 -0.041829022783259256
0.8395833230042155 -0.5408709123547184 -0.050581616243194225 -13.33303073703625 0.5420842504800922 0.8402180525051715 0.013352513840230076 0.8451398047328087 0.03527760074942635 -0.03863004546970374 0.9986306677007134 -0.04705626821513458
0.842079043521036 -0.5372986203565844 -0.047043352618707776 -13.455635385090645 0.538663899190697 0.842207537885012 0.022970999942113282 0.8932875992797282 0.02727797960574966 -0.04468395341257255 0.9986286878194774 -0.05033078972606125
0.8403007875252674 -0.540853245128856 -0.037045292791404436 -13.574196389763326 0.5417000389163231 0.8403771125470519 0.018093549821233592 0.9451509474704737 0.021346061052785765 -0.03527146071068062 0.9991497734258191 -0.056150397129340966
0.84075068435729 -0.5401445036685527 -0.03717797613374477 -13.682589040275642 0.5407837546217258 0.8411111305182672 0.009219373921886473 0.9968932792820347 0.02629101538506305 -0.02785644045701521 0.9992661313359356 -0.06007933957816877
0.8445183176778271 -0.5335484365318203 -0.04598779165238138 -13.787340362238991 0.5347205834371352 0.8448420960266332 0.017768804967553037 1.0430580568202996 0.029371904181757218 -0.039596700061690096 0.9987839569140877 -0.06449588224398159
0.8448092666997856 -0.5330046273415683 -0.04694006956371519 -13.902927245908394 0.5339002905163419 0.8455077982436573 0.008187972626270506 1.0953631558417916 0.03532396756787267 -0.03197859192708234 0.9988641484073923 -0.06563020179113338
0.8464652571281291 -0.5302051768890071 -0.048775392106130626 -14.019619149174208 0.5311622392963009 0.8472294557825696 0.008302096127499412 1.1433193030441082 0.036922134563828125 -0.032935082426913696 0.998775268178374 -0.06876496327000335
0.8471525873538586 -0.5296339190544601 -0.04266621059663865 -14.146632163690056 0.5306799680187672 0.8473830593101457 0.017908722393808838 1.1858555770685688 0.026669557237859264 -0.03781352378702332 0.9989288623998933 -0.07407216454017292
0.8474330398043614 -0.5294446530102129 -0.03931415072000139 -14.281162715623472 0.5304456431820042 0.8474501470062675 0.02134638068351344 1.2240639187837055 0.022015055693085053 -0.03894364823627629 0.9989988636554497 -0.08046407997098383
0.8487749243348447 -0.5275393778004396 -0.0358236331254062 -14.423307116740801 0.5282002295503669 0.8490381026316682 0.011782095847364839 1.2669364729267731 0.024200109985663867 -0.028922398751520667 0.9992886717696443 -0.08581089895478433
0.8522830077637146 -0.5212699303373287 -0.043489474627229144 -14.562133810301825 0.5220405312619056 0.8528841212415539 0.007896800226020004 1.3062462578659795 0.03297511784699593 -0.029433577087041377 0.9990226754898198 -0.09006541073952115
0.8567147508390516 -0.5123617762503444 -0.05937378152327512 -14.693252297027666 0.5135068452316974 0.8580720156024932 0.00480998337460363 1.3470596923840783 0.048482528760072224 -0.03460962694780658 0.9982242323884761 -0.08861865391164594
0.8585321885329301 -0.5093771572637692 -0.058799599579746994 -14.836357703098562 0.5110788223501884 0.8593503895055227 0.017757967278123815 1.3838391488600166 0.04148395591071061 -0.04529701661906354 0.9981118482852563 -0.09407164003961453
0.8592370918334494 -0.5083104320861727 -0.05772455846487501 -14.989414140317802 0.5100825148235397 0.8598748663453858 0.020761558197744043 1.4224726435036505 0.039082580376553315 -0.047283388836602394 0.9981166430088404 -0.10112217785726949
0.8601436165435593 -0.5072063962717274 -0.053801770420812814 -15.14948197365673 0.5090014060924235 0.8603498308187781 0.026753265334079478 1.4560401978910777 0.032718916780697264 -0.05039682719326004 0.9981931838544834 -0.10849768799657585
0.8590202079510308 -0.510600871470006 -0.03702745448769197 -15.324181273185125 0.5113689161740909 0.859232198551364 0.014894983837694638 1.486342970585078 0.0242097893981616 -0.03172978138374021 0.9992032361189773 -0.11560993431607021
0.8602494431798375 -0.507937577752289 -0.044388203567128734 -15.494004183178212 0.5090471291461452 0.8605487847650851 0.018077868995072285 1.5040775779856843 0.02901578564931762 -0.03814716433069055 0.9988507786634999 -0.1158026012215963
0.8621941585098757 -0.5040668800493644 -0.050376715541478476 -15.659550710961522 0.505395261003909 0.8627087276126161 0.017586399739907214 1.52234702423639 0.03459571051789561 -0.0406230444245728 0.9985754378490597 -0.12021141719155272
0.8634409282594363 -0.5014801937946478 -0.05465691756919046 -15.822667144092842 0.5029037564068772 0.8642035822801515 0.015491293232194933 1.53704803943074 0.03946612722747451 -0.04086298576751245 0.9983850165120813 -0.1272590433444473
0.8649485256012954 -0.49935679372167885 -0.05006835951127114 -15.978364164056106 0.500441761332026 0.8656966999025004 0.01128128063738731 1.5469005771908555 0.037710629470279214 -0.03481402507502823 0.9986820775817651 -0.13197358628174097
0.8686211327718955 -0.4919703178131495 -0.058843301172673196 -16.121133383183032 0.4938005638012335 0.8693166683514257 0.021202200733907575 1.5422650799278315 0.040722609096829114 -0.04747353491373572 0.9980420495105109 -0.13526092827273756
0.869155201647049 -0.4918998957386651 -0.051026738306186495 -16.27049877613053 0.49351985830307826 0.86935598369217 0.025657807371811378 1.5355544376290142 0.03173932750370092 -0.04748332539860527 0.9983676421532817 -0.1428670846894747
0.8698275265959481 -0.49152230771113725 -0.042495823304101205 -16.42519053460135 0.4926919195019021 0.8698958171076261 0.023150374428649676 1.5204437765954923 0.025588013473235627 -0.041074181683553715 0.9988283962550925 -0.1501579314394884
0.8718213013643171 -0.4874104477629929 -0.04856618060860119 -16.574529699427906 0.4892037322255381 0.8714151452341685 0.036267796088499914 1.5016050830743841 0.0246440025976404 -0.05537779399715895 0.9981612961180051 -0.15300321217316742
0.8718316182888763 -0.48791568379846684 -0.04298738018620525 -16.733246568022345 0.48906388535189543 0.8719805757886091 0.021596098996661997 1.486097682544009 0.026947085117075383 -0.03985173711195124 0.9988421765488544 -0.1550360378026155
0.8739713359424268 -0.4839566873776182 -0.04427221130113069 -16.89690428775608 0.48530052087801023 0.8739315747857598 0.026963067852411093 1.459916844763672 0.025641926342254234 -0.04505027563693808 0.9986555784045339 -0.15638616953254725
0.8744901281109282 -0.4829221197905827 -0.045312714038141966 -17.07446541231775 0.4842753716629484 0.8745421310962546 0.0255621857112145 1.4420672136478154 0.027283332590531596 -0.044297710489273404 0.9986457493066112 -0.15813389579715093
0.8761626364512154 -0.47987023101666176 -0.04542681885044356 -17.259879772742632 0.4812630055904868 0.8761654525876166 0.026833172416770742 1.4257925382274053 0.026924968651168855 -0.04537247046340693 0.9986072225791184 -0.16078285322959876
0.8778325391943961 -0.47721973175388815 -0.04088227924500139 -17.45946586240359 0.4785162754699276 0.8775095278729292 0.03161016612764665 1.4117398486863788 0.020789594558519045 -0.04731126839322833 0.9986638256395975 -0.16179563397703192
0.8770497186303302 -0.47921605293579955 -0.03370112251975299 -17.65792739150582 0.4800615720322285 0.8769045623325015 0.024068145304314528 1.400734378655687 0.0180188264990791 -0.037287573923186317 0.9991421113748129 -0.16231567998005475
0.8806690464069508 -0.47174821970361774 -0.04330875093025968 -17.854729228908564 0.4732219736975135 0.8802780604366 0.03422718106720753 1.3794095010751186 0.02197713153489227 -0.0506374715052472 0.9984752636740949 -0.16203021406520624
0.8802676833903532 -0.47300682806361366 -0.037327552609030104 -18.066948058403128 0.4740492479748101 0.8800889161672677 0.02684790744250191 1.3600359728903093 0.020152321779334657 -0.04132844353134066 0.9989423625425938 -0.1627905278071116
0.8815823151227591 -0.4703507620250957 -0.039784196928026136 -18.28018344447215 0.47140132667784235 0.8816245517841664 0.02278023041449724 1.3323784503381129 0.02436002605019802 -0.03883697148052643 0.9989485866535146 -0.1589447305318028
0.8838156790062811 -0.4653152203633582 -0.04849320819316551 -18.488909508160322 0.46680252303034414 0.8839979528705781 0.02535791421099402 1.305586763180736 0.031068473331841245 -0.04504847410097812 0.9985015698265087 -0.15579113208143194
0.884679736544185 -0.4635798443794903 -0.04935070043270787 -18.703826985664808 0.46490265115242085 0.8851519026837351 0.019277814368174558 1.2826280994892605 0.03474606020201134 -0.03999796320377918 0.9985954507406827 -0.1556177688290128
0.8877343438264989 -0.45701667827254444 -0.05534880822262608 -18.92538430693703 0.4588072204245189 0.8881838833127119 0.025006477358430316 1.2503310254413793 0.037731542206255186 -0.047593541623631164 0.9981538886957547 -0.15547448108779674
0.8886346436791804 -0.4551126122576225 -0.05657720580957396 -19.13249094246332 0.4570258009463976 0.8890530929765784 0.026683611788567752 1.2281185212100107 0.038156091551410816 -0.0495692246542372 0.9980415846269622 -0.15489674676754486
0.8889087511688574 -0.45373006255099646 -0.06301001851206918 -19.31452455071853 0.4558949586920614 0.8896834615108686 0.02496247089537712 1.2171788802952095 0.044732747898894726 -0.05091530861644442 0.9977006628312453 -0.15345755414650328
0.8892802090002662 -0.45276288298652684 -0.06470302674660086 -19.487302330074336 0.4548938503764011 0.8902637671566149 0.022405574704632746 1.2080025828319656 0.04745834773962459 -0.04935784312387542 0.99765300007166 -0.1541562109584259
0.8900525720266258 -0.4520584281487973 -0.05873326628433603 -19.67085547507702 0.45388549608192535 0.8907876515994324 0.022029893427634277 1.1900004491998664 0.04236006934900594 -0.04626594101071602 0.9980306043539648 -0.1560749038549809
0.891024867637725 -0.45037809129741635 -0.05687055591842445 -19.845114586670043 0.4520070036155079 0.8918045662212734 0.019346429888136712 1.1722978351958346 0.042004213285154884 -0.04294403970497477 0.9981940971174457 -0.15925800218244154
0.8914807176392332 -0.4489486594149751 -0.060887037100965734 -20.01045049758629 0.45049351205170907 0.8926725592983262 0.01383103304503534 1.1553159490711948 0.048142763493118385 -0.03975931444671682 0.9980488320908816 -0.16095794479175057
0.8926785679815322 -0.4465395757230257 -0.061052285620941546 -20.175509209189485 0.4482250283068367 0.8937647639558287 0.016699422454596078 1.1297077482518616 0.04710942862926976 -0.042272378973531075 0.9979948635690176 -0.16205654602619346
0.8934915209528921 -0.44471591117373976 -0.06245526666501368 -20.333469180825645 0.44657009700669903 0.8945466120814577 0.0190133446035522 1.1079745055933004 0.04741361033200296 -0.04487891668140373 0.9978666405851979 -0.1638771125301017
0.8926692588022574 -0.44567193723200765 -0.06721695287126245 -20.483797615483546 0.44756333684762895 0.8941176278048061 0.015515384575381153 1.0917100863941858 0.05318509094891091 -0.043933950568729514 0.9976177394614534 -0.16520670748819236
0.891653507298646 -0.4469577511275531 -0.07199160804582617 -20.637605754496054 0.4490155939184301 0.8934043471839556 0.014617416012745302 1.0749381787639392 0.057784248200552016 -0.045359024899247216 0.9972981196814154 -0.1662348462445629
0.8908167106344211 -0.44941815999589213 -0.06684987300194886 -20.780536525743326 0.45101922030623287 0.8924545186701205 0.01032448641053504 1.062610331929097 0.05502045954758771 -0.03934780262213228 0.9977096268253515 -0.16985331232520495
0.8895438473550754 -0.45265987102016425 -0.06173155433600066 -20.91220791317565 0.4538186215120467 0.8910773987841649 0.005452352240269628 1.0554342243799206 0.05253953179878986 -0.03286503528150434 0.9980778962858107 -0.17364110476746503
0.8883074688913787 -0.45486944741947016 -0.06327421683512283 -21.040544063045832 0.4556977313123009 0.8901333243275945 -0.0014975307434027356 1.0503803851402118 0.0570036699574182 -0.027503649318068958 0.9979950555416467 -0.17541347450934705
0.8884591483553689 -0.45509967832377257 -0.05936854801367025 -21.167404103420484 0.4555748640809583 0.8901768726877491 -0.006056281819332182 1.0489580334411748 0.05560472031463766 -0.0216660592046077 0.9982177602894436 -0.1784825454937582
0.8891933609347485 -0.454199107258172 -0.055121119686066644 -21.287025804319516 0.45454637052790403 0.8906971970206384 -0.006789717187589084 1.0507061304827006 0.05218011028615712 -0.019017733446907027 0.9984565898951576 -0.18213035924060297
0.8907722225850602 -0.45097940251874347 -0.05605734541261403 -21.39872547350066 0.4512375621794357 0.8923616111352559 -0.008684322106539827 1.057085428978726 0.05393987346325345 -0.017559426981751475 0.9983897818862335 -0.18361426040982204
0.8925436099985625 -0.4470323110627641 -0.059397113706122294 -21.495960691280292 0.4474643226166829 0.8942777267544305 -0.0065595286508412926 1.0691492888122787 0.056049837073153475 -0.020723423867985216 0.9982128808361775 -0.1851529260252416
0.8942313977510788 -0.44339385894575745 -0.06125433148228445 -21.584413745204497 0.4441004074005057 0.8959740727287427 -0.002299814030407292 1.0887174870373824 0.05590201626825873 -0.02514650765134949 0.9981195408016437 -0.18849529560199924
0.8959644247301244 -0.44012516444523436 -0.059477636470128034 -21.6670753721447 0.4410838374573021 0.8974595476652263 0.0033776676076372886 1.1139477916411826 0.05189217621142517 -0.029260894152140775 0.9982239238374623 -0.19207441543451267
0.8979763965242044 -0.43556245294466 -0.06263977067515354 -21.742242698304395 0.4368009122925453 0.8995314239340308 0.006941208512565668 1.1420871252617348 0.05332311230418856 -0.033594150384339744 0.9980120634311738 -0.19522393673267088
0.8986477358378454 -0.4341399784305827 -0.06288661226212677 -21.816474755600748 0.4353324793568743 0.9002498925097976 0.005980255269995252 1.1738818410645142 0.05401739803535984 -0.032750727692539644 0.9980027607903189 -0.200055321029597
0.9004734524323343 -0.43082765143864743 -0.05945667515470152 -21.885563952395646 0.4319509895506465 0.9018707778284227 0.006887867984591848 1.2044356735675048 0.050654753881641354 -0.031884711932448226 0.9982071233236994 -0.2057615467371645
0.9019065042751461 -0.4276974470883478 -0.06032869383880107 -21.939826460114865 0.42886194340832184 0.9033410375336193 0.007239019527651595 1.2360426704688992 0.051401274713991335 -0.03240159967955765 0.9981523156793167 -0.20973547848714763
0.9036064761859433 -0.4243959856148625 -0.05816685988440501 -21.992649978892146 0.4258072294306842 0.9047072573285995 0.013891792595917746 1.2605479253685656 0.046728359262735226 -0.03732058320756451 0.9982102155907142 -0.21572040410319335
0.9048981669709906 -0.42137580320133516 -0.060014497323321925 -22.04088371490659 0.42273428231960136 0.9061810131108273 0.01147597617488362 1.2862972306812936 0.04954829930757391 -0.03575477525960108 0.9981315354610646 -0.21948762582314507
0.9057956418278821 -0.41931501402675 -0.060902990545305985 -22.08584011523123 0.42086215194471804 0.9070058464604878 0.014677995331622076 1.3104949017248966 0.04908466467315666 -0.038927027862919565 0.9980357619823467 -0.22435460752675693
0.9069656226929262 -0.41711054098501954 -0.058584604226850856 -22.135263502045035 0.41872209977263997 0.9079350870805851 0.018046628769982375 1.332595446293653 0.04566357865108429 -0.040898340396091214 0.9981193131773484 -0.2294455499615919
