0.11193487813314705 0.9935277825743164 -0.019316529457420677 0.0 -0.9936229810557395 0.11216861755071822 0.011470516756726418 0.0 0.01356298548340854 0.01790939668784495 0.9997476176190941 0.0
0.11021120728006077 0.9937039123227345 -0.02015004775088143 -0.11366892296618972 -0.9937952517540252 0.1104816532717162 0.012837518510290895 -0.015814071909690443 0.01498290295721299 0.01861018336394355 0.9997145461051046 -0.002215173652106669
0.10957069776335947 0.9937158699151106 -0.022869894413960187 -0.2408897439563342 -0.9938709411415019 0.10986904900826551 0.012220655650371356 -0.02820500088271202 0.014656553010723031 0.021390697718272456 0.9996637552222095 -0.003959020662001338
0.1078292158271538 0.9939058614588501 -0.022891019458345416 -0.37725285544515674 -0.9940113815183295 0.10819404494598604 0.015343469302870874 -0.04323221862810264 0.01772663606337296 0.021099459613156315 0.9996202174715704 -0.0033975805208810187
0.10718549234530472 0.9939043751970961 -0.025794634999645846 -0.5136917189206176 -0.9940192063150677 0.10767126843403402 0.018240488770020786 -0.07033347332832968 0.020906642663461948 0.023685246840101145 0.9995008361050359 -0.002831207775936703
0.10656152971410476 0.993988850659464 -0.025115834640086224 -0.6513253622188089 -0.9940830504606957 0.10703864854273398 0.018482870580705708 -0.10722353774559107 0.021060132282300893 0.022997662551295497 0.9995136709147249 -0.004398014240180236
0.10534021672208624 0.9941929582135111 -0.021995467251501054 -0.7930548981114807 -0.994283353520573 0.10568609474105713 0.015200733214809348 -0.145536641589348 0.017437076957661637 0.020268478409891773 0.9996425046636025 -0.005994044545704134
0.10391282428408204 0.9943328228991886 -0.02245801092341891 -0.9385202774591171 -0.9944618401311562 0.10423068491366297 0.013476381019525058 -0.1855386196505606 0.01574082184195587 0.020933266055721527 0.9996569536095771 -0.0072301011999336
0.10077735678142864 0.9946998984908421 -0.020396967972152236 -1.0886300042525587 -0.9948162979708839 0.10102665166269223 0.011582268574445893 -0.22468992508849733 0.013581518753592715 0.019124005755421912 0.9997248695277179 -0.0066840901108175714
0.09656134610455343 0.9951727292128257 -0.017525566169813957 -1.2458134393187512 -0.9952069181289123 0.09680826884351172 0.01383290251086007 -0.2640624413921072 0.015462747066069668 0.016105841009343168 0.9997507215994158 -0.004754111528277797
0.0933646936136772 0.9955047772198351 -0.015914537973525288 -1.4067145264589165 -0.9955054117173407 0.0935957601589391 0.014450222204453656 -0.3002827400580903 0.01587479851563215 0.014493868108857175 0.9997689325835901 -0.003666915035805635
0.0904554148549967 0.9957172495097861 -0.019104369973296016 -1.5690339136579972 -0.9957697205332543 0.09073777083623302 0.01446791667089504 -0.3327510085508896 0.016139442138287937 0.017714851744719533 0.9997128099785095 -0.00217731759055199
0.0871353348885888 0.9960813674835892 -0.015144067019013283 -1.7336676197396466 -0.9960918123009699 0.08733647624194925 0.013169714674536167 -0.3614806840403275 0.014440736851793217 0.013937333664023418 0.9997985876412884 -0.0009756192448864233
0.08436545725564287 0.9961888135188105 -0.02214311274485099 -1.8933149252431078 -0.9963049324657767 0.08469250433755515 0.014270993427136678 -0.3849351002168257 0.016091959682104293 0.020857313561868183 0.9996529504305839 0.0011556655189392442
0.08113035787391633 0.9965360721527826 -0.01826805762948801 -2.0531436564731265 -0.9965439686296357 0.08143166228824071 0.016401309852255613 -0.4089840480877481 0.01783209519787413 0.01687427851133039 0.9996985921294359 0.0013589740015953944
0.07705727321663434 0.9968339203496387 -0.01960387422901778 -2.2150131442050256 -0.9968405901939164 0.07740785783852189 0.017800597930846287 -0.4308127402723624 0.019261733729377242 0.018170272018364714 0.9996493519372266 0.002641448063047197
0.07299650596985362 0.9972173549526252 -0.015134632386791445 -2.3741584239768514 -0.9971361029629364 0.0732746602604415 0.01871941055710035 -0.454212360035023 0.019776306128332675 0.013724836793458348 0.9997102212996082 0.0029502489481450776
0.07230901341136399 0.9971961724772344 -0.019266555899511283 -2.531057363676382 -0.9972129937014997 0.07263914011564367 0.01702352831091821 -0.4767971971125583 0.01837530332723596 0.017981905349926018 0.999669445020512 0.003594710663772928
0.06935260175136086 0.9974618732084627 -0.01612538761648161 -2.6881674633843238 -0.997480498982359 0.06957767274489543 0.013842023165284658 -0.4918464972393632 0.014928857297903917 0.015124779365956931 0.9997741596325191 0.003480119750565921
0.06913245208668767 0.9973368946589316 -0.02323408316592422 -2.837501344661015 -0.9974802103317532 0.06947690272403716 0.014359316989194683 -0.5015656388472243 0.015935308751427773 0.022182843369458475 0.9996269241047097 0.0041506247465873105
0.06676622767536507 0.9975379312207486 -0.021455689637722913 -2.991677119231814 -0.9976378032687965 0.06709027149913044 0.014754963882810085 -0.504638308667762 0.016158104189891144 0.02041987379985348 0.9996609147220805 0.004249346049466492
0.06458078698505207 0.9976794648527583 -0.021564029389365174 -3.1481078124270883 -0.9977950833501401 0.06488956676438126 0.013939719058061757 -0.49768339285940405 0.015306651974815138 0.02061624447480634 0.9996702840782439 0.006106088955527641
0.06199585873709788 0.9978956634020454 -0.01899364269542844 -3.3060914223154843 -0.9980183396366178 0.06218630057279736 0.009605090839673768 -0.4851924640739168 0.010766022869123395 0.01836052789168926 0.9997734662247844 0.03473330634001761
0.058843298492453934 0.998060615493407 -0.020309456503061644 -3.46273214157258 -0.9981409576412663 0.05914726139919823 0.01470476616443907 -0.47147369787799587 0.015877496701428916 0.019406423418463766 0.999685598490145 0.08149350005429842
0.05566816750008494 0.9982295839765408 -0.020946426931692186 -3.6214229689601423 -0.9984215161282524 0.05581094228729627 0.006294033139881619 -0.45123849272524613 0.007451929907368332 0.020562986043527753 0.9997607875615193 0.1493198112457718
0.05438873640492304 0.9983726103735372 -0.017146317628133612 -3.7829642653392805 -0.9985185410739377 0.05435297830633694 -0.00254497167095853 -0.4272568221937783 -0.0016088765803860623 0.01725933385620407 0.9998497521682891 0.23325993765586722
0.05086881094749573 0.9985751717362814 -0.016124219815052018 -3.946405311135979 -0.998703834233793 0.050890176709937965 0.0009172792115046123 -0.4062023221864703 0.0017365366418562193 0.016056659250524855 0.9998695755618351 0.32902233170025813
0.048845857075476506 0.9985499121412474 -0.02263084641080314 -4.104951913467669 -0.9988048920949172 0.048871676246111675 0.0005888872185034614 -0.38554312072828284 0.0016940406792619843 0.02257503540645028 0.9997437161605842 0.4390227723502411
0.05104217226767414 0.9984745476539663 -0.02105408125291945 -4.257131777993625 -0.9985943072266336 0.05132718329727037 0.01322610408730606 -0.36538938990082204 0.014286574983421414 0.02034939659979789 0.9996908501298125 0.5678166352000176
0.04527347279036703 0.9985613665571712 -0.028731687750189937 -4.404210881541354 -0.9986685368575299 0.04595280913463843 0.023441263265362052 -0.3358972334255079 0.024727841643386858 0.0276321651723134 0.9993122621561038 0.7013587901411029
0.04425751062314828 0.9986568662116819 -0.026939493716563193 -4.552813941262092 -0.9984198755248779 0.045149496174239544 0.03345556982177366 -0.30706429256321455 0.03462693908403052 0.025416265726403625 0.9990770683616933 0.8321078346913311
0.04397368721151731 0.9984316821598693 -0.0346481008489253 -4.699390802595682 -0.9981060019990945 0.04539991877598611 0.0415121205013353 -0.28323204526769546 0.04302003726645479 0.03275703641276973 0.9985370563775013 0.9677478216843467
0.029500047174445286 0.9995623098399998 -0.002221702957125764 -4.866583967777748 -0.9987050638902905 0.02956676720082162 0.04140050286147952 -0.27091817563298903 0.041448070842880706 0.0009975092062821304 0.9991401615383033 1.078377941869911
0.03527935170174374 0.9991212378813674 -0.02263005430635816 -5.0038483283826745 -0.998609375923129 0.03613083463399361 0.03839110713524394 -0.2587150542095491 0.039175013234502454 0.02124417103713525 0.9990065082545866 1.1629149897170803
0.03223314377979948 0.9992798999329743 -0.0200176430184904 -5.147328428333168 -0.9988080217452139 0.0329395013056677 0.036021173650318684 -0.22389754570697185 0.0366546059791027 0.018832706753912437 0.9991505237034297 1.225981154033931
0.02573367488786474 0.9995005830824585 -0.018340185238735342 -5.288180265509746 -0.9979105118317793 0.02677174706524801 0.05880377483385454 -0.17352335068735908 0.05926540603422843 0.01678862641492241 0.9981010738751351 1.266186187047138
0.022193604576601196 0.9995511707913788 -0.02012214912680061 -5.435668349067856 -0.9972495330549068 0.0235571977474046 0.07027394436104874 -0.12021862556808281 0.07071642480829729 0.018507171687575923 0.9973247574679268 1.2883426828604037
0.01840532643082937 0.9997949728506907 -0.008441340027577416 -5.600163844697963 -0.99694109664508 0.018992889753286495 0.07581371880421552 -0.06972619559982209 0.07595850037408433 0.007020142541720346 0.9970862669897796 1.302065686509431
0.020207500516043028 0.9997012357599488 -0.013751223324680862 -5.754395849620735 -0.997044288115691 0.0211696915814927 0.07385480142969189 -0.049546748413595236 0.07412384541272035 0.012218157732473563 0.9971741934902124 1.3742978363324105
0.01990852645745666 0.999763574734521 -0.008743295050751231 -5.932131342627489 -0.9961422301204468 0.020582440907317943 0.08530545408682616 0.011034496352416542 0.0854652440759142 0.007011259540803465 0.9963164829985982 1.299214960714394
0.023202703670128163 0.9996088288194019 -0.01561486114891225 -6.100191062526646 -0.9980607231560368 0.024063546301673296 0.057408524041611224 0.07169933453420821 0.05776181641573652 0.01425254663878753 0.9982286498987414 1.2700888422727443
0.021468092411356682 0.9995316266694806 -0.021809362569304967 -6.280536002869482 -0.9989750619860206 0.022315411187179522 0.03938080691876854 0.1135378966801684 0.03984904689253778 0.02094157852238111 0.9989862380186962 1.2441839383497857
0.01688030539574232 0.9996938461123115 -0.01809058691476942 -6.470969438581716 -0.9994425762776964 0.017391743152051838 0.02849673654182392 0.1334113026130524 0.02880263899623674 0.01759946917686473 0.9994301709832184 1.2066367484351748
0.010940273746370605 0.9998795656410151 -0.01100748036061865 -6.651648116208572 -0.9997174751349028 0.011169478681993611 0.020981245336429068 0.14322468603607513 0.021101666290826666 0.01077482990619441 0.9997192719560042 1.17423049785501
0.0051750261789606415 0.9999862785827697 -0.0008134803197362217 -6.817922333287376 -0.9998742874016718 0.005186635642912397 0.014983597822504536 0.1474680845049929 0.014987611452328351 0.0007358375440250602 0.9998874086846293 1.1461278037379883
0.005005838365955319 0.999979981923435 -0.0038700561572816445 -6.963342439652882 -0.9998804387643941 0.005061887131629898 0.014611142152110245 0.15468923140967172 0.014630439452609171 0.003796452432630156 0.9998857620700229 1.1187757621181722
-0.0005485657979748563 0.9999993727968446 -0.0009764637641452499 -7.103643444958263 -0.9998565733431005 -0.0005319580880928118 0.016927780811008406 0.17463999059453586 0.0169272507560538 0.0009856097148005095 0.9998562380439159 1.0928520983090957
-0.0005341335660346649 0.9999894458790932 -0.004563204110880563 -7.233847208172114 -0.9998364063793895 -0.000451539363259553 0.018081941006199344 0.2049188160519102 0.01807968970092909 0.004572115771428949 0.9998260951674001 1.0690627649856523
-0.0025783680376935147 0.9999771780846539 -0.006244623936995339 -7.393895486863681 -0.9998119931342523 -0.0024578317934638304 0.019233758025641676 0.23881829208040586 0.01921797083919366 0.006293041611759218 0.9997955127045213 1.066323248953205
-0.00437883240187681 0.9999791714397067 -0.00474157289873585 -7.479749943510187 -0.9998065284583144 -0.0042870502882690325 0.019197053210313536 0.27337967175408867 0.019176326001870914 0.004824716217934991 0.9998044762024655 1.024692962302947
-0.005941332694095752 0.9999762624781626 -0.003489275859389183 -7.603166900987541 -0.9998780290565252 -0.005890276020170881 0.014464842150705265 0.3028179983913194 0.014443945993276515 0.003574790708705489 0.9998892905194717 1.0005241074325504
-0.007873710368987085 0.9999357776111678 -0.008151400994572696 -7.72332780308745 -0.9998458196100645 -0.007744532441867762 0.015759417043000188 0.3303389452055869 0.015695276146141943 0.008274229293769494 0.9998425853284558 0.9855418633747492
-0.003973748540709026 0.9999111096008678 -0.012727223550190184 -7.845723033013105 -0.9998762734975103 -0.0037792556101797032 0.01526941137584674 0.3602708441380629 0.01521995464077096 0.012786325656506174 0.9998024119079423 0.9735243628418607
0.019932662621819374 0.999739729786396 -0.011097821742517196 -7.971966066213866 -0.9996933612491746 0.020092402974218854 0.014473383054728154 0.38323793628438724 0.014692597970815631 0.010805925658894934 0.9998336659342505 0.9633567174134142
0.059464374318875815 0.9981381733291991 -0.013571113805230165 -8.099081579043132 -0.998129019479781 0.05964661941847765 0.01344400477083252 0.39684308606759744 0.01422844542441322 0.012746283183625367 0.9998175251543691 0.9560494758803076
0.09472508365357298 0.9954317356376836 -0.011950657394987478 -8.229888666105305 -0.9953807107035597 0.09489509734425566 0.014565756393012535 0.4009838008819674 0.01563327496399734 0.01051571135839171 0.9998224945101641 0.9518936016599842
0.11443747028369675 0.9933378755712976 -0.01356209241117899 -8.359123930723078 -0.9933411637149567 0.11459955274065771 0.01184377393640917 0.40538516826439 0.013319078965287971 0.012116413130235676 0.9998378841934196 0.9484125151706919
0.11209899451568255 0.9936367591938012 -0.010945602195075337 -8.477651067252696 -0.9935665081398534 0.11225600435350351 0.014972754902323759 0.40464601525398486 0.016106189225010174 0.009196752982768666 0.9998279904079612 0.9480772518766952
0.11018810169485677 0.9938643031661983 -0.009608805172906408 -8.592200887801011 -0.993787448692964 0.11032156094457725 0.01468536724366713 0.40722309367218246 0.01565532066785431 0.0079309572384989 0.9998459935670432 0.9501366728488594
0.10735582037289083 0.9941783935704451 -0.009167856333557494 -8.709796880181365 -0.9941007439110514 0.10748152342571629 0.014540738550063154 0.4126245607219811 0.015441463258308493 0.007552739885389402 0.9998522477509695 0.9530367930929813
0.10371710899428419 0.9945886331194632 -0.0060176549772761245 -8.837106947990048 -0.9944808087781849 0.1037983819571139 0.015291071740475457 0.4126451033007635 0.01583294899110857 0.004398496634403318 0.9998649763611095 0.9595766998466636
0.10157160415783983 0.9948088478042401 -0.006210117487091227 -8.970843092244099 -0.9946897985501665 0.10165962646402016 0.016047585719518084 0.41400662917788017 0.016595598483708934 0.004547161487815744 0.99985194375636 0.9647891240632473
0.09822547211569564 0.9951563571904983 -0.003947324535180755 -9.114073748193183 -0.9949993120063331 0.09828062542941587 0.01781257342797291 0.41986712167223333 0.01811424120886023 0.0021779367622124356 0.9998335515759046 0.9748386628438369
0.0952484510557222 0.9954534544076727 -0.0003907420083605615 -9.264626972544468 -0.9952999462735018 0.09524064313811735 0.017528172825543937 0.4319920360017872 0.017485694708819752 -0.0012806258115419947 0.9998462934261849 0.984055608175721
0.09305093216107499 0.9956583659231473 -0.002437702033274774 -9.420081209310137 -0.9955013018054091 0.09307959291741875 0.017701623825606867 0.4475947021652113 0.017851670165301165 0.0007795829498013168 0.9998403423160788 0.9945092120950502
0.08980650912328952 0.9959592309916576 3.349021213749394e-05 -9.585138573007827 -0.9958315243347324 0.08979445512802622 0.016016584199635503 0.46266588949061427 0.015948857647231106 -0.001471744124051675 0.9998717257273462 1.0067878800528864
0.08938449214464719 0.9959807296151583 -0.005727023598724672 -9.75163367665935 -0.9958488523733112 0.08946893888573458 0.016744318481789703 0.47806107008393284 0.017189409262752947 0.004206567474501832 0.9998434022382104 1.021779797980661
0.08619241190648404 0.996276172127684 -0.002158003788771453 -9.93047129591028 -0.9961471870562318 0.08621601673255813 0.01604930461820409 0.4933705512061679 0.016175594261097173 0.0007663611293764901 0.9998688728232916 1.0367841421884072
0.08448818530652666 0.9964117429969603 -0.005038349071816059 -10.11312485892192 -0.9962799701314798 0.08456096561823612 0.01660313851442408 0.5055889430531222 0.016969609849011767 0.0036168372193042812 0.9998494640845198 1.0564297287625364
0.08271857788110665 0.9965606891229253 -0.004942647890314069 -10.291869766669663 -0.9964245318954749 0.08279083372140913 0.016847257598729248 0.5175879484146388 0.017198520582051523 0.003531394420666801 0.9998458581917687 1.0759161505259973
0.08018614311254083 0.9967677618712707 -0.004920502705286868 -10.471300085608208 -0.9966395916796894 0.08025670376714276 0.016382484456732755 0.5290429035369705 0.016724435693832022 0.003590319563869363 0.9998536907248741 1.095399939402687
0.07840752154991205 0.9969037571125605 -0.0059295547270597285 -10.654749100493621 -0.9967604370156308 0.07850035168117278 0.017502170903665223 0.5440607318332794 0.017913452062876947 0.004538043718752779 0.9998292426181572 1.1164131545479152
0.07611100167577084 0.9970928064754003 -0.0036125751093702948 -10.836949360691179 -0.9969359630315958 0.076163617197125 0.017826638205630026 0.5588655101444243 0.018049959506199174 0.0022447027553419803 0.9998345664515529 1.1335295360609468
0.07509111328870599 0.997163972990233 -0.005033455611872997 -11.015242439394283 -0.9970237598165774 0.07516703791012405 0.01713297326892577 0.5769819156134753 0.017462733642774064 0.0037319408023101896 0.9998405500636436 1.1496985667328616
0.07191609953296833 0.9974023264797726 -0.004083351650461732 -11.190732758166089 -0.9972325248861059 0.07198002718651444 0.018605563563374165 0.59116692101854 0.018851152146389015 0.0027340115152972152 0.9998185631622308 1.1628975940201174
0.0700605607664665 0.9975313977760601 -0.004756918753564668 -11.368911661058728 -0.9973597395838691 0.07013824919925522 0.018819560474677317 0.6039821525938911 0.019106744418794085 0.003425850289042559 0.9998115801827422 1.17783027405782
0.06736815316238558 0.9977234636445113 -0.0030695329757295443 -11.541633186489314 -0.997523856420687 0.06741629816648657 0.02002994291374971 0.6149614815876686 0.02019128057083184 0.001712552109312872 0.9997946685965988 1.1945567836659685
0.06517511755711564 0.9978684206924707 -0.003289230324903322 -11.711923645853854 -0.9976991527246434 0.06522502897871307 0.018495844053592628 0.6255823658259745 0.018670958838392183 0.0020761934977612698 0.99982352678691 1.2103306676118022
0.06342040067243808 0.9979848083549652 -0.0020432991094596334 -11.880848102055184 -0.9978309879554581 0.06344654931901032 0.017545793095349316 0.6326021755168544 0.01764007523741988 0.0009261059408578627 0.9998439728644687 1.2240971413421051
0.06274164833932781 0.998014031937186 -0.005610491970034292 -12.044536880595222 -0.9978838600056757 0.06282761590308192 0.016747913903162798 0.6384278358796721 0.017067146915552996 0.004547827659059088 0.9998440027122963 1.2393820059765712
0.06058837508632642 0.9981597292086923 -0.0024907409396902596 -12.21005433086287 -0.9980298760750562 0.060620843367711334 0.01617033738038326 0.6485115755416175 0.01629157039719106 0.001506099404899033 0.9998661492412751 1.2521426592823999
0.05882428183663492 0.9982536954443921 -0.005409565418673089 -12.369548833566245 -0.9981091304301952 0.05891081708199643 0.017540791960775945 0.6616086702679264 0.017828842314738413 0.004367512146098587 0.9998315144159889 1.2646956242173586
0.05565809688278655 0.9984458893958585 -0.002825278729489045 -12.530097603735895 -0.9982860799273251 0.05569999761806231 0.017955859452611658 0.6752199713030397 0.018085322079532784 0.0018210474625365144 0.9998347888083404 1.2738718206315167
0.05395580665253403 0.9985345919718902 -0.0041760704023223365 -12.687211476553694 -0.9984134491962348 0.05401576705453476 0.015902244294049482 0.6923016360574952 0.0161045146636512 0.003311426435997856 0.9998648303957927 1.2826744481921528
0.051370885044566696 0.9986796016911036 -0.00029212298215802713 -12.84832314631876 -0.9985162040520202 0.051367767469370475 0.018076025856284407 0.708113522239416 0.018067164007732152 -0.0006368919150650122 0.9998365726224493 1.2923664070225347
0.05040240317957607 0.9987177786052631 -0.004732488932085687 -13.000626977201941 -0.9985662471054091 0.05047916403317918 0.017813032878502385 0.7194937207836009 0.018029084711728375 0.0038278840473873676 0.9998301352770765 1.3018954977585697
0.04806732236314111 0.9988376381180329 -0.0035923807742557125 -13.156193704103238 -0.9986848847991066 0.0481235627674688 0.01768116456460833 0.728698284690862 0.017833490814564187 0.002737770142809315 0.9998372223617262 1.310907585975412
0.04551251909434316 0.9989569325620484 -0.0036956044038669953 -13.307109421337618 -0.9987595112094532 0.04557770883632692 0.020052711185398923 0.735664736581385 0.020200232036812486 0.002778370647310886 0.999792094028656 1.3204519971593673
0.04270399325033771 0.9990870954344164 -0.0011596106658517886 -13.455350662630837 -0.998899809107847 0.04271844354171609 0.019346988026042972 0.7471232464653097 0.019378862835103268 0.00033214122668027144 0.9998121570362224 1.3294522928993266
0.04080521771075789 0.9991656323841633 -0.0017243172366370042 -13.604664345233244 -0.9990045662889497 0.04082964672706118 0.017967094422050495 0.7667240209439328 0.01802250652393133 0.0009894495936095965 0.9998370918545164 1.3400275716561907
0.03992016749769728 0.9991933829247029 -0.004354738389798497 -13.75333962853848 -0.9990377918865605 0.03999241162225831 0.018002705215085645 0.7913972777168133 0.01816234041584969 0.0036318772175900392 0.9998284547153552 1.3501326871359671
0.03841681432524919 0.9992505539761732 -0.004741176585020821 -13.903837814950025 -0.9991340593652714 0.03848733488627585 0.01580684882024394 0.8165095007859697 0.015977477691229043 0.004129822231364831 0.9998638231154099 1.3594004618058526
0.04923953454870368 0.9987427128707637 -0.00940540934644848 -14.053380212530596 -0.9986593093752991 0.04938162932821758 0.015525414098860628 0.8394466647341842 0.01597034863356454 0.008628335438412444 0.9998352363225076 1.3706440720316744
0.07355191691300661 0.9972521122221496 -0.008850999202532565 -14.204202065839791 -0.9971067413450823 0.07370617846208578 0.018588857434132845 0.8615170319756603 0.019190150666775034 0.007458144874982102 0.9997880346315464 1.3818344309909012
0.09695352440920664 0.995268588169179 -0.006360150026739856 -14.365716095292878 -0.9950948317294056 0.09705882981756259 0.01912745199631204 0.8868213889505476 0.01965426086270274 0.004474478536622104 0.9997968238956183 1.3948181237200925
0.10539634023172746 0.9943992485896653 -0.007857854036999446 -14.534665568124344 -0.9942293465407751 0.10553059909045168 0.019269123818011318 0.9106976202971279 0.019990446289701556 0.005781613954528346 0.999783454052536 1.4096629124136233
0.10550563857877042 0.9943476155396305 -0.011890319538903106 -14.702000948038705 -0.9941985641006233 0.10572632402392546 0.019777753882754778 0.9199458546665258 0.020923082190364962 0.009734674059221253 0.9997336949171094 1.4245127405683171
0.10446589226501928 0.9944745243204803 -0.010358466625321762 -14.863474750410427 -0.9942828070015413 0.10466591012281745 0.021136389457473058 0.934730296009303 0.02210377918838907 0.008091213488520833 0.9997229392236001 1.4396189951561857
0.10953109339262368 0.9939484845824242 -0.008327639312472664 -15.033535797008602 -0.9939759374635188 0.10955882930360952 0.0029493499523981625 0.9784483715834972 0.0038438683296266197 0.007954427567389413 0.9999609751176991 1.4548240326807167
0.10701929760353927 0.9942236147930722 -0.00814086778186081 -15.211573953500338 -0.9942523657924628 0.10704006404842956 0.002158194754644447 1.0174289049357832 0.0030171271991702286 0.00786310856498506 0.999964533604647 1.468795986637183
0.10444971366549112 0.9944639937006213 -0.01147268705263295 -15.391939915198655 -0.9943870729919482 0.10462341838868178 0.015757201248090838 1.0375197096519053 0.016870281020270855 0.009762456539087692 0.9998100259852467 1.4850429368995925
0.10132234095017914 0.9947936931437072 -0.010922055936464878 -15.565364737490535 -0.994640166205784 0.10152191882558947 0.019602034794907512 1.0573413181598015 0.020608808662947828 0.008877391479147402 0.9997482027620855 1.5017822767462998
0.098900502684129 0.9950108592645037 -0.013117946277544111 -15.7270171462765 -0.9946207001550882 0.0992525041601574 0.02964124223004377 1.0829385781170728 0.030795346918467817 0.010115847154434397 0.9994745200576748 1.5249246624385755
0.09484048176010836 0.995492319856646 -0.0005693205983875542 -15.887524392057033 -0.9950876915456112 0.09481820930050153 0.02846038157637293 1.1030134515190755 0.02838607323912583 -0.0021326723797808838 0.9995947591672254 1.5408447062345823
0.09755311093820739 0.9951840781139027 -0.009593811279125695 -16.040752629751047 -0.9949646423853444 0.09774526283162265 0.02216357365094408 1.1166595014628122 0.02299458521655949 0.0073833774492901025 0.9997083248568853 1.5556209385355362
0.09873852033490225 0.9950324369852036 -0.012694642545612625 -16.19718357618925 -0.994947636989291 0.09894688437864291 0.0169915779486626 1.1315586295455522 0.01816326654267073 0.010952781338374903 0.9997750408614198 1.57463417419609
0.09884939396975784 0.9950123555539593 -0.013386919241289565 -16.35037794938705 -0.9949048539930604 0.09908887458199817 0.018593720314131278 1.1447978637475762 0.019827476210014745 0.011480732948477033 0.9997374975252789 1.5957567087723286
0.10427304185126687 0.9944357596750482 -0.014988416280383068 -16.49843288057547 -0.9943826896514074 0.10451914985295459 0.016697719474479476 1.1610602423501566 0.018171385877712665 0.013163099692919145 0.9997482350780909 1.615672808781484
0.12484473215108943 0.9920735710792784 -0.014276638964781894 -16.64898362606511 -0.9920537470807331 0.12504253578950433 0.013918589957586991 1.174048036763168 0.01559345238231908 0.012425530545554885 0.9998012054570958 1.6337450145340862
0.15073201657667487 0.9884595972224746 -0.015082567338239233 -16.79101135120859 -0.9883903429378446 0.15098097634003207 0.017008079568863924 1.1745590871540659 0.01908898022260867 0.012343801772314006 0.9997415873073736 1.6503005488094806
0.16731789435246008 0.9857396665581237 -0.017945250160923295 -16.919816847728356 -0.9855956719144017 0.16769247038300567 0.02191818606645895 1.1848919720988418 0.024614908755836412 0.014019456149361878 0.999598700037279 1.6637441038159981
0.1712342169446408 0.9851209815342692 -0.014679737338038866 -17.082255157189415 -0.9850201234434044 0.1714864599212262 0.018103880115214344 1.211164961775359 0.02035188833735242 0.011359832949643415 0.9997283405187931 1.6788395135837828
0.16912784617658852 0.9854872856262434 -0.014511427107183505 -17.17591188718357 -0.9854306154051682 0.16934963873194575 0.01572266146525246 1.2690777402990117 0.017951987908298477 0.011640864674857287 0.9997710819981551 1.6809810543984494
0.1674512257436461 0.9857716626955818 -0.014639536308862836 -17.307915349288084 -0.9856804403557202 0.1676978395452829 0.01764947908573987 1.300202961186865 0.01985337495500171 0.01147447768887949 0.9997370553623905 1.6884924799808156
0.1716404552291279 0.9850689375591409 -0.013369457163363147 -17.436165431876443 -0.9849126138306696 0.17188551088074971 0.020062758197761616 1.3272889100439473 0.022061215877097955 0.009724166050049447 0.9997093294296373 1.6948663294102455
0.1989813965825137 0.9799098926306056 -0.013527976151197763 -17.5643169605621 -0.9797625777382011 0.1992194927473101 0.019413525524748405 1.3569115324764875 0.02171854225927706 0.009391274363973712 0.9997200152482457 1.6999503947918495
0.24407041377486394 0.9696480482691295 -0.014570367450214835 -17.69398724285174 -0.9695508194620892 0.24430104056629762 0.016976750531695686 1.3831723341931403 0.02002102894853143 0.009983189174395937 0.9997497158457962 1.7047215431851876
0.2831602021329724 0.9590060723604293 -0.01129836730847619 -17.821362817471403 -0.9588153488075525 0.28333744906702646 0.019824652512508423 1.3894564521148374 0.022213212713736948 0.00521949537917462 0.9997396311284859 1.7102972854751681
0.3063509274144009 0.9518299507523117 -0.012994388142124537 -17.94626898356108 -0.9515535920427199 0.3065829246927776 0.023508971849479157 1.3929178076550845 0.026360401038932918 0.005162861384388945 0.9996391719612593 1.7139897467320326
0.3155386855715627 0.9488566300190602 -0.010316664996150277 -18.08211758574547 -0.9486581528456213 0.3156872080499072 0.019730578126059772 1.4196878279186065 0.021978329038041748 0.003561227671311072 0.9997521046290269 1.7141603359455626
0.31364930284344406 0.9494819288604996 -0.01040103808119269 -18.231668556237558 -0.9493545129479705 0.3137854392403784 0.016269814566996724 1.449160553156023 0.018711589220137655 0.004771256445393347 0.999813538386428 1.7135074673290431
0.3123979196622409 0.9499160744928637 -0.008184815866717777 -18.39560283310417 -0.9497250838599663 0.31249995860554186 0.019132196912912455 1.4655325416350162 0.020731736007481575 0.0017964664212347264 0.9997834604705728 1.7129861799831476
0.31117456115035996 0.9502961523535323 -0.010373780166989362 -18.564466494152608 -0.9500354694973587 0.31133418311034233 0.02244177185404746 1.4734508388939125 0.024556041818953003 0.0028721506032884088 0.9996943290631881 1.7118375402694996
0.3103753229387521 0.950548383075924 -0.011177224271333724 -18.732214928956346 -0.9502521407621836 0.31056013332881127 0.023943110985797402 1.4792865938708921 0.02623028569330854 0.003189830487238657 0.9996508375897607 1.7107083467389863
0.30992873068365406 0.950686060321228 -0.011840464843968158 -18.899879823487773 -0.9504280280856678 0.31012552404075305 0.022554883454306358 1.4831882688728464 0.025114643656800703 0.00426310325355941 0.9996754876581906 1.7085461966332633
0.3086861376945527 0.9511037758825025 -0.010699340973449534 -19.067795779582227 -0.9508903285823559 0.30884760851440535 0.020511892245036054 1.4833678525105922 0.022813404037078888 0.0038421630599310636 0.9997323573733432 1.7052190352850607
0.30708177165459455 0.9516243811435544 -0.010574626736807874 -19.233272584826146 -0.9514456680075066 0.30723440251905754 0.01892518793849091 1.4849603984962418 0.021258559387337086 0.004249602558484256 0.9997649796481521 1.702053580739024
0.3030616493556035 0.9529246333142811 -0.009395739071732025 -19.399352190402983 -0.9527222816192972 0.3031930629766011 0.019854991034684556 1.4883237792693937 0.02176903295927248 0.002934243635007892 0.9997587206012801 1.6993859697356157
0.3009040889774377 0.9536037704209857 -0.009827424664587147 -19.558757707812685 -0.9533880882539296 0.3010476075381968 0.02053025014570134 1.4929317928709747 0.02253624663016262 0.0031917133968590856 0.9997409317185212 1.6982556332872913
0.2977368587999461 0.9546110287336254 -0.008399210205158686 -19.717946885956653 -0.9543883047594977 0.29784954856326223 0.020702902186723576 1.497425025408532 0.022264919722134277 0.0018520909239024583 0.9997503904020125 1.6948681413925426
0.29458818908777 0.9556173982176412 -0.0036314010704342793 -19.87119880863475 -0.955380143462431 0.29459669174258013 0.021484196331997697 1.5077465979018032 0.021600470543321034 -0.002859622015808185 0.9997625929360598 1.692887576609038
0.2923225366127941 0.9563081184262939 -0.004724110521865816 -20.015416540096705 -0.9561256317713334 0.2923591589425063 0.018705572760514225 1.524097379665046 0.01926942806961763 -0.0009512173208721464 0.999813874842452 1.6890007495646624
0.28986480765354034 0.9570635155538649 -0.00279651205129045 -20.15780369550131 -0.9569109789754584 0.2898689945819808 0.017243674094035495 1.5431581532869545 0.017313913486146672 -0.0023223211897909234 0.9998474059695738 1.6857102122119956
0.28726871117653835 0.9578448536053319 -0.0031502382054313127 -20.302601319684218 -0.9576860692745364 0.28727883430071144 0.017557450848921533 1.5624061671013272 0.01772231069749393 -0.0020267670326771254 0.9998408933019978 1.683102431974725
0.284988776173106 0.9585282090458425 -0.0022516480020143784 -20.455681017471548 -0.9583491411329939 0.2849797016675466 0.01880141822121542 1.5847933541299193 0.018663363710977873 -0.0032003282403186167 0.9998207023032408 1.680925817791662
0.2824316819242481 0.9592796282754145 -0.0038652064916055062 -20.61482255049845 -0.9590465665501134 0.28244876335753083 0.021269209346851333 1.6078575127615753 0.021494842029634996 -0.0023001855542486896 0.9997663131514969 1.679242964660814
0.2800892811905585 0.9599690663289442 -0.0030636993474036536 -20.767111354466888 -0.9597061639866491 0.28008509957402733 0.022724783885400696 1.6331247550870402 0.02267318610577758 -0.003424717235367507 0.9997370644042716 1.6787927177559838
0.2783040540258287 0.9604768636335471 -0.005572067610240445 -20.910355939429223 -0.9601994062325442 0.27835772874591 0.02311006529821596 1.6616027617906965 0.02374771112040212 -0.0010813288504546558 0.9997173985404371 1.6780465714788566
0.27505199330928853 0.9614232132913791 -0.003435974543904692 -21.051723665836416 -0.9611746104044337 0.2750596230254794 0.022035700464612947 1.6864080046096057 0.02213073181058608 -0.0027583918431610616 0.9997512800611796 1.6778400734054584
0.2732967543042812 0.9619225131378245 -0.00373668373792646 -21.19607233343104 -0.9616658901516363 0.27331070392768125 0.022360117115442443 1.7068744534333782 0.022529975712510277 -0.0025175061404658326 0.9997429981536387 1.6780184604512565
0.2702946703462742 0.9627775560995209 -0.0004106743634827142 -21.344291818068893 -0.9625081358873886 0.27022907492932174 0.023544328689249095 1.7242584479686356 0.022778927388780203 -0.005968629145532424 0.9997227095215653 1.678849872547139
0.267394776687993 0.9635858986852939 -0.0014997515904807135 -21.491626432190472 -0.9633148311602938 0.2673559026149876 0.02335288854810241 1.7398508797631338 0.022903481538691997 -0.004799707468173121 0.999726159176415 1.6807463627817885
0.26454719451446973 0.9643725515744331 -0.0006030293032394966 -21.637299978528095 -0.9641193131804359 0.2644919571532632 0.022758614934153588 1.7548355336828785 0.02210727995498428 -0.005439335534198503 0.999740807310544 1.6836456953870902
0.26220582275014076 0.9650118563258427 -0.0004729338990943528 -21.77989452347508 -0.9647860156397877 0.26215500086580684 0.02151045203969711 1.7660626801715613 0.020881823239962665 -0.005183885762627995 0.9997685115998478 1.6870570988881661
0.2596293079334951 0.9657082618237891 -0.0004189358544493694 -21.918090660101143 -0.965483129823508 0.25957810125794806 0.021483374351378884 1.7739831870916463 0.02085541867662672 -0.005173238114975636 0.9997691179063435 1.6907463395279172
0.2573794082421742 0.9663104199851695 -0.00011153920223633262 -22.055470080720852 -0.9660902316448009 0.25732322108221944 0.0213172280647874 1.7810748977602533 0.020627761231000748 -0.0053788586109524755 0.9997727558533691 1.6962051206354263
0.2547417575977412 0.9670088523988071 0.0007185529596410748 -22.19245128415245 -0.9668115047989214 0.25467460759283334 0.020404863044905505 1.788159410528884 0.01954868600337764 -0.005892675943788731 0.9997915408952822 1.7021308179435517
0.2517865587392164 0.9677827609814459 0.00023745608580301707 -22.337124091926412 -0.9675491690355622 0.2517203794262114 0.02203306787801205 1.7875479139038528 0.021263450727858714 -0.005777380777973369 0.9997572142947958 1.7086864487826643
0.24923836511363207 0.9684396160732974 -0.0022242696077914743 -22.482610474919632 -0.9681677423274473 0.2492217544082401 0.023232301785498795 1.7837658613513216 0.023053417795578155 -0.0036369148303412066 0.9997276192936051 1.7139220399635278
0.2466839824578475 0.9690956162518392 -0.0008362775881174097 -22.630001274062046 -0.9687999775738114 0.24662987067074923 0.024501231518270883 1.7772580752288774 0.023950287090529952 -0.005233875657435168 0.9996994499817851 1.719462750379453
0.24464894152848163 0.9696060118225486 -0.0033282497750845544 -22.768687108647676 -0.9692785839573788 0.24465341662568124 0.025371882369258136 1.773566423982745 0.02541499735534531 -0.002981202937173728 0.9996725415547209 1.723353040858155
0.24281011113836695 0.970069744788525 -0.002817831595352135 -22.911405698429054 -0.9698026953414888 0.24280989380127457 0.02293659915064312 1.7643902921554824 0.022934298274798405 -0.0028364975127129224 0.9997329504645243 1.7270161223791913
0.23990864309238344 0.9707946905022331 -0.0012295780759561496 -23.061379105123642 -0.9705359296416193 0.23987359726147778 0.02281812024502069 1.7582798202730145 0.022446653297301045 -0.004280914564886701 0.9997388766704229 1.7315490390902346
0.2509658713754795 0.967991315954284 -0.0029905922222849264 -23.21583909184494 -0.9677252311316861 0.25096755017304556 0.022872817737760093 1.752176354777609 0.02289123054515029 -0.002846225084838182 0.999733909881472 1.735534688707981
0.2772663705409733 0.960784770222472 -0.003998134013198587 -23.362870206837623 -0.9605256495905817 0.27728496979042033 0.02243929604325199 1.7443982146155395 0.02266795636193771 -0.00238135190122913 0.9997402127140309 1.739100174390226
0.3034670957575868 0.9528273327381461 -0.005272170289906127 -23.50698853987527 -0.9525053484256336 0.3035023115880009 0.024897953355692996 1.7331089222149343 0.025323566356615826 -0.0025339391962137066 0.9996760956125399 1.742198102108064
0.31836235678738195 0.9479375265617378 -0.007736634720507852 -23.643658473244226 -0.9476523675484876 0.31845634050623506 0.02324971980740806 1.720973269892655 0.02450306226841424 -7.019538278560732e-05 0.9996997524317381 1.7459743382136799
0.3171843916594207 0.9483154394109956 -0.009585878278678501 -23.771544647411204 -0.9480583747874098 0.3173225586483597 0.022174574816974994 1.7060572746256522 0.024070307083593635 0.0020545431581653487 0.9997081569984877 1.7498516048756916
0.31756836348027706 0.9482307609204927 -0.002959486543635528 -23.894200496663522 -0.9479109251181298 0.31753979492643913 0.025166578626550577 1.6903763007638903 0.024803478750973044 -0.005186779561379176 0.9996788908242644 1.7556610699531725
0.3365780159305362 0.9416307285240797 -0.006841804694272409 -24.00852957409638 -0.9413762181344462 0.33664625095656914 0.021911587066534892 1.6771732677244555 0.02293589159268392 -0.0009342462724348532 0.9997365013145969 1.759937757951979
0.38477823675005646 0.9229756420080674 -0.007853202105731944 -24.123561767196357 -0.9227338819258039 0.3848573428058466 0.0211425834409994 1.660167331824975 0.022536452020094827 -0.0008887903121987561 0.9997456268382107 1.768095429674685
0.4527174676719282 0.8916190595018384 -0.0078960241750982 -24.23430711132102 -0.8913558842014523 0.4527773314057522 0.021848932800776898 1.637476910755272 0.023056065669663835 -0.0028532259186311477 0.9997301020463939 1.7762087464078984
0.5239708697727276 0.8517051218428843 -0.0072741361142781725 -24.347818032273715 -0.8513979056404448 0.5239843422784237 0.023706862257835453 1.6085419220956718 0.024002789435305996 -0.006228520983780329 0.9996924885311878 1.7856998507927402
0.5842122918528863 0.8115686306262893 -0.007235732953031425 -24.457223084212867 -0.8112011507158482 0.5841811246950618 0.026174541587130295 1.575324951732616 0.02546941548763321 -0.0094218540310444 0.9996312007642298 1.7959458049405177
0.618606295490185 0.7856782886448367 -0.00598981903153583 -24.5523728501216 -0.7853530435398662 0.6185411741560939 0.025048211039305095 1.5423848499697883 0.023384785279724624 -0.010790858433011205 0.9996682995832668 1.8071290161048512
0.6276125652682402 0.7784857051976218 -0.007904095165183533 -24.63045183281543 -0.7781697243246146 0.6276001986161631 0.02387196769237505 1.5116078106691082 0.023544597299003676 -0.008831619325685667 0.999683777220634 1.8216120557843445
