-0.9982637747755055 0.057743314634521786 -0.01162521337341235 0.23527123557797736 -0.057760060375717584 -0.9983298774190345 0.0011096296179436997 -3.003520475690376 -0.011541724149892166 0.0017791760773400763 0.9999318092430771 0.16013762148017577
-0.9978272720852776 0.06486535431384617 -0.011542135529995006 0.3004597642249287 -0.0648552323812429 -0.9978939009702993 -0.0012494955196750725 -3.211051573624336 -0.011598875619151896 -0.0004982128239065275 0.9999326066632459 0.17920953760211195
-0.9965588269462586 0.06818456955782234 0.047131400464142915 -0.286655999901859 -0.06977755345225972 -0.9970158929033758 -0.03302124062329266 -2.9944646631647633 0.04473921623937954 -0.036196322635025265 0.9983427411255051 -0.03916020136814316
-0.9965761448759843 0.06829682202199844 0.0465996949111957 -0.3205442150447969 -0.07003120319248467 -0.9968709716995285 -0.036659192056712926 -3.1346951561935192 0.043950176831657646 -0.039797108997181016 0.9982407385355161 -0.055438122992309005
-0.9965030574535617 0.07000444637748358 0.04561835127539653 -0.3589069369880938 -0.07154406405750902 -0.9968901349124094 -0.03303794503980465 -3.280832919924644 0.04316368130545049 -0.036186135489992985 0.9984124699814507 -0.07305574089159482
-0.9954888136118175 0.08321809536259006 0.04557159836958563 -0.4034292357194941 -0.08482452681635666 -0.9957974762573077 -0.03452804555658706 -3.4203522816027703 0.0425067244576331 -0.03823787237542679 0.9983641837987195 -0.09219477738041557
-0.9917914966759496 0.11982328369428555 0.04463191465754801 -0.44923905344439186 -0.12133850997097263 -0.9920645532277501 -0.032937641491896305 -3.542353691688867 0.040331044113735275 -0.03808284277392218 0.9984603667482013 -0.10970786859898107
-0.984647471213999 0.1685617479439778 0.04534638422132237 -0.5101096669807864 -0.17023214717125912 -0.9847502213916244 -0.03588896123614336 -3.6662757652632307 0.03860535586339888 -0.0430573872781144 0.9983264435541326 -0.12934404473591762
-0.97526405796452 0.2152654541124581 0.05020758417146301 -0.5741347627357298 -0.21715850368160078 -0.9754775796316301 -0.0358563232189936 -3.7826252036914485 0.041257744986190344 -0.04587238713838607 0.9980949466743534 -0.15014244039500543
-0.9682044992857555 0.2452803882905539 0.04916887921088472 -0.6349624100648483 -0.24728990450663466 -0.9681148149763602 -0.04001759803370725 -3.89018260733708 0.03778558841567765 -0.05090418591160209 0.99798848348303 -0.1744702526321707
-0.9666527736473707 0.25158482116546504 0.04782774256627727 -0.697323806341114 -0.2534204981877271 -0.9666423852915256 -0.037155754011916196 -3.9989907932646047 0.03688449942901934 -0.048037243020918566 0.9981642935833859 -0.197674919854461
-0.966593308653384 0.25174130570850983 0.0482046747388538 -0.758512289079774 -0.25362883068882175 -0.9665525020747882 -0.03806148941367973 -4.094333663925776 0.037010699938330116 -0.04901607627239491 0.9981120339706028 -0.21994350576711005
-0.9669637148977864 0.25486490036686643 -0.005005660002393452 -0.28599881469782606 -0.25479333409747384 -0.9669236914052185 -0.011786937634472363 -4.495318435333463 -0.007844167933273999 -0.010122132200929727 0.9999180023727654 -0.040576071294034635
-0.9667656670562819 0.25557243735677576 -0.0068464782727535225 -0.26020318258047365 -0.25548249807282847 -0.9667416335606919 -0.011802843677355507 -4.6447236714604525 -0.009635257115902282 -0.009661428668775202 0.9999069049748525 -0.0450704062650188
-0.9671303723421093 0.2542221265287196 -0.005472958672291941 -0.2324192406384304 -0.2541570792118947 -0.9671069601801046 -0.01040704846131683 -4.8007938573899525 -0.007938638415475005 -0.008673981462578594 0.9999308676432062 -0.047984932297930376
-0.9674525352096341 0.2529670265200883 -0.006578420025865697 -0.197663678940922 -0.2528875332553852 -0.9674335814795858 -0.010961794998461349 -4.957357807800751 -0.009137157132183823 -0.008941415948650715 0.999918278380976 -0.05199502257961976
-0.9675794359730573 0.2524108951330917 -0.008875533796436082 -0.15986577644234315 -0.25232590032771124 -0.9675939148730277 -0.009677599108144322 -5.10262239471323 -0.011030643946307374 -0.007124318830556882 0.9999137807707874 -0.054927515646405994
-0.9694958580012359 0.24490917253986622 -0.009862987594306457 -0.11564905934835626 -0.24480436411204518 -0.9695131122147653 -0.01073072948764137 -5.264432652363508 -0.012190349877859066 -0.00798889538533085 0.9998937808189317 -0.057843617388468986
-0.9740847708116174 0.22598297506255388 -0.009515999934627456 -0.06685525517113036 -0.22589439499631983 -0.9741050052640166 -0.00954782848803481 -5.43231332335792 -0.011427229853525771 -0.007150783276498331 0.999909138230273 -0.05945334503778467
-0.9775085278582367 0.2105196952223891 -0.012591103521746035 -0.011508644288170708 -0.21042076011036898 -0.977571850985073 -0.008739558123427863 -5.604805075481888 -0.01414855748822033 -0.0058935630216893214 0.9998825352189686 -0.06113594947419291
-0.9780337394468785 0.2079765860200985 -0.013990860265897374 0.04746555500621578 -0.2078481956980984 -0.9781090109128765 -0.010094073314544653 -5.778535032726908 -0.015783917403492723 -0.0069643692075440685 0.9998511716815361 -0.061796689608262775
-0.9784739377296481 0.20600526127379257 -0.012271328834045806 0.10353039530027605 -0.20591476575302647 -0.9785352017938073 -0.008244276513395501 -5.9400921075116235 -0.013706291574056608 -0.005539961901453248 0.9998907172253464 -0.06252011479142118
-0.9801223844140526 0.19522921317572986 0.03529399231168722 -0.1819435594283243 -0.1959952756181061 -0.980406943094475 -0.019699692066867946 -6.002618340320406 0.030756519729882376 -0.02622556491159366 0.9991827942069323 -0.09548141408398404
-0.9802981540097802 0.1943209276153963 0.03542465717137305 -0.16943108622448264 -0.19504042842940963 -0.9806281718436034 -0.01810027250470639 -6.159642191296429 0.03122115505694395 -0.02465290403510721 0.9992084236031771 -0.09934114532645856
-0.9805420270216381 0.1928808853800507 0.03652803442980425 -0.15716043318525638 -0.19368900374894146 -0.9808586744482086 -0.02002075389303197 -6.317337640782759 0.03196721869415223 -0.026706269202390737 0.9991320593966794 -0.10330929228581358
-0.9822488054477121 0.1842626255346423 0.03513643447509793 -0.1438697700386035 -0.18502795804392486 -0.9825314974881909 -0.019912588623999087 -6.478056638894709 0.030853507720164344 -0.026060339113166336 0.9991841270690145 -0.10835032012204601
-0.9864986427596587 0.1604675994395436 0.03271967853542476 -0.12992253238995866 -0.16114142528921904 -0.9867464803231422 -0.019100382866580876 -6.628245763525031 0.029221035045158623 -0.024114997408275284 0.9992820412730774 -0.1125098197852441
-0.9904043265956298 0.1338658455018095 0.03433955836557366 -0.1164071093829689 -0.13446972536805052 -0.9907899110513039 -0.015913677085778354 -6.79879279751243 0.03189299014043729 -0.02037860562047945 0.9992835181333009 -0.1147287872386109
-0.9918996138578593 0.12259187371766539 0.03326241913964963 -0.10506982752186472 -0.12322000043364872 -0.9922244707062412 -0.017533716800811536 -6.969062381690679 0.030854295029401606 -0.021490282225029855 0.9992928400864921 -0.11843827081878265
-0.9920478753656901 0.12137573278374789 0.03330081791230592 -0.09510618476764436 -0.1219583754059874 -0.9924053693158014 -0.016054208840682486 -7.1413365948701495 0.031099319136479047 -0.019987857423351574 0.9993164253152609 -0.12102422766548011
-0.9922281368720771 0.11969477536789919 0.03400713379564253 -0.08792115506883172 -0.12025289250251163 -0.9926320283700303 -0.01486264104319011 -7.313931256051879 0.0319775897175813 -0.018836586835928922 0.9993110710645743 -0.12325075537423363
-0.9921665098909034 0.12038911519310183 0.0333478274243758 -0.07594477993640429 -0.1209731465596999 -0.9925255313737347 -0.016080030557525223 -7.469587046487488 0.03116270948343969 -0.01998825941165547 0.9993144425171404 -0.12651614621699778
-0.9916649859229875 0.12485776954495176 0.03179768983150907 -0.059419637120508934 -0.1254752159839106 -0.9919294788605368 -0.018217550363720757 -7.638739146988398 0.029266463198550783 -0.022055528824388455 0.9993282882917527 -0.12907583325649374
-0.9923571713523062 0.11434065641809624 0.04640537420955034 -0.19181663088698833 -0.11618387799505606 -0.9924548151360696 -0.03917583958589379 -7.6168052604320815 0.04157584586847829 -0.04426798169228658 0.9981541939185608 -0.09046676177317862
-0.9921381862011588 0.11533531492553442 0.048575555709660614 -0.21311773156606206 -0.11718065679838635 -0.9924203644730584 -0.03702045179979434 -7.759519749974954 0.04393760523484789 -0.04242151942340002 0.9981332083124159 -0.08793386901149719
-0.9922018715416553 0.11492637771754345 0.04824286282924082 -0.23044443917811172 -0.11680374787287102 -0.9924246781868313 -0.03808073802613345 -7.885551228426627 0.04350092633596653 -0.04341872672578924 0.9981094547079614 -0.08723158953088903
-0.9921087925305753 0.11559337247946326 0.048562496047340614 -0.25181288921528594 -0.11745192136292554 -0.9923766364322939 -0.03733172419650291 -8.023090420621742 0.0438769865838695 -0.04274089028261659 0.9981222502009302 -0.083931232107872
-0.9920425945598077 0.11563962554403807 0.049789231597603824 -0.2819405333459986 -0.11763099562691169 -0.9922869222869274 -0.03911026369328949 -8.158072008089036 0.04488250713659676 -0.04465580435253417 0.9979936972199581 -0.08028273904470071
-0.9928405318285385 0.10884268451978188 0.04920313389360445 -0.32376890830758914 -0.11079649935640866 -0.9930818843210871 -0.03889095992186883 -8.294829439838544 0.044629744440116005 -0.04406405632492665 0.9980313346039811 -0.07571826672572839
-0.9945401435565413 0.092183923373226 0.04890835435846585 -0.3663740903123441 -0.0941433687361514 -0.9947789062872375 -0.039394843938981135 -8.431093201183558 0.04502142798205207 -0.04378415098510925 0.9980260613555991 -0.07109130740989318
-0.9957976033798916 0.07929326381401125 0.045822608138184 -0.3955604353055616 -0.08109287189236865 -0.995949267724983 -0.03884587811232834 -8.553942885598385 0.04255677655922543 -0.04239851921696792 0.9981940123728936 -0.06679591392807183
-0.9958888084737268 0.0773856231061613 0.04708446127176066 -0.4315353535836288 -0.07922164942521799 -0.99611472812587 -0.038462691963408 -8.686891824556097 0.043925065954744255 -0.042034673154377054 0.9981501264006714 -0.06156847134319414
-0.9961157526702629 0.074876733453469 0.046334458769837904 -0.47232413219616315 -0.07667216647682415 -0.9963217832242349 -0.03826595302133129 -8.818105336555105 0.043298801021573505 -0.04166988193190289 0.9981927843707725 -0.05658057483407051
-0.9973371624012207 0.07243556045394574 0.008466054287789137 -0.2176794651686195 -0.07272129025121685 -0.9965253418197236 -0.040606120909061565 -8.944643691378937 0.005495310517094848 -0.041113655794709214 0.9991393640876707 -0.11575132608081688
-0.9974699103915263 0.07072439323512357 0.0071998656268001514 -0.19351492040831492 -0.07095598148361912 -0.9966855463857639 -0.03978907283925618 -9.070319855596306 0.004361943972206861 -0.04019927645163455 0.9991821613787689 -0.11510384787470605
-0.9975959761708919 0.06905312175629082 0.005825350062973588 -0.174014606937551 -0.0692337441224507 -0.9967679684341832 -0.04074684991969412 -9.182333489347947 0.002992825158998178 -0.0410522043172097 0.9991525206485072 -0.11480112347437235
-0.9977190652560086 0.06736787144598808 0.004270447460553667 -0.1540885390367889 -0.06748613062486863 -0.9968883084740398 -0.040734783675023735 -9.304429961561452 0.0015129434753794716 -0.04093006626679996 0.9991608682676858 -0.11392363275304766
-0.9978641472893247 0.06517820645420909 0.004352580609398639 -0.13263061895136857 -0.06530447258786186 -0.9969613266739609 -0.04246691625862551 -9.423789354561304 0.0015714371034231231 -0.04266045616151344 0.9990883925186608 -0.11157251880916369
-0.9979895554713413 0.06306885441848835 0.00625833623690816 -0.11008394707424742 -0.0632752090364211 -0.9971300465158734 -0.041568236150329285 -9.542413419265712 0.0036187140688217472 -0.04188066305100543 0.9991160668165117 -0.10898943064763272
-0.9978419690191257 0.06533677648777564 0.00652000783900321 -0.08913883107183207 -0.06555915119182779 -0.9969022648594713 -0.04344964917077704 -9.657050972218498 0.003660950565260482 -0.04378332966144749 0.9990343424951496 -0.10711428217139193
-0.9969758062677043 0.07730063420298626 0.007990849058581044 -0.07314337832997564 -0.07757320761394 -0.9960680084780452 -0.04278925036811905 -9.759271883021384 0.004651792917303517 -0.04327972317837911 0.999052163995583 -0.10443234395196344
-0.9951119505787653 0.09821635550258691 0.010283643669166712 -0.05475909525988818 -0.09856372546565424 -0.9942508740071645 -0.041837681082017825 -9.865894949645776 0.006115377147491929 -0.04264677066061343 0.9990714964979058 -0.10063949154017293
-0.9937752120355534 0.09538484650602615 0.05755483472926169 -0.3146531758384146 -0.09616379439635475 -0.9953056937898878 -0.010913320151350672 -10.179091453636032 0.05624368934366243 -0.016380078340841292 0.9982826956541727 -0.1648564912995991
-0.993766197077052 0.0963363881383793 0.056107449304573856 -0.33229969450042635 -0.09716999105155742 -0.9951915784561565 -0.012317264671349422 -10.313568340639902 0.054651060246385365 -0.01769244161768959 0.9983487562588289 -0.1685228829118245
-0.9936722335383928 0.09732393720480893 0.05606731259634336 -0.35161351591190004 -0.09824354284270972 -0.9950656109284272 -0.013879345710388452 -10.448642067069825 0.05443986209143383 -0.019299771879227663 0.9983305165228975 -0.1717575076361992
-0.993519030159117 0.09846874026784806 0.05677890366809267 -0.37288584030788974 -0.09926659702606645 -0.9949955664281541 -0.011400241365049595 -10.573551861040027 0.055372190010437604 -0.016962605294586323 0.9983216869301538 -0.1740977857770194
-0.9933812614171862 0.09898905311688438 0.05826522829460421 -0.3979977806608434 -0.09984567908787612 -0.9949309065041874 -0.011972119705255475 -10.70916072715564 0.05678476761139875 -0.017710410660929127 0.9982293481567954 -0.17801424865471613
-0.9929620685620625 0.10087190817208373 0.0620579450084571 -0.42833111605871543 -0.10161995432442489 -0.9947824897310359 -0.009010161353895442 -10.846721923637377 0.060825284874398866 -0.015253073993269054 0.9980318774737128 -0.18051336551776967
-0.9909356560175296 0.11903260622087533 0.0622716973381508 -0.45787488771109747 -0.11981130622998795 -0.9927566932191416 -0.008910609858997203 -10.979655620857537 0.06075999121603195 -0.016290694425383972 0.9980194570961862 -0.18358984485872393
-0.9875401887655681 0.14415797941619135 0.06310984506007691 -0.4940510628916192 -0.14518944565842426 -0.9893304812159422 -0.012050884051862235 -11.108395131989221 0.0606992622876542 -0.02106361573122962 0.9979338272901974 -0.18719959106540546
-0.9846833487845225 0.16156161899149235 0.06554804265076462 -0.5355864467690943 -0.16264624281319484 -0.9866171101032142 -0.01152726118093631 -11.22567117599353 0.06280845743408976 -0.022011845002864107 0.9977828302563239 -0.18820713242364903
-0.9837619030627903 0.16557257612091145 0.06926933029098821 -0.5752030050003201 -0.16704756353415376 -0.985818486338503 -0.016031952799498005 -11.350990211568064 0.06563253461188208 -0.027342897248599122 0.9974691656239167 -0.19176294723249132
-0.9836611269389033 0.17943089543139737 0.014674505578509358 -0.2623106946745808 -0.17955648153230813 -0.9837172823076439 -0.0077316511173969905 -11.514901085712248 0.013048267663741878 -0.010240227241140522 0.9998624307658655 -0.1554731260497118
-0.9847945666254201 0.1730721493203026 0.015023071413726306 -0.2314069870819647 -0.1732258256965198 -0.984835298739348 -0.009604564994720139 -11.64579371376186 0.013132968316796952 -0.012060907371741623 0.9998410171905132 -0.15731752622944017
-0.9868586334653818 0.1607233002055121 0.016675080985947523 -0.20656713339301516 -0.16085626853876017 -0.986953325492971 -0.0069565918488696515 -11.770197785591604 0.015339440231812423 -0.009547464030533066 0.9998367604284012 -0.15769323230510837
-0.9880787715907287 0.1529829132695981 0.01722118983413822 -0.1798785884339453 -0.15309519006383948 -0.9881967243419153 -0.005394143048313616 -11.907369850023747 0.016192711665241714 -0.007966319567745236 0.9998371536612705 -0.1574736830241796
-0.9884510701938902 0.15030382414645005 0.019319479276270774 -0.13739210740050087 -0.1504549553915022 -0.9885947361379771 -0.006614686570388889 -12.041122860831319 0.018104922830388406 -0.009445005412196419 0.9997914800807564 -0.15984709940072225
-0.9886406064305602 0.1489991073132416 0.019723522415417045 -0.08712377538549088 -0.1491674419076911 -0.9887846358240464 -0.007349709723764216 -12.17478065500178 0.01840721574084324 -0.010208328862507604 0.9997784576747516 -0.16030778683902913
-0.9888740173832782 0.14744574466353866 0.019695941837614077 -0.04071549018600601 -0.1476526322845984 -0.9889937423340422 -0.009490932701019195 -12.30979067552372 0.018079765587122272 -0.012293494406419248 0.9997609674675212 -0.16069515677467558
-0.9890230989547054 0.14622833267298685 0.02122697476583093 0.005322573284332829 -0.14639446225500138 -0.9892050230961658 -0.006487195263219179 -12.434235312701883 0.02004921831643087 -0.009523497518897623 0.9997536355722383 -0.15949463993308816
-0.9908978686871848 0.13372110863195266 0.015494480870174207 0.07171061438374252 -0.13390898077775784 -0.9909234519815338 -0.011793946755132543 -12.568446646331545 0.013776744835292322 -0.013761446844076469 0.9998103939660263 -0.16249829828547047
-0.9947366457549411 0.10140562141556954 0.014693724426807133 0.13901352205361797 -0.1015034012264078 -0.9948166916753272 -0.0060670836179993175 -12.71325991555517 0.014002325938201773 -0.007526613413687867 0.9998736344953002 -0.16239986005302529
-0.9949528210476303 0.059690722988255125 0.08065916859540188 -0.21479634606669534 -0.05942051953327982 -0.9982164891896281 0.005748266549830485 -12.93449643680498 0.08085843028254498 0.0009264443168263817 0.9967251657067612 -0.21198590840444287
-0.9961233056452123 0.035412599038770434 0.0805251996568415 -0.2115210901276738 -0.034836200384415636 -0.9993564434531045 0.008552079953952843 -13.101804486562505 0.08077622851576911 0.005713734162632854 0.9967158843665967 -0.217740386032605
-0.9963100986226574 0.030942713493713137 0.08005458053201468 -0.21224960349253724 -0.030693504674429828 -0.9995194125754728 0.004341964484244965 -13.250846497626194 0.08015045947037107 0.0018687874217452642 0.9967810248395886 -0.22310791185441592
-0.9963292187864768 0.028512017106730445 0.08071649566745438 -0.21669187986043717 -0.028248202839756164 -0.9995912178007285 0.004408665555573205 -13.418905238870115 0.0808092001485763 0.002112386366746548 0.9967273503798242 -0.22870423450385446
-0.9963286073080572 0.02657668382332951 0.08138173097533578 -0.22255716175348206 -0.026136541188107966 -0.9996374504003753 0.0064690781228563185 -13.589433204429884 0.08152415270525348 0.0043182906331160715 0.9966620113617748 -0.23519184173012336
-0.9963357818977625 0.0241008117013312 0.08206193140251639 -0.22987801073116357 -0.023840873004001922 -0.9997071683181056 0.004146129255345934 -13.759602818623287 0.08213782614959675 0.002174508848443768 0.9966186076060826 -0.24090302217322457
-0.996178395954582 0.02221226574164774 0.08447022365294435 -0.24068605207615978 -0.02179150645816784 -0.999745127491068 0.005900025775534684 -13.933476796335981 0.0845797474555206 0.0040367447889068115 0.9964085361998208 -0.24553967314308325
-0.9962202153493942 0.02034609417263091 0.08444713719910822 -0.25284202193746635 -0.01994112055730487 -0.9997852683007151 0.005636399541013098 -14.092404544100495 0.08454368243769377 0.003931124620936614 0.9964120192064571 -0.25207853573149136
-0.9963671258926428 0.01811542265935225 0.08321287101348825 -0.26546508394979185 -0.01774858858852585 -0.9998292382172865 0.005146067329108953 -14.268066840843174 0.08329188461998957 0.003650461301465845 0.9965185076498764 -0.25870445857273744
-0.9961791967415015 0.015148698933810247 0.08600886524114768 -0.2815697313863548 -0.015096563463257853 -0.9998852507886845 0.0012565933507761955 -14.44454085782999 0.08601803154604826 -4.6646137708836115e-05 0.9962935792591865 -0.26370404229677546
-0.9961255834725347 -0.007258326784100127 0.08764210542768537 -0.33731452745350626 0.005855362390135392 -0.9998507439644605 -0.01625436941240939 -14.477636193041874 0.08774700383934765 -0.015678216927000874 0.996019405850713 -0.25092158098034606
-0.9962442948171227 -0.010137144100651061 0.08599153070981179 -0.3630721376916048 0.008522747954468881 -0.9997808644814701 -0.01912029769613837 -14.635123157391114 0.08616651212413362 -0.018315603352524128 0.9961123786311435 -0.25671974128863817
-0.9961783159250636 -0.011194526976126057 0.08662243038893026 -0.3892031469378625 0.009742014078413202 -0.9998050726724179 -0.017172938601099686 -14.778667637728214 0.08679778823449524 -0.016263432118772674 0.9960931907875477 -0.26035493202296894
-0.996218080083378 -0.013897387957902876 0.08576945565255624 -0.42126550482317127 0.012379591193477913 -0.9997576718116897 -0.018202839766146995 -14.934197198447881 0.08600164322192128 -0.01707220728603055 0.9961487123424455 -0.2655737242822617
-0.9959277243779491 -0.016416095134657204 0.08864806617117872 -0.4547084233471769 0.014712161018284226 -0.9996949033967137 -0.01984067642010729 -15.089436450062182 0.08894672637895042 -0.01845567509372679 0.9958653864470353 -0.2692629058875177
-0.9957782060899912 -0.01925958041767295 0.08974872053870203 -0.4907660146185197 0.017169736137639155 -0.9995645120054539 -0.023999718753822338 -15.243214363862409 0.09017186056172234 -0.022357435037005297 0.9956752385499015 -0.27269918370587004
-0.995692062497433 -0.021209881272472062 0.09026326836546263 -0.5294421428021323 0.019161529501558937 -0.9995401977844488 -0.023499548935792675 -15.399233480268387 0.09072018775757011 -0.021668732067946825 0.9956406548468171 -0.27628523534210564
-0.9955847626040493 -0.02413646868043323 0.09071059116926412 -0.5666857935178434 0.021910437702076926 -0.9994357964735125 -0.02545626537925298 -15.539021125998792 0.09127383628588381 -0.023356361167656523 0.9955518907634416 -0.28081023033015945
-0.9954532605605776 -0.026160117833297965 0.09158850514263689 -0.6096294748636549 0.023902638510924026 -0.9993849508824156 -0.025658991055139767 -15.694184100746217 0.09220341594285404 -0.023353119378353222 0.9954663037510458 -0.28555785282928275
-0.9953576855054385 -0.028922831744338347 0.09179622927520142 -0.6548631364022552 0.026569248659208494 -0.9992887684461691 -0.02675877955033798 -15.848087084375058 0.09250488057903648 -0.02419560003858413 0.9954182136207028 -0.2896215673841332
-0.9972311848479649 -0.03995102229979934 0.06272064878431186 -0.46081193851040003 0.03794686851045058 -0.9987404340844712 -0.032826521213989934 -15.928417612295851 0.06395310107394823 -0.03035557843235561 0.9974911226276966 -0.3479224680600898
-0.9971309159580689 -0.04271006865940659 0.06249629169583833 -0.4674955705327725 0.04047377835595983 -0.9985092381079798 -0.03662205180781779 -16.07062454261713 0.06396725495294582 -0.03398751900522643 0.997373069039692 -0.3565460294108613
-0.9971240616141971 -0.04429228406952863 0.061496335841342176 -0.4725851539555889 0.04209185309150124 -0.9984421223619182 -0.03662791553927089 -16.19825952081731 0.06302286611485107 -0.033934081177080154 0.9974350086503566 -0.36501061181086103
-0.9968899583283808 -0.04661430855298926 0.06354146065495925 -0.4781683723286029 0.04449925763516448 -0.9984202350529584 -0.03430525188239498 -16.337932164150867 0.0650401956789667 -0.03137101329128564 0.9973894086419404 -0.3743982625827253
-0.9965052634900734 -0.05016858839879685 0.06678602080264655 -0.4826028482207935 0.047574801658921355 -0.9980713337540099 -0.03987795112096531 -16.472916555609544 0.06865783337459555 -0.0365612564959673 0.9969700980670094 -0.3832505838692122
-0.9962387193299092 -0.05182503040376188 0.06944480060848107 -0.4854764758361048 0.04921614726783089 -0.9980355032677192 -0.0387673195521926 -16.60947610488569 0.07131749403907654 -0.035203699248797536 0.9968322399497251 -0.3916185432864639
-0.9960337537198175 -0.05479746010881352 0.07009992736396312 -0.4861003333855775 0.05203106537645075 -0.9978157510827395 -0.0407000629849647 -16.743027846413312 0.07217707175136313 -0.03689126260798858 0.9967093383010851 -0.40081667159881124
-0.9959190378713063 -0.05631962087167564 0.07052212638854759 -0.48532483441606183 0.05344560285524984 -0.9976871453917882 -0.0419991363652143 -16.863605733840263 0.0727243944005756 -0.038058641920799975 0.9966256580252255 -0.4105361915665684
-0.9957110872840114 -0.05850425596262668 0.07167065434298152 -0.4836924241853794 0.055453776105455356 -0.9974983866125476 -0.043838880243573894 -16.99461234194642 0.07405612314547463 -0.03967645069337535 0.9964644850093948 -0.42131374967897084
-0.9955048380170151 -0.06022629028653305 0.07309522175244378 -0.48041698614694295 0.05728728373970138 -0.9974880981033081 -0.041661268151273786 -17.12619083374483 0.0754207173556684 -0.03728656729396859 0.9964544281064682 -0.43153293506676943
-0.9902823294957035 -0.07814483196232375 0.11504039780069884 -0.6350935650854671 0.07692481421213575 -0.996923852065746 -0.01501353192366773 -17.395361226547074 0.11585974644798447 -0.006018174139618842 0.9932473512338374 -0.532856534629696
-0.9898846112119655 -0.07908257099847514 0.11778965765298376 -0.6561248784914654 0.07804023787474829 -0.9968595790614962 -0.013442503702413948 -17.539438100125565 0.11848281629919453 -0.004114194648755419 0.9929475795046804 -0.5497094872643741
-0.9897712979248967 -0.08081280721798469 0.11756729134250836 -0.6790271203975083 0.07992028583551515 -0.9967254409941732 -0.012294030540905306 -17.6934151026254 0.11817582542988628 -0.0027722670361996072 0.9929888160595994 -0.5704581269757396
-0.9893898200983593 -0.08315109192786266 0.11913723094373313 -0.7015092299179413 0.08186006333028578 -0.9965201952095504 -0.01569810724518596 -17.846152069232623 0.12002797139541212 -0.005778966233150411 0.9927536903139561 -0.5907373408380894
-0.988907535379692 -0.08411635640923956 0.12241864667483089 -0.7261681046769941 0.08272107715419819 -0.9964370476986426 -0.016444858408093257 -18.000397314333004 0.1233657564468864 -0.006135842081314294 0.99234230060914 -0.6108870644438205
-0.9894718630410897 -0.0713508320272298 0.12591461797193068 -0.752256918489829 0.07006384818220644 -0.9974352793507324 -0.014626027636615002 -18.153883151884955 0.1266352613922992 -0.005649980136986036 0.9919332579849088 -0.6319289494233106
-0.9903897179364419 -0.05437478765890055 0.12716756297430662 -0.775394011406312 0.05271778714538396 -0.9984753954626737 -0.016362138434545863 -18.28860917178815 0.12786337053381924 -0.009500901152350189 0.9917462837606322 -0.6526521269325813
-0.9907498004413839 -0.039936137800383346 0.12969170298421895 -0.8013756065946278 0.037958187932061634 -0.9991227636656862 -0.017688388676068395 -18.436063183482762 0.13028433863773634 -0.012601905515840296 0.9913965821421301 -0.6755324208640715
-0.9907504908136996 -0.039153240492441205 0.12992493490994916 -0.8289197496711791 0.037383474636019494 -0.9991723602852672 -0.01603341093174453 -18.584373929640865 0.13044516386800836 -0.01102806424125106 0.9913941905329783 -0.7001623884965511
-0.9905225524349753 -0.03793317014748938 0.1320081350533487 -0.8559189287396507 0.036109256359081195 -0.9992167921671236 -0.016184061802817402 -18.731531691339043 0.13251865801801532 -0.011263962615566503 0.9911165059786359 -0.7250890874270904
-0.996445800835575 -0.02132207066629614 0.08149316106061379 -0.7821465787913829 0.0194385194373373 -0.9995268591236849 -0.023836984969277726 -18.911524912478175 0.08196285719296226 -0.022168157181930704 0.9963888110812582 -0.5355023979925984
-0.9961783618007807 -0.02025618935139616 0.08496092203403559 -0.7938596883370916 0.01843582873884693 -0.999584528168603 -0.02215606609178308 -19.055779489579137 0.08537442063419812 -0.020505068615148284 0.9961379173901891 -0.5435106765184121
-0.9959735569640503 -0.019759544361146505 0.08744274832722035 -0.8051333569625929 0.018090837627613772 -0.9996395822663304 -0.019834998369739454 -19.20918686417619 0.08780316294023256 -0.018173221316985504 0.9959720571404876 -0.5534189117356074
-0.9957201045363346 -0.019267091026127624 0.09038944974686887 -0.8149279410582404 0.01745596057987499 -0.9996315694648521 -0.020784964986026392 -19.361568312750958 0.09075661332588757 -0.019118172837052323 0.9956895764268038 -0.5628576443646283
-0.9956468551450003 -0.01911391046208696 0.09122498707436472 -0.8240832953088469 0.017307035305261165 -0.9996388728036713 -0.020557006317747387 -19.514001870757763 0.09158496802867341 -0.018888684619443066 0.9956181051108572 -0.5723527011137373
-0.9956091658214447 -0.019025098321577963 0.09165388462133713 -0.8308468273395173 0.017176612677153143 -0.9996336973456198 -0.02091494939187952 -19.666579864200347 0.0920182205286874 -0.01924881204074971 0.9955712582862934 -0.5820707707086746
-0.9957428194909776 -0.019340036092488334 0.0901232513622294 -0.8358013872731298 0.01729755723876782 -0.9995767747180418 -0.023389441161531434 -19.803996352077327 0.09053746156000778 -0.021730955989519615 0.9956559313367503 -0.5909044273834069
-0.9959342724189554 -0.0180802921452081 0.08824980485683738 -0.8409134752737991 0.01591755331275618 -0.9995569670430665 -0.02514957518928804 -19.955982782784428 0.08866541895159306 -0.023642602894140358 0.9957808347274658 -0.6010823000959374
-0.9960651596235981 -0.016982931589310836 0.08698147974510956 -0.8452661991872034 0.015114427892255818 -0.9996416096017812 -0.022095393688499793 -20.10981932816122 0.08732555097739673 -0.02069377653771262 0.9959648667292945 -0.6110496516100428
-0.9958484267753964 -0.017842777551053696 0.08926111235152535 -0.8498584323806324 0.015703513616241567 -0.9995737452491642 -0.024611531213309258 -20.261030122793795 0.0896622024549505 -0.02310764154609454 0.9957041359525954 -0.6203310924273049
-0.9952567193931044 -0.01644966571401185 0.09588258966450955 -0.8902952737822304 0.014594523684822997 -0.9996931048047603 -0.020017394541539474 -20.428005961662027 0.09618244320710818 -0.018523085696389163 0.9951913549237632 -0.6043806663823794
-0.9951841599385546 -0.016793436528081497 0.09657364183342591 -0.8994022546324486 0.014867390556733473 -0.9996766508608718 -0.02062897044508473 -20.574268624366994 0.0968888461352858 -0.019093826572165278 0.9951120425768171 -0.6119833315160911
-0.9948571886324815 -0.016573696525737647 0.09992240394299977 -0.9080522995059586 0.014458717630949334 -0.9996566277755713 -0.02185342144473531 -20.72934453368494 0.10025028533996169 -0.02029628359689266 0.9947552167047986 -0.6195545885350906
-0.9947319231412328 -0.016088257744796743 0.10124015530648613 -0.9163250262298959 0.013766629299887327 -0.9996269507612093 -0.023588964147798125 -20.88451113597964 0.10158189307875656 -0.022070959983281405 0.9945823202349579 -0.6269368112545353
-0.9948671423652488 -0.01558160906778152 0.09998291104415237 -0.9226538847274851 0.013548599389522598 -0.9996880781794945 -0.020980510012180514 -21.041450598882946 0.1002786342975725 -0.019518191633648024 0.9947679305741445 -0.6352967419348409
-0.9947098064202844 -0.017579967248368758 0.1012094153864476 -0.9293290023368955 0.015137330177561747 -0.9995765262113739 -0.024852152468105244 -21.195714601832773 0.10160345587831003 -0.023188639432893707 0.9945546866587254 -0.6439261639262773
-0.9944497957758545 -0.01755693261852982 0.1037369644745288 -0.9359682211837012 0.015112437366952548 -0.9995903909303497 -0.024303592255889808 -21.338149381883625 0.10412116940464693 -0.022600983977230163 0.9943077881647462 -0.6506281924642694
-0.9945374294696923 -0.017835312984313987 0.10284552977435886 -0.9421668681311329 0.015381793154459804 -0.9995790230762669 -0.024600346852215387 -21.494475597568492 0.10324098906524669 -0.0228840170566151 0.9943930912572665 -0.6592983897137349
-0.9942398321943453 -0.018575828621680574 0.1055561209460545 -0.9469232794575295 0.015970205044795155 -0.9995478444167719 -0.025476641705923668 -21.650570516526074 0.10598164288681003 -0.02364413907933132 0.9940869408951161 -0.6669107571799393
-0.9939631225744965 -0.019692730217137175 0.1079328834903966 -0.9527633533053261 0.01678399600878876 -0.9994728109467307 -0.027792043037848158 -21.8059709961192 0.1084232836614601 -0.025812720794904473 0.9937696388022884 -0.6741389947076636
-0.9949189375054356 -0.017415597230639974 0.09916150849072079 -0.9616884347514985 0.014784862888636759 -0.9995205826439555 -0.027203174455420056 -21.945633737989294 0.0995877282722092 -0.02559886411909583 0.9946994433161168 -0.5858613382916363
-0.9948857275086351 -0.018538637082551747 0.09929102746338868 -0.9658478141321521 0.015794885903624302 -0.9994732992103216 -0.028348646262680074 -22.091763358623492 0.09976427606566118 -0.026635373110893562 0.994654536067844 -0.5878434842308863
-0.9946994384661936 -0.018804223309509184 0.10109118804705605 -0.9696397231526998 0.01584653717434195 -0.9994248328558722 -0.02998150647639336 -22.24604412547703 0.10159682266006816 -0.028220642387052956 0.9944253018546143 -0.5891226427312213
-0.9945953922020685 -0.018943444361590248 0.10208404246567171 -0.9739061942455686 0.016141775869566864 -0.9994719248382092 -0.028201321458076987 -22.401274522865346 0.10256436458239479 -0.02640108664287247 0.9943759519124973 -0.5909175574546107
-0.9945014626450467 -0.01923215111887048 0.10294156186984876 -0.9754435468700431 0.016438339464809312 -0.9994749967716392 -0.027919738966753628 -22.55570672577095 0.1034244738565426 -0.026074032900050143 0.9942954907952789 -0.5920036114862743
-0.9943883111532216 -0.02011397235169596 0.10386199862355318 -0.9767648548064282 0.01703091103630744 -0.9993900815077192 -0.030486276474299183 -22.708340346246363 0.10441185139205766 -0.028546332518017734 0.99412437460745 -0.5925921692439273
-0.9943057537098746 -0.019684066382964667 0.1047311112805992 -0.978290350858234 0.01661921040711486 -0.9994100228120774 -0.0300567487963527 -22.84854042637837 0.10526096135264136 -0.028145049891482598 0.9940462696382516 -0.5929618961148755
-0.994335908662002 -0.01974382520925904 0.10443314661263906 -0.9786604458655552 0.016881689753105264 -0.9994591809519349 -0.02821974773039738 -23.002738459686338 0.10493383294433993 -0.026296900520662025 0.9941314619941448 -0.5938630231786122
-0.9941572810476851 -0.02084289176568879 0.10590974649539012 -0.9783630445987076 0.017777875342486794 -0.9993977092727367 -0.02980211148078796 -23.15545134658974 0.1064671202211322 -0.02774513584847074 0.9939290516674563 -0.5942893801717553
-0.993923601400688 -0.02117304939341713 0.1080165568700929 -0.9784331119989658 0.018118681711456957 -0.9994099335979434 -0.02918043863264087 -23.308778825881607 0.1085706587975085 -0.02704600904270948 0.9937207482201107 -0.5938012088664687
-0.9924407731859977 -0.023396786001733397 0.12047365738105655 -1.0338083722251175 0.020238188431927883 -0.999420332298232 -0.02737544735497658 -23.48579690434132 0.121044320176425 -0.02473034156012419 0.9923389958876687 -0.6702118832902638
-0.9924721277111026 -0.02408413010571278 0.12007926712654385 -1.039943787271365 0.02079981349779438 -0.9993765049882638 -0.02853014258464323 -23.635957108929695 0.12069152196842056 -0.02581774495369806 0.9923542717046429 -0.6752516071270408
-0.9925151087048821 -0.02479087878229173 0.11957914250293669 -1.047929024587351 0.021154736383471005 -0.999277261405437 -0.03158214632661409 -23.79283582076616 0.12027566720281277 -0.02881609215788174 0.9923222242354883 -0.6800190369265894
-0.992571797926024 -0.02338595181236469 0.11939147046472696 -1.0552455574459343 0.020286775467478882 -0.9994266376190696 -0.027107983299630586 -23.953275034394537 0.11995696187813407 -0.02448455176781291 0.9924771201502316 -0.6848521205456033
-0.9925252053820647 -0.025255130967398523 0.1193980529200949 -1.0626694536066987 0.021760868073630302 -0.9992984834622622 -0.030479592692568447 -24.10983579517691 0.12008405931668155 -0.027653558719310665 0.9923785061095315 -0.6894210636368289
-0.9923370269917677 -0.02449002673716831 0.12110930373655236 -1.0699727775202112 0.021256001588127058 -0.9993840339598457 -0.02792373654494697 -24.255205631676535 0.1217185575728913 -0.02513545815295293 0.9922463411299716 -0.6917113482600019
-0.9925901630660094 -0.024190620332046543 0.11907805033902638 -1.0772083226867908 0.02109649620619377 -0.9994080124993259 -0.02717650455760357 -24.413520157079553 0.11966497412532615 -0.024463001453177657 0.9925128994262427 -0.6963463004008956
-0.9924735358730437 -0.02500115079646739 0.11988003607986898 -1.0839611292311508 0.021851428709647944 -0.9993824723288068 -0.027517068617656286 -24.57172901605624 0.1204939652223528 -0.024690412325717222 0.9924069668660034 -0.7006429051054822
-0.9926947025954627 -0.0256531334983635 0.11789463168703217 -1.090784266090871 0.022379621645592648 -0.9993286454938767 -0.029007082417466676 -24.729233640693078 0.11855960515245464 -0.02615673980236688 0.9926023599553878 -0.7040539494650632
-0.9928111727154744 -0.015435017487072617 0.1186917670544106 -1.098061943835431 0.012428445969228563 -0.9995839111590707 -0.026029565550066282 -24.88734662465638 0.11904414753407523 -0.024367289285207608 0.9925899083462296 -0.7073219282456794
-0.9935787084215465 0.0044298489611875715 0.1130562984072651 -1.0476064838781463 -0.00859008888347707 -0.9993026594862158 -0.03633737905725071 -25.00259941575268 0.11281649056917818 -0.037075209803282626 0.9929238985308477 -0.743425928323384
-0.9930567423548528 0.028389336016860472 0.1141593275387049 -1.0454651117002338 -0.03268446483179238 -0.9988196978753607 -0.03592961027944184 -25.141636062327414 0.11300456726268565 -0.03941137826434181 0.9928125256266049 -0.7488300956431416
-0.9926665430837616 0.03620482035862503 0.1153357933381239 -1.0429729629003042 -0.04037397601886181 -0.9986053644318236 -0.03401864471746644 -25.28530232236291 0.11394330301761095 -0.03842573500643189 0.9927438675643645 -0.7545387405486066
-0.9927084625419071 0.035662085385772216 0.11514392760202721 -1.0379788636232319 -0.03987663981517382 -0.9986085493693604 -0.03450824138481436 -25.427557330079527 0.11375307466057297 -0.038848176178034564 0.9927492418596483 -0.760028875066472
-0.9925702292907063 0.036168630714726466 0.11617301785705841 -1.032562462025132 -0.040842073759150964 -0.9984388508698714 -0.03810231075279972 -25.568012218844327 0.11461354604429067 -0.0425639662845533 0.9924978810240759 -0.765360751744596
-0.992529180018909 0.03732342225764443 0.11615846487436825 -1.0270511541901228 -0.04176863971885518 -0.9984759385817699 -0.036071883916571235 -25.69704336254957 0.11463510608460543 -0.0406541784350845 0.9925754531665286 -0.7690547940034019
-0.9928040957330817 0.038772178268296875 0.11329936314008777 -1.0193489789992025 -0.042980810232288134 -0.9984646847707741 -0.03494171171214622 -25.837854395851142 0.11177064662689443 -0.03955997292630657 0.9929462881217069 -0.7752256008964296
-0.9927273881519999 0.038570757426047104 0.11403784233529496 -1.0111140369013876 -0.04295342744609128 -0.9984200630193251 -0.03622679714134637 -25.9767749979401 0.11246037472613157 -0.04086164989409901 0.9928156876703703 -0.7801779694584475
-0.9926750717331757 0.03910347724994534 0.11431150434885101 -1.0038710515933242 -0.04341179162287846 -0.9984282946965959 -0.03544512233494391 -26.115777753631896 0.11274581281637983 -0.040147956563321714 0.9928124310644802 -0.7848900289365645
-0.9929323096400485 0.040252587861923116 0.11164747038467529 -0.9925906490683947 -0.04443915033917587 -0.998389454683005 -0.03526554543607928 -26.253661962186083 0.11004812760792848 -0.039977818201975546 0.9931219379622015 -0.7890656850871667
-0.9921710305698789 0.03291899115089125 0.12046985564659674 -1.0218143747840498 -0.03529801122050458 -0.9992206619651972 -0.017666892927461347 -26.533444169532615 0.11979439261410128 -0.021780925679153167 0.9925597688677381 -0.8877564536111301
-0.9921195295797272 0.03317601890787298 0.12082297296427272 -1.0192914452755293 -0.03571466625669388 -0.9991831763456234 -0.018906155665384634 -26.689729023778316 0.12009705092413342 -0.023072318420463044 0.9924940133230179 -0.8983592674376996
