1.0 -4.33680868994e-18 5.55111512313e-17 3.33066907388e-16 0.0 1.0 0.0 -6.93889390391e-18 1.66533453694e-16 1.73472347598e-18 1.0 0.0
0.998715899161 0.005995197671 -0.0503050288889 -0.0689427324595 -0.00581863002229 0.999976456341 0.00365580463845 -0.00516453739782 0.0503258560892 -0.00335840179176 0.998727177125 0.254011460639
0.994671411416 0.0095276448325 -0.102654642973 -0.149933947374 -0.00909502480775 0.999947657492 0.00468162129137 -0.00892434640025 0.102693858727 -0.00372302941164 0.99470599461 0.509162018757
0.987568304838 0.0103004173418 -0.156852679121 -0.24117869479 -0.00972097106006 0.999942773613 0.00446091824098 -0.0126536932713 0.156889703612 -0.00288070218443 0.987611870785 0.768160873773
0.977127680399 0.00501747111798 -0.212594418043 -0.340115265053 -0.00414088979597 0.999981003975 0.00456834475676 -0.0139630299284 0.212613339647 -0.00358353028525 0.977129782418 1.03231654963
0.963199474346 0.000525975148991 -0.268787091978 -0.460161788457 0.000620390174881 0.999991061594 0.00417999156839 -0.0157914319965 0.26878695525 -0.00419291688815 0.963190485202 1.30061848476
0.946169346219 -0.00102110144462 -0.323670235942 -0.601835762305 0.00292136761706 0.999981257647 0.0053851996307 -0.0183619270447 0.32365865693 -0.00604087334716 0.946154546651 1.56939860749
0.92539973594 -0.00145762590541 -0.378989698375 -0.76618274133 0.0045678434086 0.999962913319 0.00730762623051 -0.0199905871072 0.378964930497 -0.00849363956643 0.925371983795 1.84090258219
0.900845186575 -0.00166803814913 -0.434137396642 -0.951006467833 0.00581091524631 0.999949412417 0.0082157997599 -0.0208890003901 0.434101686097 -0.00992389540115 0.900809147023 2.11027296154
0.873106568435 -0.000516442994378 -0.487529112303 -1.1579240158 0.00600911867523 0.99993488159 0.00970237686388 -0.0211526629369 0.487492320459 -0.0114008227476 0.873052772867 2.37660956711
0.842227545283 0.000794974723963 -0.539121547336 -1.38957149781 0.00651803041898 0.999910867202 0.0116570702203 -0.0193873120867 0.539082775887 -0.0133319084651 0.84214718611 2.64372097631
0.808501186472 0.00268095306868 -0.588488483143 -1.64414491535 0.00615850917983 0.999896382767 0.013016128684 -0.0188420059647 0.588462319549 -0.0141477585345 0.808400824124 2.90691371344
0.772840393805 0.00419854169607 -0.634586578451 -1.92141079165 0.00789814575585 0.999837081391 0.016233983534 -0.0205160262181 0.63455134788 -0.0175583288331 0.772681157322 3.17107663451
0.736111453235 0.00438704040717 -0.67684609253 -2.21384925476 0.0112687359212 0.999760986145 0.0187354919385 -0.02383312672 0.676766480076 -0.0214186023827 0.735885999926 3.43306395043
0.699602423145 0.00388059287706 -0.714521809125 -2.5275649803 0.0135870326415 0.999732186096 0.0187329160087 -0.0261396230057 0.714403131544 -0.0228138179715 0.699362313932 3.68777918499
0.664251842427 0.00652076208257 -0.747480467411 -2.86858632871 0.0111014170905 0.999765621362 0.0185869403499 -0.0259908609665 0.747426455084 -0.0206444944448 0.664023711195 3.93507323794
0.631262645277 0.00874237129714 -0.775519831381 -3.23043999645 0.00829231512011 0.999803288469 0.0180205407522 -0.0229866937235 0.77552476924 -0.0178065440307 0.631065855531 4.18019294963
0.60104079021 0.00900508342757 -0.799167631465 -3.60886519093 0.00644875086401 0.999849310718 0.0161163877506 -0.0186705264132 0.799192344749 -0.0148402332212 0.600892123916 4.42415850005
0.572882288864 0.00701048437595 -0.81960767439 -4.00445207017 0.00674685288258 0.999889194719 0.0132683798826 -0.0166064215498 0.819609867688 -0.0131309863881 0.572771500145 4.66786398512
0.546546559206 0.00486881054847 -0.837414592169 -4.41498445136 0.00701972240468 0.999921375074 0.0103951306417 -0.0181046294515 0.837399304434 -0.0115598385349 0.546469370874 4.91175048335
0.523814097789 0.00411300273023 -0.851822629267 -4.84772595332 0.00595295802331 0.99994627283 0.008488894358 -0.0192880081091 0.851811801465 -0.00951746145199 0.523761408942 5.15319579964
0.505576966468 0.00263089905376 -0.86277751351 -5.29637175096 0.00509009354255 0.999968894406 0.00603198214898 -0.0184934920071 0.862766469666 -0.00744124451448 0.50554782465 5.39634534726
0.491318540728 0.00144025452688 -0.870978764238 -5.76308277911 0.00514622293714 0.999976410833 0.00455655589908 -0.0160649369994 0.870964740963 -0.00672096624577 0.491299507784 5.64660892509
0.479663037762 0.00136362569098 -0.87745174565 -6.2456677567 0.00604061969624 0.999969984836 0.00485616825334 -0.0169546999935 0.877432008299 -0.00762967072839 0.479640377872 5.90042626898
0.470990776308 0.00353423911446 -0.882131053197 -6.74250550521 0.00482102247575 0.999966782135 0.0065804086773 -0.0225248631018 0.882124911099 -0.00735208383526 0.470958071916 6.15707942478
0.464988005668 0.00621879254563 -0.885295145809 -7.2574121638 0.00252580499578 0.999961997734 0.00835091471392 -0.02961342449 0.885313315502 -0.00611915779459 0.464954621112 6.41776533364
0.460932991317 0.00706588908439 -0.88740673291 -7.7821962808 0.00241524065189 0.999954677324 0.00921656291762 -0.0311074666613 0.887431652811 -0.00639151633234 0.460894988786 6.68752318341
0.459383567413 0.00593030335224 -0.888218159717 -8.32134008167 0.0048541046691 0.999946035176 0.00918680349177 -0.0294027375885 0.88822468954 -0.0085317681377 0.459330018862 6.96838198161
0.45994377329 0.00648111310699 -0.88792439056 -8.87445367462 0.00706466256811 0.999915047474 0.0109580491227 -0.0292180077494 0.887919933485 -0.0113129668791 0.459858856838 7.25605346755
0.461267812487 0.00932711991436 -0.887211938656 -9.4423186674 0.00641447081084 0.999883588408 0.0138465618029 -0.0339331463299 0.887237800639 -0.0120779599808 0.46115425877 7.54977211181
0.462962762737 0.0109846797572 -0.886309667014 -10.0245362694 0.00400198973015 0.999887090448 0.0144827656234 -0.0374782238799 0.886368692338 -0.010251976961 0.46286651659 7.85011283618
0.464452248542 0.00938007338396 -0.885548462442 -10.6161903066 0.00229566803222 0.99992778737 0.0117956582158 -0.0377324465844 0.885595184447 -0.0075114480501 0.464397150541 8.15491552162
0.46555317982 0.00937537997397 -0.884970233102 -11.2220459027 0.00192842078799 0.99993076585 0.0116077577241 -0.0345937121682 0.885017733411 -0.00711062057898 0.46550287534 8.47197687357
0.466921072301 0.0111317023958 -0.884228933857 -11.8417368523 0.00243372222995 0.999900830434 0.0138730607344 -0.0300516934708 0.88429560381 -0.00862958343363 0.466847669686 8.79889651731
0.468568537337 0.0146573054312 -0.883305511865 -12.4762851049 0.00155135948925 0.999847210517 0.0174141171732 -0.0281652547138 0.883425772612 -0.00953002850049 0.468474142262 9.13324674037
0.470192731997 0.0180481678082 -0.882379152247 -13.1227272747 0.000470047292705 0.999785652712 0.0207000837716 -0.0277706466865 0.882563612017 -0.0101477826567 0.470083410892 9.47611387318
0.471807619635 0.0176428224204 -0.881524968245 -13.7773309694 -0.000695681528369 0.999806957575 0.0196377867787 -0.0223628173043 0.881701195409 -0.00865200007583 0.471728794263 9.82523672144
0.473485812404 0.0162825191215 -0.88065094035 -14.4440859615 -0.00292407306043 0.999852697968 0.0169143356155 -0.014636816461 0.880796607083 -0.00543360670058 0.473463632386 10.1811257287
0.474889369434 0.016196285044 -0.879896414444 -15.1202991795 -0.00425201174439 0.999861174535 0.0161096416393 -0.0086178935892 0.880035197502 -0.00390896487171 0.474892295535 10.5437315309
0.476343868886 0.0167840727315 -0.879098814067 -15.8101670057 -0.00158532525026 0.999832604108 0.0182301573028 -0.00259339230844 0.879257617308 -0.00729016336042 0.476290681244 10.9232785197
0.477364413641 0.0173775697012 -0.878533535897 -16.5057941079 0.000816699712801 0.999795286222 0.0202199234601 0.00095423954421 0.878705059468 -0.0103697649132 0.47725240637 11.3060230211
0.478549517575 0.0189811426848 -0.877855344777 -17.2097899767 0.00160655769004 0.999745712835 0.0224924688597 0.00485429289276 0.878059086824 -0.0121740843608 0.47839729447 11.6912121952
0.479173503196 0.0153712921878 -0.877585618394 -17.9143119701 0.00154646127394 0.999830374481 0.0183568605958 0.00593489267694 0.87771883642 -0.0101532718012 0.479068409896 12.0759691869
0.479597421446 0.00809868146703 -0.87745121418 -18.6216921082 0.00287417458838 0.999937579251 0.0108001706606 0.00416129246092 0.877483906103 -0.00770168332123 0.47954415307 12.466106857
0.479590194584 0.00207176117792 -0.877490149782 -19.3401733829 0.0063517053896 0.999962857956 0.00583243953588 0.00462527250645 0.877469563849 -0.00837073412327 0.479559212601 12.8660466383
0.479129474841 0.000796973546538 -0.87774388894 -20.0681447876 0.0078890686484 0.999955344875 0.00521430920057 0.00210031966062 0.877708762848 -0.00942290701107 0.479101762883 13.2686069702
0.479314145634 0.0088819151275 -0.877598431245 -20.8107416385 0.00688745106452 0.999880001958 0.0138811917691 -0.00272741209324 0.877616376473 -0.0126978611851 0.479195378027 13.6727124278
0.479036653333 0.0155337269897 -0.877657449063 -21.5575134497 0.00572951807692 0.999766807943 0.0208222019481 -0.00417250017738 0.877776160294 -0.015003147251 0.47883593274 14.0772875614
0.478776996169 0.0217476272082 -0.877667124997 -22.3056215751 0.00377048844113 0.999633032177 0.0268266652127 -0.00199702326918 0.877928472431 -0.0161532169853 0.478519228332 14.4783539228
0.478463595248 0.023427803249 -0.877794780349 -23.0540212161 0.00197219681336 0.999612822815 0.0277540560892 -0.000676759614842 0.878105111321 -0.0150104845545 0.478232154356 14.8779116246
0.478112366607 0.0206743776076 -0.878055284074 -23.7969207302 0.00166160994828 0.999699830528 0.0244433506053 0.00181188914595 0.878297109118 -0.0131456454924 0.477934460111 15.276478889
0.477713658587 0.0176908851613 -0.878337444554 -24.5366137075 0.00183580013245 0.999774965022 0.0211352678971 0.00643377943493 0.878513697296 -0.0117090537059 0.477573625139 15.6753299931
0.477748435425 0.0195685961499 -0.87827868458 -25.2810452447 0.000291594942392 0.999748335772 0.0224336383652 0.0110286332271 0.878496659168 -0.0109737288913 0.477622422314 16.0753276859
0.477933293319 0.0225681544821 -0.878106182483 -26.0223401714 -0.000794892933323 0.999680632395 0.025260103844 0.0113022599128 0.878395757872 -0.0113746404904 0.477798582179 16.4743936371
0.477928979658 0.0220647900683 -0.878121298847 -26.7665893015 -0.00168056054257 0.999705662294 0.0242052174494 0.0120926618085 0.878396821043 -0.0100926400014 0.477825354634 16.8729671934
0.478296215777 0.0179131448256 -0.878015870982 -27.5012254586 -0.00241045542902 0.999815023379 0.019084998886 0.0137065483405 0.878195273588 -0.00701185771338 0.478250869543 17.2686035111
0.478630070634 0.01451758091 -0.87789661067 -28.2372640006 -0.00362873174962 0.999887444213 0.0145565361976 0.0132300656574 0.878009110282 -0.00378154869449 0.478628885989 17.6669413355
0.479015686131 0.01498584657 -0.87767836652 -28.9747448118 -0.0036492428135 0.999879677937 0.0150807005353 0.00960738735425 0.877798766161 -0.00402102744278 0.479012641188 18.0676688903
0.479678452618 0.0169553405885 -0.877280480216 -29.7115101939 -0.00269406130174 0.999837088673 0.0178509668158 0.00256331703827 0.877440142894 -0.0061992783084 0.479645962296 18.4706743979
0.480080499122 0.0206350886326 -0.876981653431 -30.4514066786 -0.00216608456734 0.999748131168 0.0223379912072 0.000356212234961 0.877221750843 -0.00882440991753 0.480004230286 18.8749638181
0.480625955961 0.025019262874 -0.876568667973 -31.1919963215 -0.00135321157604 0.999612889336 0.0277892600564 0.00239686280189 0.876924603241 -0.012170052694 0.480473734079 19.2796217497
0.48048939384 0.0285360834035 -0.876536114688 -31.9271161618 -0.00145894902614 0.999495172996 0.0317393337631 0.00516712515288 0.876999353669 -0.0139715852664 0.480288359259 19.6806241947
0.48072894453 0.0278328800337 -0.876427420844 -32.6598115444 -0.00113513054148 0.999515049763 0.0311191723929 0.00937107835001 0.876868498371 -0.0139650153362 0.480527386413 20.0818459734
0.480883083693 0.0246764736731 -0.876437384686 -33.3909854508 -0.00101595302213 0.9996188619 0.0275872862269 0.0163559887631 0.876784157794 -0.0123758321046 0.480724830759 20.4810060543
0.481227829554 0.0209648996699 -0.876344815674 -34.1199277785 -0.00173852470812 0.999734876665 0.022962107408 0.0190778484321 0.876593792178 -0.00952645802504 0.48113666909 20.8773297216
0.481584285071 0.020712033469 -0.876155008937 -34.8513754179 -0.00569342425898 0.999773527455 0.0205049194387 0.0209161093567 0.876381288664 -0.00488652252068 0.481593129736 21.2700118528
0.481179435653 0.0206140390017 -0.876379741381 -35.5822354571 -0.00898898330029 0.999786965072 0.0185813712022 0.0230864503009 0.876576014228 -0.00106321135991 0.481262213666 21.6625603958
0.480602429562 0.0185701036536 -0.876741904662 -36.3074336863 -0.00770685797815 0.999826577251 0.0169524819237 0.0198856435618 0.876904660809 -0.0013904758435 0.480662206731 22.0590650389
0.479476933171 0.0135651304478 -0.877449573187 -37.0304732694 -0.0039798393353 0.999903853535 0.0132834953507 0.0166241823146 0.877545431965 -0.00287701649076 0.479484774298 22.4586361472
0.478813784906 0.00938105449331 -0.877866372602 -37.7533132977 0.000214050828033 0.999941607058 0.0108023373181 0.01444185415 0.877916481519 -0.00536021573735 0.478783793215 22.8562485692
0.477365230126 0.011776569329 -0.878626081201 -38.4781424051 0.00108967690744 0.999901464272 0.01399410431 0.00996355460957 0.87870429675 -0.00763771596762 0.477305363111 23.2503244803
0.475786940711 0.0167225960236 -0.879401530144 -39.205015081 0.00291147290463 0.999783806603 0.0205869843014 0.00516308558994 0.879555745018 -0.0123553659026 0.475635345609 23.6448315943
0.474195276283 0.0191739606023 -0.880210877784 -39.9247867944 0.00497493643411 0.999688496556 0.0244567409881 0.00181509137657 0.880405577948 -0.0159762595049 0.473952194151 24.0352558125
0.472654599483 0.0176595374123 -0.881070793997 -40.6403539551 0.00592279758356 0.999712939645 0.0232148362568 -0.000699494569037 0.881227876438 -0.0161909964401 0.47241428675 24.4210303396
0.471802906945 0.0169274805695 -0.881541548803 -41.3548508031 0.00202376010332 0.999792274266 0.0202812772039 -0.00453936269103 0.881701700776 -0.0113527875422 0.471670644746 24.7948749877
0.470719988736 0.0155556399721 -0.882145477579 -42.0658018217 -0.0021421303351 0.999861832808 0.016488392347 -0.00743505201847 0.882280066405 -0.00587173747825 0.47068818527 25.1643092436
0.469759584034 0.0164667377159 -0.882640787348 -42.7776276798 -0.00650386437595 0.999863497763 0.0151921871248 -0.00827646431184 0.882770359473 -0.0013960987391 0.469802546341 25.5310168721
0.468909027306 0.0188895817842 -0.883044433065 -43.486196125 -0.00877578634138 0.999821582277 0.0167275561285 -0.0133925654065 0.883202883919 -9.4298770455e-05 0.468991084861 25.8986543378
0.468061441 0.0200843428175 -0.883467646487 -44.1914869636 -0.00832875690853 0.999797572751 0.0183163685312 -0.017920957355 0.883656598221 -0.00121500337409 0.468133977349 26.2696426577
0.467254745865 0.0206800030034 -0.883880781556 -44.8921759943 -0.0101402258048 0.999786060345 0.018031300389 -0.0219962125843 0.884064534622 0.000537535247263 0.467364419865 26.6347525507
0.466745064625 0.02112753498 -0.884139469359 -45.5889869487 -0.0112234134322 0.999775639849 0.0179658567357 -0.0286377727181 0.884320679225 0.0015375869655 0.466877409942 26.9983645138
0.466259397459 0.0217665884619 -0.88438023067 -46.2810470558 -0.00978083468383 0.999763005312 0.0194498167177 -0.0320716153356 0.884593973369 -0.000418684697322 0.466361769099 27.3638249314
0.465973290588 0.0234114307987 -0.884488990487 -46.9695677234 -0.0085643841628 0.999722386125 0.0219495844469 -0.0365389344587 0.884757315493 -0.00265282047575 0.466044418818 27.7273917078
0.465976581689 0.0276616672899 -0.884364481606 -47.6584400675 -0.00913363278758 0.999608340187 0.0264537723477 -0.0382078614181 0.884749863788 -0.0042493808762 0.466046682302 28.0861543965
0.465555037927 0.0298446087792 -0.884515562739 -48.3388769053 -0.00908259552824 0.999539767366 0.0289451560988 -0.0383759913869 0.884972319247 -0.0054418591521 0.465611795252 28.4417746001
0.464910365709 0.0294856771659 -0.884866622958 -49.0111575003 -0.00865490830666 0.999548906968 0.0287598435195 -0.0370979291461 0.885315383281 -0.00571231382781 0.464955854243 28.7951554418
0.464510081857 0.0275440221109 -0.885139402914 -49.675982938 -0.0079934546533 0.999605865258 0.0269111763177 -0.0378222907261 0.885531775072 -0.00542518984922 0.464547151465 29.1441761032
0.464434674351 0.024272155574 -0.88527467586 -50.3292694148 -0.00775252189865 0.999697534445 0.0233422304766 -0.0407923344384 0.88557340265 -0.00397782793647 0.464482322781 29.4844801293
0.464469937034 0.0220352233753 -0.885314695599 -50.9767562337 -0.00797174626729 0.999753993098 0.0207013157432 -0.0445318902602 0.885553009835 -0.00255763458315 0.464531261954 29.8215120434
0.46558141472 0.0200774308059 -0.884777253412 -51.6080156471 -0.00848357641004 0.999797967551 0.0182233220824 -0.0497934148572 0.884964386965 -0.000978366974717 0.465657629264 30.1517231437
0.467634215118 0.0204709297638 -0.883684985258 -52.226269294 -0.0105267409344 0.999789925768 0.0175899497542 -0.0566629963538 0.883859395894 0.00107665960056 0.467751404915 30.4760901478
0.471023706675 0.0219320663516 -0.881847824522 -52.8286162716 -0.0114583628077 0.999758633998 0.0187442981395 -0.0646937370238 0.882046117276 0.00127552831807 0.471161291786 30.797385982
0.476203097663 0.0223565412791 -0.879051025264 -53.4137437298 -0.0104863248461 0.999750086536 0.0197455446458 -0.0718334660038 0.879272723013 -0.000184867467473 0.476318502356 31.1183286176
0.482444755457 0.0233006076615 -0.875616418689 -53.9825650673 -0.00955274187202 0.999726687884 0.021339916227 -0.0791817918575 0.875874280226 -0.00193079040502 0.482535433905 31.4361452203
0.489997088699 0.0249107945794 -0.871368025755 -54.5364723105 -0.0104250100271 0.999687585505 0.0227169141927 -0.085878956737 0.87166176038 -0.00204720036568 0.490103634499 31.7494713325
0.500401080837 0.0273831184658 -0.865360532151 -55.0730745132 -0.0124845277446 0.999624049295 0.024412438209 -0.0907842201298 0.865703651776 -0.00141238748225 0.500554774218 32.0608348186
0.512887342557 0.0301310983008 -0.8579269707 -55.5886289613 -0.0153134356093 0.999545997915 0.025950182538 -0.093153357559 0.858319283198 -0.00017171090851 0.513115876089 32.3715483917
0.52862326458 0.0317768125599 -0.848261505367 -56.0810579766 -0.0167021331666 0.999494980296 0.0270336966107 -0.0946834091798 0.848692174537 -0.000122866953875 0.528887003023 32.6861994227
0.54699231199 0.0325948235246 -0.836502863033 -56.545426961 -0.0175601036192 0.999468632092 0.0274622833817 -0.0969676909246 0.836953471105 -0.000332584068982 0.547273973789 33.001885933
0.568082054052 0.0324980985358 -0.822329967082 -56.9803801636 -0.0169547410311 0.999470118913 0.0277859398526 -0.100182805925 0.822797193926 -0.00184230278978 0.568332001835 33.3227985946
0.59152999868 0.0304257965528 -0.805708714454 -57.3816765497 -0.0148833651082 0.999529586979 0.0268180470225 -0.103583016505 0.806145547215 -0.00387201380124 0.591704547053 33.6477476453
0.618420613932 0.0291438582542 -0.785306604439 -57.7536866701 -0.0133254365909 0.999557302408 0.0266013824722 -0.108295611425 0.785734218511 -0.00598628612473 0.618535158651 33.9768575995
0.647522813323 0.0280042787845 -0.761531322325 -58.0997059566 -0.012107065296 0.999576485434 0.0264635547132 -0.111771026899 0.761949837094 -0.00791584432508 0.647587545566 34.30979834
0.677950909067 0.026755793888 -0.734620048644 -58.4172492138 -0.0113567307582 0.999599351785 0.025926028037 -0.116270066083 0.73501937578 -0.00923368808005 0.677983185534 34.6453653701
0.710758678729 0.0258711357811 -0.702960042828 -58.7171414416 -0.00977867558205 0.99959024889 0.0269009147174 -0.119704668095 0.703367930442 -0.0122460333619 0.710720431489 34.9988417385
0.744403462849 0.0226200113383 -0.667346821747 -58.9855560944 -0.00657363956511 0.99962585427 0.0265500893766 -0.124441978181 0.667697676574 -0.015377079286 0.744273636032 35.3588685856
0.777916002813 0.0139685362415 -0.628212948537 -59.2276342691 0.00159720816217 0.999705717391 0.0242066383894 -0.129452205589 0.628366261454 -0.0198341165982 0.777664681509 35.7393669817
0.810552641397 0.00621773787724 -0.585632791161 -59.4385393108 0.00785411241008 0.999738350321 0.021484947578 -0.131350375489 0.585613063248 -0.022014301226 0.810291675054 36.1230815604
0.84202176222 -0.00132255798589 -0.539441869534 -59.6336200548 0.0140491391462 0.99971162012 0.0194784880187 -0.12841536336 0.539260596949 -0.0239799928887 0.841797486173 36.5236247108
0.871175477683 -0.00299356993653 -0.490962752963 -59.8051155279 0.0147074611514 0.999691800134 0.0200017783979 -0.123528161202 0.490751530139 -0.0246458732619 0.870950904127 36.9235559898
0.896696099592 -0.00544978013873 -0.442613265234 -59.960654615 0.016378937484 0.999647964509 0.0208739108749 -0.120957174442 0.442343633842 -0.025967077652 0.896469581134 37.3364349558
0.918785312778 -0.0130317837456 -0.394542546268 -60.0866532805 0.0239601018273 0.999453284072 0.0227846706241 -0.11937358726 0.394029896862 -0.0303874928322 0.918595069697 37.758025877
0.938157650911 -0.0248709734992 -0.345313791117 -60.1729271205 0.0357961715459 0.999038880632 0.0252969239521 -0.11758424936 0.344352729542 -0.0360934027735 0.938146229496 38.1792948622
0.955297261295 -0.0296440970655 -0.294157184197 -60.2534502673 0.0382240546769 0.998993769083 0.0234604439487 -0.11865202921 0.293165707951 -0.0336555728743 0.955468997341 38.599303012
0.970042244397 -0.0298220313925 -0.241098946588 -60.3134031588 0.0352070819981 0.999216874757 0.0180576400941 -0.119546122861 0.24037165904 -0.026005056911 0.970332471501 39.0121042449
0.982205858385 -0.0303734715506 -0.185335243907 -60.3595211301 0.0323425411774 0.99944793321 0.00760962132706 -0.115810594838 0.185001721762 -0.0134684331871 0.982645891089 39.4413586485
0.991490638388 -0.0280537933288 -0.127118951577 -60.37603817 0.0282206141312 0.999601628952 -0.000488871053627 -0.112856473864 0.127082028745 -0.00310266412023 0.991887344048 39.879095515
0.997330247522 -0.0270501483088 -0.0678289567949 -60.3734836308 0.0269533273438 0.999634008585 -0.00234242133613 -0.113032829143 0.0678674824629 0.000507949623167 0.997694131983 40.343116449
0.999577758936 -0.0277263573765 -0.00868805410497 -60.3412219852 0.0276978046195 0.999610635278 -0.00339016138303 -0.112441919911 0.00877867808115 0.00314808706188 0.999956425285 40.8219326292
0.998453521308 -0.0248327239141 0.0497391135039 -60.279566118 0.0251154723126 0.999671751567 -0.0050675345266 -0.114065699206 -0.0495969594015 0.00630891499625 0.998749322584 41.3046455682
0.994246438784 -0.0236504831885 0.104473396733 -60.1988386135 0.023998699814 0.999709805407 -0.00207704541277 -0.120248347743 -0.104394048105 0.00457231761389 0.994525471992 41.8108112156
0.98792948691 -0.0181365889835 0.153838559169 -60.092354722 0.0183586285633 0.999831488862 -2.27358900362e-05 -0.123989366064 -0.153812194145 0.00284672322968 0.988095972479 42.3236760631
0.979968216059 -0.0125192904754 0.198760131663 -59.9702708555 0.0129811018617 0.999915284516 -0.00102051773566 -0.122937269518 -0.198730473588 0.00358019690277 0.980047605359 42.8510589582
0.971406952887 -0.00861011079691 0.237264367063 -59.8228945513 0.00872103855506 0.999961787809 0.000582074728653 -0.124602144551 -0.237260250596 0.00150375759018 0.971444907461 43.3930216716
0.96317554721 -0.00865342135332 0.268733944473 -59.6518549769 0.00798904328677 0.999961756964 0.0035657566364 -0.130350073668 -0.268754490914 -0.00128752700545 0.963207851233 43.9437255716
0.955932644998 -0.0107363901159 0.293389881096 -59.4637284986 0.00957607655051 0.999939682491 0.00539098398093 -0.135251508754 -0.293430024637 -0.00234389570098 0.955977637916 44.5081753769
0.949127154629 -0.0121881357182 0.314656982742 -59.2592488402 0.0102491900037 0.999916984947 0.00781593133959 -0.135872952617 -0.314726059727 -0.00419333486891 0.949173218849 45.0837376957
0.942969100838 -0.0113122254422 0.332687919436 -59.0433645665 0.00808809907513 0.999905942163 0.0110744535749 -0.138523353341 -0.332781839545 -0.00775205552287 0.942971931337 45.6742167301
0.937555939448 -0.00811124561106 0.347739994958 -58.8181365689 0.00412131978246 0.999916924703 0.0122119987259 -0.140592313783 -0.347810212564 -0.0100162829009 0.937511449049 46.2750240479
0.9325922009 -0.00503254746731 0.36089677984 -58.5786278765 -0.000235220114458 0.999894141601 0.0145509251776 -0.142331907711 -0.360931835599 -0.0136549716423 0.932492173336 46.8870739158
0.927599641573 -0.00659214957456 0.373517756761 -58.317626927 0.0012902381014 0.999894899838 0.014442768224 -0.140400354561 -0.373573716768 -0.0129151772845 0.927510564153 47.5049976129
0.922270470825 -0.00667794230191 0.386487434327 -58.0415467722 0.00120147144601 0.999895519202 0.0144096761566 -0.137031175018 -0.386543218046 -0.0128252642393 0.922182034388 48.1330269973
0.916411568395 -0.00676534522478 0.400180049003 -57.7525544279 0.000773430332176 0.999885217934 0.0151326497453 -0.13286558637 -0.400236469611 -0.0135582216654 0.916311523991 48.771960314
0.910467463583 -0.00601604681892 0.413536897561 -57.447077928 -0.000578282134495 0.999874765657 0.0158191525497 -0.130997836988 -0.413580212536 -0.0146419675659 0.91034986192 49.4206007587
0.904994562263 -0.004757742867 0.425396599598 -57.1310981393 -0.00111618855353 0.999907452958 0.0135578155073 -0.133829673582 -0.425421717075 -0.0127445718871 0.904905460194 50.0726827036
0.900037620589 -0.00124549716237 0.43581031759 -56.8022685035 -0.0031504785918 0.999951204901 0.00936412971151 -0.136858967556 -0.43580073177 -0.00980108268001 0.899989737703 50.733702963
0.895659772228 7.45858283609e-05 0.444739869742 -56.4615934597 -0.00131719005525 0.999996026729 0.00248496416726 -0.13721781324 -0.444737966145 -0.00281149210772 0.895656262535 51.3982117967
0.891920602799 0.000185814861657 0.452192061009 -56.1086986097 -0.00089493580816 0.99999869955 0.00135428305367 -0.137270849314 -0.452191211531 -0.00161259692314 0.891919572145 52.0745411526
0.888800334558 -0.00181158670052 0.458291002657 -55.7500007986 -0.00205369758109 0.999966464204 0.00793567569493 -0.14215808737 -0.458289996569 -0.00799442418918 0.888766743568 52.7623640893
0.886437256607 -0.00234701785885 0.462842774572 -55.3913263534 -0.00586285621964 0.999850048601 0.0162986513078 -0.149371566975 -0.462811571804 -0.0171613089947 0.886290510704 53.4541976761
0.884449777106 -0.00425477263601 0.466616043599 -55.0275828626 -0.00659565060215 0.999744524925 0.021617781105 -0.152300176735 -0.466588813703 -0.0221974765956 0.884195757494 54.1413463068
0.882813322417 -0.00499964470983 0.469697400645 -54.6613210674 -0.0048041645174 0.999794924834 0.0196718078287 -0.152982855624 -0.469699408137 -0.0196230334398 0.882608272238 54.8178592323
0.88125457955 -0.00428998009039 0.472622497766 -54.2944898559 -0.00518094110325 0.999811056799 0.0187356582565 -0.153457242833 -0.472613563462 -0.0189595100442 0.8810658069 55.4952273798
0.879885155803 -0.00673677473441 0.475138683234 -53.9225260958 -0.00349085124328 0.999780886737 0.0206399626113 -0.152482053225 -0.475173630921 -0.0198194314229 0.879668768317 56.1733314638
0.878713003086 -0.0100208504706 0.477245262638 -53.5475361664 -0.00140322569321 0.999721127873 0.0235750651279 -0.151699085655 -0.477348415594 -0.0213854036784 0.878453780384 56.8489137122
0.877203401519 -0.0132922615852 0.479934801808 -53.1677315474 0.00108012297846 0.999668854109 0.0257125938494 -0.153320849562 -0.480117623311 -0.022036786419 0.876927179891 57.5224250096
0.87584123833 -0.0124189876135 0.482439582798 -52.7893173807 0.00155128959863 0.999736097295 0.0229189803972 -0.157286186531 -0.482596919389 -0.0193249823963 0.875629329409 58.1872427277
0.874849658327 -0.00602490989247 0.484356989988 -52.4174498725 -0.00156482241706 0.999882343675 0.0152639081095 -0.157265630953 -0.484391929767 -0.014111557196 0.874737195914 58.8530548975
0.87401630732 -0.00137791147426 0.485894632393 -52.0482253005 -0.00265169371376 0.999967599078 0.00760553555861 -0.162972023628 -0.485889364677 -0.00793580956566 0.873984219823 59.5197683797
0.873397212393 0.00178765103531 0.487005294999 -51.6790373049 -0.00359620912606 0.999989702773 0.00277879543383 -0.168585992383 -0.486995329389 -0.00417836524158 0.873394527556 60.1827122014
0.872456826212 0.00232577663916 0.488685592843 -51.3050032383 -0.00531975501777 0.999974676168 0.00473827535544 -0.176102765772 -0.488662171374 -0.00673362575221 0.87244700426 60.8550173076
0.871325531043 0.00284687343287 0.490697129001 -50.9405265728 -0.00803815834143 0.999931852192 0.00847195718653 -0.190544772218 -0.490639497985 -0.011326131664 0.871289011268 61.5236890086
0.870268134332 0.00313675474849 0.492568321818 -50.574146147 -0.0115370671468 0.999835213688 0.0140165339311 -0.203333519866 -0.492443172157 -0.0178809344236 0.870160876394 62.1908464989
0.869167961255 0.000396221853201 0.494516808713 -50.2034684081 -0.00943029385496 0.999831180599 0.015773669924 -0.210235237378 -0.494427053017 -0.0183734024946 0.869024850583 62.8481665619
0.86861694096 -0.00215039037335 0.495479491155 -49.8296021921 -0.00634383245168 0.999860346807 0.0154606605476 -0.218149455029 -0.495443549877 -0.0165726257184 0.868481931128 63.4985043127
0.868199974966 -0.00411754993082 0.496197373125 -49.4541723304 -0.00441381964516 0.999861923474 0.0160199589411 -0.226382016953 -0.496194856669 -0.0160986564416 0.868061840024 64.1519238147
0.867575329157 -0.00322597801232 0.497295347681 -49.0789773699 -0.00455463957597 0.999885529295 0.0144322739413 -0.232659107102 -0.497284968138 -0.0147860879973 0.867461209116 64.8064485688
0.867264715691 -0.0039215404507 0.497831741903 -48.6996246493 -0.00253821202131 0.999921172252 0.0122983926228 -0.240780439752 -0.497840706408 -0.011929565594 0.867186362899 65.4614903182
0.866933835282 -0.00560072415579 0.498391790426 -48.3176463462 -0.000932361309715 0.999916898469 0.0128584568067 -0.249283601544 -0.498422417159 -0.0116121103436 0.866856466833 66.1234516712
0.866511000266 -0.00327401287467 0.499147179168 -47.9406511243 -0.00395311449598 0.999902122527 0.0134211000498 -0.255620765049 -0.499142228389 -0.0136027150694 0.866413259513 66.7932327134
0.866495322249 -0.0028535694176 0.499176978809 -47.5605719892 -0.00388907088284 0.999914732448 0.0124669011244 -0.262492289819 -0.499169965668 -0.0127438492013 0.86641032429 67.4651606888
0.867370509309 -0.00270040619065 0.497655589614 -47.1787203453 -0.00400803952035 0.999914940958 0.0124114583755 -0.273517276998 -0.497646752157 -0.0127599572424 0.86728590842 68.1429032566
0.868414043069 -0.00513857058638 0.495813081833 -46.7900212015 -0.00147340087575 0.999915132707 0.0129436924138 -0.279177008719 -0.495837487303 -0.0119710133534 0.868332789024 68.826536515
0.869937770986 -0.00394437309225 0.493145703276 -46.4063737226 -0.00246999409445 0.999920637751 0.0123549800194 -0.286883443728 -0.493155270544 -0.0119661347041 0.869858960299 69.5151320929
0.871427806088 -0.000704725805658 0.49052323003 -46.023012013 -0.00632536193427 0.999899749054 0.0126737044638 -0.296623587239 -0.490482932496 -0.014146954125 0.871335915834 70.2158016446
0.872666143194 0.00291717871629 0.488308620913 -45.6409688706 -0.00810604877238 0.999930947632 0.00851282940366 -0.305070581877 -0.488250055534 -0.0113871089672 0.872629436508 70.9150679209
0.873913000817 0.00553219740153 0.486050881761 -45.2565786424 -0.00830057276487 0.999959254748 0.00354285186357 -0.31288504305 -0.486011450374 -0.00713064722929 0.873923326797 71.6171622881
0.874840378684 0.0050320142011 0.484385088226 -44.8635126302 -0.00718474645474 0.999970898867 0.00258809014603 -0.315081194634 -0.484357927364 -0.00574435185383 0.874850988825 72.3291233107
0.875896091415 0.00525598565109 0.482471147654 -44.4690946427 -0.00808498138848 0.999960205051 0.00378431171058 -0.323675779976 -0.482432040082 -0.00721543526937 0.875903621285 73.0495420803
0.876953162915 0.00392815525063 0.480559789664 -44.0694513683 -0.00729312973432 0.999960248019 0.00513512793159 -0.332663725452 -0.480520467719 -0.00800805678235 0.876946930627 73.7804378284
0.877895610703 0.00167021861725 0.478849140426 -43.6639461734 -0.005295904721 0.999966623468 0.00622133508002 -0.335297924485 -0.478822772979 -0.00799762152693 0.877875098109 74.5143509603
0.87843595384 -0.000737365343725 0.477859523261 -43.2584819432 -0.00456687387449 0.999940224474 0.00993811994523 -0.338794683853 -0.477838236273 -0.0109123269824 0.878380056578 75.2575036852
0.87889652934 -0.00363323851314 0.47699859609 -42.8511229035 -0.0037804901198 0.999886576859 0.0145817556334 -0.345911877139 -0.476997450874 -0.0146191386846 0.878783016575 76.0076027916
0.878692955848 -0.00516901478586 0.47735944322 -42.4413993047 -0.00355678749551 0.99984278853 0.0173737608602 -0.351279504548 -0.477374172069 -0.016964068799 0.878536349848 76.7606091032
0.877684478298 -0.00201897437511 0.47923464611 -42.0323964413 -0.00713949423174 0.99982510185 0.0172876463988 -0.354795432973 -0.479185731391 -0.0185945910927 0.877516453988 77.5206278656
0.876787311852 -0.00135630670033 0.480876396929 -41.620075942 -0.00729080400519 0.999843570182 0.0161134526261 -0.356733762306 -0.4808230411 -0.0176340479782 0.87664024178 78.2794974752
0.876020332959 -0.00216787900887 0.482269384022 -41.2012261399 -0.00514507574776 0.999891015131 0.0138404595808 -0.360838540639 -0.482246811109 -0.0146058345477 0.875913621394 79.0379304236
0.875243084853 -0.00475979026151 0.48365993603 -40.7746713017 -0.00118085374223 0.999927546867 0.0119773641788 -0.366205076144 -0.483681959718 -0.0110542328906 0.875173956975 79.7972346164
0.874308596182 -0.00598928171918 0.485333532483 -40.3497195812 0.000235916179243 0.999928987393 0.0119146832116 -0.369584577224 -0.48537041836 -0.010302614146 0.874247879718 80.5596064082
0.873775600854 -0.00874805742655 0.486250666774 -39.9226299278 0.00207865885483 0.99989622939 0.0142537031878 -0.377672399703 -0.486324949114 -0.0114437923943 0.873703035536 81.3283868492
0.873444207286 -0.0129810743245 0.486751240074 -39.4911576341 0.00538736713147 0.999841080516 0.0169972829005 -0.383508328132 -0.486894525338 -0.0122238711719 0.873375199731 82.0948182526
0.873010549047 -0.0140878285058 0.487497812029 -39.0648094571 0.00644227338073 0.999828631157 0.0173564679028 -0.388120915547 -0.487658756918 -0.012011784469 0.872951658007 82.8595700871
0.872510636458 -0.011240739911 0.488465790343 -38.6448762347 0.00454743456603 0.999878904626 0.014886798762 -0.392767361985 -0.488573970496 -0.0107676249556 0.872455948368 83.6214034322
0.872172076532 -0.00575583117414 0.489165378738 -38.231226761 0.00150501408937 0.999957605378 0.00908272294691 -0.399534729354 -0.489196912607 -0.00718549670288 0.872143742641 84.3765914511
0.871657014659 -0.00137828571055 0.490114399832 -37.8154460885 -0.000559507881382 0.999992646901 0.00380722068674 -0.410438647734 -0.490115988182 -0.00359281783675 0.87164979142 85.1310897635
0.871267057343 0.00617283109059 0.490770345384 -37.4051666058 -0.00556506762765 0.999980890765 -0.0026979188716 -0.428506814052 -0.49077760919 -0.000380566682213 0.871284720509 85.8814371109
0.870745866116 0.00719838863373 0.491680670893 -36.9889068127 -0.00627695144571 0.999974149748 -0.00352379930816 -0.446016764025 -0.491693284826 -1.79209037306e-05 0.870768460565 86.6294294279
0.870697364377 0.00141351805171 0.491817186859 -36.5713929904 -0.00242562591939 0.999996027029 0.00142019461031 -0.460265801174 -0.491813260354 -0.00242952443639 0.870697270783 87.3743116327
0.870966342253 -0.00480329106112 0.491319252433 -36.1535585846 -0.0013861182028 0.999924223727 0.0122327565094 -0.475068914418 -0.491340807012 -0.011335346313 0.870893585457 88.1246024986
0.871581610609 -0.00852229395412 0.490176272772 -35.7420579422 -0.00214195948621 0.999773143377 0.0211908408748 -0.489090251687 -0.490245673713 -0.0195194813315 0.871365586769 88.8725790317
0.872827934588 -0.00993077498559 0.487927040024 -35.3321521723 0.00170951444379 0.999849013249 0.0172918585961 -0.496626587467 -0.488025070921 -0.014258698739 0.872713120826 89.6029487582
0.87386153912 -0.0134247672367 0.485989457211 -34.9249850008 0.00761863333595 0.999874139478 0.0139209692969 -0.502950216835 -0.486115136299 -0.00846242524605 0.873853747481 90.3281471373
0.875142391605 -0.0133504398568 0.483681218596 -34.5231472873 0.00802480777008 0.99988230186 0.0130789000135 -0.512561716759 -0.483798858422 -0.0075644524437 0.875146490906 91.0569539817
0.87637273572 -0.0106711757583 0.481515261699 -34.1301618732 0.00649940035899 0.999925502863 0.0103308875411 -0.524965313025 -0.481589629192 -0.00592414675907 0.876376778862 91.7842571466
0.878063685027 -0.00725892631327 0.478488792578 -33.7441365033 0.00441397432079 0.999965239107 0.00707000735083 -0.537789395589 -0.478523506222 -0.00409587891446 0.878065163469 92.5096036909
0.879988875421 -0.00475274486618 0.474970537061 -33.3563679729 0.00358812827495 0.999987916898 0.00335846175808 -0.55115523988 -0.474980782074 -0.00125115558851 0.879995211713 93.2293162013
0.881510209341 -0.00129445455749 0.472163244593 -32.9749895552 0.00205999424232 0.999997288075 -0.0011044141233 -0.570285926948 -0.472160562506 0.00194620182489 0.881510373537 93.9463729645
0.882931795161 0.00315495206053 0.46949071695 -32.5991606078 -0.00338150403627 0.999994239585 -0.000360592882063 -0.590594742412 -0.469489187565 -0.00126921658663 0.88293724173 94.6675331649
0.884601046843 0.00497500249881 0.466322017263 -32.2235990361 -0.00610096509107 0.999981018657 0.000904966475401 -0.606915461732 -0.466308673856 -0.00364555480143 0.884614477713 95.387515889
0.886447716702 0.00514824970622 0.462800103419 -31.8519585339 -0.00902876172343 0.999940226518 0.00617022297791 -0.625010029871 -0.462740689893 -0.00964809445111 0.886441111148 96.1086520964
0.888307129425 0.00229726912703 0.459244043489 -31.4845266172 -0.00934487942942 0.999870852274 0.0130739730628 -0.637558944685 -0.459154759179 -0.0159052819224 0.888213900507 96.8297265854
0.890585284578 -1.14778210578e-05 0.454816217044 -31.1217563335 -0.00829159380497 0.999833452029 0.0162611668216 -0.647076592735 -0.45474068626 -0.0182531071081 0.890436806159 97.5445793132
0.89353901821 -0.000623260592231 0.448985083553 -30.7686167835 -0.00769369094399 0.999830966565 0.0166993629178 -0.654377220001 -0.448919622243 -0.0183758826738 0.893383174389 98.256532408
0.89627670832 -0.00480180186117 0.443469312081 -30.4160955664 -0.00462996109872 0.999785649257 0.0201828884531 -0.65877218357 -0.443471175311 -0.0201426935783 0.896062203779 98.9711677677
0.899140212555 -0.00459824987373 0.4376365769 -30.0749867301 -0.00469983031654 0.99978568445 0.020160720745 -0.663818707605 -0.437635461135 -0.0201841282611 0.898925864733 99.6813414682
0.901723661934 1.94340980258e-05 0.432312773816 -29.7521269697 -0.00941078758522 0.999763988004 0.0195841882472 -0.669059110577 -0.432210318105 -0.0217279276064 0.901510943851 100.392563078
0.904133244819 0.00380439463315 0.42723363433 -29.4322011467 -0.0116745660749 0.9998069864 0.0158032894273 -0.673364999052 -0.427091044433 -0.0192760449065 0.90400308589 101.100803447
0.906735831912 0.00471243738601 0.421672725903 -29.1136347739 -0.0111147674081 0.999857245699 0.0127264433558 -0.678074110671 -0.421552586858 -0.0162263184378 0.906658704309 101.803936952
0.908970562772 0.0067929855596 0.416805034917 -28.8012900936 -0.01302210722 0.999841948267 0.0121034744155 -0.684571445455 -0.416656916475 -0.0164293749745 0.908915304047 102.511552707
0.910908193519 0.00639913670722 0.412559521676 -28.5002348067 -0.0141486518845 0.999776143763 0.015732074364 -0.691674067199 -0.412366402685 -0.0201676332902 0.910794777154 103.221563878
0.913418501674 0.00476668488235 0.406993861255 -28.1989674754 -0.0143238207612 0.999688547368 0.0204387319766 -0.69823634584 -0.4067696498 -0.0244988196108 0.913202174476 103.930566262
0.916044303111 0.00310903398078 0.401065124709 -27.9039935381 -0.01349073287 0.99964302672 0.0230640265738 -0.709457515051 -0.400850209835 -0.0265383256957 0.915759145652 104.635217499
