1.000000000 0.000000000 0.000000000 0.000000000 0.000000000 1.000000000 0.000000000 0.000000000 0.000000000 0.000000000 1.000000000 0.000000000
1.000000000 0.000005866 0.000025985 -0.000110459 -0.000005868 1.000000000 0.000061637 -0.000032635 -0.000025984 -0.000061637 1.000000000 0.000050763
1.000000000 -0.000074894 0.000021169 0.000027488 0.000074894 1.000000000 0.000004879 -0.000025002 -0.000021170 -0.000004878 1.000000000 0.000216658
1.000000000 -0.000001840 0.000021470 -0.000124941 0.000001839 1.000000000 0.000062293 0.000135949 -0.000021470 -0.000062293 1.000000000 0.000114330
1.000000000 0.000085973 0.000082979 -0.000084676 -0.000085973 1.000000000 -0.000003078 -0.000175716 -0.000082979 0.000003071 1.000000000 -0.000278409
1.000000000 0.000114104 0.000094278 -0.000112058 -0.000114102 1.000000000 -0.000013848 -0.000103792 -0.000094279 0.000013837 1.000000000 -0.000507676
1.000000000 0.000047460 0.000084925 -0.000335941 -0.000047461 1.000000000 0.000015151 -0.000203094 -0.000084924 -0.000015155 1.000000000 -0.000164588
1.000000000 0.000036265 0.000062950 0.000071266 -0.000036266 1.000000000 0.000022283 -0.000112979 -0.000062949 -0.000022286 1.000000000 0.000110402
1.000000000 0.000099307 0.000063476 -0.000020726 -0.000099309 1.000000000 0.000030429 0.000043524 -0.000063473 -0.000030436 1.000000000 0.000324037
1.000000000 0.000005318 0.000015691 -0.000292615 -0.000005319 1.000000000 0.000033686 0.000068710 -0.000015690 -0.000033687 1.000000000 0.000278735
1.000000000 0.000136286 0.000094348 -0.000468297 -0.000136291 1.000000000 0.000051677 -0.000293829 -0.000094341 -0.000051690 1.000000000 0.000090095
1.000000000 0.000018300 0.000085179 -0.000471063 -0.000018302 1.000000000 0.000024807 -0.000107639 -0.000085179 -0.000024809 1.000000000 0.000020165
1.000000000 0.000006344 0.000051877 -0.000266489 -0.000006345 1.000000000 0.000024017 -0.000040758 -0.000051877 -0.000024017 1.000000000 -0.000171137
1.000000000 0.000032350 0.000026043 -0.000017824 -0.000032350 1.000000000 -0.000009682 0.000072507 -0.000026044 0.000009681 1.000000000 -0.000031738
1.000000000 0.000123699 0.000030319 0.000036165 -0.000123699 1.000000000 -0.000019856 -0.000088476 -0.000030321 0.000019853 1.000000000 -0.000345843
1.000000000 0.000117314 0.000033961 -0.000088541 -0.000117314 1.000000000 -0.000001829 0.000140609 -0.000033962 0.000001825 1.000000000 0.000613248
1.000000000 0.000126673 0.000015913 0.000159430 -0.000126673 1.000000000 0.000051623 -0.000147549 -0.000015907 -0.000051625 1.000000000 0.000041348
1.000000000 0.000009843 -0.000047780 0.000127751 -0.000009840 1.000000000 0.000069804 -0.000001346 0.000047781 -0.000069804 1.000000000 0.000596247
1.000000000 -0.000054969 -0.000037154 0.000066323 0.000054971 1.000000000 0.000033524 0.000065525 0.000037152 -0.000033526 1.000000000 0.000207721
1.000000000 -0.000100200 -0.000043900 -0.000067755 0.000100200 1.000000000 0.000005443 0.000056191 0.000043899 -0.000005448 1.000000000 0.000102102
1.000000000 0.000203538 0.000094889 -0.000192923 -0.000203497 0.999999881 -0.000430161 0.000061584 -0.000094977 0.000430141 0.999999881 0.000662987
0.999999881 0.000497828 0.000058566 -0.000266557 -0.000497865 0.999999702 0.000633989 -0.001383733 -0.000058250 -0.000634018 0.999999821 0.002811219
0.999999702 0.000785901 0.000131704 -0.000641924 -0.000785992 0.999999464 0.000692104 -0.001822990 -0.000131159 -0.000692207 0.999999762 0.002918645
0.999999821 0.000630761 -0.000022597 -0.001033146 -0.000630754 0.999999762 0.000296141 -0.001631079 0.000022783 -0.000296127 0.999999940 -0.000043603
1.000000000 0.000008556 -0.000234713 0.000790288 -0.000008517 1.000000000 0.000166179 0.000072097 0.000234715 -0.000166177 0.999999940 0.002973638
0.999999940 0.000386676 0.000024185 -0.000659685 -0.000386689 0.999999821 0.000514005 -0.001321072 -0.000023987 -0.000514014 0.999999881 0.001234838
0.999999881 0.000433855 0.000041713 -0.000921740 -0.000433874 0.999999821 0.000473885 -0.001539059 -0.000041507 -0.000473903 0.999999881 0.001290463
0.999999940 0.000413945 0.000024267 -0.000555462 -0.000413956 0.999999821 0.000461240 -0.001383915 -0.000024076 -0.000461250 0.999999881 0.000369466
0.999999881 0.000447325 0.000031094 -0.000701116 -0.000447341 0.999999762 0.000499991 -0.001550052 -0.000030871 -0.000500005 0.999999881 0.001107151
0.999999821 0.000581308 0.000034027 -0.000908699 -0.000581321 0.999999762 0.000361128 -0.000991569 -0.000033817 -0.000361148 0.999999940 0.000815023
0.999999821 0.000600376 0.000080953 -0.000813312 -0.000600410 0.999999762 0.000415554 -0.001239748 -0.000080703 -0.000415603 0.999999881 0.000738999
0.999999881 0.000521243 0.000019161 -0.000411632 -0.000521252 0.999999762 0.000430300 -0.001235041 -0.000018937 -0.000430310 0.999999881 0.001080822
0.999999881 0.000510231 0.000100680 -0.000943031 -0.000510273 0.999999762 0.000411621 -0.001513937 -0.000100469 -0.000411672 0.999999881 0.000320467
0.999999881 0.000449823 0.000012854 -0.000554954 -0.000449829 0.999999762 0.000486951 -0.001497900 -0.000012635 -0.000486957 0.999999881 0.001196519
0.999999881 0.000450206 0.000085168 -0.000713279 -0.000450250 0.999999762 0.000523375 -0.001530339 -0.000084932 -0.000523414 0.999999881 0.000467036
0.999999940 0.000366351 0.000062121 -0.000763882 -0.000366381 0.999999821 0.000490441 -0.001506122 -0.000061941 -0.000490464 0.999999881 0.000304270
0.999999881 0.000420674 0.000047954 -0.000763223 -0.000420694 0.999999821 0.000417764 -0.001079546 -0.000047778 -0.000417785 0.999999940 0.000722800
0.999999881 0.000503518 0.000047310 -0.000749298 -0.000503538 0.999999762 0.000426171 -0.001242787 -0.000047095 -0.000426195 0.999999881 0.000963021
0.999999762 0.000660213 0.000096349 -0.000791625 -0.000660252 0.999999702 0.000399364 -0.001447971 -0.000096085 -0.000399427 0.999999940 0.000839978
0.999999881 0.000439153 -0.000013548 -0.000402220 -0.000439147 0.999999821 0.000427846 -0.001417064 0.000013735 -0.000427840 0.999999881 0.000954081
0.999999940 0.000418060 0.000017700 -0.000264062 -0.000418067 0.999999821 0.000385775 -0.001262072 -0.000017538 -0.000385782 0.999999940 0.000592976
0.999999702 0.000694737 0.000240350 -0.000323832 -0.000694507 0.999999285 -0.000954086 -0.002618488 -0.000241013 0.000953919 0.999999523 0.004740187
0.999999285 0.001180872 -0.000083019 -0.002454221 -0.001180865 0.999999285 0.000085152 -0.001783716 0.000083119 -0.000085054 1.000000000 0.033633199
0.999994874 0.003195988 -0.000019787 -0.004828270 -0.003195960 0.999994040 0.001290830 -0.003493475 0.000023913 -0.001290760 0.999999166 0.072777048
0.999996245 0.002662359 -0.000663194 -0.005105823 -0.002661220 0.999994993 0.001712691 -0.003289270 0.000667751 -0.001710919 0.999998331 0.125585124
0.999999166 0.000410808 -0.001246818 -0.005880332 -0.000409797 0.999999583 0.000811039 -0.000895356 0.001247150 -0.000810527 0.999998868 0.199984670
0.999984682 0.002965909 -0.004669304 -0.010087962 -0.002952209 0.999991298 0.002938208 -0.002360821 0.004677978 -0.002924378 0.999984801 0.278352797
0.999866366 0.003986105 -0.015855186 -0.018695300 -0.003903929 0.999978781 0.005210503 -0.002845519 0.015875619 -0.005147909 0.999860704 0.364339113
0.999222755 0.003783674 -0.039237145 -0.033882193 -0.003439690 0.999955118 0.008830579 -0.001652358 0.039268795 -0.008688752 0.999190927 0.430214018
0.998347223 0.004048440 -0.057327624 -0.048704587 -0.003804111 0.999983191 0.004370469 -0.003406601 0.057344355 -0.004145165 0.998345852 0.467321068
0.996461391 0.006825701 -0.083774015 -0.069125399 -0.006776119 0.999976635 0.000876183 -0.004781030 0.083778039 -0.000305420 0.996484399 0.529061317
0.991391897 0.002902368 -0.130895734 -0.102855116 -0.002646497 0.999994218 0.002128680 -0.005838600 0.130901158 -0.001763941 0.991393864 0.616292357
0.988579333 0.002836630 -0.150674522 -0.130491287 -0.002724763 0.999995828 0.000948894 -0.006273547 0.150676578 -0.000527505 0.988582969 0.707497954
0.987385809 0.003825609 -0.158286557 -0.152538791 -0.003757629 0.999992669 0.000728748 -0.006340367 0.158288181 -0.000124773 0.987392962 0.813814163
0.987091005 0.001714939 -0.160151333 -0.171522707 -0.000922306 0.999986947 0.005023476 -0.005475567 0.160157859 -0.004810920 0.987079680 0.924130321
0.987035871 0.003252380 -0.160466805 -0.187516585 -0.002920788 0.999993086 0.002302256 -0.006821942 0.160473183 -0.001803720 0.987038553 0.997427344
0.986829758 -0.000936517 -0.161759660 -0.200199515 0.000509930 0.999996305 -0.002678657 -0.008179808 0.161761567 0.002560892 0.986826539 1.065189004
0.986472726 0.004194871 -0.163871929 -0.219873011 -0.003076398 0.999970198 0.007078474 -0.005477506 0.163896739 -0.006478587 0.986456215 1.172087073
0.986334085 0.001222502 -0.164753109 -0.242267609 0.000104264 0.999967635 0.008044165 -0.007611550 0.164757624 -0.007951411 0.986302018 1.292729497
0.986171842 0.003600895 -0.165686816 -0.263885885 -0.002695963 0.999980211 0.005686275 -0.010412859 0.165704012 -0.005160959 0.986162007 1.410112619
0.985947669 0.007025573 -0.166906759 -0.292717636 -0.005969525 0.999958873 0.006828032 -0.012028429 0.166947871 -0.005735728 0.985949039 1.554588318
0.985481262 0.006185593 -0.169671491 -0.324391574 -0.005908881 0.999980271 0.002135772 -0.012647758 0.169681355 -0.001102195 0.985498369 1.708957434
0.985184848 0.006723712 -0.171364143 -0.357105583 -0.006780243 0.999976993 0.000255390 -0.011390810 0.171361908 0.000910284 0.985207736 1.860533714
0.984920979 0.006714476 -0.172874346 -0.385747522 -0.006883162 0.999976218 -0.000376308 -0.015701929 0.172867715 0.001560556 0.984943807 2.009219646
0.984413445 0.006485181 -0.175750211 -0.412980497 -0.005654686 0.999970376 0.005225831 -0.014821269 0.175778896 -0.004150567 0.984420896 2.164611816
0.984060287 0.002261993 -0.177820653 -0.442796886 -0.001328174 0.999984682 0.005370323 -0.014833715 0.177830070 -0.005048545 0.984048247 2.323052883
0.983446896 0.003686190 -0.181159064 -0.474112689 -0.002533088 0.999975026 0.006596081 -0.017258052 0.181178853 -0.006028004 0.983431697 2.472417593
0.982739687 0.000254923 -0.184993610 -0.503668964 0.000884853 0.999981105 0.006078581 -0.019383492 0.184991658 -0.006137355 0.982720912 2.626020193
0.982375503 -0.001540046 -0.186911613 -0.536120296 0.002219860 0.999991655 0.003427841 -0.020961231 0.186904773 -0.003782344 0.982370734 2.778450012
0.981997728 0.000345809 -0.188892528 -0.571734905 0.000352159 0.999993205 0.003661479 -0.022544671 0.188892514 -0.003662084 0.981990933 2.930262566
0.981652617 -0.002817171 -0.190657288 -0.602053463 0.003896606 0.999978423 0.005286991 -0.023338344 0.190638289 -0.005932905 0.981642425 3.082816839
0.981419146 0.004397449 -0.191825733 -0.641466916 -0.004128542 0.999989867 0.001801499 -0.021926174 0.191831708 -0.000976064 0.981427372 3.234653950
0.980989158 0.002214187 -0.194049954 -0.670961261 -0.001989972 0.999997079 0.001350372 -0.023712546 0.194052383 -0.000938546 0.980990708 3.383678675
0.980374575 -0.002265730 -0.197130829 -0.703672707 0.001812382 0.999995291 -0.002480110 -0.026930111 0.197135523 0.002074161 0.980374038 3.534538031
0.979867399 -0.001947909 -0.199639902 -0.737949669 0.001462963 0.999995589 -0.002576592 -0.029368898 0.199644044 0.002232653 0.979865968 3.685419559
0.979680777 0.000881087 -0.200561106 -0.773002446 -0.000850390 0.999999583 0.000239208 -0.028167244 0.200561240 -0.000063792 0.979681194 3.834019661
0.979274988 -0.002334626 -0.202521652 -0.805852473 0.003209734 0.999986887 0.003992747 -0.027568266 0.202509671 -0.004560038 0.979269624 3.989830256
0.979382813 0.006332228 -0.201913744 -0.845376492 -0.005678883 0.999976575 0.003814892 -0.028120494 0.201933175 -0.002589595 0.979395866 4.138583183
0.979151845 0.001794979 -0.203121826 -0.879295290 -0.001444146 0.999997199 0.001875405 -0.029771192 0.203124627 -0.001542969 0.979151666 4.294038296
0.978726745 0.006237181 -0.205073267 -0.917834938 -0.005734106 0.999978900 0.003047338 -0.029786376 0.205087945 -0.001806600 0.978741884 4.447875977
0.978359878 0.000409639 -0.206910044 -0.951026618 0.002413256 0.999907434 0.013390522 -0.024247888 0.206896380 -0.013600077 0.978268325 4.605799675
0.977646172 -0.005332949 -0.210189357 -0.988978684 0.006402673 0.999969780 0.004409171 -0.034314647 0.210159481 -0.005656383 0.977650762 4.756618023
0.976916075 0.014553178 -0.213127226 -1.026916623 -0.011240290 0.999796569 0.016747732 -0.026487535 0.213327602 -0.013965517 0.976880908 4.910077572
0.976927042 -0.005041841 -0.213513777 -1.058680177 0.009935120 0.999711871 0.021851048 -0.029877279 0.213342085 -0.023468165 0.976695657 5.064686775
0.975668490 -0.003191539 -0.219227836 -1.094509363 0.007114158 0.999828398 0.017105805 -0.032247927 0.219135627 -0.018249217 0.975523710 5.209810257
0.975341916 -0.018673971 -0.219907761 -1.131825924 0.022331478 0.999650359 0.014157684 -0.033515345 0.219566494 -0.018719448 0.975417912 5.354347706
0.976501644 -0.004212882 -0.215468794 -1.167702794 0.004108973 0.999991119 -0.000930185 -0.037670016 0.215470806 0.000022972 0.976510286 5.478384495
0.975492001 0.016148366 -0.219441533 -1.205620527 -0.017812515 0.999825597 -0.005607026 -0.038892888 0.219312727 0.009378415 0.975609541 5.609249115
0.975093901 0.003037584 -0.221771687 -1.234420896 -0.006394587 0.999875546 -0.014420763 -0.035594612 0.221700281 0.015479736 0.974991977 5.755848408
0.974098146 0.014501770 -0.225660175 -1.272485971 -0.018862801 0.999674439 -0.017181456 -0.034144968 0.225337550 0.020993005 0.974054575 5.881614685
0.971749187 -0.014984060 -0.235539824 -1.282192707 0.009768255 0.999680877 -0.023295362 -0.047150582 0.235813722 0.020336434 0.971585453 5.989253998
0.973143637 -0.010189027 -0.229973078 -1.323969722 0.004417206 0.999662519 -0.025598703 -0.048416164 0.230156302 0.023895377 0.972860277 6.084907532
0.972419262 -0.007717937 -0.233111963 -1.351255417 0.001995949 0.999691129 -0.024772014 -0.055331361 0.233231157 0.023623504 0.972134352 6.187059402
0.970866919 -0.015296244 -0.239130661 -1.385707617 0.003523733 0.998763919 -0.049580675 -0.071580343 0.239593476 0.047293603 0.969720721 6.305582047
0.970641017 -0.007927605 -0.240402162 -1.421536922 -0.004752717 0.998629510 -0.052120671 -0.076877370 0.240485877 0.051733024 0.969273031 6.434484005
0.969698370 -0.020880740 -0.243411347 -1.445758939 0.007830467 0.998485327 -0.054458931 -0.083380476 0.244179800 0.050902713 0.968393087 6.558308125
0.970272124 -0.024533033 -0.240769833 -1.485712767 0.010363696 0.998148143 -0.059941046 -0.092759453 0.241794497 0.055663861 0.968729556 6.674887657
0.970558763 -0.022720773 -0.239790514 -1.515699029 0.007730871 0.997966588 -0.063269004 -0.095021121 0.240740433 0.059552498 0.968760848 6.798834801
0.970787704 -0.005896096 -0.239867657 -1.558511615 -0.001394860 0.999542475 -0.030214628 -0.100866608 0.239936054 0.029666571 0.970335305 6.956549644
0.969695985 -0.006064387 -0.244239420 -1.597813964 0.001465467 0.999818265 -0.019006873 -0.103274450 0.244310305 0.018072963 0.969528675 7.109217644
0.968558967 -0.005316720 -0.248727396 -1.641466498 0.003101239 0.999951959 -0.009298262 -0.107714891 0.248764873 0.008234552 0.968528926 7.268200874
0.966868460 -0.013116349 -0.254938006 -1.676693559 0.013151140 0.999912262 -0.001568130 -0.102067091 0.254936218 -0.001836550 0.966956139 7.406704426
0.965759814 -0.016477574 -0.258913934 -1.711133361 0.019100064 0.999788582 0.007616370 -0.109371729 0.258733690 -0.012300857 0.965870380 7.537476540
0.965892851 -0.012135220 -0.258657664 -1.748649955 0.013460577 0.999903798 0.003353552 -0.105365969 0.258592099 -0.006720854 0.965963244 7.660451889
0.964670718 -0.020836445 -0.262633383 -1.791497231 0.022122249 0.999753416 0.001939507 -0.103942998 0.262528181 -0.007681026 0.964893758 7.798439980
0.964908183 -0.016469028 -0.262070477 -1.835090160 0.016990416 0.999855638 -0.000276484 -0.103980981 0.262037188 -0.004185904 0.965048671 7.934250355
0.964305758 -0.017251518 -0.264228702 -1.866102934 0.017350933 0.999847531 -0.001957714 -0.113293990 0.264222205 -0.002696780 0.964458048 8.061791420
0.963883579 -0.017371966 -0.265756726 -1.918368936 0.017472146 0.999845386 -0.001987395 -0.107362285 0.265750140 -0.002727723 0.964038074 8.212122917
0.964154184 -0.012536749 -0.265046358 -1.960128665 0.014847141 0.999867201 0.006715235 -0.110448144 0.264927000 -0.010409703 0.964212298 8.355181694
0.963379025 -0.017107908 -0.267597109 -2.012480736 0.018755212 0.999817610 0.003600904 -0.112542838 0.267486691 -0.008487876 0.963524163 8.508965492
0.965500414 -0.006663262 -0.260316253 -2.048067808 0.008065885 0.999958158 0.004320255 -0.112539783 0.260276556 -0.006270889 0.965513766 8.651881218
0.972718775 -0.009429704 -0.231795624 -2.072508574 0.011156272 0.999918938 0.006138926 -0.110316306 0.231718943 -0.008557424 0.972745121 8.819061279
0.981614530 -0.004159998 -0.190828681 -2.091917038 0.006031068 0.999939263 0.009225227 -0.110322624 0.190778717 -0.010206517 0.981580019 8.973997116
0.987805009 -0.006193246 -0.155572951 -2.099152327 0.007794602 0.999922693 0.009685356 -0.107268199 0.155500948 -0.010779873 0.987776935 9.133831024
0.990008116 -0.005962675 -0.140884161 -2.117329836 0.007837595 0.999887884 0.012757122 -0.107864238 0.140792310 -0.013733847 0.989943862 9.292133331
0.989785492 -0.004616361 -0.142490014 -2.139429092 0.006112126 0.999930680 0.010061429 -0.106572442 0.142433688 -0.010829573 0.989745080 9.437989235
0.989619792 -0.005661809 -0.143598899 -2.165227413 0.007127156 0.999927640 0.009692102 -0.106218979 0.143533632 -0.010614947 0.989588499 9.594063759
0.988877952 -0.012835383 -0.148174509 -2.186138868 0.014401953 0.999851108 0.009504335 -0.105362922 0.148030460 -0.011532630 0.988915563 9.739417076
0.988673449 -0.014414633 -0.149388865 -2.209445477 0.016089650 0.999820471 0.010009882 -0.106324382 0.149217755 -0.012300119 0.988727868 9.883351326
0.988458574 -0.010314941 -0.151139960 -2.233480215 0.011796992 0.999890685 0.008912430 -0.110444456 0.151031509 -0.010592564 0.988472223 10.030481339
0.988109767 -0.017219158 -0.152782649 -2.265868664 0.018460967 0.999807060 0.006712978 -0.107412867 0.152637571 -0.009453675 0.988237023 10.197298050
0.987769246 -0.016222712 -0.155076727 -2.290591478 0.017746622 0.999806821 0.008447352 -0.107517399 0.154909730 -0.011096122 0.987866342 10.355052948
0.987547874 -0.018695664 -0.156203777 -2.317474127 0.019919300 0.999781907 0.006271784 -0.109787598 0.156052455 -0.009305157 0.987704933 10.506295204
0.987237453 -0.018591966 -0.158166245 -2.345694304 0.020543974 0.999731541 0.010715334 -0.108540341 0.157924563 -0.013827941 0.987354338 10.664207458
0.987460673 -0.015550590 -0.157097280 -2.374329329 0.017073130 0.999819398 0.008346821 -0.106346607 0.156939119 -0.010924300 0.987547874 10.817822456
0.987049580 -0.014312171 -0.159775734 -2.402182102 0.015878649 0.999837518 0.008531764 -0.105952404 0.159627661 -0.010958297 0.987116456 10.979599953
0.986948907 -0.014452886 -0.160383955 -2.429697037 0.016078876 0.999831617 0.008844881 -0.107635707 0.160229117 -0.011308240 0.987015069 11.130695343
0.986830890 -0.013368698 -0.161202028 -2.457917929 0.015007871 0.999847293 0.008955062 -0.105641976 0.161057681 -0.011256431 0.986880779 11.290700912
0.986311495 -0.020161672 -0.163655460 -2.486521006 0.021728607 0.999733567 0.007789996 -0.103301935 0.163454786 -0.011239368 0.986486793 11.449878693
0.986370742 -0.011599462 -0.164128661 -2.515313387 0.012941064 0.999890983 0.007107168 -0.105242670 0.164028332 -0.009134302 0.986413360 11.598392487
0.986120105 -0.016844513 -0.165176943 -2.543730259 0.018092651 0.999817967 0.006054597 -0.106107295 0.165044889 -0.008959049 0.986245394 11.751206398
0.985929012 -0.019159846 -0.166062728 -2.571785450 0.020228401 0.999784112 0.004745550 -0.104867034 0.165935948 -0.008037958 0.986103773 11.908493042
0.985538602 -0.018856648 -0.168398738 -2.601460218 0.019993555 0.999787331 0.005058132 -0.108296126 0.168267548 -0.008351874 0.985705972 12.058376312
0.985545576 -0.011034366 -0.169050723 -2.631205320 0.012507097 0.999892533 0.007649386 -0.106931597 0.168948144 -0.009653153 0.985577643 12.211862564
0.984887362 -0.017559016 -0.172303870 -2.655559063 0.018816402 0.999806881 0.005666801 -0.110369705 0.172171086 -0.008823299 0.985027552 12.359996796
0.984612763 -0.020161090 -0.173583418 -2.686560869 0.021145450 0.999769092 0.003823200 -0.109150499 0.173466265 -0.007434871 0.984811723 12.515547752
0.984411240 -0.020823490 -0.174644902 -2.716323853 0.022082599 0.999742270 0.005269188 -0.109346300 0.174490169 -0.009043661 0.984617412 12.668958664
0.984524190 -0.014268847 -0.174667045 -2.750731468 0.016014373 0.999834895 0.008588033 -0.104204290 0.174515665 -0.011252308 0.984590113 12.822040558
0.984268367 -0.013582802 -0.176157087 -2.779456615 0.015379910 0.999842644 0.008840369 -0.106501110 0.176009282 -0.011410575 0.984322369 12.979164124
0.984134197 -0.012092066 -0.177013069 -2.812268972 0.013730156 0.999873459 0.008032067 -0.105654158 0.176893547 -0.010335049 0.984175742 13.130790710
0.983557165 -0.017894998 -0.179708451 -2.839254379 0.019405169 0.999789596 0.006648872 -0.106815644 0.179551661 -0.010026817 0.983697474 13.284424782
0.983456254 -0.012870257 -0.180688128 -2.872903109 0.014368007 0.999872386 0.006982705 -0.105159879 0.180575207 -0.009463313 0.983515680 13.441133499
0.982957542 -0.018960122 -0.182852313 -2.902069807 0.020455852 0.999770939 0.006297182 -0.106021419 0.182691038 -0.009930262 0.983120203 13.595689774
0.983009100 -0.017459424 -0.182724580 -2.936547279 0.018599164 0.999816775 0.004525506 -0.106138863 0.182612091 -0.007847138 0.983153701 13.748253822
0.982578397 -0.020929677 -0.184666455 -2.965976000 0.022179114 0.999742925 0.004702632 -0.106805511 0.184520558 -0.008716443 0.982789993 13.896809578
0.982313037 -0.014016734 -0.186720729 -2.998007774 0.014954418 0.999881625 0.003614194 -0.106507368 0.186647967 -0.006342569 0.982406378 14.047585487
0.981922388 -0.015608346 -0.188639194 -3.030145168 0.016814426 0.999847114 0.004794882 -0.108874053 0.188535526 -0.007880062 0.982034743 14.200530052
0.981679976 -0.013990586 -0.190022931 -3.065088034 0.015564861 0.999855757 0.006794676 -0.103616446 0.189900458 -0.009627878 0.981756151 14.357887268
0.981526673 -0.012278454 -0.190930858 -3.099622250 0.013963575 0.999874532 0.007482852 -0.108230308 0.190815017 -0.010010696 0.981574953 14.514310837
0.981577694 -0.010998561 -0.190746456 -3.137109995 0.012931067 0.999876857 0.008889499 -0.106248319 0.190625191 -0.011192289 0.981599092 14.675379753
0.984292805 -0.008899110 -0.176319361 -3.159401894 0.010845911 0.999890387 0.010080672 -0.107717425 0.176210329 -0.011834676 0.984281421 14.824316978
0.988667667 -0.008842860 -0.149860293 -3.170989037 0.010021873 0.999924481 0.007114024 -0.108575389 0.149786055 -0.008535285 0.988681614 14.981784821
0.991712868 -0.014520390 -0.127650991 -3.180864334 0.015387991 0.999864697 0.005813063 -0.107157163 0.127549306 -0.007729182 0.991802096 15.146798134
0.992420495 -0.010147621 -0.122468784 -3.201358318 0.011297342 0.999898374 0.008697109 -0.106215179 0.122368082 -0.010014761 0.992434263 15.299806595
0.992617786 -0.010307669 -0.120845936 -3.220100880 0.010884669 0.999932289 0.004115525 -0.106567845 0.120795332 -0.005400511 0.992662728 15.430624008
0.992576897 -0.011063673 -0.121114537 -3.234734058 0.011714777 0.999920487 0.004665202 -0.107951038 0.121053293 -0.006049401 0.992627561 15.558381081
0.992974460 -0.009372610 -0.117956862 -3.258241177 0.012082744 0.999678731 0.022281528 -0.097374447 0.117710128 -0.023550231 0.992768705 15.731954575
0.992762089 -0.007882095 -0.119838789 -3.281672478 0.010613649 0.999697804 0.022172410 -0.100347929 0.119627811 -0.023283854 0.992545724 15.896327019
0.992520571 -0.013471749 -0.121331774 -3.303382158 0.014517698 0.999864638 0.007740663 -0.103429765 0.121211067 -0.009444226 0.992581844 16.040136337
0.992429674 -0.007739482 -0.122570112 -3.322529078 0.008259664 0.999958932 0.003736418 -0.104418367 0.122536160 -0.004720520 0.992452800 16.179862976
0.992151737 -0.012909284 -0.124371625 -3.345979929 0.012070413 0.999899030 -0.007496080 -0.101267986 0.124455839 0.005936033 0.992207408 16.329454422
0.991798818 -0.019378936 -0.126331255 -3.362575054 0.019303169 0.999812007 -0.001824026 -0.103170983 0.126342848 -0.000629527 0.991986454 16.488914490
0.992165744 -0.011352673 -0.124411404 -3.389675379 0.012085295 0.999913812 0.005135560 -0.102201946 0.124342375 -0.006598875 0.992217422 16.646022797
0.992598057 -0.004192365 -0.121373728 -3.415747881 0.005588307 0.999922097 0.011163077 -0.099731341 0.121317469 -0.011758721 0.992544115 16.804780960
0.992568016 -0.007575988 -0.121454991 -3.426374674 0.008425741 0.999943495 0.006484394 -0.108454853 0.121399000 -0.007459551 0.992575765 16.946674347
0.993536174 -0.006468279 -0.113331273 -3.446683168 0.007452405 0.999938071 0.008262112 -0.104289711 0.113270819 -0.009053297 0.993522882 17.110422134
0.995943725 -0.002810494 -0.089934282 -3.453855038 0.004057187 0.999898136 0.013682463 -0.101438962 0.089886673 -0.013991844 0.995853722 17.261224747
0.997969151 -0.004961989 -0.063505739 -3.447654486 0.005528323 0.999946475 0.008745223 -0.101865023 0.063458949 -0.009078543 0.997943163 17.384307861
0.998868048 -0.002117492 -0.047519557 -3.450047493 0.002314075 0.999988973 0.004082249 -0.103630140 0.047510393 -0.004187592 0.998861969 17.510160446
0.998869717 -0.001489527 -0.047508385 -3.455667496 0.001976288 0.999945998 0.010200474 -0.098769791 0.047490627 -0.010282835 0.998818755 17.678972244
0.998815596 -0.005384871 -0.048356608 -3.468078136 0.005946205 0.999916494 0.011471870 -0.101066038 0.048290797 -0.011745822 0.998764277 17.834016800
0.998709083 -0.009673805 -0.049865428 -3.479193687 0.010104177 0.999913812 0.008385818 -0.101090848 0.049780004 -0.008878842 0.998720765 17.989654541
0.999124944 -0.009427732 -0.040749319 -3.482506514 0.009678435 0.999935389 0.005959427 -0.103274524 0.040690504 -0.006348602 0.999151647 18.136283875
0.999955833 -0.006430490 -0.006850574 -3.472328186 0.006483760 0.999948680 0.007782367 -0.103270181 0.006800178 -0.007826441 0.999946237 18.283918381
0.999140561 -0.010072788 0.040208634 -3.447672367 0.009561146 0.999871135 0.012896789 -0.102424555 -0.040333357 -0.012501265 0.999108076 18.432809830
0.996736050 -0.013403985 0.079608873 -3.417710781 0.012691037 0.999874771 0.009454881 -0.100465402 -0.079725638 -0.008413701 0.996781349 18.552324295
0.994691133 -0.008856215 0.102523617 -3.398255587 0.008238463 0.999945283 0.006447335 -0.101138674 -0.102575101 -0.005568470 0.994709671 18.665586472
0.994023025 -0.013432850 0.108341046 -3.378531456 0.012072261 0.999839962 0.013204545 -0.098242804 -0.108501077 -0.011817700 0.994026065 18.816560745
0.994170129 -0.015278699 0.106734775 -3.368578434 0.013626075 0.999776006 0.016195657 -0.095617890 -0.106958315 -0.014646863 0.994155645 18.985549927
0.994220674 -0.017560450 0.105909921 -3.349901676 0.016092034 0.999762416 0.014703484 -0.096441686 -0.106142960 -0.012914201 0.994266987 19.139684677
0.994239688 -0.015929947 0.105988778 -3.336972952 0.014997880 0.999841571 0.009585318 -0.099988163 -0.106124684 -0.007940497 0.994321108 19.285896301
0.994268298 -0.012164476 0.106219232 -3.325321913 0.011322095 0.999899507 0.008530037 -0.098556243 -0.106312327 -0.007278521 0.994306147 19.434843063
0.994246483 -0.011217468 0.106527708 -3.314435959 0.010287502 0.999904037 0.009275337 -0.094127677 -0.106621541 -0.008126067 0.994266450 19.598325729
0.994415700 -0.010975515 0.104961857 -3.299608469 0.009659764 0.999868393 0.013035678 -0.090598002 -0.105091117 -0.011948976 0.994390786 19.756572723
0.994514763 -0.012154646 0.103887662 -3.298451662 0.010578969 0.999820709 0.015704721 -0.099950969 -0.104059920 -0.014519553 0.994465053 19.915523529
0.994862735 -0.013766044 0.100292474 -3.285604477 0.012361335 0.999816775 0.014614153 -0.099279732 -0.100475274 -0.013299327 0.994850636 20.071058273
0.995064616 -0.011301215 0.098583445 -3.276150227 0.010091349 0.999867618 0.012762541 -0.095365383 -0.098714627 -0.011704713 0.995046973 20.228216171
0.995240688 -0.017559547 0.095852353 -3.260845900 0.016511457 0.999795020 0.011716723 -0.096800789 -0.096038446 -0.010078297 0.995326579 20.378427505
0.995441675 -0.022927707 0.092575207 -3.245547533 0.021924093 0.999689460 0.011843677 -0.095427372 -0.092818014 -0.009760062 0.995635271 20.534500122
0.995700181 -0.019133573 0.090636902 -3.235979080 0.017854808 0.999729574 0.014898603 -0.092658676 -0.090897456 -0.013216237 0.995772541 20.690683365
0.995789230 -0.021473678 0.089121565 -3.223449230 0.020066770 0.999659956 0.016652552 -0.090754747 -0.089448847 -0.014794051 0.995881557 20.847934723
0.996017039 -0.020043746 0.086880714 -3.213166714 0.018738380 0.999699354 0.015814470 -0.090496778 -0.087171577 -0.014123478 0.996093214 20.998064041
0.996206105 -0.020074246 0.084678121 -3.204312086 0.018790901 0.999696612 0.015925553 -0.089800820 -0.084972121 -0.014273955 0.996281087 21.167200089
0.996338844 -0.018664248 0.083429962 -3.195354462 0.017574975 0.999750674 0.013771609 -0.089593448 -0.083666198 -0.012254910 0.996418476 21.321817398
0.996433794 -0.022570001 0.081303902 -3.181998014 0.021748383 0.999703228 0.010977093 -0.088815525 -0.081527524 -0.009169718 0.996628881 21.476259232
0.996542215 -0.020930953 0.080408536 -3.175458193 0.020275125 0.999754250 0.008964119 -0.086269587 -0.080576405 -0.007302830 0.996721685 21.635366440
0.996849179 -0.017744800 0.077310137 -3.166371584 0.016809301 0.999777615 0.012734639 -0.083387107 -0.077518918 -0.011394985 0.996925771 21.790863037
0.996886492 -0.022242231 0.075647749 -3.154285908 0.021476017 0.999709666 0.010927231 -0.083828792 -0.075868830 -0.009268597 0.997074723 21.943817139
0.996978462 -0.025515432 0.073368594 -3.145584583 0.024806285 0.999636471 0.010560711 -0.082360961 -0.073611386 -0.008708798 0.997248948 22.101253510
0.997265995 -0.020047335 0.071124494 -3.141002655 0.019256616 0.999745131 0.011785776 -0.080829062 -0.071342640 -0.010383937 0.997397840 22.256330490
0.997412741 -0.018866654 0.069367617 -3.132917643 0.017983958 0.999749422 0.013327510 -0.079032190 -0.069601685 -0.012045524 0.997502148 22.413169861
0.997573018 -0.015815601 0.067807749 -3.129143953 0.014849371 0.999781251 0.014730004 -0.077343650 -0.068025880 -0.013687352 0.997589648 22.570726395
0.997556448 -0.025037957 0.065224729 -3.112622976 0.024262451 0.999625504 0.012654969 -0.077220015 -0.065517157 -0.011041534 0.997790337 22.728322983
0.997628510 -0.025522294 0.063921586 -3.106490135 0.024817180 0.999622345 0.011800845 -0.075808428 -0.064198628 -0.010186506 0.997885168 22.885702133
0.997860193 -0.021455972 0.061763249 -3.101565123 0.020624138 0.999688208 0.014074323 -0.075523287 -0.062045969 -0.012770393 0.997991562 23.038860321
0.998013914 -0.021131616 0.059343923 -3.095568419 0.020459941 0.999719799 0.011903315 -0.076300494 -0.059578832 -0.010665501 0.998166621 23.193218231
0.998129547 -0.019247940 0.058025349 -3.093500614 0.018641694 0.999766052 0.010971252 -0.077477708 -0.058222946 -0.009869040 0.998254836 23.349508286
0.998208702 -0.018476343 0.056903843 -3.086565733 0.017933547 0.999788821 0.010034794 -0.078139313 -0.057077233 -0.008996331 0.998329222 23.499595642
0.998343110 -0.019112220 0.054274734 -3.082597494 0.018697158 0.999792039 0.008144987 -0.075674191 -0.054419111 -0.007116708 0.998492837 23.660425186
0.998358846 -0.020911191 0.053314053 -3.076937437 0.020422973 0.999744534 0.009685858 -0.073106155 -0.053502973 -0.008581130 0.998530805 23.821323395
0.998463094 -0.021660414 0.051012121 -3.072737694 0.021055730 0.999701858 0.012361508 -0.071840525 -0.051264666 -0.011268412 0.998621523 23.980531693
0.997455537 -0.022610258 0.067610472 -3.057193041 0.021870133 0.999692738 0.011667223 -0.070326708 -0.067853495 -0.010158886 0.997643590 24.137092590
0.995031595 -0.016449558 0.098191068 -3.034199476 0.015227405 0.999797165 0.013183176 -0.069854066 -0.098388001 -0.011622481 0.995080233 24.294996262
0.991842151 -0.021304842 0.125679165 -3.003014565 0.020360712 0.999754012 0.008792150 -0.068665661 -0.125835568 -0.006161508 0.992031991 24.455568314
0.990340829 -0.014250038 0.137920320 -2.983251810 0.012974344 0.999864399 0.010144142 -0.066432200 -0.138046175 -0.008256732 0.990391374 24.610372543
0.990682423 -0.016352467 0.135206833 -2.964438200 0.014804345 0.999812901 0.012447622 -0.066466197 -0.135385081 -0.010329993 0.990739226 24.762798309
0.990093410 -0.022061234 0.138666317 -2.939718008 0.020829281 0.999729693 0.010329388 -0.065352395 -0.138856724 -0.007338739 0.990285277 24.917285919
0.986251295 -0.016097177 0.164466783 -2.908947945 0.013906056 0.999798656 0.014465361 -0.064792231 -0.164666519 -0.011979396 0.986276567 25.075521469
0.974956512 -0.012591521 0.222038954 -2.847042322 0.008646094 0.999787152 0.018732188 -0.058817986 -0.222227558 -0.016343299 0.974857867 25.236202240
0.954336286 -0.014513607 0.298381686 -2.765751839 0.008933400 0.999758899 0.020056996 -0.057841644 -0.298600852 -0.016475558 0.954235852 25.384986877
0.926223874 -0.023554549 0.376237333 -2.666342497 0.017383698 0.999653041 0.019788520 -0.058707952 -0.376572907 -0.011788205 0.926311970 25.523921967
0.898044229 -0.026773857 0.439089656 -2.564690590 0.020639066 0.999611318 0.018740268 -0.057782054 -0.439420760 -0.007767189 0.898247778 25.658107758
0.881424487 -0.023893256 0.471720248 -2.476638794 0.014528782 0.999618649 0.023484509 -0.053805500 -0.472101450 -0.013846302 0.881435454 25.793832779
0.878332138 -0.021299237 0.477576226 -2.384041786 0.011708266 0.999665737 0.023050508 -0.048976824 -0.477907538 -0.014654415 0.878287911 25.919015884
0.878940940 -0.026040668 0.476219147 -2.324652195 0.017217131 0.999589920 0.022882629 -0.048288092 -0.476619720 -0.011913354 0.879028857 26.064619064
0.876424551 -0.024863593 0.480896950 -2.255235910 0.016109988 0.999621034 0.022322834 -0.045687720 -0.481269717 -0.011817035 0.876492918 26.203605652
0.862015367 -0.024518218 0.506288886 -2.170670509 0.015936941 0.999646604 0.021275731 -0.044843003 -0.506631613 -0.010271313 0.862101436 26.326728821
0.830331504 -0.021980984 0.556836128 -2.064028502 0.013112832 0.999715805 0.019910237 -0.042681709 -0.557115495 -0.009230400 0.830383718 26.445234299
0.786593080 -0.021029636 0.617113531 -1.938159227 0.009487284 0.999713480 0.021974854 -0.039781243 -0.617398858 -0.011430538 0.786567211 26.559083939
0.738873124 -0.025652649 0.673356116 -1.800295353 0.012833892 0.999629557 0.023999972 -0.035814971 -0.673722386 -0.009091157 0.738928676 26.659881592
0.702057719 -0.029961413 0.711489499 -1.666195869 0.016158637 0.999527514 0.026146503 -0.032483190 -0.711936712 -0.006859657 0.702210188 26.755046844
0.684747338 -0.000800940 0.728780091 -1.457620621 -0.012288704 0.999844551 0.012645067 0.025627106 -0.728676915 -0.017614439 0.684631050 26.826934814
0.685482919 -0.023226857 0.727718174 -1.438207150 0.005626484 0.999630153 0.026605641 -0.025705010 -0.728066981 -0.014143219 0.685360074 26.964765549
0.689639747 -0.025364611 0.723708332 -1.326823235 0.008688425 0.999604285 0.026754832 -0.022190124 -0.724100590 -0.012163313 0.689587235 27.073776245
0.690416873 -0.024167173 0.723007977 -1.217507362 0.006347042 0.999605715 0.027351759 -0.018511921 -0.723383904 -0.014295155 0.690298021 27.185897827
0.692466140 -0.024399517 0.721037686 -1.105650902 0.007782191 0.999622405 0.026352854 -0.012152463 -0.721408427 -0.012637209 0.692394614 27.297718048
0.685536146 -0.021731360 0.727714241 -0.989480972 0.004393001 0.999659717 0.025713947 -0.012916774 -0.728025377 -0.014430992 0.685398340 27.399341583
0.658226967 -0.019109743 0.752577007 -0.865408897 0.005111140 0.999768198 0.020916162 -0.014630169 -0.752802193 -0.009921056 0.658172011 27.486907959
0.605219364 -0.009362571 0.796003759 -0.673642159 0.002284362 0.999947131 0.010024497 0.002234012 -0.796055496 -0.004248661 0.605208755 27.633064270
0.530810773 0.001786490 0.847488523 -0.536530495 0.003473023 0.999984801 -0.004283221 -0.025502032 -0.847483277 0.005216928 0.530796528 27.622920990
0.450586855 0.009026848 0.892687082 -0.361345291 0.009981457 0.999835432 -0.015148510 -0.028830752 -0.892676890 0.015736036 0.450422645 27.670236588
0.379261315 0.022966325 0.925004601 -0.171878815 0.003401926 0.999650538 -0.026214486 -0.024870247 -0.925283372 0.013088940 0.379050612 27.713806152
0.343391478 0.030222548 0.938706040 -0.013143539 0.003979323 0.999426305 -0.033633195 -0.011216998 -0.939184010 0.015284769 0.343074203 27.784559250
0.332191885 0.034434088 0.942583025 0.152151108 0.003512900 0.999281287 -0.037743408 -0.014965773 -0.943205237 0.015849253 0.331832170 27.835233688
0.335402131 0.036267925 0.941376686 0.292221069 0.007986096 0.999113321 -0.041337673 -0.021072567 -0.942041218 0.021382669 0.334815145 27.884864807
0.335051239 0.042556293 0.941238403 0.433776855 0.006414430 0.998853266 -0.047444578 -0.028716385 -0.942178130 0.021933878 0.334394097 27.940349579
0.335545361 0.046584122 0.940871656 0.571937561 0.005181408 0.998670161 -0.051293693 -0.038471401 -0.942009926 0.022086404 0.334857762 27.990905762
0.335949540 0.048242450 0.940643728 0.722585678 0.004294530 0.998598576 -0.052748546 -0.047604442 -0.941870213 0.021760473 0.335271597 28.050777435
0.340102434 0.047497220 0.939188123 0.861011505 0.008085507 0.998539031 -0.053426709 -0.066727817 -0.940353632 0.025764365 0.339221537 28.097124100
0.348853946 0.047296897 0.935982823 1.002791405 0.004359680 0.998633027 -0.052087635 -0.072256923 -0.937166870 0.022251559 0.348170877 28.161489487
0.357281148 0.048211180 0.932751715 1.151723862 0.006749308 0.998507559 -0.054195158 -0.086605132 -0.933972478 0.025658337 0.356422544 28.217250824
0.359255791 0.051802762 0.931800246 1.297634125 0.006102798 0.998306453 -0.057853058 -0.088580072 -0.933219135 0.026470637 0.358331263 28.276466370
0.362464845 0.053658586 0.930451512 1.439875603 0.003905619 0.998245060 -0.059089668 -0.096724093 -0.931989253 0.025051918 0.361619174 28.337499619
0.366232097 0.054178674 0.928944945 1.589304924 0.006576443 0.998127937 -0.060806349 -0.104036689 -0.930500269 0.028378388 0.365190208 28.393426895
0.368447661 0.054770984 0.928033650 1.735452652 0.006065185 0.998100102 -0.061314184 -0.113588035 -0.929628670 0.028219765 0.367415488 28.455326080
0.371474385 0.052896891 0.926935136 1.885492325 0.004672496 0.998256505 -0.058839481 -0.123093009 -0.928431451 0.026188463 0.370579541 28.517616272
0.374165535 0.055237588 0.925715327 2.029129028 0.003549438 0.998131871 -0.060993340 -0.135610878 -0.927355051 0.026107371 0.373270512 28.585639954
0.379559934 0.053726241 0.923605859 2.172047615 0.010629586 0.997993290 -0.062421642 -0.144214630 -0.925106108 0.033510305 0.378227174 28.636657715
0.383142769 0.051980063 0.922225356 2.315138817 0.014257887 0.997963548 -0.062172454 -0.173119724 -0.923579037 0.036969911 0.381621420 28.709102631
0.386512101 0.047072928 0.921082318 2.458781242 0.017462736 0.998144090 -0.058339119 -0.183317244 -0.922119021 0.038633395 0.384972751 28.772886276
0.389439940 0.046986144 0.919852674 2.599785805 0.011666335 0.998366177 -0.055935830 -0.191564739 -0.920978010 0.032514960 0.388255537 28.836151123
0.392136276 0.046097040 0.918751538 2.765236855 0.014061874 0.998326600 -0.056091428 -0.194748580 -0.919799745 0.034914855 0.390831828 28.899906158
0.394330561 0.048493780 0.917688370 2.908751488 0.015835384 0.998099864 -0.059547469 -0.212453902 -0.918832302 0.038013339 0.392813325 28.976634979
0.395796537 0.051331118 0.916902483 3.042320251 0.015012870 0.997941494 -0.062348500 -0.225281775 -0.918215513 0.038442656 0.394211173 29.040962219
0.397518337 0.051757023 0.916133404 3.203406334 0.013012917 0.997989595 -0.062027916 -0.238306642 -0.917501986 0.036578804 0.396045685 29.108909607
0.400073409 0.048636816 0.915191770 3.350126266 0.012238429 0.998218298 -0.058399171 -0.246177673 -0.916401505 0.034564465 0.398765326 29.173797607
0.401775539 0.045564588 0.914603949 3.499320030 0.010377677 0.998470664 -0.054301541 -0.252182424 -0.915679455 0.031308498 0.400688231 29.246734619
