1.000000000 0.000000000 0.000000000 0.000000000 0.000000000 1.000000000 0.000000000 0.000000000 0.000000000 0.000000000 1.000000000 0.000000000
0.999999166 -0.000404497 -0.001206046 0.001128446 0.000407768 0.999996245 0.002713095 -0.000060641 0.001204944 -0.002713585 0.999995589 0.044333898
0.999990702 -0.003810017 -0.002019842 0.001898633 0.003810031 0.999992728 0.000003322 -0.001551122 0.002019815 -0.000011018 0.999997973 0.057914354
0.999998093 -0.001284175 -0.001479322 -0.000660366 0.001281760 0.999997854 -0.001631883 -0.002015417 0.001481415 0.001629983 0.999997556 0.053792935
0.999995589 -0.002570843 -0.001484171 0.000755752 0.002567237 0.999993742 -0.002425966 -0.001905935 0.001490399 0.002422145 0.999995947 0.048287764
0.999999046 -0.001087885 -0.000843253 0.000521022 0.001085193 0.999994338 -0.003185592 -0.001981981 0.000846714 0.003184674 0.999994576 0.047320154
0.999996006 -0.002525338 -0.001254138 0.000962462 0.002519596 0.999986410 -0.004558407 -0.002380972 0.001265632 0.004555229 0.999988794 0.055094909
0.999985635 -0.004911358 -0.002146270 0.002267547 0.004900171 0.999974549 -0.005186659 -0.003724319 0.002171689 0.005176067 0.999984264 0.071039774
0.999975860 -0.006324443 -0.002882696 0.001104158 0.006302732 0.999952137 -0.007479368 -0.005178144 0.002929861 0.007461019 0.999967873 0.142761722
0.999957323 -0.008485644 -0.003656552 0.001147713 0.008457187 0.999934375 -0.007729068 -0.005710208 0.003721898 0.007697814 0.999963462 0.202365726
0.999942064 -0.009400968 -0.005241798 -0.001540332 0.009380055 0.999948025 -0.004000072 -0.004674174 0.005279130 0.003950672 0.999978244 0.279949427
0.999954641 -0.007096121 -0.006350221 -0.004842886 0.007083276 0.999972820 -0.002042816 -0.004425542 0.006364545 0.001997743 0.999977767 0.371077836
0.999963582 -0.004190526 -0.007437672 -0.007680496 0.004197862 0.999990702 0.000971066 -0.006305242 0.007433534 -0.001002253 0.999971867 0.469992161
0.999957383 -0.002368686 -0.008920870 -0.013118061 0.002397072 0.999992073 0.003172585 -0.003351362 0.008913284 -0.003193834 0.999955177 0.597562790
0.999934733 -0.003777327 -0.010784841 -0.015139156 0.003830482 0.999980569 0.004912348 -0.003490213 0.010766076 -0.004953338 0.999929786 0.729294598
0.999882638 -0.006630880 -0.013812860 -0.019288158 0.006792756 0.999908388 0.011705459 -0.004274344 0.013733978 -0.011797912 0.999836087 0.875259697
0.999875128 -0.003542321 -0.015402278 -0.027430339 0.003730458 0.999918580 0.012203339 -0.002732058 0.015357796 -0.012259273 0.999806881 1.030973077
0.999960661 0.001197532 -0.008788091 -0.030114330 -0.001052201 0.999862909 0.016523240 -0.001936322 0.008806673 -0.016513344 0.999824882 1.178102016
0.999957502 -0.003187947 0.008650923 -0.019126642 0.003045481 0.999860346 0.016431853 -0.001903494 -0.008702098 -0.016404809 0.999827564 1.295665503
0.999120593 0.000246339 0.041927833 -0.002715987 -0.000704522 0.999940217 0.010913474 -0.003755374 -0.041922640 -0.010933416 0.999061048 1.406057000
0.995546520 0.000622410 0.094269387 0.032958563 -0.001715985 0.999932170 0.011519914 -0.003509158 -0.094255820 -0.011630375 0.995480061 1.548307419
0.986662805 -0.009872658 0.162477940 0.093629554 0.007850593 0.999883592 0.013082521 -0.001368822 -0.162588179 -0.011632489 0.986625433 1.709503174
0.976219773 -0.006839446 0.216675401 0.145655274 0.004044383 0.999902844 0.013340574 -0.000121886 -0.216745600 -0.012147013 0.976152539 1.841417074
0.970019281 -0.005263288 0.242971048 0.190882787 0.002480650 0.999927819 0.011757080 -0.000267527 -0.243015394 -0.010801868 0.969962299 1.959686995
0.962191939 -0.003259449 0.272352755 0.236138821 0.001715646 0.999981105 0.005906332 -0.001942355 -0.272366852 -0.005215765 0.962179363 2.070329428
0.946889043 -0.008058222 0.321459591 0.307861567 0.004463176 0.999918997 0.011918875 0.001339023 -0.321529597 -0.009851121 0.946848273 2.212500095
0.922851205 -0.013075498 0.384934753 0.379070103 0.008395496 0.999869049 0.013836092 -0.000359789 -0.385065228 -0.009536937 0.922840118 2.327257395
0.898082614 -0.010794039 0.439694434 0.466140389 0.004753958 0.999878645 0.014835947 0.001595570 -0.439801216 -0.011233618 0.898024917 2.442040920
0.874290049 -0.009015149 0.485320151 0.548406899 0.001941635 0.999884486 0.015075731 0.006293302 -0.485399991 -0.012238247 0.874206543 2.560231447
0.848502755 -0.010178806 0.529093146 0.636045098 0.003007255 0.999891579 0.014413416 0.002997889 -0.529182494 -0.010638705 0.848441362 2.641062021
0.821760774 -0.011749734 0.569711447 0.727108717 0.004855184 0.999895453 0.013618659 0.003172682 -0.569811940 -0.008425226 0.821731925 2.737535000
0.795110345 -0.014274972 0.606296778 0.820756853 0.005275449 0.999847889 0.016622616 0.006975735 -0.606441855 -0.010018326 0.795064688 2.825912476
0.775725543 -0.012743860 0.630941749 0.892209589 0.003818479 0.999872565 0.015500870 0.003879600 -0.631058872 -0.009615184 0.775675356 2.891235352
0.764019787 -0.009257274 0.645126402 0.952627540 0.002252809 0.999929249 0.011680546 0.005205121 -0.645188928 -0.007470822 0.763986588 2.948118687
0.747465014 -0.009966231 0.664226472 1.029453158 0.002186445 0.999918938 0.012542610 0.003546058 -0.664297640 -0.007922868 0.747426212 3.021099329
0.723839164 -0.012014203 0.689864159 1.129741549 0.002080241 0.999881864 0.015230570 0.006742284 -0.689965606 -0.009589399 0.723778605 3.102496624
0.695490360 -0.008463114 0.718485534 1.233262539 -0.001080750 0.999917209 0.012824285 0.007558384 -0.718534589 -0.009695671 0.695423663 3.181729794
0.664704919 -0.014384401 0.746967554 1.350747824 0.005685199 0.999883056 0.014195717 0.007638631 -0.747084439 -0.005189304 0.664708972 3.260306358
0.630683661 -0.011287204 0.775958002 1.475926161 -0.004268241 0.999828637 0.018012807 0.011404685 -0.776028335 -0.014672359 0.630527377 3.342197180
0.599111795 -0.019862529 0.800419033 1.595701933 0.004038357 0.999754488 0.021786373 0.011231272 -0.800655246 -0.009820096 0.599044919 3.405139923
0.573833108 -0.017206179 0.818791509 1.689758062 0.000027923 0.999779701 0.020989917 0.012303703 -0.818972290 -0.012021845 0.573707104 3.455563545
0.557614803 -0.016454585 0.829936743 1.766021013 0.002036585 0.999827623 0.018454561 0.013048917 -0.830097318 -0.008600300 0.557552218 3.493093491
0.546441793 -0.011107323 0.837423503 1.845596313 -0.000317260 0.999909222 0.013469505 0.014539680 -0.837497115 -0.007625982 0.546388686 3.543884993
0.537623823 -0.016311532 0.843027055 1.956588745 -0.001957601 0.999786019 0.020593045 0.018255038 -0.843182564 -0.012721622 0.537476838 3.611467361
0.520381689 -0.022309201 0.853642344 2.064942360 -0.003036335 0.999604046 0.027974738 0.020110000 -0.853928387 -0.017149486 0.520107865 3.667064190
0.503830791 -0.020150527 0.863567412 2.149879456 -0.004801912 0.999647081 0.026127400 0.022066934 -0.863789082 -0.017310565 0.503556252 3.708399296
0.494144320 -0.020138776 0.869146645 2.213486195 -0.004018160 0.999668062 0.025447540 0.023333466 -0.869370639 -0.016067130 0.493899405 3.739858150
0.493262708 -0.020573758 0.869637072 2.261714935 -0.005926871 0.999617577 0.027010573 0.024343200 -0.869860232 -0.018477537 0.492952168 3.766940117
0.492857873 -0.019002512 0.869902313 2.291951656 -0.005900482 0.999665499 0.025180131 0.026619079 -0.870089829 -0.017543068 0.492580891 3.783492804
0.491682529 -0.014971821 0.870645821 2.320124626 -0.005265347 0.999782801 0.020166004 0.026539056 -0.870758653 -0.014499525 0.491496921 3.799224615
0.487304211 -0.017148338 0.873063922 2.378106356 -0.008467406 0.999667346 0.024361150 0.027699832 -0.873191297 -0.019263880 0.486996949 3.831972122
0.475869477 -0.020718679 0.879271865 2.452353001 -0.004169007 0.999658108 0.025811700 0.026234848 -0.879506052 -0.015948692 0.475620449 3.862764120
0.453899682 -0.018167872 0.890867591 2.535053492 -0.007263314 0.999683440 0.024087686 0.027884018 -0.891023278 -0.017404046 0.453624070 3.894239426
0.423687041 -0.020996625 0.905565321 2.643615246 -0.001730632 0.999710739 0.023989214 0.027527748 -0.905807078 -0.011731121 0.423528135 3.925646544
0.388924956 -0.019968854 0.921052992 2.768182278 -0.001606131 0.999748826 0.022353223 0.029707972 -0.921268046 -0.010173058 0.388795197 3.954731226
0.350046456 -0.021982413 0.936474383 2.894768953 -0.001439423 0.999710798 0.024004843 0.023697071 -0.936731219 -0.009750792 0.349913538 3.987450838
0.308055997 -0.020659966 0.951143861 3.062135696 -0.001696210 0.999750674 0.022265133 0.033993803 -0.951366723 -0.008472247 0.307944119 4.014288425
0.287277341 -0.021898270 0.957597077 3.222507954 -0.007673623 0.999653935 0.025162095 0.037888393 -0.957816720 -0.014576738 0.287009835 4.055413723
0.285893321 -0.020998441 0.958031476 3.370266438 -0.007096734 0.999686062 0.024029233 0.038330726 -0.958235264 -0.013668693 0.285654545 4.102551460
0.288178563 -0.019056043 0.957387030 3.520477772 -0.006593017 0.999738812 0.021883553 0.040052850 -0.957553983 -0.012618440 0.287977636 4.149975777
0.289784610 -0.015358127 0.956968606 3.669585228 -0.006094894 0.999821365 0.017891483 0.039780118 -0.957072437 -0.011017298 0.289639235 4.196819782
0.291325390 -0.015517166 0.956498206 3.820645809 -0.002045946 0.999856055 0.016843701 0.043049455 -0.956621885 -0.006863941 0.291251659 4.250638008
0.292391539 -0.016160984 0.956162155 3.965989828 -0.004808661 0.999819696 0.018369354 0.044535030 -0.956286609 -0.009968903 0.292261064 4.297490120
0.292678595 -0.015912043 0.956078589 4.112645149 -0.008700209 0.999775827 0.019302644 0.048923388 -0.956171393 -0.013967556 0.292474568 4.348622322
0.294234335 -0.014546047 0.955622733 4.254750252 -0.007488624 0.999818385 0.017524509 0.049527042 -0.955704093 -0.012312612 0.294071972 4.394021988
0.296619952 -0.015298911 0.954873085 4.414714336 -0.006627951 0.999814630 0.018077856 0.054781519 -0.954972625 -0.011691106 0.296463549 4.451440811
0.299916804 -0.017856857 0.953798294 4.546773911 -0.002049375 0.999810398 0.019362707 0.055076428 -0.953963220 -0.007761892 0.299823344 4.493897438
0.301475286 -0.014519056 0.953363538 4.666744232 0.001773676 0.999890864 0.014666759 0.057787761 -0.953472435 -0.002730709 0.301468194 4.532444954
0.303521156 -0.014515992 0.952714205 4.798837662 -0.000143630 0.999883235 0.015280441 0.053468790 -0.952824771 -0.004774776 0.303483665 4.577767372
0.306218326 -0.017022988 0.951809049 4.949062824 0.002777966 0.999851823 0.016988492 0.057558618 -0.951957226 -0.002558094 0.306220233 4.618226051
0.307425797 -0.015971107 0.951438010 5.070721626 -0.000886107 0.999853909 0.017070146 0.058636118 -0.951571584 -0.006090878 0.307366729 4.657255650
0.303722441 -0.014507957 0.952650130 5.181101799 -0.001028386 0.999878466 0.015555068 0.058018707 -0.952760041 -0.005704117 0.303670645 4.696071625
0.282639802 -0.015341590 0.959103405 5.223267555 -0.000393956 0.999870181 0.016109779 0.054765634 -0.959226012 -0.004931110 0.282597065 4.697151184
0.246177793 -0.017615190 0.969064713 5.261131287 -0.000434707 0.999832749 0.018284909 0.052580923 -0.969224691 -0.004922599 0.246128976 4.719182968
0.205001175 -0.015368992 0.978641093 5.487312317 -0.002561026 0.999864876 0.016238771 0.059723858 -0.978758395 -0.005835292 0.204934120 4.720360756
0.177802682 -0.016239882 0.983932078 5.657047272 0.004884266 0.999866068 0.015620256 0.095744222 -0.984053969 0.002028464 0.177858174 4.794800282
0.170842111 -0.015897974 0.985170245 5.775863647 0.000145866 0.999870241 0.016109899 0.097661674 -0.985298514 -0.002608548 0.170822263 4.811746120
0.171661198 -0.014670390 0.985046864 5.899100304 0.001262254 0.999891579 0.014671504 0.097781502 -0.985155284 -0.001275151 0.171661139 4.837664604
0.169679821 -0.017957278 0.985335708 6.029883385 -0.002697373 0.999821782 0.018685782 0.103781283 -0.985495627 -0.005828418 0.169601142 4.865873337
0.152626574 -0.019858040 0.988084376 6.157723427 -0.002594619 0.999786615 0.020494010 0.103889674 -0.988280475 -0.005691634 0.152542531 4.880366802
0.133197904 -0.021636248 0.990853250 6.358820915 -0.003895620 0.999742508 0.022354031 0.078442067 -0.991081774 -0.006837497 0.133079290 4.851043701
0.123354495 -0.019352933 0.992174029 6.493330479 0.003815211 0.999811709 0.019027576 0.077154823 -0.992355406 0.001438215 0.123405099 4.860874176
0.122207701 -0.016330749 0.992370307 6.633608818 -0.000294443 0.999863982 0.016490329 0.081164718 -0.992504597 -0.002307444 0.122186244 4.881993294
0.120953739 -0.018700108 0.992482126 6.780522346 -0.000476208 0.999821305 0.018896429 0.080205202 -0.992658138 -0.002758224 0.120923221 4.898459911
0.116619229 -0.016242765 0.993043900 6.833861351 0.000593090 0.999867201 0.016284721 0.051040478 -0.993176520 -0.001310148 0.116613388 4.907970905
0.116012275 -0.012960591 0.993163288 6.963153362 -0.002008584 0.999909759 0.013283257 0.052831549 -0.993245780 -0.003535873 0.115975797 4.927145958
0.110793412 -0.017917573 0.993682027 7.125564575 -0.002502427 0.999829292 0.018307434 0.055408530 -0.993840396 -0.004514961 0.110729635 4.942023277
0.079684138 -0.021444976 0.996589422 7.338989258 -0.009030434 0.999711990 0.022234214 0.073636979 -0.996779263 -0.010771350 0.079467535 4.963782787
0.043454051 -0.020486485 0.998845339 7.419690132 -0.006057101 0.999765933 0.020768877 0.061876498 -0.999037087 -0.006952600 0.043319762 4.966080666
0.013904691 -0.019984150 0.999703705 7.431324959 -0.002567411 0.999796271 0.020021712 0.046771884 -0.999900162 -0.002845049 0.013850570 5.052737236
-0.000568748 -0.016645312 0.999861419 7.539939880 -0.005567126 0.999846041 0.016641892 0.050510541 -0.999984443 -0.005556891 -0.000661254 5.047354698
-0.001867056 -0.016247375 0.999866307 7.808226585 -0.003432696 0.999862194 0.016240899 0.078686580 -0.999992430 -0.003401915 -0.001922607 4.943722248
0.000911772 -0.019889399 0.999801993 7.951823711 -0.006106863 0.999783456 0.019894606 0.080385007 -0.999981165 -0.006123795 0.000790119 4.945152283
0.001763463 -0.017013580 0.999853730 8.152430534 -0.004168670 0.999846458 0.017020810 0.099540353 -0.999989808 -0.004198076 0.001692295 4.942066193
0.003432870 -0.019964768 0.999794841 8.319644928 -0.003726044 0.999793470 0.019977534 0.102890871 -0.999987245 -0.003793860 0.003357768 4.942816734
0.003992796 -0.021048775 0.999770522 8.409935951 -0.000256112 0.999778390 0.021049963 0.079603672 -0.999992013 -0.000340101 0.003986478 4.961886406
0.005812287 -0.019966109 0.999783933 8.555240631 -0.000341234 0.999800563 0.019968430 0.077432759 -0.999983191 -0.000457225 0.005804300 4.956019402
0.006492019 -0.020744814 0.999763727 8.703768730 -0.002536206 0.999781251 0.020761646 0.066611029 -0.999975741 -0.002670392 0.006438017 4.979078293
0.006631732 -0.019925909 0.999779642 8.689844131 -0.002333124 0.999798417 0.019941764 0.098547064 -0.999975443 -0.002464862 0.006583929 5.062335014
0.007220328 -0.019384617 0.999786019 8.843749046 -0.003617667 0.999805033 0.019411111 0.101568364 -0.999967396 -0.003757048 0.007148743 5.067368507
0.007915556 -0.022289688 0.999720216 9.002422333 -0.010868108 0.999690592 0.022375079 0.106118917 -0.999909639 -0.011042179 0.007670879 5.074133873
0.010257959 -0.021272857 0.999721110 9.242393494 -0.005680127 0.999756336 0.021331890 0.025750607 -0.999931276 -0.005897365 0.010134637 5.035461426
0.011246443 -0.016465634 0.999801338 9.405048370 -0.005279733 0.999849498 0.016525820 0.028435051 -0.999922931 -0.005464543 0.011157811 5.039537430
0.013014317 -0.014496075 0.999810278 9.552970886 -0.003628110 0.999887645 0.014544425 0.026703589 -0.999908745 -0.003816708 0.012960255 5.042582512
0.014035940 -0.012471125 0.999823749 9.806209564 -0.007329566 0.999894083 0.012574898 0.096714288 -0.999874651 -0.007504774 0.013943017 4.993216515
0.015677452 -0.012660981 0.999796927 9.975124359 -0.003461030 0.999913156 0.012716724 0.086633436 -0.999871075 -0.003659694 0.015632272 4.995211601
0.014943898 -0.016367117 0.999754369 10.131498337 -0.012538898 0.999784350 0.016555034 0.090171739 -0.999809742 -0.012783214 0.014735460 5.004274368
0.017521262 -0.016889608 0.999703944 10.288003922 -0.011687938 0.999785542 0.017095838 0.091449775 -0.999778271 -0.011984020 0.017320156 5.007227898
0.018832564 -0.012748987 0.999741435 10.444841385 -0.006889415 0.999893308 0.012880704 0.089719072 -0.999798954 -0.007130210 0.018742681 5.009380341
0.020756602 -0.013054054 0.999699354 10.591140747 -0.007778268 0.999882400 0.013217944 0.100249998 -0.999754310 -0.008050289 0.020652592 5.014070511
0.021126747 -0.012970543 0.999692619 10.768788338 -0.004752916 0.999903262 0.013073720 0.094393902 -0.999765456 -0.005027660 0.021063030 5.019947052
0.022212267 -0.015214032 0.999637544 10.886161804 -0.005649805 0.999866307 0.015343055 0.067831889 -0.999737322 -0.005988561 0.022123337 5.118525505
0.023695707 -0.020803036 0.999502838 10.895008087 -0.005556009 0.999765277 0.020940222 0.103530794 -0.999703884 -0.006049443 0.023574591 5.101908684
0.025922418 -0.021388536 0.999435127 11.186824799 -0.003585720 0.999762654 0.021488549 0.147571221 -0.999657512 -0.004140729 0.025839567 5.096972466
0.028009534 -0.023041740 0.999342144 11.343017578 -0.003908280 0.999724150 0.023160091 0.149719000 -0.999600053 -0.004554414 0.027911782 5.104226112
0.030063629 -0.022344049 0.999298215 11.607244492 -0.003437675 0.999741912 0.022457391 0.085188255 -0.999542058 -0.004110413 0.029979050 4.979397774
0.031510234 -0.021227732 0.999278069 11.765386581 -0.001495682 0.999772310 0.021285398 0.087817721 -0.999502361 -0.002165311 0.031471312 4.984837532
0.033615828 -0.021963922 0.999193490 11.918420792 -0.005724311 0.999737859 0.022168471 0.088959701 -0.999418497 -0.006464906 0.033481240 4.993990898
0.035026610 -0.022055864 0.999143004 12.077867508 -0.002989605 0.999749660 0.022174064 0.091814384 -0.999381959 -0.003763725 0.034951866 5.000213623
0.034976602 -0.021441240 0.999158144 12.070702553 0.000761355 0.999770105 0.021427721 0.135512874 -0.999387860 0.000011245 0.034984887 5.173294067
0.037057102 -0.020160062 0.999109745 12.185216904 0.001229270 0.999796629 0.020128328 0.102344088 -0.999312401 0.000482277 0.037074387 5.132366180
0.038242936 -0.019765716 0.999073088 12.342313766 0.000606645 0.999804616 0.019756971 0.103933237 -0.999268413 -0.000149484 0.038247466 5.139925957
0.039905667 -0.020249333 0.998998284 12.496232986 -0.001763586 0.999791622 0.020335862 0.105863184 -0.999201894 -0.002573336 0.039861619 5.150662422
0.040816069 -0.021192634 0.998941958 12.656221390 -0.007549420 0.999739945 0.021518029 0.110476248 -0.999138236 -0.008419714 0.040645421 5.157027245
0.040425658 -0.022505222 0.998929083 12.740968704 0.000240123 0.999746501 0.022513920 0.057459861 -0.999182522 -0.000670274 0.040420830 5.315470695
0.045797586 -0.020328021 0.998743892 13.205404282 -0.003443823 0.999783754 0.020507105 0.286503255 -0.998944819 -0.004378673 0.045717657 4.982471466
0.046460032 -0.021817468 0.998681903 13.190315247 -0.001008566 0.999759912 0.021887939 0.164919421 -0.998919666 -0.002024151 0.046426892 5.133965492
0.047346532 -0.022383094 0.998627841 13.343494415 -0.001443401 0.999746323 0.022476599 0.168054283 -0.998877585 -0.002505613 0.047302186 5.142788887
0.048494458 -0.022046952 0.998580217 13.465580940 0.000402561 0.999756694 0.022053378 0.048043996 -0.998823464 -0.000667479 0.048491538 5.257041931
0.049143434 -0.021273993 0.998565257 13.621581078 -0.003911607 0.999761343 0.021491984 0.052201234 -0.998784184 -0.004962186 0.049048483 5.271461487
0.051267982 -0.021541696 0.998452723 13.809822083 -0.000699005 0.999766350 0.021605933 0.090805605 -0.998684824 -0.001805618 0.051240921 5.218626976
0.052413285 -0.019968260 0.998425901 13.897378922 -0.000655448 0.999799132 0.020030135 0.038544744 -0.998625338 -0.001704264 0.052389681 5.240884781
0.053201795 -0.021057010 0.998361886 14.050602913 0.002637578 0.999777138 0.020946307 0.039786950 -0.998580456 0.001518873 0.053245485 5.248622894
0.055902898 -0.018150445 0.998271286 14.246342659 0.000232875 0.999834955 0.018165836 0.107819743 -0.998436213 -0.000783052 0.055897951 5.245115280
0.057402074 -0.016557915 0.998213947 14.406967163 0.001668617 0.999862671 0.016489312 0.109646246 -0.998349845 0.000719114 0.057421803 5.260070801
0.058992743 -0.017073197 0.998112381 14.560001373 -0.002888700 0.999846637 0.017273597 0.110253401 -0.998254240 -0.003902264 0.058934391 5.272719383
0.061745584 -0.018813176 0.997914672 14.714856148 0.000311878 0.999822676 0.018829850 0.112902194 -0.998091936 -0.000851434 0.061740518 5.278529167
0.065589726 -0.018608304 0.997673213 14.885971069 0.002439800 0.999826133 0.018488061 0.193656385 -0.997843742 0.001221497 0.065623701 5.141273499
0.066814065 -0.018548135 0.997593105 15.042200089 0.002683023 0.999826908 0.018409973 0.195524409 -0.997761905 0.001446519 0.066852272 5.153538704
0.058285475 -0.017002454 0.998155296 15.200496674 -0.001576906 0.999852121 0.017123440 0.196477935 -0.998298883 -0.002572047 0.058250010 5.162967682
0.028465629 -0.018542472 0.999422789 15.298118591 0.002706351 0.999825716 0.018472865 0.008236364 -0.999591172 0.002178947 0.028510809 5.307891846
-0.005136013 -0.016413471 0.999852240 15.602863312 0.001052658 0.999864638 0.016419085 0.100866020 -0.999986351 0.001136831 -0.005118012 5.333135605
-0.027148604 -0.018311847 0.999463737 15.714611053 0.001643036 0.999830008 0.018363189 0.093304664 -0.999630094 0.002140689 -0.027113914 5.316888809
-0.032036781 -0.019506158 0.999296308 15.899148941 -0.000052214 0.999809563 0.019514503 0.099840567 -0.999486685 0.000573005 -0.032031655 5.303342819
-0.032482028 -0.020357993 0.999264956 16.076780319 0.001583833 0.999790251 0.020420177 0.103336185 -0.999471068 0.002245958 -0.032442927 5.334951401
-0.031534433 -0.020307880 0.999296308 16.221651077 -0.001140765 0.999793649 0.020281987 0.140040278 -0.999502003 -0.000500383 -0.031551003 5.291505814
-0.032624602 -0.018968288 0.999287724 16.382299423 -0.004316371 0.999813259 0.018837344 0.141718194 -0.999458432 -0.003698736 -0.032700419 5.290130615
-0.030725837 -0.017384050 0.999376655 16.503931046 -0.002483234 0.999846995 0.017315885 0.100501284 -0.999524772 -0.001949638 -0.030764341 5.277004242
-0.029487610 -0.017308746 0.999415278 16.730695724 -0.003686642 0.999845147 0.017207416 0.085491814 -0.999558389 -0.003177080 -0.029546857 5.241611481
-0.027694225 -0.015340492 0.999498844 16.831937790 -0.001577178 0.999881685 0.015302668 0.118833095 -0.999615371 -0.001152596 -0.027715087 5.358718872
-0.015858054 -0.015036608 0.999761164 16.973503113 -0.001907299 0.999885559 0.015008225 0.105989411 -0.999872386 -0.001668842 -0.015884995 5.297096252
-0.009885788 -0.015182975 0.999835908 17.069538116 -0.002887697 0.999880970 0.015155109 0.133931547 -0.999947011 -0.002737403 -0.009928465 5.273738861
-0.007136941 -0.013589795 0.999882162 17.205350876 -0.003594755 0.999901533 0.013564399 0.136506915 -0.999968052 -0.003497524 -0.007185102 5.291240692
-0.002949476 -0.012430092 0.999918461 17.365324020 -0.003915651 0.999915242 0.012418503 0.092907585 -0.999988019 -0.003878704 -0.002997994 5.247505188
0.000109732 -0.011217931 0.999937236 17.603456497 -0.000560591 0.999936938 0.011217991 0.167786956 -1.000000000 -0.000561788 0.000103414 5.338897705
0.004109323 -0.015145120 0.999876857 17.724927902 -0.006330405 0.999864876 0.015170956 0.080751240 -0.999971509 -0.006391969 0.004012942 5.293291092
0.007128119 -0.014034823 0.999876142 17.997446060 -0.006820315 0.999877572 0.014083466 0.166285187 -0.999951363 -0.006919860 0.007031560 5.244392395
0.009287536 -0.015151409 0.999842167 18.071514130 -0.004664345 0.999873638 0.015195215 0.174272686 -0.999946058 -0.004804736 0.009215713 5.347885132
0.011949778 -0.016834544 0.999786913 18.225955963 -0.006309144 0.999837101 0.016910799 0.175941676 -0.999908745 -0.006509881 0.011841595 5.353803635
0.014623046 -0.017597308 0.999738216 18.380895615 -0.008090509 0.999810338 0.017716916 0.177154601 -0.999860346 -0.008347467 0.014477909 5.360479355
0.017905354 -0.018463284 0.999669194 18.532419205 -0.007860013 0.999795973 0.018606409 0.177936748 -0.999808788 -0.008190568 0.017756581 5.362321854
0.022914290 -0.026043816 0.999398291 18.587509155 -0.008049348 0.999623418 0.026234243 -0.006599531 -0.999705136 -0.008645646 0.022696018 5.204677582
0.024487197 -0.023142202 0.999432325 18.838274002 -0.004277962 0.999720454 0.023253690 0.131275773 -0.999691069 -0.004844953 0.024381340 5.361776352
0.027607262 -0.027010998 0.999253988 18.991081238 -0.007129791 0.999604106 0.027217450 0.134442896 -0.999593556 -0.007875876 0.027403772 5.368429184
0.031847298 -0.027443575 0.999116004 19.139513016 -0.003096709 0.999615490 0.027556006 0.123217031 -0.999488056 -0.003971559 0.031750083 5.286190033
0.033857584 -0.026281288 0.999081016 19.286199570 -0.003256659 0.999646008 0.026406514 0.151350066 -0.999421358 -0.004147727 0.033760011 5.400520325
0.036436737 -0.024211643 0.999042630 19.412225723 -0.001927762 0.999702930 0.024297955 0.121144712 -0.999334097 -0.002811255 0.036379218 5.370031357
0.040253818 -0.022102876 0.998945117 19.565570831 -0.002726632 0.999749124 0.022230543 0.123144619 -0.999185860 -0.003618622 0.040183425 5.380985260
0.042952836 -0.022593301 0.998821557 19.725952148 -0.002374499 0.999739110 0.022716166 0.147274792 -0.999074280 -0.003347423 0.042887986 5.412778854
0.045745134 -0.022804268 0.998692870 19.870540619 -0.001401471 0.999736965 0.022892304 0.146673083 -0.998952210 -0.002446853 0.045701146 5.423582077
0.049934983 -0.025740221 0.998420835 19.986351013 0.000761338 0.999668539 0.025734313 0.142042696 -0.998752296 -0.000524909 0.049938023 5.465368271
0.052814603 -0.024126003 0.998312831 20.268716812 -0.001269977 0.999705672 0.024226850 0.162562981 -0.998603523 -0.002547368 0.052768469 5.453290939
0.054494083 -0.019168226 0.998330235 20.434749603 0.002577694 0.999815106 0.019056033 0.155084968 -0.998510897 0.001534945 0.054533422 5.465986252
0.056793451 -0.020641191 0.998172581 20.519063950 -0.002761523 0.999779165 0.020831537 0.153884292 -0.998382151 -0.003939571 0.056723893 5.500257492
0.059491277 -0.019287528 0.998042524 20.668781281 -0.004569628 0.999797583 0.019593833 0.156150401 -0.998218417 -0.005726346 0.059391141 5.512981415
0.050994992 -0.019637339 0.998505831 20.819274902 -0.010366648 0.999742389 0.020191096 0.158567742 -0.998645127 -0.011380803 0.050778270 5.521306992
0.019097209 -0.021745641 0.999581277 20.963376999 -0.005723843 0.999744713 0.021858556 0.159312144 -0.999801397 -0.006138887 0.018967867 5.509660721
-0.022199988 -0.015854558 0.999628007 21.069103241 -0.003239083 0.999870121 0.015786467 0.119995944 -0.999748468 -0.002887421 -0.022248507 5.534933090
-0.069499493 -0.014315706 0.997479379 21.204517365 -0.009070991 0.999864757 0.013717920 0.119792156 -0.997540832 -0.008094737 -0.069619894 5.506517410
-0.113564730 -0.016321845 0.993396580 21.440021515 -0.002556353 0.999866545 0.016135909 0.165092468 -0.993527353 -0.000707001 -0.113591313 5.408987045
-0.126384139 -0.014798881 0.991870999 21.717748642 -0.003760171 0.999888659 0.014439385 0.193035871 -0.991974235 -0.001904695 -0.126425624 5.404123306
-0.127072811 -0.011356472 0.991828382 21.753204346 -0.000277967 0.999934852 0.011413679 0.168710709 -0.991893351 0.001174673 -0.127067685 5.358354568
-0.128443837 -0.008813838 0.991677701 21.915275574 -0.003583629 0.999958098 0.008423275 0.162777543 -0.991710365 -0.002471887 -0.128470063 5.360713959
-0.125627875 -0.013147900 0.991990328 22.086936951 -0.002842067 0.999912858 0.012892980 0.170427844 -0.992073357 -0.001199586 -0.125654221 5.338073730
-0.125099897 -0.015122443 0.992028952 22.235466003 -0.010322128 0.999849558 0.013939988 0.172048822 -0.992090523 -0.008495959 -0.125237226 5.322702408
-0.124241471 -0.012709900 0.992170751 22.413391113 -0.006119198 0.999908745 0.012042770 0.182398498 -0.992233276 -0.004575079 -0.124307871 5.307477951
-0.122368455 -0.016795961 0.992342830 22.567516327 -0.004459051 0.999855995 0.016373273 0.180955917 -0.992474914 -0.002421337 -0.122425675 5.292230606
-0.121542811 -0.016577523 0.992447734 22.661594391 -0.012149815 0.999810457 0.015212547 0.166436359 -0.992511809 -0.010209080 -0.121721148 5.273590088
-0.118061900 -0.013563230 0.992913604 22.822622299 -0.008861997 0.999881268 0.012604678 0.171037585 -0.992966652 -0.007311065 -0.118167996 5.262388229
-0.114311934 -0.008788658 0.993406236 22.977394104 -0.007808520 0.999937952 0.007947915 0.176274657 -0.993414402 -0.006848491 -0.114373446 5.242113113
-0.109951615 -0.015175822 0.993821084 23.123836517 -0.002267234 0.999884665 0.015017578 0.168838963 -0.993934393 -0.000602020 -0.109973311 5.224596024
-0.100875020 -0.020023802 0.994697690 23.278673172 -0.003782340 0.999797940 0.019742899 0.172340930 -0.994892061 -0.001770719 -0.100930452 5.214225769
-0.078547955 -0.023905689 0.996623695 23.439357758 -0.000177587 0.999712765 0.023965789 0.181196824 -0.996910334 0.001705475 -0.078529596 5.219898224
-0.061594725 -0.026573481 0.997747421 23.561815262 -0.011416042 0.999598861 0.025918037 0.187550738 -0.998035967 -0.009793913 -0.061873317 5.221120834
-0.055347204 -0.023556419 0.998189270 23.648103714 -0.004853718 0.999716163 0.023323327 0.177882478 -0.998455405 -0.003554050 -0.055445790 5.219841003
-0.053081393 -0.021315960 0.998362780 23.803077698 -0.006068315 0.999760568 0.021023165 0.194927126 -0.998571873 -0.004942444 -0.053197980 5.225353241
-0.049398661 -0.019064819 0.998597145 23.918329239 -0.001971312 0.999817729 0.018990604 0.182504997 -0.998777211 -0.001030436 -0.049427152 5.213783264
-0.047970533 -0.018596664 0.998675644 24.065723419 -0.004266007 0.999821365 0.018413085 0.185556859 -0.998839617 -0.003377070 -0.048041344 5.210014343
-0.043928623 -0.014650607 0.998927355 24.218103409 -0.006223879 0.999877095 0.014390837 0.187301219 -0.999015391 -0.005585033 -0.044014335 5.201547623
-0.041422606 -0.012187971 0.999067426 24.386632919 -0.004273433 0.999918640 0.012021174 0.191385284 -0.999132574 -0.003771500 -0.041471362 5.200832367
-0.041513920 -0.014476981 0.999033093 24.550941467 -0.008756947 0.999861896 0.014125106 0.195566326 -0.999099553 -0.008162092 -0.041634917 5.204914093
-0.039646387 -0.014183240 0.999113083 24.699798584 -0.008771222 0.999865651 0.013845868 0.195467323 -0.999175251 -0.008214504 -0.039765477 5.202022552
-0.038833380 -0.017294005 0.999095976 24.849630356 -0.012147533 0.999784529 0.016833765 0.197131187 -0.999171793 -0.011482839 -0.039035082 5.200813293
-0.037515759 -0.012712833 0.999215186 24.973495483 -0.013422536 0.999835253 0.012216770 0.196879700 -0.999205947 -0.012953679 -0.037680268 5.200332642
-0.036182761 -0.007994728 0.999313176 25.106370926 -0.015836282 0.999846995 0.007425605 0.195646152 -0.999219716 -0.015556728 -0.036303759 5.199853897
-0.030147910 -0.009095680 0.999504149 25.263576508 -0.004416792 0.999950051 0.008966516 0.198380500 -0.999535739 -0.004144280 -0.030186653 5.192981720
-0.027821541 -0.014568062 0.999506831 25.404617310 -0.005353570 0.999881625 0.014424509 0.198422566 -0.999598682 -0.004949618 -0.027896285 5.194721222
-0.024721146 -0.014314357 0.999591947 25.532325745 -0.006493401 0.999878705 0.014157875 0.198505357 -0.999673367 -0.006140753 -0.024811029 5.194755554
-0.023299694 -0.014681587 0.999620736 25.662984848 -0.006344978 0.999874175 0.014537417 0.199241221 -0.999708414 -0.006003854 -0.023389935 5.194078445
-0.021149039 -0.016531155 0.999639809 25.802175522 -0.002884277 0.999860168 0.016473779 0.201197594 -0.999772310 -0.002534836 -0.021193743 5.193744659
-0.019006968 -0.018736714 0.999643803 25.932525635 -0.004172498 0.999817193 0.018660631 0.202998146 -0.999810636 -0.003816330 -0.019081593 5.195035934
-0.018043280 -0.017487973 0.999684274 26.045276642 -0.006638044 0.999827087 0.017370662 0.205208093 -0.999815166 -0.006322524 -0.018156290 5.197067261
-0.013354897 -0.015836939 0.999785423 26.157262802 -0.004089459 0.999867082 0.015783608 0.206887335 -0.999902487 -0.003877793 -0.013417959 5.199382782
-0.004819036 -0.016538251 0.999851584 26.280826569 -0.007083381 0.999838710 0.016503897 0.207208693 -0.999963284 -0.007002796 -0.004935503 5.202281952
-0.001452327 -0.022761406 0.999739885 26.422485352 -0.009006051 0.999700665 0.022747433 0.211821049 -0.999958396 -0.008970672 -0.001656890 5.206241608
0.002768457 -0.027183266 0.999626696 26.566959381 -0.008241666 0.999595881 0.027205255 0.212663397 -0.999962270 -0.008313906 0.002543271 5.212528229
0.006034017 -0.027127320 0.999613941 26.699296951 -0.008573646 0.999593854 0.027178533 0.215296984 -0.999945223 -0.008734335 0.005798995 5.213254929
0.009009719 -0.027113201 0.999591947 26.831150055 -0.010829813 0.999571085 0.027210254 0.219291881 -0.999900937 -0.011070553 0.008712232 5.218980789
0.012687922 -0.030898880 0.999442160 26.967102051 -0.003476069 0.999515057 0.030945268 0.219899908 -0.999913633 -0.003866766 0.012574375 5.217880249
0.014306545 -0.028625939 0.999487936 27.095880508 -0.004308528 0.999579072 0.028690226 0.221234187 -0.999888480 -0.004716784 0.014177203 5.225614548
0.016519308 -0.028889690 0.999446213 27.238945007 -0.001864939 0.999579847 0.028924381 0.224456355 -0.999861956 -0.002341720 0.016458452 5.228584290
0.017672598 -0.026319019 0.999497414 27.380035400 -0.006129206 0.999631822 0.026430933 0.226593643 -0.999825060 -0.006593228 0.017504752 5.239944458
0.019105256 -0.024641007 0.999513924 27.484352112 -0.006772402 0.999670148 0.024774315 0.222595662 -0.999794662 -0.007242431 0.018932045 5.241456985
0.022078395 -0.026775094 0.999397755 27.644786835 -0.007765601 0.999606550 0.026952246 0.231303900 -0.999726236 -0.008355988 0.021861792 5.248260498
0.024661839 -0.024577502 0.999393642 27.784515381 -0.006275170 0.999674261 0.024739252 0.231745496 -0.999676108 -0.006881479 0.024499536 5.253791809
0.025745213 -0.022768211 0.999409258 27.910701752 -0.008749829 0.999697149 0.023000170 0.234009460 -0.999630332 -0.009336806 0.025538206 5.259672165
0.028006256 -0.019162910 0.999424100 28.028078079 0.000496907 0.999816358 0.019156508 0.232906282 -0.999607623 -0.000039881 0.028010607 5.262449265
0.029210389 -0.016084969 0.999444008 28.154899597 -0.006309814 0.999847651 0.016275883 0.235496461 -0.999553502 -0.006781731 0.029104412 5.270959854
0.031719327 -0.016509898 0.999360502 28.286975861 -0.003492122 0.999855638 0.016628919 0.235237926 -0.999490738 -0.004017347 0.031657100 5.275772095
0.033931971 -0.013083884 0.999338508 28.421115875 -0.001372767 0.999912739 0.013138013 0.237225831 -0.999423206 -0.001817658 0.033911049 5.283178329
0.035736203 -0.013971698 0.999263644 28.556035995 -0.004254167 0.999891102 0.014132611 0.239131063 -0.999352217 -0.004756080 0.035672843 5.290847778
0.038445652 -0.012445559 0.999183118 28.695991516 -0.006385651 0.999898970 0.012700176 0.240195721 -0.999240220 -0.006868701 0.038362265 5.300252914
0.040835261 -0.018277295 0.998998702 28.851470947 -0.004564338 0.999818861 0.018478872 0.245476872 -0.999155462 -0.005314358 0.040744424 5.309167862
0.043046534 -0.024756392 0.998766303 28.992832184 -0.005320485 0.999673069 0.025008181 0.248898208 -0.999058962 -0.006390437 0.042900741 5.316942215
0.044447422 -0.024877656 0.998701990 29.111883163 -0.005826547 0.999666452 0.025160994 0.249537498 -0.998994768 -0.006937327 0.044287682 5.324298859
0.045888007 -0.022599993 0.998691022 29.213710785 -0.001985828 0.999740005 0.022714978 0.244437441 -0.998944759 -0.003025575 0.045831144 5.332599640
0.048201144 -0.020684030 0.998623610 29.330791473 -0.008058481 0.999744952 0.021096226 0.243290797 -0.998805285 -0.009064253 0.048022151 5.341703415
0.050645351 -0.020277159 0.998510897 29.476303101 0.001622929 0.999794245 0.020220904 0.251139462 -0.998715460 0.000596415 0.050667822 5.349637985
0.052899778 -0.021981604 0.998357832 29.601432800 -0.003975566 0.999745131 0.022222802 0.255045682 -0.998591900 -0.005144620 0.052798927 5.361179352
0.053967118 -0.021073356 0.998320401 29.718290329 -0.006061574 0.999751925 0.021431252 0.257195711 -0.998524368 -0.007207977 0.053825974 5.370445251
0.055434287 -0.023329657 0.998189688 29.831989288 -0.008608892 0.999678671 0.023842549 0.258339554 -0.998425186 -0.009915000 0.055215597 5.377038956
0.057439625 -0.019724704 0.998154223 29.950160980 -0.003363188 0.999795318 0.019950675 0.259123862 -0.998343408 -0.004502940 0.057361543 5.387950897
0.059273183 -0.017987864 0.998079896 30.072546005 -0.002898860 0.999830306 0.018191570 0.259466738 -0.998237729 -0.003971567 0.059211016 5.394689560
0.061182678 -0.020448659 0.997917235 30.200387955 -0.005143256 0.999770403 0.020801971 0.263165414 -0.998113513 -0.006405266 0.061063468 5.404199600
0.063041687 -0.017655151 0.997854769 30.327531815 -0.007269710 0.999808848 0.018149007 0.262661338 -0.997984469 -0.008398260 0.062901318 5.417972565
0.064885020 -0.014308998 0.997790158 30.443408966 -0.002028973 0.999893248 0.014471100 0.262146384 -0.997890651 -0.002963447 0.064849079 5.425989151
0.066995800 -0.019855645 0.997555673 30.574533463 -0.006274064 0.999773800 0.020321161 0.265071809 -0.997733533 -0.007620160 0.066856086 5.439096451
0.069762349 -0.023959083 0.997275889 30.709381104 -0.005220737 0.999689102 0.024382265 0.267961353 -0.997549951 -0.006907479 0.069615602 5.451337814
0.071478128 -0.020344030 0.997234702 30.840673447 -0.003605189 0.999780178 0.020654367 0.268756986 -0.997435689 -0.005071556 0.071389079 5.462726593
0.073483586 -0.023487169 0.997019947 30.983673096 -0.006796338 0.999687612 0.024050929 0.270471752 -0.997273386 -0.008543435 0.073301017 5.477327347
0.076348007 -0.022114236 0.996836007 31.119785309 -0.004226925 0.999737859 0.022502353 0.271803588 -0.997072339 -0.005931562 0.076234519 5.486553192
0.078009427 -0.016933806 0.996808827 31.250547409 -0.003135513 0.999846637 0.017230796 0.271144450 -0.996947706 -0.004469672 0.077944398 5.499677658
0.079671800 -0.013573478 0.996728718 31.381937027 -0.001817145 0.999903619 0.013761965 0.272798806 -0.996819496 -0.002907641 0.079639435 5.512550354
0.080887854 -0.015978495 0.996595144 31.518508911 -0.008715349 0.999821961 0.016737605 0.275657654 -0.996685147 -0.010039544 0.080734193 5.530073166
0.083708942 -0.019663999 0.996296227 31.659345627 -0.010636035 0.999730706 0.020625427 0.280014575 -0.996433496 -0.012323175 0.083477259 5.546354294
0.084932983 -0.021027423 0.996164799 31.796516418 -0.005600339 0.999751449 0.021580618 0.279837161 -0.996370971 -0.007411768 0.084794104 5.557695389
0.086418092 -0.020331770 0.996051550 31.931961060 -0.009462851 0.999729872 0.021227859 0.280138195 -0.996214092 -0.011259959 0.086202323 5.572263718
0.088653505 -0.020365644 0.995854318 32.075149536 -0.007859088 0.999745548 0.021144858 0.282546997 -0.996031582 -0.009701075 0.088470876 5.588575363
0.091591299 -0.019425021 0.995607257 32.230316162 -0.003623909 0.999796569 0.019840142 0.283915997 -0.995790124 -0.005425175 0.091502249 5.604497910
0.093415797 -0.020707665 0.995411873 32.370819092 -0.007110023 0.999744296 0.021465044 0.284419000 -0.995601833 -0.009082576 0.093244672 5.625305176
0.095090568 -0.017730908 0.995310664 32.491474152 -0.006777615 0.999806643 0.018458527 0.287764728 -0.995445549 -0.008501065 0.094952047 5.641464233
0.098023951 -0.013902779 0.995086968 32.625381470 -0.001402381 0.999899507 0.014108162 0.286926419 -0.995183051 -0.002778429 0.097994626 5.649061203
0.099621713 -0.015785614 0.994900167 32.759296417 -0.005295779 0.999851584 0.016394455 0.287331343 -0.995011270 -0.006902015 0.099523365 5.666582108
0.101577342 -0.017674923 0.994670689 32.894351959 -0.005599491 0.999816179 0.018338187 0.288226604 -0.994811952 -0.007432395 0.101459682 5.683521271
0.103653848 -0.014740176 0.994504213 33.030281067 -0.002613895 0.999882698 0.015092332 0.290416509 -0.994610012 -0.004163909 0.103603184 5.698904037
0.106259406 -0.013983754 0.994240105 33.171539307 -0.000053880 0.999900997 0.014069133 0.290373266 -0.994338393 -0.001548548 0.106248140 5.716386795
0.108992457 -0.012397104 0.993965268 33.312362671 -0.002702298 0.999914825 0.012767628 0.290634155 -0.994038880 -0.004077565 0.108949661 5.735900879
0.110946596 -0.009349813 0.993782401 33.448253632 -0.003922244 0.999943852 0.009845663 0.291147143 -0.993818641 -0.004990200 0.110903680 5.753898621
