1.000000000 0.000000000 0.000000000 0.000000000 0.000000000 1.000000000 0.000000000 0.000000000 0.000000000 0.000000000 1.000000000 0.000000000
0.999999821 0.000257401 -0.000518519 -0.001048362 -0.000257451 0.999999940 -0.000095364 -0.000237592 0.000518494 0.000095497 0.999999881 0.025705442
0.999999940 -0.000015158 0.000352565 -0.031252358 0.000015383 0.999999821 -0.000638451 -0.014575033 -0.000352555 0.000638457 0.999999762 0.051633414
0.999999106 -0.000744309 -0.001102666 0.003438092 0.000744428 0.999999702 0.000107811 -0.000854390 0.001102586 -0.000108631 0.999999404 0.085434288
0.999999583 -0.000539635 -0.000774068 0.004011647 0.000539965 0.999999762 0.000425575 -0.002071350 0.000773838 -0.000425993 0.999999583 0.117066719
0.999999642 -0.000380475 -0.000778240 0.001301149 0.000380190 0.999999881 -0.000365642 -0.000030057 0.000778379 0.000365346 0.999999642 0.151388109
0.999996006 -0.002787424 -0.000494566 0.000420092 0.002787445 0.999996126 0.000040932 -0.000352042 0.000494450 -0.000042310 0.999999881 0.173362479
0.999996483 -0.002631321 -0.000293744 0.000558777 0.002631160 0.999996364 -0.000544209 0.000015888 0.000295175 0.000543434 0.999999821 0.205762148
0.999999821 -0.000521514 -0.000208749 -0.000865568 0.000521284 0.999999285 -0.001097172 -0.002842853 0.000209321 0.001097063 0.999999404 0.252399623
0.999999762 -0.000493887 -0.000497036 -0.001645558 0.000493254 0.999999046 -0.001272645 -0.003852770 0.000497664 0.001272400 0.999999046 0.290572166
0.999997914 -0.002030692 0.000080276 -0.000399054 0.002030788 0.999997199 -0.001208278 -0.002168299 -0.000077823 0.001208438 0.999999285 0.320947498
0.999996424 -0.002677187 0.000091549 -0.000449110 0.002677292 0.999995708 -0.001167803 -0.001231721 -0.000088422 0.001168044 0.999999285 0.362151712
0.999997199 -0.002358137 0.000228468 0.000306311 0.002358380 0.999996662 -0.001070650 -0.001541078 -0.000225943 0.001071186 0.999999404 0.400211215
0.999998450 -0.001657064 0.000573539 -0.002833208 0.001657113 0.999998629 -0.000086002 -0.002981208 -0.000573396 0.000086952 0.999999821 0.442803234
0.999999285 -0.001177754 0.000259437 -0.004629041 0.001177909 0.999999106 -0.000596373 -0.005152536 -0.000258734 0.000596678 0.999999762 0.481128395
0.999999464 -0.000976911 0.000272068 -0.004429644 0.000977373 0.999998093 -0.001704810 -0.008593396 -0.000270402 0.001705075 0.999998510 0.524285257
0.999999583 -0.000409427 0.000786074 -0.005080364 0.000410287 0.999999344 -0.001094109 -0.010130021 -0.000785626 0.001094432 0.999999106 0.565299511
0.999998510 0.000493845 0.001659937 -0.006960991 -0.000491197 0.999998629 -0.001594866 -0.009212388 -0.001660723 0.001594049 0.999997377 0.611120224
0.999994397 0.001963071 0.002717791 -0.023361253 -0.001955159 0.999993861 -0.002911092 -0.011885480 -0.002723489 0.002905762 0.999992073 0.643622518
0.999996126 0.001936539 0.002012854 -0.011743227 -0.001929738 0.999992430 -0.003375305 -0.010441116 -0.002019375 0.003371408 0.999992251 0.701135159
0.999998868 -0.000346741 0.001464760 -0.009915393 0.000351686 0.999994218 -0.003377702 -0.010027605 -0.001463581 0.003378214 0.999993205 0.742506504
0.999997914 0.001147560 0.001673148 -0.010664000 -0.001143029 0.999995708 -0.002706570 -0.010538847 -0.001676246 0.002704652 0.999994934 0.793109059
0.999999642 0.000546949 0.000673258 -0.010967723 -0.000545624 0.999997914 -0.001966428 -0.010142908 -0.000674332 0.001966060 0.999997854 0.841875255
0.999999464 0.000532929 0.000916781 -0.012627173 -0.000531287 0.999998271 -0.001790108 -0.011656124 -0.000917734 0.001789620 0.999997973 0.887672544
0.999999583 0.000919658 -0.000182887 -0.012995613 -0.000920166 0.999995649 -0.002796534 -0.011391615 0.000180314 0.002796701 0.999996066 0.929200888
0.999999762 0.000512200 -0.000442402 -0.014036749 -0.000513659 0.999994397 -0.003303808 -0.011334232 0.000440707 0.003304034 0.999994457 0.980622113
0.999999166 0.000758249 -0.001065935 -0.015488894 -0.000760633 0.999997199 -0.002237607 -0.014099084 0.001064235 0.002238416 0.999996901 1.027600050
0.999998629 -0.000509395 -0.001571678 -0.012677838 0.000506198 0.999997795 -0.002033440 -0.013843195 0.001572710 0.002032642 0.999996722 1.075668693
0.999999106 0.000548670 -0.001227065 -0.016069444 -0.000550563 0.999998629 -0.001542739 -0.014327130 0.001226217 0.001543413 0.999998033 1.129471779
0.999998331 0.000041393 -0.001828845 -0.017448764 -0.000041907 0.999999940 -0.000280550 -0.015202655 0.001828833 0.000280626 0.999998271 1.178745031
0.999997318 -0.001160800 -0.002007451 -0.024168640 0.001159518 0.999999106 -0.000639932 -0.009075225 0.002008192 0.000637603 0.999997795 1.245264888
0.999995172 -0.001881086 -0.002480745 -0.025631435 0.001874504 0.999994695 -0.002653155 -0.009325196 0.002485723 0.002648492 0.999993384 1.303834915
0.999989450 -0.003215397 -0.003273747 -0.025498986 0.003211520 0.999994159 -0.001188960 -0.011828611 0.003277550 0.001178434 0.999993920 1.363449216
0.999987721 -0.002896834 -0.004027370 -0.027194224 0.002896922 0.999995828 0.000016036 -0.011754257 0.004027307 -0.000027703 0.999991894 1.424172401
0.999981284 -0.004760767 -0.003849714 -0.028503189 0.004756571 0.999988079 -0.001098328 -0.013415873 0.003854897 0.001079996 0.999992013 1.481775880
0.999983609 -0.003914866 -0.004176824 -0.030135537 0.003912930 0.999992251 -0.000471546 -0.014076523 0.004178638 0.000455194 0.999991179 1.542495131
0.999989510 -0.001695826 -0.004259091 -0.031916987 0.001690380 0.999997735 -0.001281897 -0.014336188 0.004261256 0.001274684 0.999990106 1.605385900
0.999987602 -0.001884853 -0.004605722 -0.019446405 0.001878625 0.999997318 -0.001356092 -0.027655007 0.004608265 0.001347422 0.999988496 1.618183851
0.999985516 -0.002644247 -0.004688874 -0.030661099 0.002636332 0.999995112 -0.001693434 -0.024276758 0.004693329 0.001681049 0.999987602 1.722461462
0.999989390 -0.001640090 -0.004301380 -0.032086078 0.001629819 0.999995828 -0.002390206 -0.025038484 0.004305283 0.002383170 0.999987900 1.788295150
0.999983847 -0.001929439 -0.005347352 -0.031965010 0.001925567 0.999997854 -0.000729120 -0.027657945 0.005348747 0.000718811 0.999985456 1.860533237
0.999983370 -0.002604197 -0.005140753 -0.034311313 0.002594519 0.999994874 -0.001888233 -0.028259367 0.005145644 0.001874864 0.999984980 1.933481097
0.999986172 -0.000608350 -0.005227643 -0.040390316 0.000599538 0.999998391 -0.001687055 -0.034672849 0.005228661 0.001683897 0.999984920 2.010474205
0.999981225 0.002073500 -0.005764694 -0.039218854 -0.002095633 0.999990463 -0.003835989 -0.030867243 0.005756685 0.003847997 0.999976039 2.073261499
0.999985397 -0.000078138 -0.005401029 -0.039667577 0.000050517 0.999986947 -0.005113846 -0.031492423 0.005401358 0.005113498 0.999972343 2.129462481
0.999977887 0.000870378 -0.006594658 -0.051846445 -0.000902296 0.999987900 -0.004838536 -0.031084225 0.006590366 0.004844380 0.999966562 2.209217072
0.999963284 -0.004094222 -0.007523933 -0.038823009 0.004052888 0.999976635 -0.005500793 -0.040083643 0.007546279 0.005470097 0.999956548 2.255063534
0.999968171 0.000404568 -0.007966677 -0.044679370 -0.000441954 0.999988914 -0.004691644 -0.013973443 0.007964690 0.004695016 0.999957263 2.253186703
0.999964178 -0.001527998 -0.008328353 -0.044569504 0.001477885 0.999980807 -0.006020028 -0.014972808 0.008337392 0.006007504 0.999947190 2.322563887
0.999966562 -0.001120046 -0.008097356 -0.039433751 0.001066440 0.999977529 -0.006621474 -0.047796931 0.008104591 0.006612618 0.999945283 2.459757328
0.999960244 -0.002010607 -0.008685579 -0.040346406 0.001953664 0.999976575 -0.006559495 -0.047547072 0.008698564 0.006542265 0.999940753 2.529674053
0.999962986 0.000295284 -0.008596132 -0.055540025 -0.000364064 0.999967933 -0.008000731 -0.053658944 0.008593494 0.008003565 0.999931037 2.600773573
0.999967277 0.001879015 -0.007867963 -0.101738289 -0.001932030 0.999975443 -0.006735922 -0.016287742 0.007855113 0.006750903 0.999946356 2.595489740
0.999968767 0.001064330 -0.007834273 -0.102916591 -0.001114932 0.999978542 -0.006457495 -0.016855866 0.007827233 0.006466027 0.999948442 2.664522648
0.999953210 -0.001060650 -0.009613998 -0.056420710 0.001024869 0.999992549 -0.003725928 -0.051387314 0.009617879 0.003715901 0.999946833 2.808709383
0.999946773 -0.001311321 -0.010234021 -0.063914552 0.001259275 0.999986231 -0.005090354 -0.050030485 0.010240556 0.005077196 0.999934673 2.894205570
0.999940634 -0.000865239 -0.010863188 -0.061348438 0.000819553 0.999990821 -0.004209333 -0.046532016 0.010866730 0.004200180 0.999932110 2.915566206
0.999924302 -0.003198844 -0.011879604 -0.059364934 0.003154896 0.999988139 -0.003716437 -0.049236905 0.011891352 0.003678677 0.999922514 3.042581558
0.999908209 -0.005506640 -0.012380201 -0.060755339 0.005458462 0.999977410 -0.003921996 -0.051208932 0.012401519 0.003854059 0.999915659 3.112396240
0.999911964 -0.003466093 -0.012809834 -0.063374735 0.003424470 0.999988794 -0.003269851 -0.050183278 0.012821023 0.003225696 0.999912620 3.184246302
0.999948263 0.001398160 -0.010074696 -0.089292482 -0.001450259 0.999985576 -0.005165809 -0.042245574 0.010067328 0.005180153 0.999935925 3.240741014
0.999937892 0.002553906 -0.010846880 -0.075393185 -0.002618863 0.999978721 -0.005978609 -0.065805845 0.010831380 0.006006645 0.999923289 3.293460846
0.999940336 0.001078947 -0.010870277 -0.083450675 -0.001139023 0.999984086 -0.005521888 -0.065366775 0.010864146 0.005533941 0.999925673 3.372812033
0.999929607 0.001330052 -0.011790593 -0.074402630 -0.001404607 0.999979079 -0.006317222 -0.070589080 0.011781944 0.006333339 0.999910533 3.449215889
0.999916673 0.001441327 -0.012829417 -0.079990298 -0.001539026 0.999969840 -0.007608628 -0.069760844 0.012818064 0.007627739 0.999888778 3.494031668
0.999921978 0.002794671 -0.012176220 -0.085623920 -0.002908649 0.999952018 -0.009353088 -0.079401597 0.012149497 0.009387775 0.999882102 3.572225809
0.999920011 0.001938657 -0.012499138 -0.086183690 -0.002039653 0.999965310 -0.008072569 -0.079968162 0.012483055 0.008097417 0.999889314 3.640225649
0.999921978 0.002851245 -0.012161632 -0.088383369 -0.002955010 0.999959290 -0.008522719 -0.082441747 0.012136837 0.008557992 0.999889731 3.708783627
0.999910891 0.002679998 -0.013079803 -0.107640684 -0.002771575 0.999971747 -0.006988261 -0.073976904 0.013060706 0.007023890 0.999890029 3.774016857
0.999890268 0.004756694 -0.014030568 -0.126678184 -0.004875191 0.999952614 -0.008423530 -0.056691792 0.013989836 0.008491007 0.999866068 3.889290094
0.999884963 0.003727049 -0.014703917 -0.086601131 -0.003853661 0.999955654 -0.008591807 -0.085899323 0.014671244 0.008647483 0.999854982 3.893382072
0.999876261 0.003309699 -0.015378281 -0.087988093 -0.003435354 0.999960899 -0.008151719 -0.087054424 0.015350698 0.008203541 0.999848545 3.963373423
0.999888539 0.002667626 -0.014690003 -0.113615505 -0.002777556 0.999968231 -0.007468036 -0.060899217 0.014669616 0.007508006 0.999864221 4.054203510
0.999883056 0.001860950 -0.015179083 -0.086107448 -0.001982517 0.999966025 -0.007997694 -0.039802253 0.015163684 0.008026851 0.999852777 4.148178577
0.999892652 0.003698047 -0.014176367 -0.108628258 -0.003819227 0.999956310 -0.008530480 -0.088180445 0.014144202 0.008583707 0.999863148 4.196868420
0.999865115 0.002162901 -0.016279392 -0.099329941 -0.002263678 0.999978364 -0.006174652 -0.086936451 0.016265685 0.006210671 0.999848425 4.250104427
0.999858379 0.004389207 -0.016245326 -0.103526004 -0.004464296 0.999979496 -0.004588797 -0.087277740 0.016224852 0.004660672 0.999857485 4.322494030
0.999852538 0.006979015 -0.015691428 -0.135397255 -0.007045687 0.999966383 -0.004197716 -0.070372663 0.015661603 0.004307654 0.999868095 4.374966145
0.999841273 0.007306457 -0.016248807 -0.085779265 -0.007406247 0.999954045 -0.006089714 -0.013180111 0.016203567 0.006209090 0.999849439 4.492141247
0.999904454 0.006286035 -0.012312938 -0.106941789 -0.006363605 0.999960065 -0.006270859 -0.089942984 0.012273028 0.006348614 0.999904513 4.559084892
0.999934673 0.007902124 -0.008261446 -0.113236643 -0.007916140 0.999967277 -0.001665270 -0.098405190 0.008248016 0.001730560 0.999964476 4.620194435
0.999969482 0.007644842 -0.001598501 -0.112212949 -0.007648123 0.999968648 -0.002056374 -0.100661732 0.001582730 0.002068537 0.999996603 4.691265106
0.999944270 0.010510326 0.000985395 -0.086511485 -0.010509062 0.999943972 -0.001280024 -0.072056428 -0.000998793 0.001269597 0.999998689 4.775327206
0.999926686 0.008633779 0.008486805 -0.116046585 -0.008614807 0.999960303 -0.002269458 -0.085301027 -0.008506063 0.002196179 0.999961436 4.839117527
0.999854147 0.008077619 0.015048087 -0.108567551 -0.008062940 0.999966979 -0.001035855 -0.091575190 -0.015055957 0.000914372 0.999886215 4.926194668
0.999795318 0.007799685 0.018668432 -0.095016472 -0.007789067 0.999969482 -0.000641400 -0.103279077 -0.018672865 0.000495859 0.999825537 4.971148491
0.999635994 0.008538948 0.025592910 -0.081008054 -0.008501144 0.999962628 -0.001585594 -0.078691751 -0.025605492 0.001367448 0.999671161 5.042930603
0.999504983 0.006176912 0.030848166 -0.100665234 -0.006104900 0.999978423 -0.002428058 -0.094457246 -0.030862497 0.002238531 0.999521136 5.125581264
0.999297917 0.007617984 0.036683679 -0.076571442 -0.007488666 0.999965250 -0.003661361 -0.063899502 -0.036710296 0.003384079 0.999320209 5.146403313
0.999098480 0.007588461 0.041769493 -0.070995495 -0.007459268 0.999966919 -0.003247982 -0.065009788 -0.041792758 0.002933484 0.999122024 5.219427109
0.998905241 0.006564413 0.046317007 -0.066828482 -0.006408894 0.999973297 -0.003505401 -0.065522112 -0.046338782 0.003204722 0.998920619 5.289286613
0.998833060 0.009337747 0.047385465 -0.100925907 -0.009293471 0.999956131 -0.001154616 -0.092187695 -0.047394168 0.000712893 0.998876035 5.369875431
0.998972058 0.005491158 0.044996072 -0.066419996 -0.005340121 0.999979675 -0.003476202 -0.107223719 -0.045014247 0.003232344 0.998981118 5.372498035
0.998904586 0.007797292 0.046139855 -0.081477575 -0.007651647 0.999965191 -0.003332385 -0.096293345 -0.046164230 0.002975689 0.998929441 5.418716431
0.998892188 0.007569452 0.046444543 -0.081331767 -0.007379393 0.999963701 -0.004262274 -0.095776901 -0.046475120 0.003914820 0.998911798 5.417176247
0.998860061 0.009351382 0.046809550 -0.085865542 -0.009145521 0.999947548 -0.004610084 -0.101915210 -0.046850208 0.004176731 0.998893201 5.400351048
0.998860896 0.009172104 0.046826668 -0.087561548 -0.008973141 0.999949813 -0.004457386 -0.100394256 -0.046865202 0.004032127 0.998893082 5.394613743
0.998849750 0.009105865 0.047077652 -0.087713510 -0.008907354 0.999950528 -0.004424733 -0.100413144 -0.047115613 0.004000306 0.998881459 5.395411491
0.998846292 0.009727080 0.047025919 -0.086022966 -0.009517130 0.999943733 -0.004686406 -0.101954058 -0.047068860 0.004233448 0.998882651 5.400505543
0.998842299 0.009560913 0.047144752 -0.086366907 -0.009348099 0.999945104 -0.004732479 -0.101689063 -0.047187410 0.004286287 0.998876870 5.400268078
0.998856604 0.009240090 0.046905451 -0.085988387 -0.009030574 0.999948263 -0.004676719 -0.101830758 -0.046946239 0.004247788 0.998888373 5.400508404
0.998855293 0.009300015 0.046920970 -0.085982651 -0.009094040 0.999948084 -0.004601399 -0.101890720 -0.046961326 0.004169431 0.998888016 5.400512218
0.998856187 0.009272512 0.046907943 -0.085862212 -0.009067532 0.999948382 -0.004580749 -0.101966105 -0.046947997 0.004150170 0.998888731 5.400569439
0.998854399 0.009299363 0.046940379 -0.085853636 -0.009088715 0.999947667 -0.004699014 -0.101785414 -0.046981618 0.004267003 0.998886645 5.400422573
0.998855352 0.009417992 0.046895955 -0.085784897 -0.009200076 0.999945879 -0.004860472 -0.101507768 -0.046939190 0.004423463 0.998887956 5.400319099
0.998849750 0.009582583 0.046982761 -0.085932620 -0.009367747 0.999944627 -0.004790705 -0.101758391 -0.047026068 0.004345072 0.998884201 5.400538921
0.998850584 0.009525883 0.046976417 -0.085828125 -0.009308514 0.999944925 -0.004843786 -0.101526529 -0.047019970 0.004400938 0.998884261 5.400158405
0.998851776 0.009596614 0.046936471 -0.086032443 -0.009383887 0.999944687 -0.004750480 -0.101716459 -0.046979465 0.004304579 0.998886585 5.400840282
0.998858988 0.009278402 0.046846889 -0.085814841 -0.009065177 0.999947548 -0.004761924 -0.101568863 -0.046888616 0.004331815 0.998890758 5.400395870
0.998856246 0.009118666 0.046937197 -0.085763708 -0.008910908 0.999949574 -0.004633625 -0.101643749 -0.046977080 0.004210072 0.998887122 5.400670052
0.998836100 0.009460925 0.047296420 -0.087744392 -0.009275700 0.999948442 -0.004134207 -0.110763565 -0.047333095 0.003690688 0.998872340 5.401233673
0.998833656 0.009560760 0.047328394 -0.087732710 -0.009379542 0.999947786 -0.004049568 -0.110932216 -0.047364637 0.003600926 0.998871148 5.401559830
0.998836935 0.009617973 0.047246315 -0.087298021 -0.009431906 0.999946892 -0.004159593 -0.110809967 -0.047283810 0.003709133 0.998874605 5.401264668
0.998824954 0.009886098 0.047444619 -0.087998576 -0.009699807 0.999944329 -0.004155131 -0.110920072 -0.047483053 0.003690044 0.998865247 5.401280403
0.998822808 0.010000850 0.047465540 -0.088196725 -0.009813357 0.999943078 -0.004181483 -0.111010291 -0.047504656 0.003710765 0.998864114 5.400993824
0.998827755 0.009928415 0.047376126 -0.087824650 -0.009741046 0.999943793 -0.004184163 -0.110934399 -0.047415003 0.003717765 0.998868346 5.400790215
0.998830974 0.009780850 0.047339376 -0.087861426 -0.009592040 0.999945104 -0.004213981 -0.110746257 -0.047377996 0.003754974 0.998869956 5.401191235
0.998832881 0.009583950 0.047339424 -0.088006288 -0.009401043 0.999947488 -0.004084864 -0.110973872 -0.047376085 0.003635056 0.998870492 5.401328087
0.998828173 0.009629211 0.047429256 -0.087841220 -0.009441206 0.999946654 -0.004186342 -0.110791624 -0.047467034 0.003733647 0.998865843 5.401243687
0.998822510 0.009913699 0.047490191 -0.088181853 -0.009727890 0.999944091 -0.004142120 -0.110911943 -0.047528598 0.003675264 0.998863101 5.401251316
0.998827398 0.009830505 0.047404569 -0.087842107 -0.009641265 0.999944627 -0.004219020 -0.110781521 -0.047443416 0.003757033 0.998866856 5.401058674
0.998825669 0.009833704 0.047440469 -0.087847851 -0.009647978 0.999944866 -0.004142340 -0.111058831 -0.047478586 0.003679771 0.998865485 5.401133060
0.998820245 0.010087954 0.047501128 -0.088144913 -0.009898585 0.999942124 -0.004220163 -0.110875919 -0.047540952 0.003744991 0.998862267 5.400816441
0.998826385 0.009940127 0.047402870 -0.087953590 -0.009751975 0.999943614 -0.004198849 -0.110846959 -0.047441933 0.003731650 0.998867035 5.400910378
0.998826802 0.009673228 0.047449913 -0.088126428 -0.009472020 0.999945164 -0.004463462 -0.110817567 -0.047490489 0.004008779 0.998863637 5.401290894
0.998815358 0.010454850 0.047524203 -0.088221930 -0.010121520 0.999922514 -0.007249154 -0.112616815 -0.047596309 0.006759549 0.998843789 5.406388760
0.998869061 0.008786052 0.046726614 -0.080362812 -0.008611468 0.999955177 -0.003936262 -0.107915126 -0.046759102 0.003529426 0.998899937 5.465830803
0.998812497 0.011210144 0.047412496 -0.082276389 -0.010970899 0.999925733 -0.005303254 -0.107694142 -0.047468428 0.004776799 0.998861313 5.471762657
0.998832345 0.010266840 0.047206797 -0.077022091 -0.010000268 0.999932706 -0.005879626 -0.104808331 -0.047263984 0.005400680 0.998867810 5.480382919
0.998786151 0.011511099 0.047893275 -0.084483564 -0.011188352 0.999912918 -0.007001501 -0.111607149 -0.047969699 0.006457155 0.998827934 5.501793861
0.998822987 0.010211811 0.047417436 -0.088066503 -0.009826585 0.999916852 -0.008350181 -0.099425182 -0.047498763 0.007874401 0.998840272 5.516903877
0.998793662 0.009900779 0.048095733 -0.083842725 -0.009688122 0.999942243 -0.004652642 -0.111607030 -0.048139021 0.004181072 0.998831868 5.614933968
0.998756707 0.011456661 0.048515894 -0.082070351 -0.011290682 0.999929428 -0.003693811 -0.112482965 -0.048554789 0.003141441 0.998815596 5.656734943
0.998817861 0.009471011 0.047677692 -0.074334264 -0.009170864 0.999936759 -0.006510163 -0.116881907 -0.047736336 0.006065222 0.998841584 5.654451847
0.998843431 0.008365612 0.047348220 -0.070841029 -0.007970878 0.999931931 -0.008519492 -0.119340591 -0.047416270 0.008132232 0.998842120 5.701792717
0.998809338 0.010342486 0.047675252 -0.072458357 -0.010051734 0.999929428 -0.006334325 -0.117774427 -0.047737401 0.005847564 0.998842776 5.732233524
0.998797297 0.009546368 0.048092011 -0.071481958 -0.009263896 0.999938548 -0.006093049 -0.118601866 -0.048147224 0.005640202 0.998824298 5.796785831
0.998781383 0.011101242 0.048088465 -0.070796266 -0.010773874 0.999917030 -0.007061487 -0.118253373 -0.048162866 0.006534783 0.998818099 5.848906994
0.998834848 0.009178601 0.047378339 -0.067365028 -0.008997093 0.999951363 -0.004042873 -0.118667297 -0.047413144 0.003611895 0.998868823 5.908737659
0.998792589 0.011146470 0.047844850 -0.064766102 -0.010984483 0.999933004 -0.003647274 -0.117586635 -0.047882300 0.003117319 0.998848140 5.968652248
0.998735547 0.011293257 0.048987195 -0.060959335 -0.011140484 0.999932170 -0.003390553 -0.113702677 -0.049022164 0.002840525 0.998793662 6.028357029
0.998778641 0.010743134 0.048226718 -0.072221406 -0.010529326 0.999933600 -0.004685264 -0.125231132 -0.048273850 0.004171746 0.998825431 6.054481030
0.998820961 0.010198113 0.047462218 -0.059431899 -0.010042283 0.999943376 -0.003520534 -0.117138594 -0.047495432 0.003039754 0.998866856 6.124669552
0.998818338 0.009745763 0.047612507 -0.056985438 -0.009541259 0.999944270 -0.004520558 -0.118710220 -0.047653910 0.004060933 0.998855650 6.179622650
0.998826385 0.010407173 0.047302622 -0.055453800 -0.010198181 0.999937177 -0.004657410 -0.118046328 -0.047348119 0.004169543 0.998869717 6.236030579
0.998809159 0.010802609 0.047577083 -0.060747094 -0.010610656 0.999934494 -0.004285298 -0.127270281 -0.047620259 0.003775371 0.998858392 6.280067921
0.998833954 0.010607827 0.047097363 -0.055148449 -0.010471052 0.999940217 -0.003149871 -0.119425334 -0.047127958 0.002653039 0.998885334 6.356788635
0.998832166 0.008852368 0.047496554 -0.051434968 -0.008757963 0.999959230 -0.002195379 -0.120635405 -0.047514055 0.001776842 0.998869002 6.414637566
0.998820841 0.010949438 0.047297724 -0.052118115 -0.010786846 0.999935031 -0.003691503 -0.126677051 -0.047335070 0.003176957 0.998874009 6.464512825
0.998856604 0.009474312 0.046858676 -0.052294038 -0.009260465 0.999945700 -0.004778635 -0.128756553 -0.046901405 0.004339238 0.998890102 6.521969318
0.998979151 0.006835022 0.044653915 -0.035666570 -0.006649099 0.999968588 -0.004310848 -0.124070071 -0.044681977 0.004009539 0.998993218 6.618227482
0.998971701 0.006085867 0.044928219 -0.033868026 -0.005940046 0.999976635 -0.003378432 -0.125670373 -0.044947732 0.003108083 0.998984516 6.685797215
0.998982072 0.008208685 0.044355575 -0.014568005 -0.008139036 0.999965370 -0.001750611 -0.167400599 -0.044368409 0.001387817 0.999014258 6.552731991
0.998948991 0.011154625 0.044458218 -0.043915991 -0.011062775 0.999936163 -0.002311490 -0.125583082 -0.044481162 0.001817229 0.999008596 6.781469822
0.998975754 0.008732614 0.044397812 -0.043018050 -0.008698281 0.999961674 -0.000966456 -0.128562778 -0.044404551 0.000579282 0.999013484 6.846183777
0.999012172 0.009826357 0.043336987 -0.040770713 -0.009823203 0.999951720 -0.000285744 -0.131323457 -0.043337703 -0.000140246 0.999060452 6.894749641
0.999086618 0.007692870 0.042032111 -0.036886368 -0.007677605 0.999970376 -0.000524591 -0.129071802 -0.042034905 0.000201406 0.999116123 6.970814228
0.999079823 0.007598683 0.042211436 -0.041905902 -0.007573915 0.999971032 -0.000746655 -0.134304762 -0.042215887 0.000426262 0.999108434 7.025904179
0.999166727 0.004518927 0.040563878 -0.026868355 -0.004503190 0.999989748 -0.000479311 -0.134168074 -0.040565625 0.000296245 0.999176860 7.099071026
0.999180675 0.004783965 0.040187553 -0.033694796 -0.004729317 0.999987781 -0.001454777 -0.133647040 -0.040194020 0.001263525 0.999191105 7.152733326
0.999189556 0.004158577 0.040037286 -0.032795370 -0.004067384 0.999988973 -0.002358887 -0.134561583 -0.040046651 0.002194128 0.999195397 7.214821339
0.999186635 0.006359645 0.039819367 -0.034657285 -0.006298637 0.999978781 -0.001657376 -0.139858067 -0.039829064 0.001405221 0.999205530 7.280600548
0.999237120 0.003838020 0.038864996 -0.027749585 -0.003751917 0.999990344 -0.002288139 -0.142491981 -0.038873404 0.002140575 0.999241829 7.345239162
0.999262452 0.004781480 0.038100503 -0.030986669 -0.004749532 0.999988317 -0.000928995 -0.135343105 -0.038104497 0.000747350 0.999273479 7.443844795
0.999263406 0.006828311 0.037762299 -0.034874815 -0.006788440 0.999976277 -0.001183952 -0.162376970 -0.037769485 0.000926733 0.999286056 7.465003967
0.999280453 0.005523277 0.037524968 -0.025622429 -0.005508780 0.999984682 -0.000489736 -0.139953241 -0.037527099 0.000282667 0.999295592 7.589843750
0.999280870 0.006952043 0.037274275 -0.026256574 -0.006931663 0.999975741 -0.000675966 -0.144403100 -0.037278071 0.000417107 0.999304831 7.665074348
0.999321640 0.005516135 0.036411371 -0.022314698 -0.005525718 0.999984741 0.000162569 -0.146079049 -0.036409918 -0.000363658 0.999336898 7.728821754
0.999354064 0.006864854 0.035274263 -0.021626083 -0.006863691 0.999976456 -0.000154066 -0.143009827 -0.035274491 -0.000088145 0.999377668 7.790707588
0.999345899 0.008050632 0.035256028 -0.021283550 -0.008127224 0.999964893 0.002029678 -0.143701166 -0.035238452 -0.002314884 0.999376237 7.865806580
0.999379337 0.005467104 0.034799650 -0.016190572 -0.005518739 0.999983788 0.001387880 -0.144100830 -0.034791499 -0.001579069 0.999393344 7.981465816
0.999415219 0.004281798 0.033925414 -0.016616214 -0.004331407 0.999989629 0.001388931 -0.144819126 -0.033919115 -0.001535063 0.999423385 8.061267853
0.999433279 0.005531232 0.033203688 -0.012315438 -0.005562046 0.999984205 0.000835727 -0.151284024 -0.033198539 -0.001019933 0.999448240 8.152029991
0.999444485 0.006158033 0.032753054 0.001344652 -0.006180218 0.999980748 0.000576139 -0.151801646 -0.032748874 -0.000778240 0.999463320 8.206887245
0.999451697 0.005372023 0.032671724 -0.013669530 -0.005307899 0.999983788 -0.002049100 -0.144775853 -0.032682203 0.001874559 0.999464035 8.305617332
0.999484062 0.005931443 0.031566601 -0.012282439 -0.005951634 0.999982119 0.000545708 -0.152349502 -0.031562801 -0.000733299 0.999501526 8.408165932
0.999411821 0.011590173 0.032274954 -0.014719477 -0.011510374 0.999930203 -0.002657198 -0.153734848 -0.032303497 0.002284138 0.999475479 8.490407944
0.999497294 0.007052263 0.030909818 -0.009861609 -0.007017656 0.999974608 -0.001227950 -0.150009260 -0.030917693 0.001010418 0.999521434 8.563110352
0.999476016 0.009681152 0.030886397 -0.008576582 -0.009653841 0.999952853 -0.001033237 -0.151548609 -0.030894943 0.000734523 0.999522388 8.627142906
0.999512434 0.007939305 0.030196331 -0.004242694 -0.007909782 0.999968112 -0.001097036 -0.159986213 -0.030204078 0.000857655 0.999543369 8.733106613
0.999558032 0.007202255 0.028842710 -0.004125348 -0.007200312 0.999974072 -0.000171199 -0.161180675 -0.028843196 -0.000036553 0.999583960 8.815708160
0.999573648 0.006384464 0.028492399 -0.002977272 -0.006434751 0.999977887 0.001673594 -0.157197848 -0.028481083 -0.001856221 0.999592602 8.879329681
0.999583066 0.005951473 0.028252883 -0.005802618 -0.005990569 0.999981225 0.001299311 -0.155372322 -0.028244620 -0.001468020 0.999599934 8.951740265
0.999592602 0.007833532 0.027445925 -0.004341096 -0.007858876 0.999968767 0.000815663 -0.156358510 -0.027438680 -0.001031025 0.999622941 9.055671692
0.999624729 0.005315942 0.026873609 -0.003154958 -0.005368416 0.999983847 0.001880878 -0.155863985 -0.026863176 -0.002024441 0.999637067 9.133316994
0.999634802 0.005320453 0.026495241 -0.006178943 -0.005382824 0.999982893 0.002283310 -0.155217901 -0.026482638 -0.002425095 0.999646306 9.225795746
0.999648333 0.006379268 0.025738567 -0.002737770 -0.006413962 0.999978602 0.001265595 -0.157032028 -0.025729943 -0.001430236 0.999667883 9.289787292
0.999673188 0.005063985 0.025056364 -0.002844774 -0.005102747 0.999985874 0.001483269 -0.158922300 -0.025048498 -0.001610640 0.999684930 9.371902466
0.999666750 0.008304597 0.024442350 0.000402844 -0.008295648 0.999965489 -0.000467512 -0.158395633 -0.024445388 0.000264591 0.999701142 9.462140083
0.999695003 0.006683492 0.023774443 0.000364292 -0.006701240 0.999977350 0.000666931 -0.165170282 -0.023769448 -0.000826046 0.999717116 9.526857376
0.999687672 0.008287267 0.023576759 0.000437919 -0.008333749 0.999963522 0.001873958 -0.163687304 -0.023560368 -0.002069856 0.999720275 9.607250214
0.999710917 0.006105379 0.023255400 0.002554071 -0.006143589 0.999979913 0.001571975 -0.162714347 -0.023245335 -0.001714393 0.999728322 9.689127922
0.999736249 0.004979303 0.022419933 0.000821318 -0.005017734 0.999986053 0.001658227 -0.161614984 -0.022411363 -0.001770287 0.999747276 9.781017303
0.999768853 0.003499779 0.021212516 0.000208072 -0.003523056 0.999993205 0.001060081 -0.163854480 -0.021208663 -0.001134569 0.999774456 9.873863220
0.999753594 0.006213928 0.021311095 -0.002342367 -0.006218801 0.999980628 0.000162398 -0.164435372 -0.021309674 -0.000294887 0.999772906 9.963232994
0.999768376 0.006813149 0.020416500 -0.000711924 -0.006818539 0.999976754 0.000194392 -0.163177371 -0.020414701 -0.000333557 0.999791563 10.052814484
0.999765098 0.007296016 0.020407600 -0.002042371 -0.007310933 0.999973059 0.000656467 -0.164057449 -0.020402262 -0.000805511 0.999791503 10.142575264
0.999796629 0.005668614 0.019352656 -0.001646091 -0.005663273 0.999983907 -0.000330745 -0.166714564 -0.019354219 0.000221079 0.999812663 10.226654053
0.999710977 0.004687361 0.023579810 0.004022153 -0.004670292 0.999988794 -0.000778930 -0.167615354 -0.023583198 0.000668580 0.999721646 10.307154655
0.999463439 0.003153759 0.032601234 0.007871418 -0.003082365 0.999992728 -0.002239944 -0.169062644 -0.032608062 0.002138253 0.999465942 10.401008606
0.999127805 0.007685109 0.041043200 0.011718103 -0.007552757 0.999965787 -0.003378780 -0.172290400 -0.041067760 0.003065843 0.999151647 10.481725693
0.998879850 0.005175969 0.047034401 0.019133853 -0.005048532 0.999983251 -0.002827832 -0.171953142 -0.047048252 0.002587210 0.998889267 10.575738907
0.998613477 0.002674207 0.052573316 0.027548693 -0.002637443 0.999996245 -0.000768654 -0.172924161 -0.052575171 0.000628929 0.998616755 10.667215347
0.998396695 0.007289051 0.056132779 0.029768223 -0.007290842 0.999973416 -0.000172886 -0.172031403 -0.056132548 -0.000236646 0.998423278 10.759746552
0.998141110 0.007932237 0.060427126 0.034588728 -0.008065007 0.999965549 0.001953610 -0.174259931 -0.060409546 -0.002437323 0.998170674 10.847456932
0.998130918 0.006696725 0.060743678 0.040219173 -0.006790963 0.999976039 0.001345078 -0.175462648 -0.060733214 -0.001755072 0.998152494 10.935319901
0.998067558 0.004476129 0.061976474 0.044656470 -0.004505275 0.999989808 0.000330546 -0.177790284 -0.061974362 -0.000609128 0.998077571 11.020961761
0.998055458 0.003216799 0.062249132 0.051957455 -0.003286415 0.999994099 0.001015987 -0.177628458 -0.062245496 -0.001218588 0.998060107 11.105776787
0.997993588 0.004815703 0.063131690 0.055423800 -0.004883818 0.999987662 0.000924652 -0.178943634 -0.063126452 -0.001231120 0.998004794 11.191699982
0.998025060 0.004087674 0.062683567 0.056582730 -0.004109155 0.999991536 0.000213787 -0.183912009 -0.062682159 -0.000470941 0.998033404 11.291792870
0.998019993 0.003262673 0.062812895 0.062034708 -0.003212190 0.999994457 -0.000904667 -0.183211982 -0.062815502 0.000701109 0.998024881 11.379361153
0.998040318 0.006664778 0.062217791 0.065842807 -0.006598041 0.999977410 -0.001278025 -0.182441235 -0.062224902 0.000865005 0.998061776 11.477613449
0.997991621 0.006002293 0.063060842 0.072183922 -0.005871353 0.999980211 -0.002261512 -0.184767559 -0.063073173 0.001886717 0.998007119 11.567070961
0.997989655 0.003005911 0.063305609 0.077786013 -0.002926928 0.999994814 -0.001340338 -0.184969291 -0.063309312 0.001152352 0.997993290 11.669952393
0.998015642 0.007197845 0.062553354 0.081895009 -0.007028591 0.999971032 -0.002925372 -0.186788812 -0.062572598 0.002479905 0.998037338 11.758143425
0.998036921 0.005322763 0.062401857 0.087926887 -0.005188799 0.999983847 -0.002308651 -0.188314870 -0.062413137 0.001980328 0.998048425 11.850724220
0.998015583 0.005887766 0.062691383 0.090510093 -0.005656656 0.999976516 -0.003863331 -0.189449146 -0.062712654 0.003501041 0.998025477 11.940335274
0.998043001 0.002523617 0.062480681 0.095997706 -0.002233420 0.999986410 -0.004714006 -0.190067276 -0.062491726 0.004565235 0.998035014 12.033691406
0.998040318 0.006108331 0.062275127 0.098454855 -0.005874992 0.999975026 -0.003929318 -0.191332206 -0.062297575 0.003555753 0.998051286 12.123297691
0.998135507 0.004279499 0.060887028 0.102777973 -0.004004131 0.999981225 -0.004643904 -0.193806693 -0.060905758 0.004391445 0.998133838 12.216551781
0.998151302 0.004604295 0.060603224 0.106836632 -0.004368561 0.999982357 -0.004021713 -0.193661615 -0.060620673 0.003749529 0.998153806 12.304830551
0.998109877 0.007464836 0.060999777 0.109152071 -0.007182726 0.999962449 -0.004842756 -0.197125092 -0.061033636 0.004395458 0.998126030 12.394467354
0.998235703 0.002534559 0.059321843 0.116940297 -0.002272490 0.999987364 -0.004484793 -0.197238564 -0.059332460 0.004342073 0.998228848 12.486405373
0.998233736 0.004722095 0.059221309 0.120375410 -0.004604924 0.999987185 -0.002114861 -0.199677140 -0.059230536 0.001838416 0.998242617 12.562388420
0.998265266 0.001493786 0.058857922 0.127459481 -0.001357794 0.999996305 -0.002350434 -0.199157089 -0.058861218 0.002266439 0.998263597 12.663275719
0.998265266 0.002651709 0.058816385 0.127739012 -0.002455978 0.999991179 -0.003399856 -0.200633958 -0.058824882 0.003249507 0.998263001 12.756093979
0.998301327 0.004030365 0.058122497 0.128008097 -0.003801257 0.999984562 -0.004051847 -0.204089329 -0.058137931 0.003824026 0.998301208 12.843357086
0.998295426 0.004061379 0.058221418 0.132209525 -0.003781410 0.999980748 -0.004918052 -0.201780215 -0.058240272 0.004689510 0.998291552 12.939606667
0.998495460 0.001459931 0.054815345 0.139970154 -0.001283011 0.999993861 -0.003262617 -0.204165623 -0.054819770 0.003187379 0.998491168 13.034711838
0.998646438 0.007053907 0.051531922 0.137166023 -0.006983940 0.999974430 -0.001537695 -0.205864981 -0.051541451 0.001175717 0.998670161 13.135033607
0.998867154 0.005756594 0.047236342 0.140661985 -0.005553544 0.999974787 -0.004428709 -0.207856745 -0.047260646 0.004161363 0.998873949 13.226088524
0.999151707 0.003389951 0.041040681 0.141211063 -0.003150200 0.999977589 -0.005905068 -0.211848825 -0.041059781 0.005770772 0.999140024 13.323875427
0.999451876 0.004369185 0.032816321 0.135213077 -0.004202512 0.999977946 -0.005146218 -0.208213612 -0.032838084 0.005005486 0.999448180 13.429043770
0.999695778 0.004205930 0.024304032 0.134507373 -0.004096590 0.999981284 -0.004546885 -0.214426100 -0.024322702 0.004445938 0.999694288 13.520169258
0.999902189 0.005326913 0.012929835 0.124341883 -0.005249122 0.999967992 -0.006042862 -0.213523149 -0.012961611 0.005974401 0.999898136 13.624782562
0.999920428 0.009352316 0.008468469 0.120314732 -0.009316394 0.999947488 -0.004271349 -0.219774097 -0.008507971 0.004192113 0.999954998 13.720045090
0.999965310 0.005987286 0.005791340 0.117607512 -0.005958620 0.999969959 -0.004954512 -0.217118666 -0.005820830 0.004919831 0.999970973 13.829660416
0.999977171 0.005587795 0.003796485 0.121343851 -0.005572318 0.999976158 -0.004075300 -0.218327850 -0.003819167 0.004054052 0.999984503 13.928416252
0.999974847 0.006821548 0.001948797 0.117306612 -0.006815160 0.999971449 -0.003265889 -0.219077319 -0.001971019 0.003252526 0.999992788 14.033488274
0.999962687 0.008634827 -0.000181215 0.114012465 -0.008635445 0.999955714 -0.003747930 -0.222181067 0.000148845 0.003749355 0.999992967 14.128498077
0.999968231 0.007379432 -0.003022185 0.111078650 -0.007390140 0.999966383 -0.003547228 -0.221674904 0.002995907 0.003569450 0.999989152 14.230355263
0.999975562 0.005274634 -0.004586546 0.107812785 -0.005298900 0.999971926 -0.005294744 -0.222107932 0.004558489 0.005318919 0.999975443 14.329483986
0.999967635 0.004584578 -0.006609619 0.103661530 -0.004610646 0.999981642 -0.003934108 -0.227610454 0.006591461 0.003964455 0.999970436 14.436860085
0.999941111 0.006154520 -0.008941841 0.101108551 -0.006162597 0.999980628 -0.000875949 -0.228441849 0.008936278 0.000931002 0.999959648 14.538235664
0.999945819 0.002923284 -0.009988008 0.097562082 -0.002927138 0.999995649 -0.000371312 -0.229466438 0.009986879 0.000400528 0.999950051 14.638598442
0.999924779 0.000865934 -0.012234178 0.094480790 -0.000887436 0.999998093 -0.001752199 -0.231993780 0.012232638 0.001762924 0.999923646 14.743359566
0.999900758 0.005554128 -0.012947618 0.089959465 -0.005561472 0.999984384 -0.000531290 -0.234313309 0.012944466 0.000603245 0.999916017 14.842936516
0.999868453 0.004445533 -0.015596970 0.085586838 -0.004464496 0.999989331 -0.001181245 -0.237725958 0.015591552 0.001250723 0.999877691 14.940958977
0.999840260 0.006347252 -0.016707944 0.079346746 -0.006360989 0.999979496 -0.000769163 -0.236732692 0.016702719 0.000875319 0.999860108 15.050443649
0.999813557 0.002636635 -0.019127142 0.077693902 -0.002677926 0.999994159 -0.002133448 -0.243937775 0.019121405 0.002184271 0.999814808 15.146889687
0.999779463 0.005722411 -0.020205930 0.069632739 -0.005767473 0.999980986 -0.002172546 -0.245103166 0.020193113 0.002288604 0.999793470 15.253408432
0.999735177 0.007112160 -0.021886315 0.068139300 -0.007181772 0.999969423 -0.003103615 -0.243098333 0.021863570 0.003259976 0.999755621 15.344657898
0.999698639 0.005776739 -0.023858653 0.063356727 -0.005770220 0.999983311 0.000342062 -0.242892355 0.023860231 -0.000204289 0.999715269 15.455598831
0.999679863 0.004410999 -0.024913190 0.057942785 -0.004364437 0.999988616 0.001923039 -0.243399650 0.024921387 -0.001813691 0.999687791 15.562205315
0.999622285 0.005262572 -0.026973613 0.053631354 -0.005169234 0.999980390 0.003528937 -0.244902417 0.026991656 -0.003388171 0.999629915 15.665343285
0.999566495 0.003332656 -0.029253231 0.048182636 -0.003212102 0.999986172 0.004167078 -0.245508492 0.029266713 -0.004071306 0.999563336 15.770814896
0.999528885 0.004715195 -0.030328391 0.042183839 -0.004591888 0.999980927 0.004134109 -0.246837184 0.030347306 -0.003992897 0.999531448 15.870411873
0.999503255 0.005573865 -0.031018406 0.036533128 -0.005416823 0.999972105 0.005144606 -0.246445790 0.031046217 -0.004974030 0.999505579 15.972403526
0.999447405 0.006360342 -0.032624986 0.028977118 -0.006283868 0.999977291 0.002446035 -0.248576298 0.032639802 -0.002239672 0.999464691 16.074590683
0.999403596 0.006853692 -0.033845093 0.021821745 -0.006817315 0.999976039 0.001190098 -0.246233821 0.033852439 -0.000958656 0.999426365 16.185125351
0.999377131 0.002044315 -0.035230521 0.019761607 -0.002093969 0.999996841 -0.001372571 -0.250946820 0.035227604 0.001445488 0.999378264 16.269016266
0.999341488 0.006827092 -0.035636496 0.010737318 -0.006817068 0.999976695 0.000402784 -0.252178401 0.035638414 -0.000159583 0.999364734 16.366670609
0.999274373 0.007144198 -0.037411820 0.005981218 -0.007049093 0.999971569 0.002673414 -0.253238142 0.037429854 -0.002407755 0.999296367 16.461561203
0.999231517 0.006397845 -0.038670950 0.001843735 -0.006276788 0.999975026 0.003251045 -0.253973395 0.038690783 -0.003005817 0.999246716 16.559829712
0.999172986 0.005871395 -0.040235378 -0.004497315 -0.005743700 0.999978125 0.003288579 -0.253050178 0.040253807 -0.003054759 0.999184847 16.666217804
0.999125719 0.007925191 -0.041048814 -0.010718845 -0.007783486 0.999963164 0.003610783 -0.252556503 0.041075919 -0.003288123 0.999150634 16.765897751
0.999036849 0.005790619 -0.043494742 -0.014303456 -0.005589173 0.999973118 0.004751679 -0.253264129 0.043521088 -0.004504003 0.999042332 16.861307144
0.998998821 0.007462336 -0.044109087 -0.023533629 -0.007249136 0.999961257 0.004991448 -0.250788957 0.044144627 -0.004666699 0.999014258 16.963357925
