1.000000000 0.000000000 0.000000000 0.000000000 0.000000000 1.000000000 0.000000000 0.000000000 0.000000000 0.000000000 1.000000000 0.000000000
0.999994338 0.002527075 -0.002218159 -0.005692641 -0.002521547 0.999993742 0.002491144 0.002423163 0.002224440 -0.002485537 0.999994457 0.146509692
0.999982119 0.001618064 -0.005753858 -0.010783581 -0.001604826 0.999996066 0.002304496 0.000161186 0.005757565 -0.002295221 0.999980807 0.278407156
0.999966919 0.001995795 -0.007887694 -0.016917069 -0.002008389 0.999996722 -0.001589013 -0.001127520 0.007884497 0.001604802 0.999967635 0.392280430
0.999946833 -0.001569705 -0.010193006 -0.016351769 0.001510457 0.999981940 -0.005817728 -0.004844694 0.010201954 0.005802022 0.999931097 0.510315955
0.999903560 -0.005209614 -0.012872101 -0.023062780 0.005125317 0.999965250 -0.006573135 -0.007037268 0.012905898 0.006506527 0.999895573 0.646993101
0.999877989 -0.002600431 -0.015404277 -0.028271327 0.002468331 0.999960065 -0.008588366 -0.009720035 0.015425996 0.008549295 0.999844491 0.769059002
0.999877036 -0.000880353 -0.015655251 -0.034656182 0.000667676 0.999907494 -0.013585034 -0.010722131 0.015665764 0.013572912 0.999785185 0.886094153
0.999812603 -0.001524644 -0.019299636 -0.040150814 0.001318727 0.999942124 -0.010677718 -0.012727307 0.019314799 0.010650265 0.999756753 1.014642000
0.999745011 -0.002451861 -0.022447415 -0.044363983 0.002224284 0.999945939 -0.010157576 -0.015152040 0.022471106 0.010105057 0.999696434 1.142133832
0.999695957 -0.004340346 -0.024271565 -0.049615771 0.004124314 0.999951482 -0.008943613 -0.017565893 0.024309205 0.008840790 0.999665380 1.268182635
0.999651551 -0.002430459 -0.026283283 -0.056224257 0.002216743 0.999964297 -0.008157335 -0.019185051 0.026302170 0.008096230 0.999621272 1.388560414
0.999654353 -0.003997926 -0.025984338 -0.060932569 0.003756784 0.999949515 -0.009322478 -0.021279056 0.026020296 0.009221638 0.999618888 1.501844168
0.999561489 -0.004981590 -0.029189974 -0.068051666 0.004785916 0.999965608 -0.006769470 -0.021380514 0.029222693 0.006626801 0.999550939 1.637417078
0.999588728 -0.002848842 -0.028534789 -0.074143879 0.002535572 0.999936163 -0.011008706 -0.026401758 0.028564330 0.010931826 0.999532163 1.768966913
0.999553740 -0.002299021 -0.029782156 -0.081171311 0.001847337 0.999882996 -0.015184903 -0.028214490 0.029813582 0.015123108 0.999441087 1.890183449
0.999496043 0.002318766 -0.031658068 -0.091420665 -0.002759195 0.999899924 -0.013875454 -0.029943727 0.031622726 0.013955812 0.999402463 2.023575783
0.999370158 0.001663065 -0.035447635 -0.099092178 -0.002164789 0.999897957 -0.014120274 -0.032190308 0.035420533 0.014188117 0.999271750 2.164000511
0.999289691 -0.001107785 -0.037668709 -0.106241554 0.000440040 0.999842703 -0.017730443 -0.036765322 0.037682422 0.017701274 0.999132991 2.297516584
0.999111474 -0.008965819 -0.041181657 -0.108919814 0.008299868 0.999832451 -0.016313681 -0.042631276 0.041321021 0.015957383 0.999018490 2.438294649
0.998986363 -0.008308141 -0.044240281 -0.120700702 0.007588240 0.999836445 -0.016415680 -0.042467482 0.044369429 0.016063334 0.998886049 2.599767208
0.999077976 -0.002210313 -0.042875856 -0.132854447 0.001405930 0.999822617 -0.018781824 -0.048655398 0.042909764 0.018704226 0.998903871 2.747293472
0.999504566 0.001531014 -0.031436108 -0.138211638 -0.002191506 0.999777377 -0.020986913 -0.050783869 0.031396978 0.021045407 0.999285400 2.889414549
0.999984622 -0.004840190 0.002711670 -0.123352394 0.004882492 0.999862969 -0.015816834 -0.054359898 -0.002634742 0.015829829 0.999871254 3.050912857
0.998885095 -0.004287853 0.047012098 -0.096444845 0.005122584 0.999831140 -0.017649574 -0.057820782 -0.046928480 0.017870720 0.998738408 3.203044891
0.996608794 -0.009790218 0.081701420 -0.065082110 0.011280366 0.999777973 -0.017797342 -0.061708570 -0.081509039 0.018658608 0.996497929 3.349852324
0.994961202 -0.009358115 0.099822953 -0.044727065 0.011396639 0.999737620 -0.019870715 -0.065355204 -0.099610806 0.020908237 0.994806767 3.494664669
0.995047748 -0.005284233 0.099257320 -0.033868119 0.006999755 0.999831975 -0.016943289 -0.066273160 -0.099151112 0.017554160 0.994917512 3.645266771
0.995198846 -0.008906920 0.097467706 -0.019414775 0.010537373 0.999812841 -0.016226187 -0.070282161 -0.097304940 0.017175337 0.995106399 3.784635782
0.995298505 -0.004737879 0.096739173 -0.010791570 0.006106222 0.999885380 -0.013853509 -0.073878810 -0.096662447 0.014379087 0.995213330 3.938886404
0.995580614 -0.009762304 0.093401998 0.003335822 0.010450888 0.999921679 -0.006885963 -0.080985397 -0.093327463 0.007831665 0.995604694 4.087030888
0.995814383 -0.012093962 0.090594791 0.016888328 0.012897034 0.999882519 -0.008284259 -0.082014635 -0.090483956 0.009417988 0.995853364 4.238792896
0.996085286 -0.012125074 0.087562025 0.021600217 0.013035382 0.999866724 -0.009831824 -0.084184863 -0.087431140 0.010934739 0.996110559 4.381006718
0.996155500 -0.011964398 0.086781524 0.032822486 0.013034051 0.999845803 -0.011769677 -0.089413851 -0.086627319 0.012855544 0.996157825 4.520523071
0.996313989 -0.014793225 0.084495902 0.043060426 0.015751058 0.999818921 -0.010680448 -0.091722324 -0.084322602 0.011971980 0.996366560 4.675241947
0.995945275 -0.015757391 0.088570476 0.057875853 0.016797259 0.999798298 -0.011007462 -0.092183396 -0.088379167 0.012450570 0.996009111 4.827432632
0.993959010 -0.010031641 0.109292544 0.076672181 0.011070239 0.999899089 -0.008900300 -0.094406530 -0.109192237 0.010056428 0.993969798 4.966164112
0.992052972 -0.013117289 0.125135452 0.100473136 0.014434210 0.999849498 -0.009623058 -0.095153302 -0.124990389 0.011352814 0.992093027 5.100831032
0.990945101 -0.008216036 0.134015888 0.117080927 0.009078307 0.999941826 -0.005824273 -0.095894210 -0.133960247 0.006988172 0.990962088 5.236935616
0.991399586 -0.004708385 0.130784899 0.129983976 0.005114523 0.999983072 -0.002769666 -0.100916393 -0.130769640 0.003414748 0.991406918 5.364926338
0.991629362 -0.008239207 0.128853738 0.142568231 0.008404835 0.999964416 -0.000741678 -0.099309705 -0.128843039 0.001818464 0.991663337 5.509207249
0.992175698 -0.012925901 0.124178723 0.159155205 0.013186230 0.999912262 -0.001274701 -0.099472769 -0.124151349 0.002902176 0.992259026 5.646233082
0.992554545 -0.012727818 0.121134236 0.171622813 0.013062843 0.999912739 -0.001971998 -0.101202749 -0.121098563 0.003539673 0.992634177 5.789063454
0.992852807 -0.017968001 0.117984816 0.189464390 0.017717658 0.999837995 0.003170436 -0.101639725 -0.118022665 -0.001057361 0.993010342 5.939758778
0.993106604 -0.020262439 0.115450017 0.205522180 0.019377640 0.999773681 0.008781212 -0.100863278 -0.115601815 -0.006483531 0.993274450 6.098038673
0.993317962 -0.018018419 0.113994636 0.218698308 0.017139293 0.999815345 0.008687470 -0.099675782 -0.114130117 -0.006675633 0.993443370 6.249610901
0.993535280 -0.015132956 0.112510674 0.229549751 0.013994793 0.999842644 0.010899007 -0.099099144 -0.112657905 -0.009253984 0.993590713 6.397798538
0.993580520 -0.013940384 0.112264693 0.242583260 0.012582092 0.999838948 0.012798474 -0.098420516 -0.112425029 -0.011303791 0.993595898 6.544540405
0.993552625 -0.017289199 0.112045653 0.260182887 0.016410759 0.999826968 0.008757632 -0.100647248 -0.112177677 -0.006862415 0.993664443 6.681840897
0.993626356 -0.013539894 0.111907512 0.270946950 0.013317382 0.999907553 0.002735653 -0.101724073 -0.111934215 -0.001227902 0.993714869 6.824741840
0.993508399 -0.009146295 0.113390379 0.285294175 0.008827990 0.999955535 0.003308972 -0.101755679 -0.113415599 -0.002286483 0.993544996 6.969351768
0.993663728 -0.004283442 0.112312213 0.295169502 0.004234908 0.999990821 0.000670699 -0.101141058 -0.112314053 -0.000190818 0.993672729 7.117509842
0.994098604 -0.009199097 0.108089685 0.310975462 0.008629248 0.999946296 0.005738572 -0.098788127 -0.108136669 -0.004771974 0.994124591 7.267957687
0.994426966 -0.007469826 0.105162680 0.322582364 0.007121401 0.999967813 0.003688312 -0.100307994 -0.105186850 -0.002918851 0.994448185 7.415842056
0.994557798 -0.013917133 0.103252865 0.339773566 0.013496406 0.999897540 0.004772272 -0.103317499 -0.103308700 -0.003352758 0.994643688 7.557939529
0.994851530 -0.011075120 0.100736089 0.350247383 0.010995583 0.999938667 0.001344791 -0.105803914 -0.100744799 -0.000230216 0.994912267 7.702368736
0.995142281 -0.026265370 0.094878502 0.370799184 0.026410820 0.999651134 -0.000277384 -0.105981715 -0.094838113 0.002781856 0.995488822 7.846377373
0.995298445 -0.007065587 0.096597381 0.370324165 0.007990624 0.999925792 -0.009192729 -0.105813444 -0.096525267 0.009921382 0.995281100 7.979190826
0.995592594 -0.019927755 0.091641784 0.386004627 0.020521281 0.999774098 -0.005538782 -0.110047586 -0.091510698 0.007394977 0.995776653 8.111077309
0.995741785 -0.020122830 0.089963213 0.395531654 0.020533117 0.999782562 -0.003637351 -0.111884028 -0.089870453 0.005469088 0.995938420 8.243224144
0.996061027 -0.016685074 0.087086216 0.401358753 0.017262995 0.999833643 -0.005887252 -0.114292674 -0.086973496 0.007367432 0.996183395 8.369290352
0.996364236 -0.014272339 0.083991438 0.407782525 0.014577908 0.999889135 -0.003025889 -0.114710167 -0.083938941 0.004239307 0.996461868 8.501065254
0.996397078 -0.015606447 0.083362214 0.416743636 0.015916243 0.999868691 -0.003052946 -0.114537753 -0.083303623 0.004368760 0.996514618 8.629778862
0.996528566 -0.023832940 0.079767086 0.429259241 0.023714598 0.999715805 0.002430718 -0.114628486 -0.079802349 -0.000530636 0.996810555 8.757664680
0.996555865 -0.022012874 0.079948872 0.437987417 0.021218881 0.999716878 0.010767382 -0.112366036 -0.080163255 -0.009033872 0.996740818 8.894023895
0.996564269 -0.023678984 0.079365902 0.447089463 0.022810893 0.999669850 0.011826799 -0.111924350 -0.079619750 -0.009975758 0.996775389 9.026885986
0.996553302 -0.016567281 0.081283860 0.450240403 0.015466063 0.999780118 0.014158797 -0.110147342 -0.081500560 -0.012852854 0.996590436 9.153772354
0.996829569 -0.018107189 0.077478878 0.457487077 0.016336778 0.999592125 0.023423417 -0.106769219 -0.077871412 -0.022083398 0.996718824 9.281285286
0.997109771 -0.012405785 0.074954793 0.462073922 0.010580830 0.999639034 0.024695650 -0.105011843 -0.075234100 -0.023831191 0.996881068 9.409048080
0.997298837 -0.018735714 0.071021408 0.471283883 0.017564440 0.999699831 0.017080676 -0.105461918 -0.071320109 -0.015787086 0.997328520 9.531521797
0.997510970 -0.016342979 0.068591602 0.473499924 0.015328527 0.999765575 0.015290143 -0.107198201 -0.068825409 -0.014200677 0.997527659 9.647278786
0.997650981 -0.025254272 0.063676655 0.483383298 0.024240870 0.999567688 0.016637579 -0.106927305 -0.064069293 -0.015054920 0.997831881 9.770796776
0.997579813 -0.027534695 0.063846491 0.491959840 0.026848469 0.999572396 0.011581382 -0.106655695 -0.064138077 -0.009839172 0.997892499 9.895810127
0.997556686 -0.029292392 0.063424245 0.497469872 0.029215528 0.999570847 0.002139191 -0.108028315 -0.063459687 -0.000280992 0.997984350 10.020227432
0.997648358 -0.023999061 0.064201280 0.500845850 0.023515647 0.999689221 0.008274870 -0.106955215 -0.064379923 -0.006745676 0.997902632 10.164308548
0.997858822 -0.018415563 0.062759019 0.505065024 0.017564664 0.999746561 0.014083084 -0.101340890 -0.063002460 -0.012950588 0.997929335 10.306237221
0.997919977 -0.013953633 0.062937066 0.508782625 0.013164594 0.999829710 0.012934282 -0.101134248 -0.063106827 -0.012078837 0.997933686 10.431202888
0.997749209 -0.025763936 0.061908893 0.517718673 0.025073303 0.999614716 0.011906870 -0.102730691 -0.062191807 -0.010327809 0.998010755 10.546463966
0.997949481 -0.014717861 0.062291309 0.517884195 0.014292404 0.999871433 0.007270219 -0.105328217 -0.062390301 -0.006365018 0.998031557 10.679721832
0.998023093 -0.018824548 0.059963278 0.530087471 0.017994503 0.999735057 0.014352636 -0.102675535 -0.060217574 -0.013245253 0.998097420 10.842340469
0.998150349 -0.014475428 0.059045646 0.530906856 0.014002241 0.999866486 0.008419807 -0.103659585 -0.059159644 -0.007577462 0.998219788 10.993816376
0.998211980 -0.017722646 0.057085134 0.541431963 0.017732468 0.999842703 0.000334530 -0.104488447 -0.057082087 0.000678329 0.998369277 11.139850616
0.998324275 -0.009476710 0.057086091 0.542308867 0.009445229 0.999955058 0.000821269 -0.108855024 -0.057091307 -0.000280701 0.998368919 11.296111107
0.998211026 -0.023458002 0.054995470 0.554937959 0.023749925 0.999707043 -0.004660496 -0.111198783 -0.054870032 0.005958296 0.998475730 11.446835518
0.998358905 -0.012898779 0.055794831 0.557653546 0.013220267 0.999898016 -0.005396713 -0.110192277 -0.055719532 0.006125479 0.998427689 11.597710609
0.998571336 -0.015937323 0.051002916 0.561166823 0.015916280 0.999872983 0.000818736 -0.110136241 -0.051009487 -0.000005789 0.998698175 11.760011673
0.998619616 -0.020076670 0.048536304 0.564818680 0.019817771 0.999786735 0.005809501 -0.107248083 -0.048642591 -0.004839600 0.998804510 11.924126625
0.998814881 -0.023953926 0.042367779 0.570994020 0.023541356 0.999670744 0.010210180 -0.111548573 -0.042598400 -0.009200685 0.999049902 12.075555801
0.998790383 -0.027860112 0.040516362 0.578535736 0.027595328 0.999594092 0.007079976 -0.113376074 -0.040697169 -0.005953350 0.999153793 12.229953766
0.998934627 -0.021196634 0.040991850 0.576991796 0.021055572 0.999770820 0.003869945 -0.112717025 -0.041064486 -0.003002716 0.999152005 12.385025024
0.998829663 -0.029028390 0.038686592 0.584246933 0.028972978 0.999578238 0.001992303 -0.114530951 -0.038728110 -0.000869106 0.999249399 12.535542488
0.999001682 -0.018963652 0.040447060 0.581511497 0.019041590 0.999817491 -0.001542541 -0.115547091 -0.040410426 0.002311178 0.999180496 12.689671516
0.999004543 -0.023140289 0.038136777 0.587962687 0.022947554 0.999721646 0.005483865 -0.114466444 -0.038253058 -0.004603261 0.999257505 12.848659515
0.999144435 -0.017562253 0.037443615 0.586925030 0.017178481 0.999796808 0.010546561 -0.112255655 -0.037621230 -0.009894313 0.999243081 13.007099152
0.999009252 -0.025365673 0.036565904 0.594811678 0.024888223 0.999599695 0.013453902 -0.110778376 -0.036892533 -0.012530512 0.999240696 13.163928032
0.999240518 -0.017719133 0.034704272 0.592249036 0.017223254 0.999746025 0.014535950 -0.112048984 -0.034953021 -0.013927191 0.999291897 13.316324234
0.999230683 -0.021683238 0.032677919 0.598499537 0.021133652 0.999630928 0.017070925 -0.109758399 -0.033036008 -0.016367190 0.999320149 13.474407196
0.999303758 -0.013993230 0.034585420 0.598922551 0.013567090 0.999829531 0.012525505 -0.110115685 -0.034754794 -0.012047562 0.999323249 13.625472069
0.999308646 -0.020726243 0.030865837 0.605389595 0.020663485 0.999783695 0.002350855 -0.110743023 -0.030907886 -0.001711434 0.999520779 13.774295807
0.999335527 -0.019122006 0.031030044 0.604875088 0.019207645 0.999812484 -0.002464102 -0.114307955 -0.030977106 0.003058478 0.999515414 13.928761482
0.999463320 -0.015669128 0.028767304 0.604923189 0.015932094 0.999833167 -0.008934795 -0.117014989 -0.028622504 0.009388323 0.999546230 14.077588081
0.999584317 -0.016162269 0.023873333 0.601466477 0.016337078 0.999841034 -0.007145587 -0.118222684 -0.023754047 0.007532638 0.999689460 14.230182648
0.999461889 -0.024784796 0.021486374 0.610075474 0.024856396 0.999686301 -0.003071673 -0.118070006 -0.021403503 0.003604094 0.999764442 14.389974594
0.999503970 -0.021416079 0.023090770 0.609621406 0.021505084 0.999762237 -0.003613125 -0.121502057 -0.023007901 0.004107901 0.999726832 14.542124748
0.999446273 -0.026625086 0.019956976 0.611443639 0.026538702 0.999637306 0.004581051 -0.119501062 -0.020071708 -0.004048882 0.999790370 14.697282791
0.999599040 -0.012654616 0.025330756 0.606514215 0.012469752 0.999894559 0.007442724 -0.118948795 -0.025422269 -0.007123872 0.999651432 14.856053352
0.999660790 -0.011861723 0.023187537 0.604895234 0.011824598 0.999928594 0.001737548 -0.121939644 -0.023206491 -0.001462775 0.999729633 15.006929398
0.999590576 -0.022998916 0.017022943 0.609736681 0.022991423 0.999735475 0.000635784 -0.127758697 -0.017033063 -0.000244142 0.999854922 15.157495499
0.999782503 -0.008777752 0.018919338 0.602436602 0.008870951 0.999948919 -0.004847889 -0.124914676 -0.018875817 0.005014667 0.999809265 15.310847282
0.999747217 -0.017234335 0.014438246 0.606721461 0.017300343 0.999840379 -0.004459420 -0.126938701 -0.014359087 0.004708079 0.999885798 15.466210365
0.999716163 -0.018647728 0.014827156 0.605814159 0.018587995 0.999818563 0.004156357 -0.125893861 -0.014901971 -0.003879570 0.999881446 15.629413605
0.999741971 -0.016169775 0.015953131 0.606609821 0.016024532 0.999829352 0.009190599 -0.126629516 -0.016099019 -0.008932587 0.999830484 15.786721230
0.999844849 -0.012584210 0.012327239 0.599940896 0.012523805 0.999909222 0.004965148 -0.132522359 -0.012388603 -0.004809994 0.999911666 15.937008858
0.999914467 -0.011721876 0.005805385 0.594417214 0.011759828 0.999909401 -0.006546910 -0.139320806 -0.005728117 0.006614620 0.999961734 16.085725784
0.999772191 -0.021178123 -0.002661120 0.593658864 0.021126106 0.999610186 -0.018252822 -0.140827268 0.003046643 0.018192444 0.999829888 16.230035782
0.999488294 -0.031732157 -0.004021882 0.596797764 0.031682499 0.999427617 -0.011860922 -0.140855551 0.004395952 0.011727429 0.999921560 16.390531540
0.999514997 -0.030813700 -0.004508308 0.592771649 0.030768633 0.999478996 -0.009745779 -0.144291356 0.004806263 0.009602338 0.999942362 16.546838760
0.999576151 -0.028841050 -0.003970960 0.591737688 0.028848756 0.999581993 0.001897287 -0.143298075 0.003914580 -0.002011040 0.999990344 16.704887390
0.999877810 -0.015504921 -0.001983908 0.577668548 0.015517927 0.999857008 0.006717346 -0.143575042 0.001879473 -0.006747311 0.999975443 16.868234634
0.999704838 -0.023871658 -0.004519079 0.579889894 0.023861621 0.999712706 -0.002262122 -0.147781193 0.004571782 0.002153622 0.999987245 17.017736435
0.999670982 -0.024532521 -0.007486139 0.572311044 0.024472736 0.999668658 -0.007975905 -0.149834618 0.007679328 0.007790074 0.999940157 17.163797379
0.999583066 -0.027527766 -0.008709788 0.573785186 0.027426694 0.999557436 -0.011518688 -0.155581817 0.009023018 0.011275005 0.999895751 17.319383621
0.999757588 -0.017241474 -0.013691097 0.559341967 0.017158413 0.999833822 -0.006161193 -0.153925195 0.013795051 0.005924782 0.999887288 17.473995209
0.999259531 -0.032939658 -0.019885078 0.561375976 0.032747734 0.999414623 -0.009901251 -0.156692728 0.020199580 0.009242727 0.999753237 17.627843857
0.999393582 -0.028467380 -0.020050785 0.553778887 0.028456172 0.999594688 -0.000844062 -0.154611513 0.020066686 0.000272981 0.999798596 17.786758423
0.999233603 -0.030993726 -0.023907769 0.545479357 0.031146167 0.999496639 0.006030269 -0.156282246 0.023708835 -0.006770283 0.999695957 17.946144104
0.999080181 -0.035076130 -0.024667714 0.545738637 0.035175052 0.999374747 0.003587613 -0.159349620 0.024526451 -0.004452001 0.999689281 18.097667694
0.999346137 -0.024626039 -0.026473302 0.530217350 0.024729036 0.999687791 0.003570188 -0.159199417 0.026377119 -0.004222513 0.999643147 18.250514984
0.999253869 -0.026445085 -0.028149426 0.524544597 0.026573373 0.999638081 0.004193044 -0.159305781 0.028028352 -0.004937940 0.999594927 18.405981064
0.999107301 -0.029839773 -0.029902663 0.518723845 0.029928783 0.999548852 0.002533385 -0.161276177 0.029813576 -0.003426073 0.999549627 18.558078766
0.999035060 -0.029720327 -0.032336287 0.510100365 0.029882899 0.999543011 0.004555846 -0.161900356 0.032186110 -0.005517751 0.999466658 18.712232590
0.998974383 -0.030928111 -0.033070043 0.501906037 0.031210657 0.999480307 0.008061960 -0.160713553 0.032803513 -0.009085829 0.999420524 18.871572495
0.999243259 -0.022700617 -0.031585485 0.488875419 0.023041047 0.999679863 0.010456083 -0.157948345 0.031338014 -0.011175933 0.999446332 19.027088165
0.998737216 -0.034516908 -0.036503583 0.488723308 0.034844853 0.999357522 0.008386068 -0.160769254 0.036190674 -0.009647441 0.999298334 19.180068970
0.999030292 -0.026248010 -0.035349261 0.473940670 0.026586113 0.999604821 0.009128748 -0.160873577 0.035095681 -0.010059695 0.999333322 19.334661484
0.999080241 -0.021435661 -0.037137195 0.462600261 0.021684352 0.999744952 0.006306715 -0.161167532 0.036992535 -0.007106210 0.999290287 19.482635498
0.998655379 -0.029821688 -0.042404059 0.459599972 0.029678909 0.999551535 -0.003992792 -0.163230658 0.042504113 0.002728917 0.999092579 19.625322342
0.998505950 -0.031490672 -0.044656102 0.446115971 0.031152170 0.999480546 -0.008256117 -0.166420385 0.044892896 0.006852648 0.998968303 19.767141342
0.998107433 -0.036531456 -0.049467102 0.439697415 0.036067359 0.999296844 -0.010242517 -0.171173334 0.049806494 0.008438985 0.998723209 19.918817520
0.998100579 -0.035602160 -0.050276134 0.429939300 0.035139330 0.999331772 -0.010060114 -0.171489477 0.050600700 0.008274336 0.998684704 20.054775238
0.997914433 -0.039000340 -0.051436696 0.425326437 0.038215414 0.999138892 -0.016156565 -0.176564485 0.052022517 0.014157195 0.998545587 20.151744843
0.998155117 -0.032794341 -0.051096775 0.416134089 0.031891733 0.999322295 -0.018381236 -0.179397002 0.051664945 0.016717760 0.998524547 20.245880127
0.998170376 -0.030676305 -0.052104257 0.407837898 0.030076377 0.999472439 -0.012259503 -0.180040076 0.052452844 0.010669965 0.998566389 20.363094330
0.998049378 -0.031526580 -0.053884443 0.397613317 0.030848289 0.999434590 -0.013373840 -0.183127165 0.054275606 0.011685510 0.998457611 20.475467682
0.998186469 -0.026694261 -0.053955339 0.387632966 0.025663003 0.999476194 -0.019716570 -0.188212156 0.054453395 0.018296158 0.998348653 20.577384949
0.997907460 -0.030876050 -0.056809876 0.380553156 0.029915800 0.999396086 -0.017676553 -0.189009637 0.057321351 0.015940052 0.998228490 20.697114944
0.997797489 -0.033820111 -0.057064384 0.373128265 0.032767739 0.999277055 -0.019278092 -0.193052635 0.057675116 0.017365761 0.998184383 20.808168411
0.997896552 -0.034542922 -0.054857060 0.365589589 0.033128578 0.999100089 -0.026486022 -0.199425220 0.055722598 0.024612973 0.998142898 20.913213730
0.998096347 -0.032279968 -0.052552074 0.360368431 0.030816488 0.999120831 -0.028424488 -0.203175038 0.053423412 0.026750907 0.998213589 21.028602600
0.998435736 -0.025825754 -0.049589425 0.349224240 0.024649013 0.999403298 -0.024196461 -0.204036072 0.050184727 0.022936281 0.998476565 21.151748657
0.998782694 -0.018844891 -0.045584816 0.337868422 0.017715404 0.999529064 -0.025056111 -0.207225338 0.046035528 0.024218056 0.998646200 21.268474579
0.998968124 -0.013338901 -0.043413792 0.328193158 0.012093925 0.999511600 -0.028814374 -0.211290583 0.043776941 0.028259598 0.998641551 21.381067276
0.999066830 -0.006068246 -0.042762447 0.314986438 0.004938911 0.999637544 -0.026465848 -0.214699492 0.042907547 0.026229952 0.998734653 21.498970032
0.998974383 -0.005067685 -0.044995014 0.307428986 0.004040411 0.999729753 -0.022892509 -0.218130782 0.045098867 0.022687230 0.998724878 21.621105194
0.998844385 -0.004310915 -0.047867876 0.298039973 0.003094687 0.999671221 -0.025453132 -0.221523628 0.047961865 0.025275582 0.998529315 21.736551285
0.998635054 -0.009484353 -0.051361647 0.290103436 0.008056097 0.999577045 -0.027943820 -0.226450294 0.051604953 0.027491905 0.998289108 21.849504471
0.998322487 -0.014945467 -0.055935737 0.281793714 0.013471990 0.999554634 -0.026627339 -0.229406178 0.056308784 0.025829107 0.998079240 21.962945938
0.998139381 -0.016132969 -0.058800250 0.274825901 0.014832541 0.999637127 -0.022485800 -0.231966332 0.059141673 0.021571806 0.998016477 22.075910568
0.997725725 -0.023263356 -0.063263208 0.268535227 0.021707553 0.999447465 -0.025169749 -0.237787962 0.063813783 0.023739217 0.997679412 22.181257248
0.997751892 -0.019316960 -0.064172231 0.256076485 0.017763210 0.999537230 -0.024695164 -0.239173666 0.064619564 0.023499740 0.997633219 22.293310165
0.997513354 -0.020947643 -0.067292973 0.247212455 0.019517714 0.999571025 -0.021837002 -0.242665440 0.067721538 0.020469297 0.997494280 22.397344589
0.997337222 -0.020131685 -0.070094422 0.236361817 0.018596919 0.999574304 -0.022479914 -0.245713651 0.070517138 0.021116514 0.997287035 22.492828369
0.997081399 -0.023868375 -0.072519191 0.229370773 0.022652850 0.999589562 -0.017538046 -0.247640714 0.072908029 0.015844092 0.997212827 22.606353760
0.996820748 -0.025404263 -0.075518176 0.217409819 0.023843380 0.999484479 -0.021499334 -0.252004385 0.076025419 0.019630374 0.996912599 22.712684631
0.996713638 -0.028325342 -0.075892225 0.210308746 0.026815297 0.999423087 -0.020843090 -0.255115688 0.076438829 0.018739520 0.996898174 22.813432693
0.996580899 -0.028819706 -0.077433288 0.200707957 0.027592136 0.999476790 -0.016876876 -0.259332210 0.077879161 0.014682624 0.996854663 22.918289185
0.996468306 -0.026511047 -0.079675138 0.188490197 0.024469456 0.999349475 -0.026492139 -0.265574515 0.080325641 0.024448968 0.996468782 23.013820648
0.996549010 -0.023731304 -0.079541765 0.175095618 0.021560943 0.999374390 -0.028034603 -0.267456055 0.080157302 0.026222862 0.996437252 23.111785889
0.996435463 -0.020610111 -0.081801966 0.163639367 0.017905565 0.999272943 -0.033659156 -0.272463113 0.082436211 0.032074470 0.996080041 23.204545975
0.996270001 -0.022515638 -0.083301321 0.153333768 0.019419737 0.999096990 -0.037790548 -0.277655452 0.084076978 0.036031902 0.995807588 23.298154831
0.996214032 -0.022958415 -0.083848447 0.144522175 0.019533042 0.998949766 -0.041446377 -0.282692134 0.084711932 0.039651647 0.995616198 23.389419556
0.995918095 -0.027419351 -0.085995831 0.135726735 0.023489121 0.998647392 -0.046386238 -0.288299739 0.087151393 0.044176929 0.995215058 23.474252701
0.995778620 -0.031543087 -0.086197041 0.133049145 0.027285302 0.998369634 -0.050135590 -0.291645139 0.087637939 0.047572035 0.995015800 23.558176041
0.996181548 -0.022097817 -0.084463045 0.116838366 0.017990706 0.998632729 -0.049081750 -0.299427509 0.085432157 0.047374785 0.995217025 23.643758774
0.996057391 -0.025589921 -0.084939875 0.110906035 0.021370681 0.998509705 -0.050216217 -0.303729117 0.086098313 0.048203010 0.995119870 23.729539871
0.996131837 -0.023677478 -0.084621079 0.099608861 0.019253695 0.998423874 -0.052716635 -0.306529373 0.085735902 0.050883450 0.995017707 23.810148239
0.996512055 -0.019205654 -0.081208795 0.091164395 0.014718242 0.998350203 -0.055499695 -0.314352185 0.082140729 0.054110862 0.995150685 23.883264542
0.996411562 -0.019338498 -0.082401946 0.079672992 0.014458209 0.998128593 -0.059415862 -0.321148425 0.083396755 0.058011264 0.994826436 23.965427399
0.996206999 -0.021472147 -0.084324166 0.074437708 0.016491346 0.998102427 -0.059325904 -0.326662987 0.085438006 0.057710264 0.994670749 24.043062210
0.996263146 -0.018562907 -0.084351517 0.061375793 0.013452800 0.998062313 -0.060750652 -0.333112538 0.085315779 0.059388872 0.994582415 24.122343063
0.996062219 -0.015811071 -0.087235801 0.050931584 0.010444422 0.998044074 -0.061635826 -0.337145984 0.088039704 0.060481988 0.994279087 24.208929062
0.995898604 -0.015954802 -0.089058481 0.044335272 0.010181299 0.997839212 -0.064909980 -0.345870525 0.089901671 0.063737027 0.993909121 24.284620285
0.995887339 -0.016630080 -0.089060642 0.036517110 0.010599934 0.997645438 -0.067758150 -0.352771074 0.089977764 0.066535443 0.993718803 24.363330841
0.995690644 -0.019849045 -0.090587854 0.027799195 0.013338511 0.997321367 -0.071917452 -0.359784842 0.091772698 0.070399225 0.993288338 24.435604095
0.995456815 -0.023105308 -0.092368275 0.019764520 0.016515130 0.997304916 -0.071484946 -0.363519907 0.093771018 0.069634706 0.993155599 24.511863708
0.995186448 -0.026429024 -0.094368406 0.013620608 0.019516772 0.997109115 -0.073433414 -0.371966034 0.096036375 0.071238175 0.992825329 24.586490631
0.995100319 -0.028477451 -0.094680555 0.006874812 0.021164780 0.996778429 -0.077361509 -0.379138887 0.096578591 0.074978568 0.992497265 24.663055420
0.995100141 -0.030881418 -0.093925536 -0.002461129 0.023349576 0.996500671 -0.080257051 -0.385941565 0.096075311 0.077670678 0.992339075 24.741580963
0.995226324 -0.027197981 -0.093727171 -0.018795315 0.019484762 0.996421397 -0.082248308 -0.389063120 0.095628746 0.080029435 0.992194772 24.832157135
0.995357633 -0.020015163 -0.094141223 -0.028250476 0.012317199 0.996584833 -0.081651688 -0.399824947 0.095453985 0.080113076 0.992204845 24.900363922
0.995283008 -0.022271316 -0.094423175 -0.036016125 0.014535840 0.996540010 -0.081833564 -0.405980974 0.095919013 0.080075033 0.992163062 24.986186981
0.995115459 -0.024417300 -0.095650628 -0.044544313 0.016910208 0.996768832 -0.078523219 -0.416361749 0.097258888 0.076522201 0.992312968 25.063165665
0.995125413 -0.021867748 -0.096162431 -0.056852598 0.013399467 0.996044278 -0.087841965 -0.428124189 0.097702950 0.086125247 0.991482019 25.164588928
0.995181620 -0.017235566 -0.096521728 -0.070924737 0.008554508 0.995937467 -0.089640513 -0.438159615 0.097674608 0.088382900 0.991286099 25.254365921
0.994853377 -0.023087893 -0.098659843 -0.077922158 0.014005157 0.995680749 -0.091780931 -0.446934491 0.100352727 0.089926824 0.990879655 25.350873947
0.994785786 -0.022103606 -0.099562615 -0.095318429 0.012892866 0.995654941 -0.092222631 -0.456473231 0.101168461 0.090458110 0.990748346 25.447399139
0.994915009 -0.017444471 -0.099195778 -0.106376171 0.007998277 0.995460451 -0.094839476 -0.463515401 0.100399897 0.093563825 0.990538061 25.534553528
0.994530797 -0.019496273 -0.102608047 -0.117364347 0.010001305 0.995685697 -0.092249647 -0.472142190 0.103963882 0.090718903 0.990435064 25.622823715
0.994510472 -0.022967793 -0.102085203 -0.123983242 0.013336644 0.995478690 -0.094044171 -0.476403296 0.103783630 0.092166439 0.990320325 25.714490891
0.994285345 -0.024721164 -0.103853121 -0.141539738 0.015298130 0.995772600 -0.090569764 -0.487323940 0.105653077 0.088463433 0.990460336 25.810337067
0.994263887 -0.022946522 -0.104464479 -0.150969103 0.014206952 0.996394038 -0.083648711 -0.494002014 0.106007226 0.081684768 0.991004586 25.905303955
0.994471550 -0.023273269 -0.102395020 -0.163803175 0.014835858 0.996488631 -0.082403526 -0.501951516 0.103953272 0.080428839 0.991324842 26.008592606
0.994522989 -0.018306352 -0.102902628 -0.173963040 0.010881827 0.997326851 -0.072254606 -0.504495561 0.103950270 0.070739090 0.992063642 26.117475510
0.994706631 -0.012834162 -0.101950832 -0.188561052 0.006203819 0.997860253 -0.065087475 -0.511786878 0.102568023 0.064110465 0.992657900 26.216894150
0.994828701 -0.005689158 -0.101407647 -0.210300431 -0.000864687 0.997919381 -0.064467892 -0.514167964 0.101563431 0.064222194 0.992753923 26.303426743
0.994553447 -0.009973788 -0.103749663 -0.216405481 0.003249957 0.997894526 -0.064776421 -0.534086943 0.104177289 0.064086430 0.992491841 26.366485596
0.994359612 -0.008549053 -0.105716199 -0.240623623 0.001684682 0.997893512 -0.064851604 -0.539816380 0.106047928 0.064307719 0.992279351 26.493635178
0.994180739 -0.010811217 -0.107181132 -0.252746433 0.003838159 0.997874439 -0.065052636 -0.547055900 0.107656613 0.064262696 0.992109060 26.587881088
0.993646264 -0.015522605 -0.111472726 -0.260810673 0.007790543 0.997553885 -0.069466241 -0.557511687 0.112278350 0.068156436 0.991336584 26.666183472
0.993103683 -0.022523852 -0.115055621 -0.269937754 0.013085976 0.996535301 -0.082134910 -0.568583131 0.116506979 0.080062866 0.989957631 26.751600266
0.992857516 -0.021898750 -0.117279343 -0.284088045 0.011396857 0.995923519 -0.089478895 -0.577713013 0.118760735 0.087503180 0.989059687 26.857851028
0.992199183 -0.030001784 -0.120998897 -0.297810733 0.018542377 0.995328963 -0.094743960 -0.588094234 0.123276196 0.091761269 0.988120854 26.973020554
0.991640866 -0.028289249 -0.125889063 -0.313342333 0.016100103 0.995172799 -0.096808806 -0.599836707 0.128020018 0.093972750 0.987309456 27.080892563
0.990273595 -0.035113171 -0.134629935 -0.334871322 0.022231434 0.995131195 -0.096018836 -0.607771039 0.137345985 0.092091903 0.986232817 27.208827972
0.989720047 -0.039636355 -0.137416005 -0.350819498 0.026846725 0.995237768 -0.093707107 -0.620451748 0.140475810 0.089054637 0.986070871 27.330635071
0.988674760 -0.042602744 -0.143900022 -0.373763233 0.029939398 0.995577276 -0.089047909 -0.631406546 0.147057280 0.083731137 0.985577643 27.473056793
0.987674057 -0.048776131 -0.148730800 -0.394529521 0.036643837 0.995854795 -0.083249599 -0.644241571 0.152174860 0.076773405 0.985367298 27.610460281
0.986000359 -0.059581731 -0.155734733 -0.414700419 0.046839494 0.995343208 -0.084249109 -0.660263836 0.160029218 0.075775117 0.984199584 27.755195618
0.986825168 -0.047235183 -0.154741555 -0.448132008 0.034037042 0.995639026 -0.086858280 -0.669836998 0.158169493 0.080446996 0.984129429 27.875566483
0.984707952 -0.059668805 -0.163676128 -0.471252441 0.046754055 0.995563388 -0.081655093 -0.683571994 0.167822227 0.072753899 0.983128965 28.021184921
0.983818889 -0.065544978 -0.166746005 -0.496399075 0.051313438 0.994773686 -0.088273719 -0.697757721 0.171660438 0.078289039 0.982040465 28.151569366
0.983588099 -0.075448044 -0.163896337 -0.512749672 0.061850332 0.994325995 -0.086546808 -0.708217144 0.169496179 0.074989364 0.982673705 28.292491913
0.985528290 -0.054856587 -0.160389289 -0.546604693 0.044126257 0.996590376 -0.069717087 -0.712125182 0.163666859 0.061630782 0.984588623 28.433702469
0.984140277 -0.063879356 -0.165491343 -0.571003079 0.053707127 0.996423662 -0.065233357 -0.724932134 0.169066548 0.055310704 0.984051406 28.566139221
0.984576106 -0.050954897 -0.167372182 -0.599314630 0.042899765 0.997756422 -0.051397383 -0.731369853 0.169615626 0.043424409 0.984553158 28.695938110
0.984877050 -0.051625915 -0.165384308 -0.619938433 0.042846899 0.997498631 -0.056219675 -0.740119517 0.167873010 0.048283260 0.984625518 28.805511475
0.983517408 -0.060143802 -0.170517415 -0.641253352 0.050300494 0.996840417 -0.061473846 -0.753291965 0.173675925 0.051883489 0.983435214 28.919460297
0.982789993 -0.064451329 -0.173117965 -0.658965707 0.054742839 0.996678889 -0.060285844 -0.760984957 0.176428527 0.049771357 0.983054340 29.030080795
0.983089924 -0.057446741 -0.173879430 -0.681371391 0.046019491 0.996550858 -0.069055304 -0.767309725 0.177246690 0.059885737 0.982342780 29.125692368
0.983271658 -0.053213503 -0.174198747 -0.704115570 0.041769460 0.996761382 -0.068717152 -0.773840010 0.177291259 0.060291439 0.982309937 29.239818573
0.983550012 -0.052025720 -0.172981933 -0.725645125 0.039909154 0.996547580 -0.072802156 -0.783266842 0.176172316 0.064700991 0.982230663 29.360639572
0.983084977 -0.056119926 -0.174340039 -0.740849018 0.043228246 0.996102393 -0.076885104 -0.792258143 0.177975312 0.068048179 0.981679320 29.458400726
0.980913043 -0.057202138 -0.185842663 -0.769895911 0.044361070 0.996378601 -0.072537899 -0.800797999 0.189318970 0.062909193 0.979898334 29.572895050
0.975327432 -0.056469012 -0.213418886 -0.809656382 0.041835226 0.996492326 -0.072476685 -0.810792506 0.216762960 0.061760072 0.974268734 29.680198669
0.966095686 -0.058771610 -0.251406074 -0.857444584 0.040738028 0.996248662 -0.076347820 -0.815071523 0.254950047 0.063517518 0.964865804 29.787553787
0.956558108 -0.048551045 -0.287470758 -0.914002299 0.028819894 0.996953547 -0.072477773 -0.822102189 0.290113866 0.061044320 0.955043197 29.887630463
0.947798014 -0.050595626 -0.314831674 -0.959291697 0.029861553 0.997076094 -0.070339076 -0.833513319 0.317469984 0.057265878 0.946537614 29.990186691
0.939446807 -0.048769832 -0.339206785 -1.024088383 0.029259546 0.997622311 -0.062398769 -0.840668380 0.341443449 0.048695289 0.938640058 30.122217178
0.929523766 -0.048823342 -0.365515888 -1.086384296 0.028797168 0.997780204 -0.060044754 -0.850539565 0.367636085 0.045287203 0.928866386 30.238609314
0.914991260 -0.052576188 -0.400033474 -1.142863631 0.029991947 0.997593403 -0.062512994 -0.863638759 0.402357459 0.045201059 0.914366066 30.337720871
0.898557067 -0.056310706 -0.435229063 -1.214134216 0.030866779 0.997387052 -0.065317348 -0.873682439 0.437769890 0.045257244 0.897947311 30.441190720
0.881993532 -0.064748585 -0.466792256 -1.281341672 0.036247488 0.996902883 -0.069791213 -0.885223091 0.469865412 0.044635348 0.881608844 30.543849945
0.868773699 -0.059567429 -0.491613626 -1.362093806 0.029667165 0.997216582 -0.068402447 -0.895416319 0.494319826 0.044841465 0.868122756 30.648178101
0.852519035 -0.058723781 -0.519386947 -1.447106600 0.028708205 0.997429550 -0.065651521 -0.903259039 0.521907210 0.041058503 0.852013528 30.753105164
0.833638191 -0.057491831 -0.549310446 -1.534628987 0.023097239 0.997326374 -0.069329426 -0.914646864 0.551827729 0.045108106 0.832737327 30.847393036
0.810962856 -0.061821513 -0.581822455 -1.623156786 0.022418968 0.996955276 -0.074683152 -0.927120864 0.584668040 0.047521401 0.809879661 30.935619354
0.789827108 -0.065008983 -0.609874606 -1.714656472 0.022754490 0.996788144 -0.076783113 -0.939284801 0.612907350 0.046768002 0.788769543 31.023328781
0.776676238 -0.073897779 -0.625550270 -1.796433926 0.027518235 0.996127009 -0.083508588 -0.952159047 0.629298627 0.047645096 0.775701761 31.115545273
0.775412858 -0.078760333 -0.626523495 -1.883131742 0.029531276 0.995628417 -0.088611357 -0.967370033 0.630763650 0.050208341 0.774348974 31.218784332
0.774628162 -0.073504657 -0.628130794 -1.975251198 0.022468742 0.995794237 -0.088820025 -0.977549791 0.632017732 0.054689188 0.773021817 31.319921494
0.774146497 -0.066103972 -0.629545510 -2.070801020 0.016035007 0.996261120 -0.084892005 -0.989915490 0.632803380 0.055624083 0.772312045 31.426130295
0.773245811 -0.061631002 -0.631104231 -2.165951490 0.014511847 0.996724784 -0.079555675 -1.000111938 0.633940279 0.052357607 0.771607637 31.537040710
0.771702886 -0.060797252 -0.633070648 -2.244742870 0.020409713 0.997274995 -0.070894688 -1.013930440 0.635655701 0.041788846 0.770840824 31.636156082
0.762465537 -0.059807457 -0.644258797 -2.340469122 0.020845784 0.997472525 -0.067926288 -1.027445674 0.646692932 0.038361378 0.761785150 31.740863800
0.741908550 -0.058356732 -0.667956769 -2.463506699 0.015456305 0.997429073 -0.069973901 -1.035372734 0.670322955 0.041590098 0.740903139 31.881982803
0.717929125 -0.055532280 -0.693897724 -2.564077377 0.006298164 0.997290313 -0.073296361 -1.050105810 0.696087778 0.048251309 0.716333508 31.961818695
0.696352601 -0.060941156 -0.715107799 -2.666447878 0.006260161 0.996866345 -0.078856513 -1.067783237 0.717672527 0.050435252 0.694552004 31.998260498
0.691420794 -0.066169016 -0.719415724 -2.760502577 0.009327739 0.996531487 -0.082692273 -1.078850985 0.722392082 0.050464630 0.689639807 32.087131500
0.692799747 -0.057278190 -0.718851745 -2.857813835 0.000394318 0.996870518 -0.079050742 -1.087336302 0.721130013 0.054482881 0.690654218 32.173572540
0.692447186 -0.049796462 -0.719748080 -2.968219280 -0.004112532 0.997326553 -0.072957538 -1.099135756 0.721456885 0.053479228 0.690391183 32.271385193
0.691551208 -0.049054071 -0.720659912 -3.071375370 0.000241868 0.997707069 -0.067680098 -1.109907627 0.722327471 0.046629947 0.689977348 32.366527557
0.690595865 -0.043700445 -0.721919417 -3.174874544 -0.003873562 0.997935057 -0.064114183 -1.121425152 0.723230541 0.047073390 0.689000547 32.457786560
0.690885782 -0.042500965 -0.721713543 -3.294047832 -0.005240200 0.997949958 -0.063784607 -1.130596876 0.722944915 0.047849804 0.689246714 32.566944122
0.688480258 -0.040648002 -0.724115133 -3.391856909 -0.006371874 0.998050630 -0.062083602 -1.140067458 0.725227118 0.047357306 0.686879158 32.655879974
0.686721861 -0.034866896 -0.726083577 -3.494461060 -0.010393035 0.998275995 -0.057767328 -1.146355391 0.726845980 0.047216300 0.685175538 32.747062683
0.685253024 -0.038107730 -0.727307498 -3.594769239 -0.005050836 0.998357475 -0.057068352 -1.157674789 0.728287637 0.042779770 0.683935046 32.835723877
0.682874799 -0.038667716 -0.729511380 -3.697855949 -0.006911961 0.998211503 -0.059380241 -1.170028925 0.730502725 0.045591623 0.681386232 32.927513123
0.674975753 -0.044266544 -0.736510873 -3.815116167 0.000871352 0.998245835 -0.059199061 -1.184598327 0.737839460 0.039316174 0.673830271 33.033180237
