1.000000000 0.000000000 0.000000000 0.000000000 0.000000000 1.000000000 0.000000000 0.000000000 0.000000000 0.000000000 1.000000000 0.000000000
0.999995768 0.002756468 -0.000918833 -0.002772278 -0.002758610 0.999993443 -0.002337772 -0.001269272 0.000912383 0.002340297 0.999996841 0.122862831
0.999981880 0.005613246 -0.002176010 -0.006994120 -0.005615962 0.999983430 -0.001243958 -0.003744798 0.002168991 0.001256156 0.999996841 0.270839959
0.999971271 0.005688657 -0.005006904 -0.011298562 -0.005716385 0.999968290 -0.005541302 -0.008167779 0.004975223 0.005569764 0.999972105 0.421381623
0.999954283 0.007172235 -0.006322496 -0.020984888 -0.007222112 0.999942720 -0.007901594 -0.008344866 0.006265461 0.007946895 0.999948800 0.576234162
0.999942601 0.006980734 -0.008125004 -0.023404436 -0.007051080 0.999937654 -0.008661605 -0.009198916 0.008064033 0.008718398 0.999929488 0.731297851
0.999925554 0.005728622 -0.010776138 -0.026965676 -0.005758417 0.999979675 -0.002735852 -0.012188111 0.010760246 0.002797702 0.999938190 0.892609835
0.999909759 0.002076983 -0.013273112 -0.029400706 -0.002112465 0.999994218 -0.002659739 -0.014782107 0.013267511 0.002687538 0.999908388 1.050987959
0.999856591 0.002855853 -0.016691785 -0.034958538 -0.002880669 0.999994755 -0.001462865 -0.015892293 0.016687522 0.001510739 0.999859631 1.203823447
0.999798119 -0.000731827 -0.020080050 -0.041393708 0.000686365 0.999997199 -0.002270828 -0.016685300 0.020081656 0.002256588 0.999795794 1.364651799
0.999747574 -0.002594790 -0.022316922 -0.046370316 0.002485859 0.999984860 -0.004907428 -0.019503647 0.022329317 0.004850712 0.999738932 1.520427346
0.999703646 -0.000744109 -0.024333140 -0.055383123 0.000629221 0.999988616 -0.004728789 -0.019473063 0.024336381 0.004712076 0.999692738 1.674259663
0.999651074 -0.004022075 -0.026107699 -0.061012138 0.003939055 0.999987006 -0.003230552 -0.023937404 0.026120353 0.003126585 0.999653935 1.825119972
0.999614358 0.003342105 -0.027568167 -0.073707320 -0.003513519 0.999974787 -0.006171756 -0.025774289 0.027546845 0.006266237 0.999600887 1.977985382
0.999559283 0.001533579 -0.029646439 -0.081456214 -0.001736732 0.999975204 -0.006827984 -0.028736047 0.029635234 0.006876462 0.999537110 2.131391287
0.999466002 -0.001937540 -0.032618754 -0.088655561 0.001584646 0.999939978 -0.010841122 -0.032323733 0.032637801 0.010783643 0.999409080 2.285331964
0.999366462 -0.001931655 -0.035537533 -0.095466748 0.001544220 0.999939084 -0.010926341 -0.036998264 0.035556473 0.010864541 0.999308586 2.438342333
0.999334097 0.000132277 -0.036487445 -0.106219403 -0.000429097 0.999966860 -0.008127125 -0.036837041 0.036485162 0.008137370 0.999301076 2.593626261
0.999260366 -0.003714849 -0.038274195 -0.112669170 0.003554867 0.999984682 -0.004247080 -0.037428450 0.038289387 0.004107879 0.999258220 2.752278805
0.999270320 0.005030577 -0.037861679 -0.126343191 -0.005201602 0.999976695 -0.004419964 -0.039507501 0.037838563 0.004613681 0.999273241 2.910122395
0.999236107 0.000543585 -0.039076090 -0.134551868 -0.000795933 0.999978900 -0.006442588 -0.044079725 0.039071765 0.006468769 0.999215484 3.065876961
0.999130964 0.005703585 -0.041288693 -0.145439565 -0.005941204 0.999966502 -0.005634634 -0.044623360 0.041255172 0.005875042 0.999131382 3.220661879
0.999074161 -0.001733077 -0.042985559 -0.153188914 0.001940456 0.999986649 0.004783125 -0.040920824 0.042976700 -0.004862108 0.999064267 3.379439354
0.998921394 -0.006512154 -0.045974310 -0.165341049 0.006326689 0.999971271 -0.004178457 -0.048431210 0.046000198 0.003883085 0.998933911 3.529651642
0.998714983 0.011386515 -0.049383894 -0.177026033 -0.010988720 0.999904990 0.008319193 -0.041953962 0.049473926 -0.007765837 0.998745203 3.688509226
0.998727322 -0.009150030 -0.049598474 -0.186534092 0.009798611 0.999869406 0.012849284 -0.042015929 0.049474426 -0.013318928 0.998686552 3.843034267
0.998476803 -0.006182312 -0.054825339 -0.199969187 0.006641192 0.999944389 0.008191613 -0.046498075 0.054771647 -0.008543241 0.998462379 3.990973234
0.998201847 -0.022058563 -0.055735432 -0.212254182 0.022360533 0.999738455 0.004800037 -0.047766346 0.055614974 -0.006037680 0.998434007 4.140703201
0.998646975 -0.005150963 -0.051746827 -0.226205215 0.004650332 0.999941289 -0.009790377 -0.051675059 0.051794216 0.009536490 0.998612225 4.273113728
0.998303294 0.016014230 -0.055983175 -0.241443872 -0.016848881 0.999753356 -0.014468885 -0.054080706 0.055737659 0.015387589 0.998326898 4.409894466
0.998330534 0.006767368 -0.057362001 -0.252922744 -0.008071864 0.999713361 -0.022540366 -0.061578080 0.057193018 0.022965753 0.998098969 4.557257175
0.997936904 0.019559886 -0.061150059 -0.270545036 -0.021144299 0.999454439 -0.025371378 -0.061372422 0.060620438 0.026612010 0.997806072 4.686110973
0.997397721 -0.009724209 -0.071436912 -0.262136966 0.007486111 0.999474764 -0.031530920 -0.075545333 0.071706004 0.030914081 0.996946633 4.792552471
0.997785568 -0.005906141 -0.066249765 -0.280599087 0.003644697 0.999408245 -0.034204189 -0.071629681 0.066412576 0.033886988 0.997216642 4.887145042
0.997576177 -0.002935684 -0.069520764 -0.290280223 0.000627432 0.999448478 -0.033200920 -0.079859965 0.069579892 0.033076826 0.997027874 4.989617348
0.997091115 -0.007349560 -0.075863533 -0.301791221 0.002917599 0.998290956 -0.058366481 -0.095678762 0.076162845 0.057975359 0.995408475 5.106888294
0.997027814 0.000562379 -0.077040613 -0.316748798 -0.005247267 0.998147011 -0.060621720 -0.104413889 0.076863766 0.060845796 0.995183289 5.241874218
0.996686220 -0.012549180 -0.080368280 -0.319456011 0.007470235 0.997973740 -0.063187517 -0.109727040 0.080998383 0.062377758 0.994760394 5.363567352
0.996828496 -0.015884703 -0.077978440 -0.332043558 0.010487304 0.997551560 -0.069144323 -0.113794707 0.078885846 0.068107247 0.994554400 5.473259449
0.996937752 -0.013662069 -0.076996617 -0.342163026 0.008090883 0.997356713 -0.072209008 -0.117627613 0.077779621 0.071364917 0.994413078 5.600767612
0.997090697 -0.001059306 -0.076216690 -0.366598994 -0.001935344 0.999229252 -0.039206672 -0.127276644 0.076199479 0.039240114 0.996320128 5.776814938
0.996731222 -0.003208021 -0.080724992 -0.383692145 0.000986555 0.999620140 -0.027543783 -0.131959975 0.080782689 0.027374111 0.996355772 5.935628414
0.996315598 -0.004639745 -0.085637160 -0.400392026 0.003091153 0.999829471 -0.018206934 -0.133031130 0.085707031 0.017875135 0.996160030 6.085409641
0.995736420 -0.012701287 -0.091365404 -0.409119040 0.011841573 0.999880433 -0.009945597 -0.136065945 0.091480806 0.008821283 0.995767772 6.230093956
0.995237648 -0.018273523 -0.095750093 -0.418955654 0.018230721 0.999832928 -0.001321874 -0.137589172 0.095758252 -0.000430015 0.995404541 6.361297131
0.995311320 -0.014249380 -0.095667690 -0.436569333 0.013834014 0.999891758 -0.005003646 -0.140711486 0.095728636 0.003656718 0.995400727 6.483132362
0.994802475 -0.021217722 -0.099588096 -0.451146781 0.020693980 0.999766052 -0.006289256 -0.145287707 0.099698246 0.004195693 0.995008886 6.622326374
0.994962513 -0.015996126 -0.098963223 -0.471502066 0.015227228 0.999847770 -0.008520027 -0.146145552 0.099084444 0.006970172 0.995054603 6.763081551
0.994739234 -0.016588695 -0.101087593 -0.487272680 0.015651744 0.999826968 -0.010054869 -0.146751761 0.101236895 0.008419774 0.994826734 6.897431850
0.994434536 -0.018442217 -0.103729762 -0.503212512 0.017442688 0.999792337 -0.010534846 -0.146106988 0.103902511 0.008666889 0.994549751 7.057184219
0.994550943 -0.014814368 -0.103193715 -0.521458387 0.014687406 0.999890149 -0.001990113 -0.149223790 0.103211865 0.000463621 0.994659305 7.205602169
0.994391322 -0.016372031 -0.104488768 -0.542523086 0.015983032 0.999861896 -0.004559163 -0.152074486 0.104548976 0.002863545 0.994515598 7.349840641
0.995264471 -0.006340393 -0.096996903 -0.556911588 0.006017992 0.999975383 -0.003616029 -0.153678551 0.097017445 0.003015178 0.995278120 7.507382393
0.997658491 -0.009918164 -0.067669764 -0.557294488 0.009833703 0.999950409 -0.001581133 -0.151969045 0.067682095 0.000911987 0.997706532 7.677071095
0.999631584 -0.006015420 -0.026467228 -0.547389030 0.006042779 0.999981284 0.000953821 -0.152208388 0.026460996 -0.001113405 0.999649227 7.838256836
0.999921322 -0.008357455 0.009355821 -0.526640236 0.008345278 0.999964297 0.001339909 -0.152878761 -0.009366685 -0.001261726 0.999955356 7.998539448
0.999673128 -0.007643487 0.024395905 -0.520702779 0.007544210 0.999962866 0.004158861 -0.152613431 -0.024426788 -0.003973454 0.999693751 8.157732964
0.999716699 -0.006427752 0.022917232 -0.518694162 0.006391135 0.999978185 0.001670698 -0.153653145 -0.022927471 -0.001523757 0.999735951 8.305720329
0.999739885 -0.007586601 0.021509292 -0.516315937 0.007559128 0.999970496 0.001358322 -0.153469831 -0.021518962 -0.001195377 0.999767721 8.458229065
0.999741912 -0.014496855 0.017491549 -0.514929712 0.014481462 0.999894619 0.001006437 -0.157731622 -0.017504297 -0.000752874 0.999846518 8.615299225
0.999738932 -0.016232455 0.016079418 -0.515270829 0.016205827 0.999867082 0.001784939 -0.156811327 -0.016106253 -0.001523893 0.999869108 8.770039558
0.999828339 -0.011605347 0.014441619 -0.518163919 0.011597853 0.999932587 0.000602490 -0.160670325 -0.014447637 -0.000434894 0.999895513 8.926079750
0.999752879 -0.018631184 0.012127876 -0.514017761 0.018653518 0.999824524 -0.001730981 -0.159239545 -0.012093498 0.001956781 0.999924958 9.082685471
0.999782026 -0.018750874 0.009184239 -0.510475695 0.018752877 0.999824166 -0.000132126 -0.160534516 -0.009180146 0.000304328 0.999957800 9.237407684
0.999746084 -0.020581361 0.009174529 -0.520087361 0.020606650 0.999784112 -0.002670369 -0.161856085 -0.009117587 0.002858747 0.999954343 9.402956009
0.999725878 -0.022363093 0.006936591 -0.520175457 0.022349779 0.999748230 0.001991059 -0.160544023 -0.006979371 -0.001835482 0.999973953 9.561303139
0.999820888 -0.016900130 0.008520436 -0.531028032 0.016905293 0.999856949 -0.000534267 -0.163359582 -0.008510187 0.000678212 0.999963582 9.724328995
0.999866068 -0.015347001 0.005686636 -0.528366029 0.015346660 0.999882221 0.000103506 -0.166223049 -0.005687554 -0.000016221 0.999983847 9.883386612
0.999858558 -0.016111121 0.004824967 -0.529540241 0.016110476 0.999870181 0.000172500 -0.168179244 -0.004827119 -0.000094743 0.999988317 10.035895348
0.999874115 -0.015363061 0.003963228 -0.530829370 0.015361434 0.999881923 0.000440694 -0.167042747 -0.003969531 -0.000379758 0.999992073 10.194677353
0.999768138 -0.021474320 0.001606434 -0.532370687 0.021475216 0.999769211 -0.000541993 -0.167625234 -0.001594424 0.000576366 0.999998569 10.352403641
0.999917746 -0.012772842 0.001189280 -0.537530541 0.012774307 0.999917626 -0.001231796 -0.169507056 -0.001173449 0.001246887 0.999998510 10.504968643
0.999832809 -0.018286791 0.000000860 -0.539292336 0.018286742 0.999830008 -0.002366146 -0.172721818 0.000042410 0.002365766 0.999997199 10.659880638
0.999802053 -0.019876631 -0.000852967 -0.541380346 0.019873444 0.999796033 -0.003595229 -0.172347382 0.000924254 0.003577566 0.999993145 10.818762779
0.999792635 -0.020090930 -0.003324220 -0.545620501 0.020078864 0.999791861 -0.003623877 -0.175612092 0.003396336 0.003556379 0.999987900 10.976613998
0.999914765 -0.012499371 -0.003770910 -0.550322354 0.012496009 0.999921501 -0.000913559 -0.175662711 0.003782033 0.000866360 0.999992490 11.133419037
0.999799788 -0.018752461 -0.006979734 -0.552573681 0.018732853 0.999820411 -0.002863967 -0.179748565 0.007032187 0.002732644 0.999971569 11.285542488
0.999745309 -0.020963864 -0.008358944 -0.556669891 0.020926710 0.999770880 -0.004507809 -0.180213541 0.008451530 0.004331736 0.999954879 11.444684029
0.999710679 -0.022195742 -0.009270350 -0.559684694 0.022168398 0.999749601 -0.003041887 -0.182906643 0.009335546 0.002835498 0.999952376 11.599386215
0.999830127 -0.015828084 -0.009445458 -0.567651331 0.015833728 0.999874473 0.000523019 -0.180924729 0.009435994 -0.000672487 0.999955237 11.756846428
0.999821365 -0.015468978 -0.010860552 -0.571311772 0.015477059 0.999880016 0.000660461 -0.183618650 0.010849032 -0.000828433 0.999940813 11.916810989
0.999848366 -0.013014768 -0.011569279 -0.578103900 0.013013703 0.999915302 -0.000167356 -0.183740303 0.011570477 0.000016772 0.999933064 12.072281837
0.999715567 -0.019178582 -0.014174921 -0.580648899 0.019157715 0.999815166 -0.001606455 -0.186793625 0.014203110 0.001334439 0.999898255 12.229109764
0.999782503 -0.014198177 -0.015277370 -0.587599099 0.014178349 0.999898493 -0.001405439 -0.186230481 0.015295774 0.001188526 0.999882281 12.388735771
0.999635696 -0.020381631 -0.017693371 -0.590591490 0.020347035 0.999790728 -0.002133137 -0.189684987 0.017733144 0.001772353 0.999841213 12.543075562
0.999670208 -0.018548325 -0.017759820 -0.599451482 0.018481579 0.999821544 -0.003915037 -0.190509066 0.017829267 0.003585516 0.999834597 12.698328972
0.999566436 -0.022082251 -0.019474475 -0.605107129 0.022014117 0.999750793 -0.003706119 -0.191504717 0.019551460 0.003275799 0.999803483 12.855853081
0.999653935 -0.015142827 -0.021510437 -0.611562610 0.015050382 0.999876797 -0.004453083 -0.193652019 0.021575220 0.004127801 0.999758720 13.009830475
0.999582291 -0.017115250 -0.023287667 -0.618055165 0.017041640 0.999849141 -0.003355744 -0.195851952 0.023341589 0.002957482 0.999723196 13.164953232
0.999562085 -0.016033782 -0.024870995 -0.624936402 0.016007509 0.999871075 -0.001255112 -0.191222206 0.024887914 0.000856439 0.999689877 13.324175835
0.999571741 -0.014083260 -0.025651153 -0.633793890 0.014068550 0.999900758 -0.000753853 -0.198543206 0.025659224 0.000392656 0.999670684 13.483738899
0.999580324 -0.013158799 -0.025808383 -0.639407516 0.013178183 0.999912977 0.000581108 -0.198845357 0.025798490 -0.000920972 0.999666750 13.640506744
0.999882758 -0.010776796 -0.010876921 -0.640081108 0.010797387 0.999940038 0.001836056 -0.199297413 0.010856482 -0.001953283 0.999939144 13.801176071
0.999822319 -0.010154132 0.015882086 -0.625278354 0.010170784 0.999947786 -0.000968057 -0.201854646 -0.015871428 0.001129418 0.999873400 13.959357262
0.999131918 -0.016047809 0.038442582 -0.610535443 0.016144540 0.999867260 -0.002207079 -0.202256203 -0.038402062 0.002825800 0.999258399 14.122365952
0.998982131 -0.011457318 0.043627888 -0.605288982 0.011457307 0.999934316 0.000250301 -0.200947031 -0.043627892 0.000249812 0.999047816 14.271663666
0.998921812 -0.010516614 0.045217261 -0.602474451 0.010728724 0.999932528 -0.004450779 -0.202772722 -0.045167405 0.004931104 0.998967290 14.400704384
0.998923242 -0.011317050 0.044992622 -0.596561611 0.011502197 0.999926388 -0.003858279 -0.205287710 -0.044945646 0.004371638 0.998979867 14.529753685
0.998763144 -0.013310199 0.047906902 -0.588552594 0.012671062 0.999826968 0.013620289 -0.196424276 -0.048079900 -0.012996411 0.998758912 14.706540108
0.998856187 -0.011622231 0.046381727 -0.585396826 0.010997219 0.999845564 0.013707886 -0.200066715 -0.046533879 -0.013182137 0.998829722 14.873537064
0.998897910 -0.014165984 0.044747204 -0.581825674 0.014200315 0.999899089 -0.000449436 -0.206428021 -0.044736318 0.001084365 0.998998225 15.016350746
0.999025583 -0.007988767 0.043405607 -0.577627480 0.008191211 0.999956369 -0.004488172 -0.208247393 -0.043367859 0.004839343 0.999047458 15.158163071
0.999080777 -0.010713791 0.041506171 -0.576574445 0.011390426 0.999805510 -0.016100006 -0.206471205 -0.041325606 0.016557980 0.999008536 15.306407928
0.999027729 -0.018528488 0.040002994 -0.566744685 0.018948220 0.999769032 -0.010138957 -0.213013530 -0.039805893 0.010887085 0.999148130 15.467615128
0.999057055 -0.012416409 0.041603420 -0.565237820 0.012544313 0.999917328 -0.002814722 -0.215713099 -0.041565031 0.003333954 0.999130249 15.628583908
0.998990655 -0.006367804 0.044464912 -0.563999951 0.006242229 0.999976158 0.002962432 -0.214382395 -0.044482712 -0.002681882 0.999006569 15.788914680
0.998955131 -0.008172918 0.044965304 -0.555795372 0.008259372 0.999964356 -0.001737222 -0.216914535 -0.044949505 0.002106792 0.998987019 15.943870544
0.998556972 -0.007542974 0.053170580 -0.547984421 0.007558087 0.999971449 -0.000083151 -0.216437221 -0.053168435 0.000484899 0.998585463 16.100852966
0.997013628 -0.004641221 0.077086069 -0.530259907 0.004224967 0.999975622 0.005562071 -0.214676008 -0.077110000 -0.005219775 0.997008920 16.250276566
0.994651735 -0.006125470 0.103103861 -0.502798438 0.006102251 0.999981225 0.000540627 -0.216122389 -0.103105232 0.000091430 0.994670451 16.374910355
0.992892861 -0.002482418 0.118985921 -0.483044416 0.003011418 0.999986351 -0.004266310 -0.218601942 -0.118973710 0.004594306 0.992886782 16.498504639
0.992874980 -0.002821037 0.119127333 -0.462404549 0.002598208 0.999994576 0.002025781 -0.217255175 -0.119132400 -0.001701830 0.992876947 16.662113190
0.992949188 -0.006980180 0.118335254 -0.446799278 0.006594553 0.999971569 0.003650015 -0.218742222 -0.118357368 -0.002843911 0.992967010 16.823719025
0.993103325 -0.010524411 0.116769224 -0.431143969 0.010559511 0.999944210 0.000318043 -0.220266417 -0.116766050 0.000917176 0.993158996 16.977014542
0.992001832 -0.010084569 0.125820026 -0.411188483 0.010466547 0.999942422 -0.002375185 -0.223488286 -0.125788838 0.003673089 0.992050231 17.122251511
0.987202406 -0.007500318 0.159295917 -0.371574342 0.007671983 0.999970436 -0.000462685 -0.223419338 -0.159287736 0.001678880 0.987230778 17.278589249
0.978638172 -0.011753100 0.205253839 -0.321412534 0.011024320 0.999928236 0.004693874 -0.222771153 -0.205294266 -0.002330820 0.978697538 17.420000076
0.969738841 -0.014250270 0.243728340 -0.272992313 0.014358281 0.999896049 0.001333473 -0.222917691 -0.243722007 0.002206399 0.969842613 17.530530930
0.964001656 -0.009101353 0.265740424 -0.234843001 0.009901262 0.999949574 -0.001670573 -0.224868149 -0.265711844 0.004241601 0.964043200 17.637748718
0.962246239 -0.015219006 0.271754622 -0.191062778 0.014314501 0.999883413 0.005310517 -0.223258689 -0.271803766 -0.001219993 0.962351918 17.784608841
0.962635398 -0.017156670 0.270256817 -0.150169507 0.015471381 0.999845326 0.008365074 -0.221625388 -0.270358533 -0.003871270 0.962751925 17.944387436
0.962840736 -0.018804291 0.269414335 -0.107497722 0.017643780 0.999821723 0.006728627 -0.223556191 -0.269492835 -0.001725109 0.963000834 18.096851349
0.962975562 -0.017200636 0.269039422 -0.072527155 0.017482184 0.999846280 0.001349530 -0.230571896 -0.269021273 0.003403831 0.963128209 18.232711792
0.963021994 -0.013436046 0.269087613 -0.035993889 0.013910274 0.999903262 0.000144362 -0.229732230 -0.269063532 0.003604059 0.963115692 18.378406525
0.962872803 -0.012684283 0.269657254 0.000965267 0.012887225 0.999916434 0.001017824 -0.226882130 -0.269647628 0.002495099 0.962955832 18.538389206
0.963399410 -0.013028318 0.267753422 0.043389499 0.012206682 0.999914289 0.004733056 -0.224226236 -0.267792135 -0.001291442 0.963475823 18.689863205
0.963610113 -0.013819813 0.266954333 0.078701176 0.012279162 0.999896944 0.007439715 -0.230033964 -0.267029613 -0.003891009 0.963680446 18.856977463
0.964536071 -0.015871054 0.263473570 0.115488514 0.014731203 0.999871612 0.006301353 -0.230556667 -0.263539761 -0.002196599 0.964646041 19.006755829
0.965136945 -0.013787408 0.261382043 0.151854724 0.013000559 0.999904275 0.004739301 -0.229670450 -0.261422336 -0.001175962 0.965223789 19.156663895
0.965639770 -0.019374821 0.259161085 0.192398086 0.019174038 0.999810696 0.003302736 -0.230154619 -0.259176016 0.001779911 0.965828478 19.309808731
0.966394246 -0.024025975 0.255939335 0.232700884 0.024017667 0.999706566 0.003158520 -0.229502380 -0.255940109 0.003094690 0.966687679 19.460515976
0.966950834 -0.021024575 0.254094511 0.267257988 0.020049363 0.999778330 0.006427397 -0.228970751 -0.254173309 -0.001120544 0.967158020 19.612247467
0.967308819 -0.023461841 0.252513736 0.305282116 0.022083851 0.999721766 0.008290281 -0.228609160 -0.252637982 -0.002442786 0.967557788 19.763135910
0.967872918 -0.022056701 0.250470549 0.340022862 0.020873385 0.999754906 0.007380147 -0.229567021 -0.250571936 -0.001914877 0.968096077 19.915992737
0.968499005 -0.022704249 0.247980192 0.376473367 0.021533713 0.999740481 0.007431957 -0.230353326 -0.248084575 -0.001857909 0.968736589 20.064407349
0.968856096 -0.020972220 0.246734694 0.411079854 0.020326966 0.999780059 0.005162237 -0.231060818 -0.246788695 0.000013903 0.969069302 20.213581085
0.969211340 -0.024055732 0.245052516 0.447939634 0.024184819 0.999704421 0.002482822 -0.229958951 -0.245039806 0.003520172 0.969506621 20.368568420
0.969502628 -0.022320475 0.244062334 0.481815755 0.022911280 0.999737442 0.000418203 -0.228928208 -0.244007587 0.005186332 0.969759464 20.525114059
0.970356762 -0.020130230 0.240837231 0.517511427 0.019692112 0.999797165 0.004225978 -0.228176698 -0.240873441 0.000641887 0.970556319 20.675783157
0.970618904 -0.024094298 0.239412531 0.552032948 0.024224542 0.999703646 0.002399032 -0.229292318 -0.239399388 0.003471113 0.970914960 20.828704834
0.971105456 -0.027202567 0.237095311 0.586067438 0.027480410 0.999620080 0.002133553 -0.230855003 -0.237063274 0.004443571 0.971484065 20.978256226
0.971772850 -0.022068433 0.234884053 0.616053760 0.021875212 0.999754846 0.003428438 -0.230979159 -0.234902129 0.001806475 0.972017348 21.128845215
0.972201169 -0.020947488 0.233208224 0.650938034 0.020396095 0.999780595 0.004775925 -0.229069293 -0.233257085 0.000113377 0.972415090 21.286859512
0.972652078 -0.018785192 0.231505975 0.682032108 0.017793063 0.999821365 0.006372954 -0.230426341 -0.231584340 -0.002079467 0.972812593 21.441890717
0.973023713 -0.026879869 0.229133964 0.721080780 0.026665593 0.999636292 0.004031878 -0.229161009 -0.229158998 0.002186880 0.973386526 21.596399307
0.973352075 -0.027056402 0.227714062 0.753329515 0.027101642 0.999628365 0.002928714 -0.228609085 -0.227708682 0.003320755 0.973723650 21.750120163
0.973963797 -0.023749232 0.225456119 0.785389543 0.023151280 0.999717951 0.005296033 -0.230682254 -0.225518301 0.000061453 0.974238932 21.898029327
0.974476993 -0.023645051 0.223238707 0.817046881 0.023547884 0.999717891 0.003097633 -0.233895108 -0.223248988 0.002238227 0.974758863 22.045503616
0.974990010 -0.022244124 0.221132666 0.846209526 0.022184426 0.999750078 0.002753878 -0.237209737 -0.221138656 0.002220697 0.975239873 22.198707581
0.975258410 -0.021286743 0.220040619 0.878313482 0.021399884 0.999769270 0.001869720 -0.239638388 -0.220029652 0.002885383 0.975488901 22.347015381
0.975672960 -0.020971011 0.218225762 0.907304764 0.021577399 0.999767125 -0.000395729 -0.238475010 -0.218166634 0.005094846 0.975898206 22.504344940
0.975854278 -0.022917133 0.217217058 0.938887715 0.023214303 0.999729812 0.001183902 -0.238986775 -0.217185497 0.003887227 0.976122618 22.659032822
0.976316273 -0.023913570 0.215022519 0.968812108 0.023694726 0.999712765 0.003595692 -0.236778319 -0.215046749 0.001584366 0.976602495 22.820041656
0.972510159 -0.024704592 0.231546253 1.009618759 0.024629608 0.999691486 0.003215025 -0.238878071 -0.231554240 0.002576249 0.972818553 22.970277786
0.965210736 -0.019099461 0.260774821 1.058795571 0.018569406 0.999817491 0.004496540 -0.236815393 -0.260813087 0.000502324 0.965389192 23.123447418
0.957519412 -0.023358254 0.287421227 1.115842938 0.024299297 0.999704659 0.000293320 -0.238652259 -0.287343204 0.006703274 0.957804263 23.272859573
0.954060316 -0.016404653 0.299165249 1.161504507 0.016655462 0.999859810 0.001711561 -0.236743897 -0.299151391 0.003349803 0.954199791 23.425090790
0.954796433 -0.018675327 0.296673208 1.205130339 0.018258298 0.999824584 0.004176626 -0.239215121 -0.296699166 0.001428919 0.954969943 23.573816299
0.953652859 -0.023691174 0.299974829 1.254923105 0.024198810 0.999705136 0.002023249 -0.238732025 -0.299934298 0.005329556 0.953944981 23.722364426
0.945624411 -0.018661775 0.324724764 1.314114332 0.017747404 0.999825835 0.005777642 -0.235971689 -0.324776024 0.000299542 0.945790887 23.878578186
0.925373435 -0.017218864 0.378665447 1.401754141 0.014445229 0.999844015 0.010164504 -0.231635779 -0.378781408 -0.003936053 0.925477803 24.013092041
0.891814709 -0.019776158 0.451968461 1.489266872 0.016047901 0.999798238 0.012081408 -0.239093110 -0.452116191 -0.003521233 0.891952097 24.166658401
0.851173878 -0.027015194 0.524188101 1.611906648 0.024058035 0.999633014 0.012452988 -0.240086243 -0.524332166 0.002011277 0.851511478 24.289623260
0.812815547 -0.029301114 0.581783772 1.733326554 0.027587712 0.999549747 0.011798543 -0.237591475 -0.581867576 0.006460044 0.813257933 24.406034470
0.790985465 -0.027364766 0.611222684 1.844664693 0.021679921 0.999625504 0.016697705 -0.233535185 -0.611450732 0.000043615 0.791282535 24.528522491
0.786297441 -0.025097700 0.617338121 1.935239077 0.018998543 0.999684274 0.016443614 -0.231492937 -0.617555916 -0.001201048 0.786526024 24.650096893
0.787854195 -0.029288260 0.615165055 2.032465935 0.024349505 0.999568880 0.016404988 -0.233811781 -0.615380287 0.002054223 0.788227677 24.764091492
0.784683883 -0.027810168 0.619271994 2.130989552 0.022855943 0.999611855 0.015929483 -0.230054304 -0.619474649 0.001654437 0.785014927 24.892328262
0.766175270 -0.027600337 0.642038703 2.240423679 0.023459794 0.999612629 0.014976249 -0.229585394 -0.642203331 0.003587664 0.766525984 25.007167816
0.725744903 -0.024592809 0.687524199 2.366045713 0.020241180 0.999691546 0.014392641 -0.234100848 -0.687666059 0.003470915 0.726018786 25.126661301
0.672412813 -0.023676388 0.739797533 2.512219667 0.017370475 0.999717772 0.016206563 -0.223374009 -0.739972472 0.001953135 0.672634304 25.235979080
0.615773797 -0.027902428 0.787428796 2.666575432 0.021063725 0.999598563 0.018948680 -0.219911546 -0.787641406 0.004918083 0.616114259 25.313068390
0.573125005 -0.031360283 0.818867683 2.815116405 0.024113631 0.999480128 0.021400107 -0.216555029 -0.819113135 0.007480937 0.573583245 25.385433197
0.555682421 -0.025863908 0.830992281 2.970587254 0.015658757 0.999664307 0.020642707 -0.210217088 -0.831247211 0.001541515 0.555900931 25.482084274
0.553928256 -0.025393991 0.832177103 3.102293968 0.014025085 0.999677539 0.021169666 -0.205837548 -0.832446277 -0.000055123 0.554105759 25.571979523
0.558817029 -0.028129460 0.828813791 3.212645531 0.017469142 0.999602079 0.022147574 -0.214824438 -0.829106987 0.002102222 0.559086084 25.652919769
0.559536576 -0.025809955 0.828403711 3.356852055 0.014061050 0.999666750 0.021648481 -0.201136142 -0.828686416 -0.000464894 0.559713066 25.752473831
0.561740994 -0.025802752 0.826910615 3.483088970 0.014855227 0.999666989 0.021101879 -0.198631674 -0.827179730 0.000430154 0.561937273 25.843772888
0.553374171 -0.022925209 0.832617223 3.614627838 0.011177062 0.999735534 0.020098131 -0.198281020 -0.832857788 -0.001815572 0.553484082 25.929756165
0.521698952 -0.019263318 0.852912128 3.760987759 0.011794653 0.999812365 0.015366700 -0.195930138 -0.853048146 0.002043012 0.521828234 26.001081467
0.462590814 -0.009442422 0.886521697 3.919226646 0.007815441 0.999947846 0.006572403 -0.199000403 -0.886537552 0.003888223 0.462640464 26.053928375
0.379664242 0.004767728 0.925112069 4.095308304 0.009161507 0.999918282 -0.008913120 -0.199817523 -0.925078988 0.011859414 0.379589558 26.074012756
0.293842852 0.013024108 0.955765009 4.268728256 0.017063487 0.999676347 -0.018868526 -0.205350280 -0.955701411 0.021853067 0.293525517 26.078502655
0.217650831 0.026655380 0.975662708 4.437896729 0.009577914 0.999520540 -0.029443828 -0.207195580 -0.975979745 0.015753290 0.217291176 26.087707520
0.184792161 0.031767279 0.982264102 4.719462395 0.011887615 0.999332070 -0.034555677 -0.215955734 -0.982705712 0.018062396 0.184291124 26.072326660
0.169501960 0.036240660 0.984863400 4.774782181 0.011051354 0.999190927 -0.038669899 -0.211497426 -0.985467970 0.017438702 0.168964326 26.131383896
0.172841489 0.038505904 0.984196663 4.921012878 0.015457796 0.999006391 -0.041799974 -0.219628870 -0.984828353 0.022438280 0.172074556 26.156938553
0.172955811 0.044781186 0.983911097 5.076968193 0.014648551 0.998738408 -0.048031010 -0.224945068 -0.984820664 0.022720115 0.172081649 26.191474915
0.173367500 0.049176022 0.983628750 5.217375755 0.012922880 0.998553038 -0.052199855 -0.235566676 -0.984772503 0.021761078 0.172481179 26.213657379
0.174249887 0.050575297 0.983401835 5.376401901 0.011987324 0.998497188 -0.053475685 -0.241008401 -0.984628558 0.021106491 0.173381746 26.234123230
0.178672612 0.050678883 0.982602596 5.533227921 0.016597720 0.998375237 -0.054510444 -0.251259029 -0.983768642 0.026048487 0.177541137 26.262802124
0.187556207 0.049467225 0.981007576 5.675255775 0.013111826 0.998516023 -0.052856911 -0.258571804 -0.982166409 0.022776445 0.186629295 26.301254272
0.196995437 0.051336236 0.979059577 5.846394539 0.015941776 0.998328388 -0.055554219 -0.272921383 -0.980274916 0.026551880 0.195847750 26.337688446
0.198683083 0.054703042 0.978536069 5.998182297 0.014514669 0.998167336 -0.058747575 -0.287115276 -0.979956448 0.025875280 0.197524965 26.370250702
0.202270925 0.055727765 0.977742791 6.139496803 0.012347952 0.998155177 -0.059445687 -0.303310454 -0.979251802 0.024097254 0.201209664 26.400112152
0.205642045 0.056899410 0.976971686 6.310235977 0.013970497 0.998035908 -0.061066840 -0.318359256 -0.978527486 0.026206691 0.204443276 26.445392609
0.207815409 0.057512052 0.976475894 6.463875771 0.013114438 0.998016477 -0.061571781 -0.330567062 -0.978080153 0.025601499 0.206648946 26.487709045
0.211629450 0.055497158 0.975773096 6.655070305 0.012838575 0.998142540 -0.059553906 -0.334697902 -0.977265716 0.025130900 0.210523844 26.533878326
0.214132547 0.057460878 0.975113153 6.774116516 0.010841872 0.998066962 -0.061194345 -0.350730538 -0.976744533 0.023675758 0.213095665 26.564680099
0.219652176 0.057241198 0.973897636 6.925616264 0.017980838 0.997870088 -0.062705584 -0.362685859 -0.975412667 0.031284917 0.218155086 26.593048096
0.224074841 0.056267176 0.972946346 7.094622612 0.022798140 0.997756124 -0.062952511 -0.385192454 -0.974305272 0.036287442 0.222289264 26.636274338
0.227466762 0.052122813 0.972389877 7.247443199 0.025721462 0.997896433 -0.059506945 -0.394200504 -0.973446071 0.038547143 0.225647628 26.675653458
0.230580211 0.050865304 0.971723020 7.400675774 0.019829290 0.998179793 -0.056955494 -0.401941717 -0.972851336 0.032401387 0.229151845 26.715894699
0.232722402 0.050027650 0.971255660 7.555880547 0.021785973 0.998157322 -0.056633443 -0.415236831 -0.972299218 0.034339622 0.231203616 26.758686066
0.235515296 0.052947953 0.970427275 7.710812569 0.023928009 0.997896254 -0.060253851 -0.426402569 -0.971576095 0.037411097 0.233752847 26.799747467
0.237559259 0.055955108 0.969760120 7.865250587 0.023555851 0.997714043 -0.063338459 -0.435445130 -0.971087396 0.037890162 0.235698164 26.839756012
0.239145577 0.056099057 0.969361842 8.017671585 0.022079779 0.997757256 -0.063189544 -0.443687975 -0.970732689 0.036514796 0.237370610 26.878965378
0.241941392 0.052607968 0.968863666 8.171062469 0.021669053 0.997987092 -0.059600454 -0.452058315 -0.970048845 0.035414174 0.240314364 26.918113708
0.243034422 0.049098931 0.968774259 8.329556465 0.018299958 0.998308361 -0.055186640 -0.462575018 -0.969845057 0.031140786 0.241724789 26.964723587
0.245672643 0.046298228 0.968246579 8.482940674 0.019752309 0.998412251 -0.052752391 -0.474972606 -0.969151616 0.032084927 0.244368136 27.008693695
0.247458935 0.045662794 0.967821777 8.648596764 0.018963311 0.998469234 -0.051957436 -0.482376337 -0.968712807 0.031210441 0.246214271 27.055606842
0.250133634 0.045833290 0.967125952 8.801579475 0.018824808 0.998459876 -0.052187026 -0.488245010 -0.968028367 0.031259693 0.248885572 27.099557877
0.250460148 0.045703687 0.967047513 8.972201347 0.015396275 0.998570681 -0.051181059 -0.498674780 -0.968004525 0.027707748 0.249398470 27.152261734
0.237846136 0.044403370 0.970287383 9.134327888 0.016763095 0.998618066 -0.049809001 -0.506583691 -0.971158206 0.028111897 0.236773074 27.188777924
0.202600539 0.041630872 0.978376150 9.303279877 0.018936262 0.998742580 -0.046418771 -0.518535137 -0.979078352 0.027931252 0.201557457 27.204044342
0.163177133 0.040071197 0.985782802 9.475618362 0.019699028 0.998843312 -0.043862894 -0.520279825 -0.986400187 0.026576385 0.162199020 27.212856293
0.131860495 0.038736947 0.990511179 9.643735886 0.019072283 0.998952031 -0.041606031 -0.528564692 -0.991084874 0.024377503 0.130983472 27.226799011
0.127326906 0.035807703 0.991214216 9.798155785 0.019426808 0.999066412 -0.038586840 -0.536368012 -0.991670489 0.024169270 0.126512408 27.247760773
0.127991855 0.033933628 0.991194546 9.972935677 0.018060312 0.999169052 -0.036538746 -0.541048408 -0.991610765 0.022577945 0.127272666 27.271873474
0.127770662 0.028626096 0.991390646 10.138189316 0.016795911 0.999377608 -0.031021383 -0.542899132 -0.991661608 0.020614931 0.127210379 27.294679642
0.128495991 0.022082753 0.991464138 10.289246559 0.018084560 0.999533653 -0.024606284 -0.551317155 -0.991545141 0.021092001 0.128036678 27.317962646
0.128860712 0.022658620 0.991403818 10.404419899 0.018635869 0.999507070 -0.025266074 -0.558486879 -0.991487622 0.021731475 0.128374934 27.333309174
0.126007855 0.023610950 0.991748333 10.539338112 0.015764322 0.999542832 -0.025799477 -0.558264852 -0.991904080 0.018885177 0.125577986 27.356409073
0.127280712 0.017599482 0.991710544 10.708541870 0.015656155 0.999682367 -0.019750336 -0.565061331 -0.991743147 0.018040212 0.126964748 27.380428314
0.127322018 0.011654271 0.991793096 10.884891510 0.015228089 0.999790132 -0.013703161 -0.566463053 -0.991744637 0.016847827 0.127117872 27.408573151
0.126445472 0.008578669 0.991936564 11.025230408 0.011907244 0.999877453 -0.010165202 -0.577279091 -0.991902173 0.013096574 0.126327813 27.427860260
0.111848116 0.013079230 0.993639231 11.148289680 0.015834577 0.999762952 -0.014942241 -0.571080327 -0.993599117 0.017405119 0.111614525 27.438207626
0.074420631 0.005526780 0.997211754 11.303178787 0.014638872 0.999870837 -0.006634001 -0.577398121 -0.997119606 0.015091761 0.074330091 27.426372528
0.027685225 0.004182564 0.999607861 11.446652412 0.018370893 0.999820232 -0.004692253 -0.581524611 -0.999447823 0.018493596 0.027603447 27.411026001
-0.007579565 0.009562942 0.999925733 11.578594208 0.017500862 0.999802411 -0.009429107 -0.582966089 -0.999818265 0.017428091 -0.007745504 27.390584946
-0.028551221 0.002478791 0.999589384 11.733081818 0.015931588 0.999871016 -0.002024440 -0.584124744 -0.999465466 0.015867244 -0.028586984 27.381782532
-0.029702306 -0.001711554 0.999557376 11.889764786 0.015703203 0.999874294 0.002178721 -0.581350803 -0.999435484 0.015760964 -0.029671669 27.374608994
-0.029900670 -0.002222651 0.999550402 11.999111176 0.016132750 0.999866188 0.002705952 -0.586067796 -0.999422729 0.016206406 -0.029860854 27.380130768
-0.030565977 0.002475606 0.999529719 12.101776123 0.019897265 0.999800265 -0.001867813 -0.588118136 -0.999334693 0.019830815 -0.030609131 27.373409271
-0.030526638 -0.002563545 0.999530792 12.240407944 0.017517330 0.999841750 0.003099338 -0.588329792 -0.999380589 0.017603721 -0.030476928 27.368927002
-0.030416489 -0.003154756 0.999532342 12.401594162 0.016136229 0.999863148 0.003646838 -0.588804483 -0.999407053 0.016239606 -0.030361414 27.376014709
-0.030735016 -0.003911816 0.999519944 12.567926407 0.014451696 0.999886096 0.004357633 -0.586895168 -0.999423146 0.014578688 -0.030674934 27.373088837
-0.030771971 -0.005058744 0.999513805 12.736294746 0.012546690 0.999906480 0.005447004 -0.586839557 -0.999447823 0.012708202 -0.030705571 27.376323700
-0.029818535 -0.006087151 0.999536872 12.896278381 0.014710908 0.999870479 0.006528042 -0.583252549 -0.999447107 0.014898749 -0.029725075 27.373111725
-0.028987288 -0.007525113 0.999551475 13.051350594 0.013463028 0.999877989 0.007918003 -0.582215250 -0.999489129 0.013686511 -0.028882504 27.370487213
-0.028491735 -0.007649993 0.999564767 13.226771355 0.015722483 0.999843597 0.008100282 -0.585166395 -0.999470413 0.015946431 -0.028367043 27.380287170
-0.027909398 -0.006042839 0.999592245 13.383085251 0.016093554 0.999849379 0.006493738 -0.584652364 -0.999480963 0.016268227 -0.027807951 27.378707886
-0.027573347 -0.006979255 0.999595404 13.545965195 0.014497739 0.999867678 0.007381068 -0.582681298 -0.999514639 0.014695394 -0.027468443 27.376255035
-0.026913047 -0.006256906 0.999618292 13.704190254 0.012118933 0.999904871 0.006584981 -0.579913378 -0.999564409 0.012291526 -0.026834607 27.376306534
-0.025691032 -0.006319510 0.999650002 13.847243309 0.012256621 0.999902844 0.006636104 -0.577340782 -0.999594867 0.012422819 -0.025611043 27.358104706
-0.020526648 -0.005607258 0.999773741 14.005748749 0.013154568 0.999896169 0.005878024 -0.579114974 -0.999702871 0.013272245 -0.020450711 27.362796783
0.001274645 -0.003985395 0.999991357 14.164802551 0.017527338 0.999838531 0.003962442 -0.582600057 -0.999845684 0.017522132 0.001344323 27.385608673
0.022847950 -0.007718601 0.999709189 14.309618950 0.013534135 0.999880970 0.007410611 -0.581832886 -0.999647379 0.013360881 0.022949696 27.401153564
0.029482245 -0.007407174 0.999537885 14.423920631 0.008961204 0.999934316 0.007145793 -0.581270754 -0.999525189 0.008746387 0.029546738 27.412769318
0.030372798 -0.003780892 0.999531686 14.521911621 0.008720212 0.999955773 0.003517513 -0.580849111 -0.999500811 0.008609288 0.030404389 27.420026779
0.032082379 -0.005716869 0.999468863 14.668343544 0.010386935 0.999931574 0.005386101 -0.582682133 -0.999431252 0.010208620 0.032139540 27.424461365
0.035201669 -0.008057401 0.999347746 14.821390152 0.010230938 0.999917984 0.007701618 -0.585584581 -0.999327838 0.009953155 0.035281181 27.430786133
0.037592530 -0.007226976 0.999267101 14.976530075 0.012721071 0.999896288 0.006752958 -0.583127260 -0.999212265 0.012457886 0.037680566 27.437414169
0.040195525 -0.006108816 0.999173224 15.138972282 0.011194856 0.999921322 0.005663034 -0.585633576 -0.999129176 0.010957970 0.040260732 27.450349808
0.042483807 -0.006040385 0.999078929 15.289594650 0.008507113 0.999947667 0.005683890 -0.584487736 -0.999060988 0.008257804 0.042532921 27.460216522
0.045287430 -0.007020423 0.998949409 15.483913422 0.011185425 0.999916196 0.006520126 -0.574642181 -0.998911440 0.010878392 0.045362175 27.487876892
0.048194110 -0.011329802 0.998773873 15.645482063 0.014640481 0.999836266 0.010635401 -0.573851526 -0.998730838 0.014109963 0.048352122 27.494552612
0.049594700 -0.012872780 0.998686492 15.809600830 0.009959243 0.999873579 0.012393505 -0.573790431 -0.998719811 0.009331509 0.049716651 27.513608932
0.051846802 -0.013986773 0.998557150 15.972355843 0.012705988 0.999830246 0.013344888 -0.572295904 -0.998574257 0.011995764 0.052015722 27.526660919
0.054920495 -0.012697149 0.998410046 16.082889557 0.011938887 0.999855995 0.012058806 -0.583868623 -0.998419344 0.011257628 0.055064142 27.532752991
0.057730079 -0.011073892 0.998270869 16.236755371 0.015147532 0.999833107 0.010215240 -0.586274147 -0.998217344 0.014531612 0.057888150 27.540523529
0.060021162 -0.007585214 0.998168349 16.397109985 0.015932767 0.999850988 0.006639942 -0.584551275 -0.998070002 0.015505045 0.060133100 27.557754517
0.062675893 -0.010285864 0.997981012 16.554431915 0.015884120 0.999830544 0.009307360 -0.584043205 -0.997907579 0.015268702 0.062828660 27.569259644
0.064236164 -0.011447934 0.997869134 16.706796646 0.013119559 0.999857485 0.010626195 -0.579205751 -0.997848570 0.012409015 0.064377189 27.581790924
0.067431748 -0.011780901 0.997654319 16.869277954 0.016444555 0.999807596 0.010694836 -0.577396572 -0.997588396 0.015684810 0.067612469 27.593032837
0.070014060 -0.014068514 0.997446835 17.010974884 0.016654370 0.999777675 0.012932365 -0.575461864 -0.997406960 0.015706401 0.070232809 27.605319977
0.072031021 -0.015685109 0.997279108 17.164075851 0.016717128 0.999754846 0.014516611 -0.572251081 -0.997262359 0.015625995 0.072275579 27.618745804
0.074771225 -0.014605089 0.997093737 17.329265594 0.016222794 0.999778211 0.013427877 -0.571720243 -0.997068763 0.015171628 0.074991584 27.641330719
