1.000000000 0.000000000 0.000000000 0.000000000 0.000000000 1.000000000 0.000000000 0.000000000 0.000000000 0.000000000 1.000000000 0.000000000
0.999998629 0.001011552 -0.001331919 -0.019457169 -0.001010342 0.999999106 0.000908938 0.009581527 0.001332837 -0.000907591 0.999998689 1.277952790
0.999991953 0.002126520 -0.003400236 -0.027862759 -0.002127030 0.999997735 -0.000146370 0.009414494 0.003399917 0.000153601 0.999994218 2.532815933
0.999983490 0.002905396 -0.004960274 -0.036849860 -0.002922272 0.999989927 -0.003398300 0.012176579 0.004950351 0.003412740 0.999981940 3.772010803
0.999969602 0.005097490 -0.005900324 -0.063541748 -0.005123063 0.999977529 -0.004327268 0.013364126 0.005878133 0.004357365 0.999973238 5.013547897
0.999957561 0.005742213 -0.007207723 -0.071978927 -0.005776523 0.999972045 -0.004748423 0.006657057 0.007180255 0.004789856 0.999962747 6.233029366
0.999960899 0.004425276 -0.007653914 -0.085831404 -0.004463415 0.999977648 -0.004973106 0.002934232 0.007631735 0.005007074 0.999958336 7.463004112
0.999960840 0.003754719 -0.008011963 -0.105489627 -0.003807857 0.999970794 -0.006627472 0.003585326 0.007986845 0.006657721 0.999945939 8.683794975
0.999960065 0.002636816 -0.008540815 -0.118029214 -0.002682313 0.999982238 -0.005320014 -0.002140380 0.008526634 0.005342710 0.999949396 9.897787094
0.999953210 0.002270124 -0.009402773 -0.136675030 -0.002301601 0.999991775 -0.003338198 -0.000831773 0.009395118 0.003359683 0.999950230 11.110706329
0.999950826 0.002726656 -0.009531964 -0.160030589 -0.002737805 0.999995589 -0.001156839 -0.002085123 0.009528767 0.001182878 0.999953926 12.336710930
0.999935091 0.002843411 -0.011033065 -0.177158892 -0.002851152 0.999995708 -0.000685929 0.001051019 0.011031066 0.000717341 0.999938905 13.555586815
0.999904156 0.002012306 -0.013699565 -0.197824568 -0.002029505 0.999997199 -0.001241623 -0.002493777 0.013697028 0.001269307 0.999905407 14.751150131
0.999853492 0.000557414 -0.017109286 -0.228690147 -0.000591207 0.999997914 -0.001970131 -0.004775072 0.017108150 0.001979958 0.999851704 15.962249756
0.999788165 -0.002695459 -0.020403480 -0.255728453 0.002628560 0.999991059 -0.003304895 -0.008291376 0.020412205 0.003250563 0.999786377 17.164741516
0.999719083 -0.003501757 -0.023441663 -0.287661344 0.003377206 0.999979973 -0.005350720 -0.013869307 0.023459932 0.005270049 0.999710858 18.360109329
0.999661565 -0.004802494 -0.025568184 -0.326300323 0.004680066 0.999977291 -0.004845975 -0.017866367 0.025590874 0.004724673 0.999661326 19.565048218
0.999610901 -0.005226115 -0.027398543 -0.362277001 0.005141439 0.999981761 -0.003160056 -0.022542195 0.027414558 0.003017959 0.999619603 20.758565903
0.999562562 -0.006266081 -0.028903767 -0.399211645 0.006202893 0.999978185 -0.002275321 -0.024657939 0.028917395 0.002095039 0.999579608 21.959335327
0.999517560 -0.006445362 -0.030382285 -0.438381910 0.006375192 0.999976814 -0.002405881 -0.027264565 0.030397085 0.002211028 0.999535441 23.139009476
0.999474406 -0.006971505 -0.031658579 -0.482659876 0.006881434 0.999971986 -0.002953155 -0.027656667 0.031678278 0.002733746 0.999494374 24.325227737
0.999441385 -0.006514167 -0.032779843 -0.534866154 0.006390708 0.999972105 -0.003869673 -0.031469028 0.032804139 0.003658025 0.999455094 25.504907608
0.999380350 -0.008662509 -0.034116171 -0.568330765 0.008487971 0.999950171 -0.005257486 -0.036765173 0.034160011 0.004964651 0.999404073 26.669340134
0.999359369 -0.007859910 -0.034915820 -0.623179674 0.007670002 0.999955058 -0.005569631 -0.042753391 0.034958027 0.005298259 0.999374747 27.849529266
0.999352098 -0.006291029 -0.035437051 -0.673325837 0.006177872 0.999975443 -0.003301770 -0.048654072 0.035456952 0.003080705 0.999366462 29.036165237
0.999362290 -0.004951009 -0.035361800 -0.717686057 0.004899624 0.999986827 -0.001539619 -0.055443533 0.035368960 0.001365378 0.999373376 30.201477051
0.999364793 -0.003435186 -0.035470612 -0.765394092 0.003364276 0.999992251 -0.002058609 -0.052543513 0.035477407 0.001937968 0.999368608 31.380147934
0.999373913 -0.004035306 -0.035149179 -0.813796222 0.003917374 0.999986470 -0.003423403 -0.056094449 0.035162516 0.003283567 0.999376237 32.549980164
0.999373913 -0.004784876 -0.035056051 -0.853564322 0.004606497 0.999976039 -0.005167420 -0.058967937 0.035079937 0.005002699 0.999372005 33.727920532
0.999400496 -0.005729426 -0.034143727 -0.900364876 0.005531685 0.999967396 -0.005883058 -0.062781699 0.034176324 0.005690658 0.999399602 34.893619537
0.999431193 -0.007107013 -0.032966621 -0.941190541 0.006950780 0.999964058 -0.004851311 -0.069277652 0.032999918 0.004619407 0.999444664 36.057899475
0.999488711 -0.007988379 -0.030959927 -0.980055988 0.007882959 0.999962687 -0.003525603 -0.072574355 0.030986935 0.003279744 0.999514401 37.214366913
0.999565065 -0.008136588 -0.028346306 -1.017143011 0.008054352 0.999963045 -0.003014074 -0.076239012 0.028369782 0.002784452 0.999593616 38.358726501
0.999639571 -0.008201867 -0.025563385 -1.050859571 0.008131707 0.999962866 -0.002847282 -0.077351078 0.025585789 0.002638382 0.999669135 39.506423950
0.999712050 -0.009428412 -0.022066176 -1.082244039 0.009372428 0.999952614 -0.002639159 -0.078095123 0.022090014 0.002431585 0.999753058 40.644836426
0.999773085 -0.010025449 -0.018794240 -1.108412027 0.009987025 0.999947846 -0.002137201 -0.078667060 0.018814685 0.001949018 0.999821067 41.776630402
0.999819577 -0.011672219 -0.014985805 -1.131770849 0.011644438 0.999930322 -0.001939782 -0.076952264 0.015007403 0.001764931 0.999885798 42.909973145
0.999844074 -0.013160262 -0.011773705 -1.139482260 0.013135690 0.999911368 -0.002161961 -0.070309378 0.011801114 0.002006968 0.999928355 44.013114929
0.999879062 -0.013444094 -0.007814926 -1.152829766 0.013431387 0.999908388 -0.001676214 -0.079227448 0.007836745 0.001571046 0.999968052 45.096862793
0.999894381 -0.014022144 -0.003815016 -1.155040622 0.014016966 0.999900818 -0.001380848 -0.077856407 0.003834000 0.001327227 0.999991775 46.197036743
0.999931872 -0.011670503 0.000201085 -1.162333846 0.011670836 0.999930382 -0.001743425 -0.085253969 -0.000180724 0.001745653 0.999998450 47.325359344
0.999924898 -0.011525262 0.004167155 -1.159686089 0.011537345 0.999929249 -0.002887408 -0.081240222 -0.004133582 0.002935269 0.999987125 48.452453613
0.999910891 -0.010985824 0.007581414 -1.157579899 0.011014386 0.999932349 -0.003735968 -0.084796838 -0.007539858 0.003819139 0.999964297 49.594223022
0.999869525 -0.011823471 0.011004663 -1.152160525 0.011866759 0.999922097 -0.003876606 -0.089019887 -0.010957970 0.004006690 0.999931931 50.728004456
0.999812424 -0.013564214 0.013825413 -1.140641451 0.013622100 0.999898791 -0.004101386 -0.083001390 -0.013768382 0.004288948 0.999895990 51.857116699
0.999780118 -0.013676405 0.015897484 -1.123952627 0.013742099 0.999897420 -0.004030429 -0.087570012 -0.015840733 0.004248008 0.999865532 52.977573395
0.999747694 -0.014446139 0.017201260 -1.112106204 0.014522355 0.999885261 -0.004314173 -0.088342339 -0.017136961 0.004562888 0.999842763 54.114494324
0.999729574 -0.014008919 0.018562512 -1.098689914 0.014114216 0.999884963 -0.005553796 -0.093128160 -0.018482575 0.005814290 0.999812305 55.251335144
0.999768198 -0.009860176 0.019140260 -1.082263350 0.010004449 0.999922156 -0.007456637 -0.092265792 -0.019065248 0.007646395 0.999789000 56.387821198
0.999768734 -0.009268282 0.019405965 -1.072420716 0.009369278 0.999943018 -0.005119958 -0.097771749 -0.019357406 0.005300594 0.999798596 57.531398773
0.999792397 -0.008059478 0.018715240 -1.060771704 0.008108369 0.999963880 -0.002537957 -0.088341862 -0.018694110 0.002689180 0.999821663 58.669105530
0.999773324 -0.010563777 0.018486153 -1.049232483 0.010561558 0.999944210 0.000217652 -0.088189691 -0.018487420 -0.000022360 0.999829113 59.817684174
0.999764383 -0.013582700 0.016931869 -1.025646687 0.013563870 0.999907255 0.001226471 -0.083407581 -0.016946957 -0.000996520 0.999855876 60.957122803
0.999762475 -0.014890686 0.015915202 -1.013261080 0.014876062 0.999888837 0.001036876 -0.081359416 -0.015928874 -0.000799875 0.999872804 62.099029541
0.999753296 -0.016437216 0.014936847 -0.993035376 0.016453424 0.999864161 -0.000963026 -0.081216909 -0.014918988 0.001208550 0.999888003 63.242290497
0.999792039 -0.014658477 0.014175849 -0.986392975 0.014711708 0.999885082 -0.003658031 -0.077907696 -0.014120599 0.003865822 0.999892831 64.383773804
0.999843001 -0.012107253 0.012937252 -0.986512780 0.012179226 0.999910712 -0.005498986 -0.081884220 -0.012869519 0.005655689 0.999901175 65.530738831
0.999863863 -0.012655494 0.010587636 -0.971269071 0.012715801 0.999903202 -0.005648249 -0.081955932 -0.010515129 0.005782111 0.999927998 66.652923584
0.999894321 -0.012304951 0.007739364 -0.970376790 0.012342262 0.999912322 -0.004791829 -0.082640097 -0.007679722 0.004886845 0.999958575 67.796737671
0.999915600 -0.012400735 0.003867485 -0.973626018 0.012416529 0.999914587 -0.004086622 -0.087687701 -0.003816477 0.004134298 0.999984145 68.931755066
0.999951124 -0.009870363 -0.000563733 -0.979958892 0.009867642 0.999940515 -0.004640993 -0.089068264 0.000609507 0.004635204 0.999989092 70.053375244
0.999963760 -0.007495475 -0.004040248 -0.997079790 0.007472400 0.999955833 -0.005696514 -0.088844053 0.004082767 0.005666118 0.999975622 71.220710754
0.999965489 -0.004994475 -0.006639224 -1.016296029 0.004959180 0.999973536 -0.005321889 -0.090161838 0.006665628 0.005288781 0.999963820 72.363250732
0.999954522 -0.004605465 -0.008350587 -1.033792734 0.004561125 0.999975443 -0.005321124 -0.086718090 0.008374888 0.005282794 0.999951005 73.519851685
0.999943316 -0.003949641 -0.009887958 -1.053799272 0.003900972 0.999980211 -0.004936499 -0.092518315 0.009907261 0.004897646 0.999938905 74.679176331
0.999908209 -0.007329245 -0.011394409 -1.070241690 0.007251352 0.999950171 -0.006862441 -0.093987592 0.011444138 0.006779186 0.999911547 75.833068848
0.999875724 -0.008569025 -0.013232555 -1.087905645 0.008421158 0.999901950 -0.011190042 -0.102561466 0.013327146 0.011077218 0.999849856 76.984642029
0.999825180 -0.011143484 -0.015015963 -1.108561039 0.010949378 0.999856234 -0.012947479 -0.110286184 0.015158085 0.012780800 0.999803424 78.149452209
0.999793589 -0.010998688 -0.017084025 -1.129375815 0.010849663 0.999902487 -0.008791391 -0.119015694 0.017179053 0.008604219 0.999815404 79.315116882
0.999776065 -0.009842446 -0.018732134 -1.160185456 0.009795209 0.999948621 -0.002611796 -0.117028296 0.018756878 0.002427726 0.999821126 80.487892151
0.999747157 -0.008845747 -0.020671641 -1.196072578 0.008865356 0.999960363 0.000857064 -0.119143344 0.020663241 -0.001040109 0.999785960 81.662513733
0.999697983 -0.008318185 -0.023124591 -1.223021150 0.008330259 0.999965191 0.000425801 -0.112563483 0.023120243 -0.000618307 0.999732494 82.845138550
0.999644458 -0.007279850 -0.025650596 -1.260093570 0.007218090 0.999970853 -0.002499506 -0.107948586 0.025668046 0.002313469 0.999667823 84.009719849
0.999579787 -0.005157877 -0.028525429 -1.304366946 0.005018436 0.999975145 -0.004957731 -0.108542830 0.028550291 0.004812495 0.999580801 85.186325073
0.999486506 -0.005079980 -0.031637523 -1.348064065 0.004898575 0.999971151 -0.005808754 -0.107049271 0.031666119 0.005650793 0.999482512 86.364944458
0.999375939 -0.002936497 -0.035200562 -1.397455931 0.002761244 0.999983549 -0.005026286 -0.108726270 0.035214741 0.004925952 0.999367654 87.552574158
0.999239266 -0.001612638 -0.038965777 -1.453589797 0.001430275 0.999987900 -0.004707501 -0.107418790 0.038972899 0.004648188 0.999229431 88.735588074
0.999064207 -0.000435589 -0.043249518 -1.513363242 0.000222260 0.999987781 -0.004937190 -0.108941607 0.043251142 0.004922958 0.999052107 89.921234131
0.998880684 0.000542193 -0.047297742 -1.575845242 -0.000821621 0.999982297 -0.005888589 -0.108633570 0.047293711 0.005920859 0.998863459 91.118255615
0.998657346 0.002731775 -0.051730298 -1.645661235 -0.002991938 0.999983251 -0.004952448 -0.112509735 0.051715903 0.005100572 0.998648822 92.316520691
0.998451769 0.003150932 -0.055535018 -1.726848125 -0.003381037 0.999986112 -0.004049956 -0.112448841 0.055521481 0.004231451 0.998448551 93.509689331
0.998147368 0.004557538 -0.060671676 -1.800623178 -0.004745552 0.999984384 -0.002955136 -0.116900228 0.060657259 0.003237582 0.998153389 94.710479736
0.997848809 0.005042843 -0.065362699 -1.885464907 -0.005289929 0.999979496 -0.003607710 -0.120890342 0.065343164 0.003945713 0.997855067 95.905494690
0.997509837 0.005726868 -0.070294231 -1.969050288 -0.006074702 0.999970317 -0.004735484 -0.121726662 0.070265025 0.005150709 0.997515082 97.110389709
0.997216463 0.006764837 -0.074253485 -2.063625336 -0.007121738 0.999964297 -0.004542799 -0.122358717 0.074220106 0.005058968 0.997229040 98.301383972
0.996962070 0.008924832 -0.077375270 -2.168541431 -0.009168076 0.999954104 -0.002789034 -0.124958754 0.077346824 0.003489944 0.996998131 99.489952087
0.996698081 0.008751870 -0.080723546 -2.264670610 -0.008885571 0.999959707 -0.001297192 -0.126078814 0.080708943 0.002010183 0.996735692 100.687942505
0.996478200 0.009476837 -0.083315164 -2.370819092 -0.009517843 0.999954700 -0.000094997 -0.126549661 0.083310485 0.000887642 0.996523261 101.863510132
0.996329248 0.010058222 -0.085010737 -2.487264633 -0.010076875 0.999949217 0.000209684 -0.123878121 0.085008532 0.000647728 0.996380031 103.047538757
0.996126294 0.010825794 -0.087265261 -2.598450184 -0.010844396 0.999941170 0.000260914 -0.123384506 0.087262951 0.000686436 0.996185064 104.237037659
0.995961487 0.011108088 -0.089091569 -2.720814705 -0.011131833 0.999938011 0.000230342 -0.118387774 0.089088604 0.000762340 0.996023417 105.433341980
0.995770454 0.010707042 -0.091250248 -2.837014675 -0.010735960 0.999942362 0.000173960 -0.117989838 0.091246851 0.000806435 0.995827973 106.616378784
0.995536089 0.011112642 -0.093725398 -2.955534935 -0.011291642 0.999935269 -0.001379705 -0.116604514 0.093704000 0.002431860 0.995597124 107.827072144
0.995363593 0.010707466 -0.095585674 -3.082714558 -0.010948865 0.999938071 -0.002001331 -0.116399951 0.095558330 0.003038607 0.995419204 109.033523560
0.995168269 0.012884943 -0.097334728 -3.208874941 -0.013132604 0.999911964 -0.001904171 -0.115150563 0.097301617 0.003173229 0.995249867 110.234161377
0.995088100 0.012871338 -0.098153144 -3.335093737 -0.013020771 0.999914825 -0.000882005 -0.111751795 0.098133430 0.002155703 0.995170951 111.399734497
0.994871974 0.014997486 -0.100024253 -3.463334799 -0.015006293 0.999887168 0.000664380 -0.105087772 0.100022927 0.000840020 0.994984806 112.608802795
0.994765282 0.014006558 -0.101222031 -3.580356121 -0.013754404 0.999900341 0.003188622 -0.096797153 0.101256602 -0.001779682 0.994858742 113.813629150
0.994616985 0.015178082 -0.102501854 -3.711627483 -0.015015160 0.999884486 0.002360880 -0.091977693 0.102525845 -0.000809090 0.994729996 115.005561829
0.994530261 0.016004652 -0.103215262 -3.847405195 -0.016340189 0.999863625 -0.002406075 -0.086063810 0.103162676 0.004079471 0.994656146 116.199996948
0.994411349 0.017023593 -0.104193494 -3.980077982 -0.017714050 0.999826789 -0.005704848 -0.081856444 0.104078338 0.007518655 0.994540691 117.399032593
0.994331956 0.016620355 -0.105012976 -4.111072063 -0.017364243 0.999830186 -0.006173428 -0.084237128 0.104892530 0.007961907 0.994451702 118.597526550
0.994304061 0.013766040 -0.105687641 -4.239602089 -0.014541685 0.999872684 -0.006571912 -0.089973293 0.105583720 0.008071356 0.994377673 119.817405701
0.994260013 0.008820964 -0.106626801 -4.364935875 -0.009662122 0.999926150 -0.007374764 -0.098043963 0.106553875 0.008362674 0.994271755 121.028099060
0.994233608 0.006132187 -0.107060306 -4.497934341 -0.006998895 0.999945700 -0.007721651 -0.097259343 0.107007138 0.008426430 0.994222522 122.245697021
0.994187355 0.003112798 -0.107618831 -4.630583286 -0.003744778 0.999976933 -0.005670801 -0.101951011 0.107598700 0.006040847 0.994176030 123.464653015
0.994122028 0.003767635 -0.108199827 -4.770310879 -0.004235188 0.999982655 -0.004091722 -0.104267947 0.108182542 0.004525918 0.994120717 124.686370850
0.994123340 0.004318760 -0.108167060 -4.912131786 -0.004808228 0.999979317 -0.004264710 -0.102850825 0.108146407 0.004759739 0.994123578 125.920097351
0.994089365 0.005503323 -0.108425543 -5.057241440 -0.006010451 0.999972463 -0.004350953 -0.102131195 0.108398616 0.004976923 0.994095027 127.151962280
0.994078159 0.005673109 -0.108519256 -5.199551105 -0.006132201 0.999973595 -0.003897256 -0.102218010 0.108494282 0.004539639 0.994086683 128.409469604
0.993988156 0.005571937 -0.109345920 -5.339418888 -0.006051613 0.999973476 -0.004055405 -0.099451333 0.109320424 0.004692744 0.993995488 129.672332764
0.993897915 0.004483304 -0.110212490 -5.482651711 -0.004975615 0.999978840 -0.004192304 -0.100706354 0.110191360 0.004715098 0.993899226 130.938537598
0.993835509 0.002946244 -0.110825345 -5.628962517 -0.003573264 0.999978721 -0.005459548 -0.105264157 0.110806897 0.005821902 0.993824899 132.219635010
0.993773520 0.003613728 -0.111360617 -5.783442497 -0.004579911 0.999954045 -0.008421590 -0.098602667 0.111325063 0.008879174 0.993744373 133.493774414
0.993629396 0.002379881 -0.112671949 -5.931341171 -0.003443982 0.999951303 -0.009250544 -0.107877977 0.112644441 0.009579653 0.993589163 134.795364380
0.993516862 0.003138794 -0.113641404 -6.084170818 -0.004157705 0.999953270 -0.008730119 -0.115430720 0.113608696 0.009146009 0.993483484 136.095260620
0.993468165 0.004050981 -0.114037544 -6.242973328 -0.004804896 0.999968350 -0.006337023 -0.113250501 0.114008263 0.006843569 0.993456244 137.415237427
0.993361413 0.003904742 -0.114969090 -6.399604321 -0.004275110 0.999986410 -0.002975062 -0.110638008 0.114955917 0.003446817 0.993364632 138.746871948
0.993280947 0.002057816 -0.115709722 -6.560659885 -0.002347722 0.999994457 -0.002369228 -0.113156021 0.115704209 0.002624963 0.993280232 140.071166992
0.993136585 -0.000983855 -0.116956279 -6.716102600 0.000442785 0.999989092 -0.004652155 -0.111923158 0.116959572 0.004568438 0.993126154 141.412506104
0.993043065 -0.001780429 -0.117738120 -6.882489681 0.000919046 0.999972403 -0.007369983 -0.104596481 0.117748000 0.007210505 0.993017316 142.761260986
0.992944181 -0.003420220 -0.118533321 -7.045607090 0.002458780 0.999962866 -0.008256428 -0.105452694 0.118557163 0.007906726 0.992915750 144.126037598
0.992914140 -0.001338480 -0.118826561 -7.225871563 0.000462775 0.999972522 -0.007396888 -0.104591645 0.118833192 0.007289484 0.992887497 145.481582642
0.992807150 -0.001138069 -0.119719125 -7.395756721 0.000477823 0.999984503 -0.005543511 -0.104101531 0.119723581 0.005446433 0.992792308 146.863601685
0.992716312 0.000115966 -0.120475560 -7.570964813 -0.000730880 0.999986947 -0.005059880 -0.101479039 0.120473400 0.005111078 0.992703378 148.255493164
0.992639720 0.000171392 -0.121104605 -7.746901512 -0.001012073 0.999975801 -0.006880305 -0.098184675 0.121100493 0.006952231 0.992615879 149.652664185
0.992505670 -0.000860744 -0.122195490 -7.921860218 -0.000008290 0.999974728 -0.007111152 -0.101356670 0.122198515 0.007058872 0.992480576 151.047622681
0.992432475 -0.001499972 -0.122782364 -8.104660034 0.000967077 0.999989867 -0.004399642 -0.108428001 0.122787714 0.004247607 0.992423892 152.465408325
0.992315769 -0.001182897 -0.123725347 -8.287463188 0.000817339 0.999995172 -0.003005306 -0.101482034 0.123728298 0.002881087 0.992311954 153.880218506
0.992178261 -0.000358711 -0.124828756 -8.473075867 0.000133064 0.999998331 -0.001815980 -0.101703063 0.124829203 0.001785166 0.992176652 155.293731689
0.992012978 0.000498331 -0.126134694 -8.654086113 -0.000704448 0.999998510 -0.001589500 -0.103647590 0.126133710 0.001665660 0.992011845 156.697784424
0.991861105 0.000817646 -0.127322063 -8.842108727 -0.001038323 0.999998093 -0.001666860 -0.101804852 0.127320454 0.001785495 0.991860032 158.108062744
0.991697788 0.000573673 -0.128588974 -9.031099319 -0.000781365 0.999998450 -0.001564719 -0.102241814 0.128587872 0.001652203 0.991696715 159.510894775
0.991481841 -0.001181529 -0.130239576 -9.215875626 0.001030954 0.999998748 -0.001223554 -0.101435833 0.130240858 0.001078861 0.991481781 160.928924561
0.991270363 -0.002528393 -0.131820425 -9.405827522 0.002566021 0.999996722 0.000115583 -0.099307008 0.131819710 -0.000452828 0.991273582 162.333496094
0.991080940 -0.003827597 -0.133206293 -9.598256111 0.004072165 0.999990463 0.001563628 -0.095736735 0.133199051 -0.002092120 0.991087079 163.741500854
0.990893304 -0.004539572 -0.134572700 -9.791857719 0.005184676 0.999976695 0.004443656 -0.088834569 0.134549394 -0.005100905 0.990893781 165.160034180
0.990703344 -0.003822094 -0.135986105 -9.986494064 0.005020367 0.999951541 0.008469879 -0.079802625 0.135947153 -0.009073838 0.990674555 166.578125000
0.990655005 -0.002701294 -0.136364907 -10.185413361 0.003934403 0.999953747 0.008774009 -0.068594761 0.136334896 -0.009228529 0.990619838 167.984115601
0.990676939 -0.001198294 -0.136226773 -10.379423141 0.001595132 0.999994814 0.002803945 -0.069926426 0.136222690 -0.002995104 0.990673721 169.377624512
0.990719199 0.001010284 -0.135920599 -10.581187248 -0.001705055 0.999986053 -0.004995272 -0.066324838 0.135913655 0.005180664 0.990707159 170.760208130
0.990792036 0.000888246 -0.135389492 -10.782334328 -0.001883659 0.999972105 -0.007224288 -0.059984926 0.135379300 0.007412795 0.990766108 172.142150879
0.990793824 -0.001540881 -0.135370672 -10.971362114 0.001114938 0.999994159 -0.003222250 -0.066587746 0.135374844 0.003041655 0.990789771 173.537887573
0.990732729 -0.004861552 -0.135739028 -11.159136772 0.004597783 0.999986887 -0.002256640 -0.070199057 0.135748208 0.001611629 0.990742087 174.923721313
