1.000000000 0.000000000 0.000000000 0.000000000 0.000000000 1.000000000 0.000000000 0.000000000 0.000000000 0.000000000 1.000000000 0.000000000
0.999999702 0.000224472 0.000725800 -0.027083112 -0.000224740 0.999999881 0.000368291 -0.005630869 -0.000725717 -0.000368454 0.999999642 0.295384943
0.999999821 0.000467803 0.000402142 -0.016174832 -0.000468135 0.999999523 0.000825276 -0.012609233 -0.000401755 -0.000825465 0.999999583 0.688055158
0.999999583 0.000592930 0.000681108 -0.021652168 -0.000592978 0.999999821 0.000070374 -0.009641778 -0.000681066 -0.000070778 0.999999762 1.038793802
0.999998987 0.000886843 0.001126377 -0.036660660 -0.000886753 0.999999583 -0.000080720 -0.014671573 -0.001126448 0.000079721 0.999999344 1.374797702
0.999999106 0.000545624 0.001222422 -0.036194615 -0.000546305 0.999999702 0.000556588 -0.020879816 -0.001222118 -0.000557255 0.999999106 1.735446692
0.999998629 0.000473721 0.001570709 -0.040193416 -0.000473827 0.999999881 0.000067338 -0.025873169 -0.001570677 -0.000068082 0.999998748 2.080675602
0.999999225 0.000297552 0.001215239 -0.038832530 -0.000297481 0.999999940 -0.000058518 -0.026262900 -0.001215257 0.000058156 0.999999285 2.427315712
0.999999344 0.000709999 0.000873953 -0.041301120 -0.000710201 0.999999702 0.000230751 -0.032537442 -0.000873789 -0.000231371 0.999999583 2.769383907
0.999998450 0.001595850 0.000734026 -0.053473894 -0.001595863 0.999998748 0.000017144 -0.035339501 -0.000733998 -0.000018316 0.999999702 3.107494354
0.999998569 0.001533883 0.000736321 -0.056906167 -0.001533959 0.999998808 0.000102500 -0.041804034 -0.000736163 -0.000103630 0.999999702 3.442959547
0.999999166 0.001267099 0.000240129 -0.055924036 -0.001267160 0.999999166 0.000255660 -0.051873211 -0.000239804 -0.000255964 0.999999940 3.787815571
0.999999464 0.001062716 0.000046125 -0.060821835 -0.001062739 0.999999285 0.000504813 -0.054316502 -0.000045588 -0.000504862 0.999999881 4.110990047
0.999999583 0.000825543 -0.000339959 -0.059949387 -0.000825470 0.999999642 0.000215786 -0.051440377 0.000340137 -0.000215506 0.999999940 4.425843716
0.999998927 0.000916855 -0.001134714 -0.060126804 -0.000917110 0.999999583 -0.000224353 -0.063616231 0.001134507 0.000225394 0.999999344 4.751297951
0.999998271 0.001248127 -0.001380058 -0.065293744 -0.001248480 0.999999166 -0.000254592 -0.062650219 0.001379739 0.000256314 0.999998987 5.086754322
0.999997735 0.001413277 -0.001600089 -0.070821717 -0.001413540 0.999998987 -0.000163326 -0.061960574 0.001599856 0.000165587 0.999998689 5.404080868
0.999996722 0.001727948 -0.001878761 -0.071177274 -0.001727448 0.999998450 0.000267859 -0.077818863 0.001879221 -0.000264613 0.999998212 5.721755028
0.999996245 0.001719073 -0.002125175 -0.070384264 -0.001718572 0.999998510 0.000237502 -0.079546772 0.002125580 -0.000233849 0.999997735 6.041647434
0.999996185 0.001651614 -0.002213481 -0.083098389 -0.001651834 0.999998629 -0.000097577 -0.078171305 0.002213316 0.000101233 0.999997556 6.349019051
0.999995887 0.001728525 -0.002298481 -0.080315970 -0.001729189 0.999998450 -0.000286748 -0.083843440 0.002297982 0.000290722 0.999997318 6.657636642
0.999995172 0.001544313 -0.002698429 -0.081172958 -0.001545227 0.999998748 -0.000336802 -0.084982678 0.002697906 0.000340970 0.999996305 6.963285446
0.999995470 0.001684528 -0.002485876 -0.086267419 -0.001685558 0.999998510 -0.000412532 -0.093561515 0.002485178 0.000416721 0.999996841 7.264132500
0.999994218 0.001935181 -0.002797035 -0.082341254 -0.001936960 0.999997914 -0.000633753 -0.097325020 0.002795803 0.000639167 0.999995887 7.563301563
0.999995112 0.001794839 -0.002562995 -0.086044274 -0.001795869 0.999998331 -0.000399670 -0.098748557 0.002562273 0.000404271 0.999996662 7.855356693
0.999994338 0.002092690 -0.002645673 -0.091139436 -0.002091991 0.999997795 0.000266579 -0.102468602 0.002646225 -0.000261042 0.999996483 8.149065971
0.999993086 0.002440924 -0.002807015 -0.090428427 -0.002440458 0.999997020 0.000169640 -0.104083940 0.002807421 -0.000162789 0.999996066 8.444956779
0.999991775 0.002957704 -0.002764986 -0.095145702 -0.002958487 0.999995589 -0.000278907 -0.105971359 0.002764148 0.000287085 0.999996126 8.724139214
0.999990821 0.003139286 -0.002913883 -0.093942672 -0.003138714 0.999995053 0.000200939 -0.109395809 0.002914500 -0.000191791 0.999995708 9.007902145
0.999991238 0.003103175 -0.002801593 -0.098810092 -0.003101769 0.999995053 0.000505933 -0.113950595 0.002803149 -0.000497239 0.999995947 9.282730103
0.999993205 0.002808659 -0.002378571 -0.102486476 -0.002808096 0.999996006 0.000240199 -0.118922003 0.002379237 -0.000233518 0.999997139 9.552379608
0.999993384 0.002676981 -0.002459733 -0.097425595 -0.002676794 0.999996424 0.000079427 -0.118903771 0.002459937 -0.000072842 0.999996960 9.824837685
0.999994338 0.002597291 -0.002151345 -0.106557138 -0.002596590 0.999996603 0.000328791 -0.123514682 0.002152191 -0.000323203 0.999997616 10.074939728
0.999993145 0.003175314 -0.001915048 -0.111295894 -0.003175315 0.999994934 0.000002378 -0.123867258 0.001915046 0.000003703 0.999998152 10.344256401
0.999991119 0.003810541 -0.001813417 -0.119462147 -0.003812319 0.999992251 -0.000978114 -0.127721056 0.001809676 0.000985019 0.999997854 10.601682663
0.999991238 0.003757996 -0.001853970 -0.119974867 -0.003761834 0.999990761 -0.002071314 -0.129096076 0.001846169 0.002078271 0.999996126 10.883798599
0.999993324 0.003039520 -0.002023154 -0.122336723 -0.003044382 0.999992490 -0.002404463 -0.134552583 0.002015831 0.002410606 0.999995053 11.144477844
0.999992132 0.003242116 -0.002272595 -0.125041455 -0.003247547 0.999991894 -0.002390145 -0.141444311 0.002264827 0.002397506 0.999994576 11.425925255
0.999992788 0.002883476 -0.002467115 -0.127247646 -0.002890071 0.999992251 -0.002673511 -0.144077301 0.002459387 0.002680622 0.999993384 11.700632095
0.999990463 0.003333057 -0.002817915 -0.133315712 -0.003341669 0.999989748 -0.003057060 -0.151727244 0.002807697 0.003066447 0.999991357 11.976463318
0.999989212 0.002976508 -0.003571632 -0.136409134 -0.002987805 0.999990523 -0.003161857 -0.153679132 0.003562187 0.003172494 0.999988616 12.265623093
0.999986649 0.003149553 -0.004102557 -0.165904075 -0.003163882 0.999988914 -0.003490755 -0.161623329 0.004091517 0.003503688 0.999985516 12.559791565
0.999982834 0.003351104 -0.004800647 -0.188520432 -0.003369508 0.999987006 -0.003830572 -0.164465070 0.004787748 0.003846683 0.999981165 12.862171173
0.999983668 0.003518247 -0.004500536 -0.256141484 -0.003537223 0.999984860 -0.004215269 -0.153082624 0.004485637 0.004231120 0.999980986 13.147512436
0.999978602 0.003649900 -0.005432145 -0.253892601 -0.003674878 0.999982715 -0.004595275 -0.164089322 0.005415279 0.004615139 0.999974668 13.485130310
0.999978125 0.003414861 -0.005664082 -0.288020551 -0.003443401 0.999981403 -0.005036728 -0.167129681 0.005646777 0.005056121 0.999971271 13.787459373
0.999980032 0.003299037 -0.005385447 -0.364831299 -0.003328296 0.999979675 -0.005433184 -0.159702793 0.005367414 0.005451000 0.999970734 14.159894943
0.999979615 0.003971876 -0.004997694 -0.413513839 -0.004001261 0.999974668 -0.005883547 -0.153962418 0.004974199 0.005903424 0.999970198 14.442741394
0.999985456 0.003404339 -0.004182124 -0.470516294 -0.003429530 0.999975920 -0.006031010 -0.144604310 0.004161492 0.006045265 0.999973059 14.748812675
0.999985874 0.003857235 -0.003662084 -0.505286276 -0.003880135 0.999972820 -0.006266995 -0.149820775 0.003637811 0.006281116 0.999973655 15.032506943
0.999984682 0.004139296 -0.003669372 -0.487393558 -0.004162992 0.999970376 -0.006473704 -0.153693184 0.003642467 0.006488881 0.999972284 15.198943138
0.999983907 0.004784929 -0.003056958 -0.474990726 -0.004803601 0.999969661 -0.006130071 -0.163565844 0.003027533 0.006144656 0.999976516 15.406363487
0.999981701 0.005566106 -0.002370982 -0.516561568 -0.005581971 0.999961734 -0.006738101 -0.161321282 0.002333386 0.006751213 0.999974489 15.728509903
0.999979138 0.006247604 -0.001651445 -0.548309684 -0.006259295 0.999954700 -0.007171436 -0.167807460 0.001606566 0.007181623 0.999972939 16.061435699
0.999981225 0.005941138 -0.001483748 -0.522657514 -0.005951790 0.999955773 -0.007280604 -0.175752729 0.001440427 0.007289298 0.999972403 16.311176300
0.999989212 0.004451858 -0.001322288 -0.484635264 -0.004460800 0.999966681 -0.006838436 -0.181564882 0.001291800 0.006844260 0.999975741 16.560039520
0.999988317 0.004305505 -0.002208450 -0.455585569 -0.004320706 0.999966681 -0.006925158 -0.187811926 0.002178560 0.006934619 0.999973595 16.854900360
0.999977112 0.006556997 -0.001654887 -0.490504384 -0.006569053 0.999951124 -0.007387953 -0.196985573 0.001606363 0.007398656 0.999971330 17.256294250
0.999981105 0.005968885 -0.001467743 -0.519571066 -0.005980349 0.999950647 -0.007934175 -0.194431230 0.001420312 0.007942802 0.999967456 17.669063568
0.999981999 0.005749404 -0.001716579 -0.520302474 -0.005761687 0.999957204 -0.007238486 -0.204136059 0.001674888 0.007248246 0.999972343 18.057598114
0.999978960 0.006153005 -0.002058603 -0.526950181 -0.006166877 0.999957860 -0.006801522 -0.209760308 0.002016667 0.006814074 0.999974728 18.464229584
0.999983072 0.005296409 -0.002403414 -0.505383015 -0.005311094 0.999967039 -0.006145447 -0.221045852 0.002370786 0.006158108 0.999978244 18.851263046
0.999984264 0.005052295 -0.002450162 -0.518272936 -0.005067119 0.999968648 -0.006082530 -0.224902183 0.002419354 0.006094850 0.999978483 19.310071945
0.999977350 0.006291081 -0.002387325 -0.542724669 -0.006302563 0.999968469 -0.004833200 -0.228103727 0.002356844 0.004848137 0.999985456 19.788242340
0.999982238 0.005321155 -0.002691448 -0.564726532 -0.005327864 0.999982715 -0.002491512 -0.228874370 0.002678144 0.002505807 0.999993265 20.282392502
0.999983728 0.004983361 -0.002786650 -0.602568030 -0.004985862 0.999987185 -0.000891250 -0.226986334 0.002782172 0.000905129 0.999995708 20.784957886
0.999982953 0.004957635 -0.003093248 -0.562721550 -0.004952858 0.999986529 0.001550123 -0.235335112 0.003100892 -0.001534777 0.999994040 21.117593765
0.999981403 0.004763138 -0.003814870 -0.566266179 -0.004752709 0.999984980 0.002738102 -0.240744099 0.003827855 -0.002719920 0.999988973 21.565834045
0.999978662 0.005554163 -0.003440667 -0.590317845 -0.005544653 0.999980807 0.002767365 -0.247120425 0.003455971 -0.002748229 0.999990225 21.981122971
0.999977171 0.005851605 -0.003371990 -0.579510391 -0.005841497 0.999978423 0.002999624 -0.254489154 0.003389469 -0.002979858 0.999989808 22.331636429
0.999973118 0.005878795 -0.004379626 -0.610263050 -0.005865137 0.999977946 0.003124933 -0.257902592 0.004397900 -0.003099162 0.999985516 22.829301834
0.999973059 0.006162685 -0.003989883 -0.625286162 -0.006148508 0.999974787 0.003555843 -0.270697176 0.004011696 -0.003531215 0.999985695 23.228622437
0.999974906 0.005517849 -0.004441398 -0.598489821 -0.005500256 0.999976993 0.003963737 -0.266920358 0.004463167 -0.003939209 0.999982297 23.572120667
0.999962807 0.007185237 -0.004769001 -0.631249964 -0.007164899 0.999965250 0.004268235 -0.274993509 0.004799503 -0.004233907 0.999979496 24.015073776
0.999958575 0.007919467 -0.004490266 -0.625485420 -0.007902719 0.999961793 0.003735433 -0.285363674 0.004519677 -0.003699793 0.999982953 24.384735107
0.999963701 0.007329948 -0.004346001 -0.554503381 -0.007311844 0.999964595 0.004166891 -0.304016232 0.004376390 -0.004134963 0.999981880 24.601354599
0.999954283 0.008547986 -0.004291677 -0.547922671 -0.008528902 0.999953747 0.004445374 -0.313377470 0.004329478 -0.004408567 0.999980927 24.970123291
0.999919772 0.011797842 -0.004615287 -0.579687119 -0.011781222 0.999924064 0.003611684 -0.312720567 0.004657547 -0.003557021 0.999982834 25.474231720
0.999945641 0.008835140 -0.005540901 -0.528959215 -0.008812233 0.999952555 0.004144939 -0.322532862 0.005577260 -0.004095885 0.999976039 25.751203537
0.999944329 0.008979687 -0.005540217 -0.563227713 -0.008955258 0.999950111 0.004418454 -0.322412312 0.005579617 -0.004368593 0.999974906 26.235130310
0.999944150 0.008687064 -0.006016767 -0.584580481 -0.008660284 0.999952555 0.004462695 -0.323925346 0.006055248 -0.004410339 0.999971926 26.685018539
0.999943554 0.008727906 -0.006063734 -0.605776370 -0.008704873 0.999954820 0.003814561 -0.331803948 0.006096753 -0.003761562 0.999974310 27.146205902
0.999947131 0.007775168 -0.006725493 -0.597958505 -0.007752707 0.999964297 0.003359291 -0.333038568 0.006751372 -0.003306972 0.999971747 27.536289215
0.999942362 0.008175014 -0.006961271 -0.621083379 -0.008155323 0.999962687 0.002852348 -0.333434343 0.006984329 -0.002795412 0.999971688 27.980966568
0.999942541 0.008205517 -0.006893942 -0.623195708 -0.008190122 0.999963939 0.002258481 -0.339453429 0.006912225 -0.002201889 0.999973714 28.385066986
0.999944031 0.008086840 -0.006819560 -0.651044250 -0.008074509 0.999965727 0.001833738 -0.339120299 0.006834155 -0.001778571 0.999975085 28.842252731
0.999937356 0.008888909 -0.006802619 -0.656780958 -0.008876571 0.999958932 0.001841631 -0.343599617 0.006818709 -0.001781131 0.999975145 29.257514954
0.999933898 0.009030952 -0.007116931 -0.673174441 -0.009015439 0.999956906 0.002208774 -0.347343236 0.007136571 -0.002144465 0.999972224 29.698398590
0.999945521 0.007925848 -0.006791709 -0.668160141 -0.007912515 0.999966741 0.001987952 -0.353785425 0.006807240 -0.001934104 0.999974966 30.100685120
0.999939203 0.008528033 -0.006993448 -0.683846235 -0.008517235 0.999962509 0.001572469 -0.360292196 0.007006596 -0.001512808 0.999974310 30.538120270
0.999940038 0.008472492 -0.006934600 -0.690627337 -0.008462322 0.999963105 0.001494634 -0.364223450 0.006947007 -0.001435862 0.999974847 30.959764481
0.999942064 0.008396468 -0.006739798 -0.700993299 -0.008385916 0.999963582 0.001592314 -0.368310064 0.006752923 -0.001535703 0.999976039 31.391681671
0.999942958 0.008329124 -0.006690126 -0.709924102 -0.008318515 0.999964118 0.001612053 -0.370871335 0.006703313 -0.001556309 0.999976337 31.821123123
0.999937296 0.009024572 -0.006627170 -0.728156209 -0.009011320 0.999957323 0.002026652 -0.374265432 0.006645177 -0.001966806 0.999975979 32.256977081
0.999935985 0.009567467 -0.006038174 -0.749352336 -0.009553349 0.999951601 0.002362767 -0.379431427 0.006060488 -0.002304931 0.999978960 32.697101593
0.999946117 0.008449583 -0.006028809 -0.756392896 -0.008436101 0.999961853 0.002258253 -0.380862325 0.006047660 -0.002207271 0.999979258 33.124164581
0.999951363 0.008088450 -0.005647995 -0.759079456 -0.008076183 0.999965012 0.002191205 -0.381708473 0.005665521 -0.002145484 0.999981642 33.532802582
0.999952257 0.008017180 -0.005584173 -0.789123476 -0.008005299 0.999965668 0.002146812 -0.384113252 0.005601192 -0.002102007 0.999982119 33.983432770
0.999948680 0.008728733 -0.005145498 -0.813136935 -0.008719674 0.999960423 0.001780308 -0.388475478 0.005160834 -0.001735350 0.999985158 34.405166626
0.999953926 0.008214748 -0.004968868 -0.821774423 -0.008205183 0.999964476 0.001942574 -0.387333006 0.004984649 -0.001901714 0.999985754 34.816047668
0.999950409 0.008848387 -0.004568737 -0.860246241 -0.008837647 0.999958158 0.002365569 -0.393026501 0.004589477 -0.002325075 0.999986768 35.266525269
0.999945939 0.009468636 -0.004303199 -0.894738436 -0.009458750 0.999952614 0.002312224 -0.393919110 0.004324888 -0.002271396 0.999988079 35.693630219
0.999960244 0.007667476 -0.004549050 -0.885973990 -0.007656644 0.999967813 0.002393795 -0.395787776 0.004567258 -0.002358870 0.999986768 36.056533813
0.999961078 0.007372426 -0.004851804 -0.900028765 -0.007357709 0.999968290 0.003044185 -0.399559826 0.004874093 -0.003008369 0.999983609 36.453174591
0.999956787 0.008013280 -0.004713180 -0.927314162 -0.007998131 0.999962807 0.003224304 -0.397095412 0.004738843 -0.003186468 0.999983668 36.855445862
0.999955177 0.008289914 -0.004569761 -0.975315690 -0.008276109 0.999961138 0.003031610 -0.396825641 0.004594715 -0.002993654 0.999984980 37.283218384
0.999961436 0.007753101 -0.004127265 -1.010376692 -0.007742190 0.999966502 0.002653037 -0.391509950 0.004147696 -0.002620981 0.999987960 37.686092377
0.999961436 0.007788879 -0.004057849 -1.046925068 -0.007775976 0.999964714 0.003185968 -0.397205681 0.004082520 -0.003154292 0.999986708 38.088153839
0.999954224 0.008411022 -0.004564481 -1.081612706 -0.008394704 0.999958336 0.003582438 -0.397708088 0.004594423 -0.003543957 0.999983191 38.491470337
0.999951422 0.008735234 -0.004572514 -1.142112494 -0.008720264 0.999956608 0.003283623 -0.391912878 0.004600999 -0.003243590 0.999984145 38.923366547
0.999951899 0.008320753 -0.005189866 -1.162789106 -0.008305112 0.999960899 0.003028140 -0.389514416 0.005214860 -0.002984892 0.999981940 39.298786163
0.999949813 0.008229123 -0.005709845 -1.189422607 -0.008211482 0.999961436 0.003106308 -0.392819405 0.005735187 -0.003059266 0.999978900 39.674892426
0.999941051 0.008891232 -0.006236773 -1.226644635 -0.008869768 0.999954700 0.003460779 -0.391524762 0.006267261 -0.003405256 0.999974549 40.062278748
0.999938071 0.009088586 -0.006418395 -1.269860268 -0.009064244 0.999951661 0.003811598 -0.396093339 0.006452727 -0.003753184 0.999972165 40.457237244
0.999940038 0.008764587 -0.006562904 -1.321410179 -0.008743611 0.999956608 0.003218113 -0.393274158 0.006590825 -0.003160537 0.999973297 40.865348816
0.999927938 0.009877072 -0.006821246 -1.357742190 -0.009857138 0.999947071 0.002949899 -0.396203369 0.006850021 -0.002882449 0.999972403 41.231079102
0.999924183 0.009349777 -0.008012249 -1.369286060 -0.009321338 0.999950171 0.003579609 -0.399577230 0.008045319 -0.003504653 0.999961495 41.565708160
0.999912977 0.010012172 -0.008588634 -1.403255105 -0.009984446 0.999944806 0.003265128 -0.401589662 0.008620851 -0.003179092 0.999957800 41.928802490
0.999915659 0.009549923 -0.008804481 -1.451630116 -0.009525532 0.999950707 0.002808098 -0.392478645 0.008830864 -0.002723993 0.999957323 42.290294647
0.999911726 0.009806016 -0.008962507 -1.504113913 -0.009780148 0.999947906 0.002925567 -0.386591673 0.008990728 -0.002837654 0.999955535 42.643112183
0.999901652 0.009846250 -0.009987294 -1.533503771 -0.009814942 0.999946773 0.003178915 -0.395532012 0.010018063 -0.003080577 0.999945045 43.004318237
0.999901116 0.009676125 -0.010206235 -1.589125633 -0.009639269 0.999946892 0.003654144 -0.399015903 0.010241050 -0.003555402 0.999941230 43.358032227
0.999897242 0.010271424 -0.009998713 -1.649601698 -0.010235132 0.999940872 0.003674140 -0.401023299 0.010035860 -0.003571424 0.999943256 43.737400055
0.999893069 0.010648306 -0.010022338 -1.698778629 -0.010611297 0.999936700 0.003738734 -0.395356476 0.010061514 -0.003631984 0.999942780 44.050479889
0.999885321 0.010999548 -0.010406779 -1.738359928 -0.010951302 0.999929070 0.004681724 -0.399315089 0.010457537 -0.004567219 0.999934912 44.397998810
0.999878883 0.011273935 -0.010726859 -1.749108076 -0.011229095 0.999927998 0.004231215 -0.399169326 0.010773789 -0.004110250 0.999933541 44.870185852
0.999886155 0.011732255 -0.009485873 -1.858051777 -0.011697491 0.999924719 0.003712072 -0.393897086 0.009528710 -0.003600688 0.999948144 45.150783539
0.999895096 0.011131353 -0.009267327 -1.864747405 -0.011096548 0.999931216 0.003798614 -0.402802587 0.009308973 -0.003695380 0.999949813 45.590568542
0.999895930 0.011315030 -0.008949718 -1.870690346 -0.011277677 0.999927521 0.004213149 -0.406518042 0.008996742 -0.004111778 0.999951065 46.031219482
0.999885976 0.011897380 -0.009299172 -1.873557568 -0.011859011 0.999920964 0.004170361 -0.412344187 0.009348053 -0.004059607 0.999948084 46.477703094
0.999881864 0.012385431 -0.009103566 -1.884997964 -0.012351677 0.999916673 0.003754662 -0.416273981 0.009149311 -0.003641774 0.999951541 46.908168793
0.999881506 0.012901413 -0.008396761 -1.943792820 -0.012874946 0.999912024 0.003198486 -0.414198846 0.008437287 -0.003089999 0.999959648 47.230567932
0.999900043 0.012519668 -0.006573549 -2.035662413 -0.012497395 0.999916077 0.003418491 -0.415640384 0.006615796 -0.003335997 0.999972522 47.550292969
0.999915183 0.011319423 -0.006444614 -2.067961454 -0.011292800 0.999927640 0.004152593 -0.423791498 0.006491153 -0.004079463 0.999970615 47.818389893
0.999901593 0.012501597 -0.006362934 -2.149022818 -0.012479776 0.999916136 0.003457650 -0.400745183 0.006405627 -0.003377902 0.999973774 48.115333557
0.999896407 0.012930934 -0.006326485 -2.201813221 -0.012905951 0.999908805 0.003973972 -0.406680703 0.006377296 -0.003891911 0.999972105 48.403324127
0.999907970 0.012585631 -0.005059278 -2.293905973 -0.012565765 0.999913275 0.003939429 -0.390615255 0.005108419 -0.003875493 0.999979436 48.701915741
0.999910295 0.012789729 -0.003976055 -2.377779007 -0.012775882 0.999912322 0.003488716 -0.393616498 0.004020326 -0.003437605 0.999985993 48.978431702
0.999908566 0.013086341 -0.003398321 -2.443988800 -0.013076113 0.999909937 0.003014721 -0.388702959 0.003437466 -0.002970009 0.999989688 49.280792236
0.999910414 0.013097240 -0.002754784 -2.514402151 -0.013087790 0.999908507 0.003420933 -0.384962469 0.002799337 -0.003384573 0.999990344 49.604690552
0.999907851 0.013334717 -0.002543420 -2.563269138 -0.013326162 0.999905586 0.003351516 -0.386457771 0.002587871 -0.003317314 0.999991179 49.897125244
0.999910414 0.013268417 -0.001747324 -2.632035732 -0.013262887 0.999907136 0.003139136 -0.383819878 0.001788813 -0.003115680 0.999993563 50.188091278
0.999902546 0.013765082 -0.002337743 -2.662865639 -0.013758093 0.999900937 0.002979628 -0.385235608 0.002378526 -0.002947174 0.999992847 50.401401520
0.999907792 0.013429294 -0.002009637 -2.738332033 -0.013423411 0.999905646 0.002912966 -0.376944423 0.002048566 -0.002885721 0.999993742 50.674156189
0.999910355 0.013308726 -0.001466987 -2.814085722 -0.013305699 0.999909341 0.002054195 -0.367262751 0.001494193 -0.002034491 0.999996841 50.913143158
0.999913573 0.013098601 -0.001104066 -2.866648436 -0.013096091 0.999911726 0.002251194 -0.372923970 0.001133456 -0.002236540 0.999996841 51.158802032
0.999910772 0.013323792 -0.000972629 -2.910562754 -0.013321607 0.999908805 0.002219310 -0.374542147 0.001002109 -0.002206155 0.999997079 51.378879547
0.999892414 0.014630393 -0.001045336 -2.929014683 -0.014628562 0.999891460 0.001738520 -0.376137584 0.001070658 -0.001723042 0.999997914 51.570960999
0.999898374 0.014220144 -0.000987314 -2.944046259 -0.014217990 0.999896586 0.002155101 -0.373493940 0.001017858 -0.002140844 0.999997199 51.763519287
0.999886274 0.015079991 -0.000014428 -2.967287302 -0.015079944 0.999884844 0.001702808 -0.373115599 0.000040105 -0.001702397 0.999998569 51.933837891
0.999875426 0.015709205 0.001548329 -3.020623922 -0.015711503 0.999875486 0.001484007 -0.378540456 -0.001524824 -0.001508149 0.999997675 52.157768250
0.999867499 0.015938602 0.003306409 -3.061067343 -0.015942601 0.999872208 0.001186594 -0.375493646 -0.003287074 -0.001239150 0.999993801 52.349609375
0.999857843 0.015754623 0.006006866 -3.117915392 -0.015757393 0.999875784 0.000413756 -0.371138155 -0.005999601 -0.000508350 0.999981880 52.566719055
0.999851525 0.015425801 0.007681720 -3.171221018 -0.015426760 0.999880970 0.000065493 -0.359548867 -0.007679796 -0.000183988 0.999970496 52.801132202
0.999821067 0.016400468 0.009428256 -3.223840714 -0.016395349 0.999865413 -0.000619996 -0.358516514 -0.009437155 0.000465305 0.999955356 53.023437500
0.999775112 0.017836809 0.011471737 -3.277211189 -0.017818529 0.999839783 -0.001693837 -0.372863978 -0.011500113 0.001489046 0.999932766 53.259239197
0.999750912 0.017538473 0.013800599 -3.317230225 -0.017484717 0.999839127 -0.004006223 -0.371322155 -0.013868641 0.003763925 0.999896765 53.499099731
0.999708354 0.017914020 0.016195498 -3.354104996 -0.017830729 0.999827147 -0.005272640 -0.381867498 -0.016287154 0.004982324 0.999854922 53.762454987
0.999650359 0.018083790 0.019291433 -3.405021429 -0.017975856 0.999821842 -0.005753831 -0.377125591 -0.019392047 0.005405040 0.999797344 54.044933319
0.999556184 0.019622896 0.022413131 -3.435488224 -0.019521106 0.999798179 -0.004751333 -0.384382874 -0.022501843 0.004311695 0.999737501 54.339363098
0.999435842 0.020391524 0.026687773 -3.523797989 -0.020281089 0.999784648 -0.004402211 -0.361947477 -0.026771793 0.003858471 0.999634147 54.692100525
0.999287188 0.021173881 0.031252835 -3.548032522 -0.021042289 0.999768317 -0.004533512 -0.364409447 -0.031341586 0.003872650 0.999501228 55.037269592
0.999096990 0.021115765 0.036868986 -3.602165461 -0.020933492 0.999766707 -0.005322873 -0.349571913 -0.036972780 0.004546270 0.999305904 55.353492737
0.998886168 0.019770917 0.042842615 -3.647907972 -0.019585663 0.999796927 -0.004739491 -0.345408261 -0.042927623 0.003895111 0.999070585 55.708412170
0.998687029 0.018596880 0.047732532 -3.656403542 -0.018423980 0.999822021 -0.004059711 -0.345429510 -0.047799531 0.003174958 0.998851895 56.014595032
0.998378098 0.019091165 0.053634465 -3.680755615 -0.018868478 0.999811113 -0.004655313 -0.333049446 -0.053713214 0.003635762 0.998549759 56.355697632
0.998014271 0.019879773 0.059768595 -3.698567390 -0.019548057 0.999790132 -0.006129666 -0.327158839 -0.059877906 0.004949134 0.998193443 56.688201904
0.997688830 0.020976819 0.064629555 -3.670812607 -0.020506259 0.999758244 -0.007935726 -0.327041328 -0.064780392 0.006592075 0.997877777 56.991256714
0.997261643 0.021580759 0.070735238 -3.685637951 -0.021040486 0.999743581 -0.008374237 -0.321150929 -0.070897818 0.006863002 0.997459948 57.392219543
0.996842444 0.020286610 0.076769657 -3.683752775 -0.019798564 0.999778688 -0.007113136 -0.321184784 -0.076896973 0.005570747 0.997023463 57.800247192
0.996345460 0.020131415 0.083008461 -3.685591221 -0.019643342 0.999784648 -0.006692400 -0.318427980 -0.083125316 0.005037379 0.996526361 58.233005524
0.995797634 0.019831430 0.089407831 -3.689394236 -0.019290034 0.999790013 -0.006915454 -0.311452746 -0.089526199 0.005161713 0.995971084 58.678649902
0.995177746 0.020435164 0.095936000 -3.697631121 -0.019841097 0.999777615 -0.007142282 -0.306786299 -0.096060619 0.005204364 0.995361865 59.156803131
0.994500458 0.020033341 0.102798134 -3.695548296 -0.019308908 0.999781251 -0.008037507 -0.304126441 -0.102936670 0.006008385 0.994669795 59.658496857
0.993840396 0.019111589 0.109160312 -3.662096024 -0.018460887 0.999805272 -0.006968591 -0.329712629 -0.109272234 0.004910471 0.993999720 60.212162018
0.993213534 0.019630512 0.114636362 -3.583465815 -0.018999871 0.999797761 -0.006591385 -0.341119349 -0.114742570 0.004368576 0.993385673 60.835926056
0.992493927 0.019208232 0.120775960 -3.501880646 -0.018512161 0.999804974 -0.006882797 -0.353987992 -0.120884605 0.004595310 0.992655933 61.481578827
0.991787434 0.019003075 0.126477316 -3.418839455 -0.018256990 0.999808431 -0.007055657 -0.358194083 -0.126587167 0.004688617 0.991944432 62.121498108
0.991080165 0.018568739 0.131967247 -3.331340790 -0.017892370 0.999819994 -0.006309318 -0.369806498 -0.132060647 0.003891833 0.991234004 62.779689789
0.990349472 0.018695200 0.137325883 -3.234776020 -0.017968785 0.999817252 -0.006527577 -0.376110673 -0.137422830 0.003997003 0.990504384 63.448692322
0.989535034 0.018931922 0.143045262 -3.139614105 -0.018164517 0.999812782 -0.006668865 -0.382584393 -0.143144727 0.004000728 0.989693701 64.125785828
0.988702297 0.018825464 0.148705497 -3.038217306 -0.018150233 0.999817908 -0.005896613 -0.398026079 -0.148789421 0.003130955 0.988863945 64.809135437
0.987937987 0.018270971 0.153768420 -2.929614544 -0.017567478 0.999828100 -0.005932631 -0.406707346 -0.153850392 0.003159748 0.988089085 65.504577637
0.987281919 0.017220439 0.158043757 -2.822064400 -0.016465064 0.999845922 -0.006087722 -0.412636727 -0.158124238 0.003408098 0.987413347 66.215644836
0.986931086 0.017370699 0.160203949 -2.704878330 -0.016721426 0.999845624 -0.005400131 -0.423455685 -0.160273030 0.002650718 0.987069190 66.929153442
0.986782193 0.015888833 0.161271200 -2.580136061 -0.015250416 0.999870181 -0.005195785 -0.432837367 -0.161332816 0.002667656 0.986896455 67.658760071
0.986778200 0.015931407 0.161291465 -2.459947824 -0.015158013 0.999866962 -0.006024444 -0.438416064 -0.161365986 0.003499932 0.986888409 68.382583618
0.986667216 0.016425578 0.161919922 -2.350917816 -0.015575087 0.999857426 -0.006520559 -0.452305257 -0.162003949 0.003911705 0.986782372 69.141365051
0.986782908 0.016249105 0.161231026 -2.229630947 -0.015343127 0.999858737 -0.006862662 -0.461495161 -0.161319762 0.004298170 0.986892819 69.902374268
0.986918747 0.016341528 0.160388172 -2.111411333 -0.015425586 0.999856830 -0.006954301 -0.476315618 -0.160478860 0.004389248 0.987029493 70.678771973
0.987191558 0.015640227 0.158771008 -1.989288688 -0.014662924 0.999865651 -0.007325090 -0.487358034 -0.158864245 0.004903220 0.987288237 71.457489014
0.987450838 0.015457075 0.157168493 -1.869650841 -0.014499726 0.999868691 -0.007236055 -0.499238133 -0.157259703 0.004866348 0.987545311 72.245903015
0.987968564 0.015522209 0.153874055 -1.739505887 -0.014615521 0.999868512 -0.007021935 -0.510060132 -0.153962821 0.004688501 0.988065541 73.039199829
0.988390267 0.015371880 0.151156753 -1.629051089 -0.014437295 0.999869287 -0.007278466 -0.519479632 -0.151248872 0.005011670 0.988483012 73.872673035
0.988977253 0.015840672 0.147217736 -1.524132609 -0.015094968 0.999866962 -0.006181218 -0.534579158 -0.147296056 0.003890837 0.989084780 74.682342529
0.989657819 0.014830881 0.142679378 -1.400579929 -0.014239041 0.999885261 -0.005168241 -0.544021368 -0.142739654 0.003083172 0.989755452 75.516891479
0.990364015 0.014323857 0.137745976 -1.291087747 -0.013988059 0.999896348 -0.003405555 -0.561016977 -0.137780488 0.001445940 0.990461707 76.337493896
0.991018832 0.014327503 0.132952794 -1.184953451 -0.014078609 0.999896944 -0.002811977 -0.570789635 -0.132979378 0.000914932 0.991118371 77.172447205
0.991626143 0.013817525 0.128400221 -1.086868286 -0.013665867 0.999904513 -0.002062097 -0.582449138 -0.128416449 0.000290129 0.991720259 77.988784790
0.992344558 0.013991190 0.122704931 -0.989255548 -0.013899085 0.999902129 -0.001606615 -0.594188154 -0.122715399 -0.000111171 0.992441893 78.809989929
0.992997587 0.013991093 0.117303260 -0.902972043 -0.013888033 0.999902129 -0.001695952 -0.601466835 -0.117315508 0.000054964 0.993094683 79.625961304
0.993563771 0.014392273 0.112356000 -0.825628221 -0.014242705 0.999896288 -0.002133788 -0.610580206 -0.112375058 0.000519801 0.993665755 80.430625916
0.994197309 0.015238295 0.106487334 -0.744650602 -0.015083955 0.999883711 -0.002254697 -0.620916486 -0.106509306 0.000635363 0.994311512 81.248535156
0.994787633 0.014837807 0.100883149 -0.663116455 -0.014674285 0.999889553 -0.002362829 -0.630122364 -0.100907065 0.000870125 0.994895458 82.064949036
0.995378256 0.015098937 0.094837435 -0.583034873 -0.014944674 0.999885619 -0.002336690 -0.638649285 -0.094861865 0.000908576 0.995490015 82.882789612
0.995847344 0.015356565 0.089734174 -0.520024359 -0.015249635 0.999881983 -0.001877131 -0.654740453 -0.089752413 0.000500923 0.995963991 83.684303284
0.996277452 0.016747599 0.084562123 -0.463358581 -0.016670018 0.999859750 -0.001623504 -0.667184591 -0.084577449 0.000207808 0.996416867 84.481819153
0.996698201 0.017051185 0.079385020 -0.411038876 -0.016986558 0.999854624 -0.001489379 -0.679088950 -0.079398870 0.000135983 0.996842921 85.280448914
0.997096360 0.016686110 0.074299291 -0.361605048 -0.016635127 0.999860764 -0.001305035 -0.692199111 -0.074310720 0.000065268 0.997235119 86.071090698
0.997449398 0.016941093 0.069337353 -0.313323051 -0.016893754 0.999856472 -0.001269106 -0.700293124 -0.069348902 0.000094500 0.997592449 86.872947693
0.997778416 0.016907241 0.064438812 -0.269339502 -0.016857637 0.999857008 -0.001313446 -0.710552275 -0.064451806 0.000224241 0.997920811 87.662017822
0.998033583 0.017573936 0.060167067 -0.236146823 -0.017523365 0.999845505 -0.001368080 -0.722857654 -0.060181815 0.000311061 0.998187363 88.443977356
0.998248041 0.018319694 0.056260105 -0.202724665 -0.018295059 0.999832153 -0.000952930 -0.731754065 -0.056268118 -0.000078021 0.998415709 89.233200073
0.998435616 0.018415764 0.052793410 -0.170476004 -0.018397881 0.999830425 -0.000824730 -0.741736174 -0.052799646 -0.000147847 0.998605132 90.012641907
0.998576581 0.018410057 0.050059218 -0.145293757 -0.018437818 0.999830008 0.000092775 -0.752925456 -0.050048999 -0.001015626 0.998746276 90.790504456
0.998735249 0.018258296 0.046845797 -0.106963985 -0.018280752 0.999832869 0.000050951 -0.758394957 -0.046837039 -0.000907263 0.998902142 91.574073792
0.998818696 0.018380875 0.044981100 -0.088206269 -0.018367458 0.999831080 -0.000711581 -0.769826472 -0.044986580 -0.000115448 0.998987556 92.351112366
0.998880625 0.019217983 0.043222684 -0.064543597 -0.019153407 0.999814749 -0.001907713 -0.776981890 -0.043251339 0.001077716 0.999063671 93.128074646
0.998933136 0.019043686 0.042070545 -0.041311402 -0.018968469 0.999817669 -0.002186388 -0.786101580 -0.042104512 0.001386041 0.999112248 93.900642395
0.998987556 0.018980058 0.040786926 -0.015286051 -0.018921532 0.999819338 -0.001820515 -0.795974195 -0.040814109 0.001046921 0.999166191 94.682510376
0.999041319 0.018894292 0.039489388 0.013214277 -0.018822784 0.999820471 -0.002181903 -0.804977477 -0.039523523 0.001436512 0.999217629 95.475936890
0.999080300 0.018970881 0.038452696 0.034431789 -0.018896652 0.999818802 -0.002292938 -0.814934969 -0.038489230 0.001564202 0.999257803 96.264289856
0.999106884 0.020126982 0.037153602 0.064382106 -0.020047046 0.999795854 -0.002522823 -0.821707368 -0.037196796 0.001775750 0.999306381 97.078178406
0.999146163 0.019806122 0.036257844 0.083891682 -0.019732945 0.999802470 -0.002375000 -0.833066225 -0.036297720 0.001657498 0.999339640 97.879997253
0.999182999 0.019947004 0.035148226 0.109038129 -0.019872785 0.999799490 -0.002459729 -0.846021891 -0.035190243 0.001759226 0.999379098 98.691047668
0.999196887 0.020989886 0.034132626 0.121915944 -0.020901894 0.999777257 -0.002932741 -0.849726617 -0.034186579 0.002216949 0.999413013 99.496765137
0.999224722 0.020655265 0.033515397 0.132172510 -0.020568229 0.999784112 -0.002939590 -0.861536980 -0.033568878 0.002247959 0.999433875 100.308769226
0.999173701 0.022722488 0.033698730 0.087031536 -0.022605129 0.999737024 -0.003859601 -0.855058253 -0.033777568 0.003094648 0.999424577 101.050491333
0.999139607 0.023679815 0.034048770 0.035300497 -0.023525476 0.999711096 -0.004926473 -0.843271077 -0.034155589 0.004121221 0.999408007 101.774742126
0.999153614 0.023337375 0.033873972 -0.009743763 -0.023187656 0.999719560 -0.004806067 -0.848309457 -0.033976633 0.004016541 0.999414563 102.539070129
0.999179125 0.022979714 0.033362284 -0.042381693 -0.022835474 0.999728203 -0.004698049 -0.855633616 -0.033461176 0.003932349 0.999432266 103.331558228
0.999254525 0.022463845 0.031397093 -0.016753014 -0.022325756 0.999739528 -0.004741880 -0.860985756 -0.031495433 0.004037381 0.999495745 104.205413818
0.999320626 0.022880172 0.028893022 0.009321427 -0.022760442 0.999730945 -0.004466114 -0.870444179 -0.028987434 0.003805462 0.999572515 105.096031189
0.999391198 0.022276370 0.026851255 0.026995180 -0.022154588 0.999742925 -0.004824427 -0.879355788 -0.026951823 0.004226611 0.999627769 105.991043091
0.999439240 0.022693202 0.024621028 0.042302292 -0.022588940 0.999734700 -0.004504581 -0.892161727 -0.024716720 0.003945892 0.999686718 106.880249023
0.999496162 0.022260044 0.022626089 0.045837410 -0.022140188 0.999739587 -0.005534033 -0.900313556 -0.022743383 0.005030299 0.999728680 107.779075623
0.999541044 0.022422299 0.020370010 0.056502409 -0.022310635 0.999734879 -0.005692570 -0.914461553 -0.020492250 0.005235489 0.999776304 108.684547424
0.999573410 0.022675537 0.018408567 0.061710723 -0.022564268 0.999725997 -0.006229806 -0.922505200 -0.018544786 0.005811772 0.999811113 109.597732544
0.999592483 0.023101494 0.016768157 0.068974614 -0.022996968 0.999715030 -0.006399927 -0.933161378 -0.016911227 0.006011702 0.999838948 110.523002625
0.999606371 0.023553129 0.015241785 0.071126282 -0.023464296 0.999706805 -0.005981129 -0.945467234 -0.015378189 0.005621138 0.999865949 111.444061279
0.999621809 0.023526732 0.014240297 0.067489132 -0.023454167 0.999711156 -0.005241544 -0.964713752 -0.014359501 0.004905568 0.999884844 112.389129639
0.999624431 0.024423681 0.012428124 0.075816929 -0.024358755 0.999688983 -0.005348979 -0.967686117 -0.012554900 0.005044236 0.999908447 113.329536438
0.999646008 0.024426162 0.010546854 0.084537014 -0.024374600 0.999690413 -0.004990019 -0.981518865 -0.010665475 0.004731177 0.999931931 114.289871216
0.999647677 0.024878921 0.009249940 0.078056477 -0.024835657 0.999680221 -0.004763046 -0.997263551 -0.009365480 0.004531640 0.999945879 115.247184753
0.999670982 0.024724793 0.006824036 0.084781133 -0.024688801 0.999681115 -0.005309294 -1.006020546 -0.006953131 0.005139070 0.999962628 116.213005066
0.999693692 0.024063541 0.005787765 0.076200426 -0.024031319 0.999695659 -0.005573659 -1.022663116 -0.005920125 0.005432864 0.999967694 117.187683105
0.999710441 0.023752511 0.003855227 0.076979399 -0.023729792 0.999701381 -0.005835371 -1.032111406 -0.003992680 0.005742197 0.999975562 118.159553528
0.999687552 0.024884304 0.002359950 0.069587566 -0.024871923 0.999677420 -0.005137817 -1.040909052 -0.002487040 0.005077515 0.999984026 119.154380798
0.999702096 0.024406709 0.000190225 0.068846934 -0.024405327 0.999687552 -0.005396532 -1.054205179 -0.000321877 0.005390282 0.999985397 120.135040283
0.999684513 0.025114182 -0.000437770 0.058684383 -0.025116030 0.999672472 -0.004909072 -1.067224145 0.000314339 0.004918518 0.999987841 121.129737854
0.999676406 0.025359787 -0.002002017 0.054214485 -0.025368303 0.999668717 -0.004349272 -1.080122709 0.001891057 0.004398652 0.999988556 122.111816406
0.999640048 0.026715316 -0.002468400 0.036210667 -0.026725691 0.999633670 -0.004270188 -1.083675981 0.002353417 0.004334620 0.999987841 123.086479187
0.999626935 0.027221888 -0.002214339 -0.018448200 -0.027230684 0.999620974 -0.004044031 -1.094503760 0.002103413 0.004102821 0.999989390 124.011329651
0.999589682 0.028613536 -0.001316569 -0.094654709 -0.028617872 0.999584615 -0.003402488 -1.106140971 0.001218665 0.003438769 0.999993324 124.871520996
0.999587417 0.028723078 -0.000109752 -0.158431008 -0.028723286 0.999581218 -0.003508631 -1.116912723 0.000008927 0.003510336 0.999993861 125.784828186
0.999565244 0.029465945 0.001065255 -0.228276893 -0.029461166 0.999556899 -0.004253171 -1.131848097 -0.001190106 0.004219938 0.999990404 126.625076294
0.999546587 0.029926021 0.003318369 -0.321965396 -0.029910019 0.999541223 -0.004771293 -1.140088677 -0.003459633 0.004669877 0.999983132 127.482643127
0.999511540 0.031043753 0.003604498 -0.298089355 -0.031024721 0.999504983 -0.005221022 -1.153344512 -0.003764794 0.005106643 0.999979854 128.138641357
0.999523103 0.030750152 0.002828420 -0.286578804 -0.030734932 0.999513626 -0.005275560 -1.162869692 -0.002989269 0.005186113 0.999982059 128.838119507
0.999440849 0.033324432 0.002738419 -0.287154675 -0.033309858 0.999431491 -0.005205932 -1.181260943 -0.002910347 0.005111804 0.999982715 129.543655396
0.999393404 0.034610763 0.003866338 -0.311302930 -0.034593150 0.999391198 -0.004533622 -1.198657036 -0.004020896 0.004397124 0.999982238 130.275527954
0.999319851 0.036680955 0.003780810 -0.312703907 -0.036664091 0.999317825 -0.004437211 -1.214490294 -0.003940992 0.004295573 0.999983013 130.975128174
0.999283373 0.037603032 0.004327965 -0.328326672 -0.037585005 0.999284744 -0.004173534 -1.226245403 -0.004481807 0.004007877 0.999981940 131.696395874
0.999306500 0.036937159 0.004713165 -0.332240492 -0.036918670 0.999310434 -0.003951749 -1.233042836 -0.004855881 0.003775004 0.999981105 132.391235352
0.999266863 0.037897460 0.005432598 -0.348152310 -0.037879203 0.999276459 -0.003424740 -1.249217749 -0.005558457 0.003216447 0.999979377 133.106033325
0.999181926 0.040009178 0.005891424 -0.361988425 -0.039987691 0.999193251 -0.003721042 -1.263928294 -0.006035547 0.003482413 0.999975741 133.818557739
