%YAML:1.0

#--------------------------------------------------------------------------------------------
# System config
#--------------------------------------------------------------------------------------------

# When the variables are commented, the system doesn't load a previous session or not store the current one

# If the LoadFile doesn't exist, the system give a message and create a new Atlas from scratch
#System.LoadAtlasFromFile: "Session_MH01_MH02_MH03_Stereo60_Pseudo"

# The store file is created from the current session, if a file with the same name exists it is deleted
#System.SaveAtlasToFile: "Session_MH01_MH02_MH03_Stereo60_Pseudo"

#--------------------------------------------------------------------------------------------
# Camera Parameters. Adjust them!
#--------------------------------------------------------------------------------------------
File.version: "1.0"

Camera.type: "PinHole"

# Camera calibration and distortion parameters (OpenCV) 
# Camera1.fx: 596.1692854140693
# Camera1.fy: 594.7135485383684
# Camera1.cx: 507.7874425408226
# Camera1.cy: 367.6863514835757

# Camera1.k1: -0.10196994291208931
# Camera1.k2: 0.08227904111715288
# Camera1.p1: 0.0007766379853458618
# Camera1.p2: 0.0017858645746074357

Camera1.fx: 594.93175
Camera1.fy: 593.61319766
Camera1.cx: 507.83989732
Camera1.cy: 365.05555132

Camera1.k1: -0.11181201
Camera1.k2: 0.08761679
Camera1.p1: 0.00083813
Camera1.p2: 0.00180469

Camera2.fx: 594.1561013
Camera2.fy: 592.57090741
Camera2.cx: 515.6391599
Camera2.cy: 375.8719127

Camera2.k1: -0.11080922
Camera2.k2: 0.07973532
Camera2.p1:  0.00120832
Camera2.p2: 0.00066222

Camera.width: 1024
Camera.height: 768

# Camera frames per second 
Camera.fps: 20

# Color order of the images (0: BGR, 1: RGB. It is ignored if images are grayscale)
Camera.RGB: 1

Stereo.ThDepth: 60.0
Stereo.T_c1_c2: !!opencv-matrix
  rows: 4
  cols: 4
  dt: f
  data: [ 0.99924337, -0.02477587, -0.02998063,  0.25012632,
        0.02575069,  0.99913743,  0.03257771, -0.00054248,
        0.02914763, -0.03332509, 0.99901945, -0.01260355,
        0.,          0.,          0. ,         1.        ]


# Transformation from camera to body-frame (imu)
IMU.T_b_c1: !!opencv-matrix
   rows: 4
   cols: 4
   dt: f
   data: [0.02520527, -0.00343789, 0.99967639, 0.07627954,
        -0.99953411 ,-0.01730445 ,0.02514217 ,0.11145016,
        0.01721241, -0.99984436, -0.00387246, 0.01149907,
        0.,0.,0.,1.]

# IMU noise
IMU.NoiseGyro: 1.7e-4 #1.6968e-04
IMU.NoiseAcc: 2.0000e-3 #2.0e-3
IMU.GyroWalk: 1.9393e-05 
IMU.AccWalk: 3.0000e-03 # 3e-03
IMU.Frequency: 200.0


# time delay: t_imu = t_img + td
TimeDelay: 0.00

#--------------------------------------------------------------------------------------------
# ORB Parameters
#--------------------------------------------------------------------------------------------

# ORB Extractor: Number of features per image
ORBextractor.nFeatures: 1200

# ORB Extractor: Scale factor between levels in the scale pyramid 	
ORBextractor.scaleFactor: 1.2

# ORB Extractor: Number of levels in the scale pyramid	
ORBextractor.nLevels: 8

# ORB Extractor: Fast threshold
# Image is divided in a grid. At each cell FAST are extracted imposing a minimum response.
# Firstly we impose iniThFAST. If no corners are detected we impose a lower value minThFAST
# You can lower these values if your images have low contrast			
ORBextractor.iniThFAST: 20
ORBextractor.minThFAST: 7

#--------------------------------------------------------------------------------------------
# Viewer Parameters
#--------------------------------------------------------------------------------------------
Viewer.KeyFrameSize: 0.05
Viewer.KeyFrameLineWidth: 1.0
Viewer.GraphLineWidth: 0.9
Viewer.PointSize: 2.0
Viewer.CameraSize: 0.08
Viewer.CameraLineWidth: 3.0
Viewer.ViewpointX: 0.0
Viewer.ViewpointY: -0.7
Viewer.ViewpointZ: -1.8
Viewer.ViewpointF: 500.0
Viewer.imageViewScale: 1.0

