%YAML:1.0

#--------------------------------------------------------------------------------------------
# System config
#--------------------------------------------------------------------------------------------

# When the variables are commented, the system doesn't load a previous session or not store the current one

# If the LoadFile doesn't exist, the system give a message and create a new Atlas from scratch
#System.LoadAtlasFromFile: "Session_MH01_MH02_MH03_Stereo60_Pseudo"

# The store file is created from the current session, if a file with the same name exists it is deleted
#System.SaveAtlasToFile: "Session_MH01_MH02_MH03_Stereo60_Pseudo"

#--------------------------------------------------------------------------------------------
# Camera Parameters. Adjust them!
#--------------------------------------------------------------------------------------------
File.version: "1.0"

Camera.type: "PinHole"

# Camera calibration and distortion parameters (OpenCV) 
Camera1.fx: 590.848
Camera1.fy: 590.4
Camera1.cx: 517.2224
Camera1.cy: 374.8416

Camera1.k1: 0.0
Camera1.k2: 0.0
Camera1.p1: 0.0
Camera1.p2: 0.0

Camera.width: 1024
Camera.height: 768

# Camera frames per second 
Camera.fps: 10

# Color order of the images (0: BGR, 1: RGB. It is ignored if images are grayscale)
Camera.RGB: 1

Stereo.ThDepth: 60.0
Stereo.T_c1_c2: !!opencv-matrix
  rows: 4
  cols: 4
  dt: f
  data: [0.9992386016779751, -0.01946915026255912, -0.03381078385212353, 0.2487842919681813,
        0.019250723034598124, 0.9997917404467943, -0.006773876069955294, 0.004149650509390665,
        0.033935624044450934, 0.006117836416562145, 0.9994052959126691, -0.010301081858900052,
        0.0, 0.0, 0.0, 1.0]
#   data: [ 0.99874321, -0.02443979 ,-0.04375729,  0.25124805,
#         0.02517959 , 0.99954782,  0.01643605 , 0.00586542,
#         0.04333581, -0.01751718 , 0.99890698, -0.01112642,
#         0.,          0.,          0. ,         1.        ]

        


# Transformation from camera to body-frame (imu)
IMU.T_b_c1: !!opencv-matrix
   rows: 4
   cols: 4
   dt: f
   data: [0.05908,   0.00223,   0.99825,   0.0722,
        -0.99825,  0.00237,   0.05907,  -0.1375,
        -0.00223,  -0.99999,  0.00237,  0.0117,
        0.,         0.,         0.,         1.]

# IMU noise
IMU.NoiseGyro: 0.00017 #1.6968e-04
IMU.NoiseAcc: 0.002 #2.0e-3
IMU.GyroWalk: 0.000019
IMU.AccWalk: 0.003 # 3e-03
IMU.Frequency: 200.0


# time delay: t_imu = t_img + td
TimeDelay: 0.0


topics.imu: /livox/imu
topics.rgb: /camera_array/cam0/image_raw
topics.right_image: /camera_array/cam1/image_raw

#--------------------------------------------------------------------------------------------
# ORB Parameters
#--------------------------------------------------------------------------------------------

# ORB Extractor: Number of features per image
ORBextractor.nFeatures: 1500

# ORB Extractor: Scale factor between levels in the scale pyramid 	
ORBextractor.scaleFactor: 1.2

# ORB Extractor: Number of levels in the scale pyramid	
ORBextractor.nLevels: 8

# ORB Extractor: Fast threshold
# Image is divided in a grid. At each cell FAST are extracted imposing a minimum response.
# Firstly we impose iniThFAST. If no corners are detected we impose a lower value minThFAST
# You can lower these values if your images have low contrast			
ORBextractor.iniThFAST: 20
ORBextractor.minThFAST: 7

#--------------------------------------------------------------------------------------------
# Viewer Parameters
#--------------------------------------------------------------------------------------------
Viewer.KeyFrameSize: 0.05
Viewer.KeyFrameLineWidth: 1.0
Viewer.GraphLineWidth: 0.9
Viewer.PointSize: 2.0
Viewer.CameraSize: 0.08
Viewer.CameraLineWidth: 3.0
Viewer.ViewpointX: 0.0
Viewer.ViewpointY: -0.7
Viewer.ViewpointZ: -1.8
Viewer.ViewpointF: 500.0
Viewer.imageViewScale: 1.0

