%YAML:1.0

#--------------------------------------------------------------------------------------------
# System config
#--------------------------------------------------------------------------------------------

# When the variables are commented, the system doesn't load a previous session or not store the current one

# If the LoadFile doesn't exist, the system give a message and create a new Atlas from scratch
#System.LoadAtlasFromFile: "Session_MH01_MH02_MH03_Stereo60_Pseudo"

# The store file is created from the current session, if a file with the same name exists it is deleted
#System.SaveAtlasToFile: "Session_MH01_MH02_MH03_Stereo60_Pseudo"

#--------------------------------------------------------------------------------------------
# Camera Parameters. Adjust them!
#--------------------------------------------------------------------------------------------
File.version: "1.0"

Camera.type: "PinHole"

# Camera calibration and distortion parameters (OpenCV) 
Camera1.fx: 597.8362581042246
Camera1.fy: 598.5978658135667
Camera1.cx: 502.48511106743507
Camera1.cy: 350.00090670065265

Camera1.k1: -0.09226118186078718
Camera1.k2: 0.06879570395813082
Camera1.p1: -0.0038993641052782694
Camera1.p2: -0.0007040878996906454

Camera2.fx: 592.8889629697871
Camera2.fy: 593.6295857108679
Camera2.cx: 501.83984757275687
Camera2.cy: 367.18278381371607

Camera2.k1: -0.10120733790977264
Camera2.k2: 0.07356042073381752
Camera2.p1:  -0.0015248103472497436
Camera2.p2: -0.001670306643530203


Camera.width: 1024
Camera.height: 768

# Camera frames per second 
Camera.fps: 20

# Color order of the images (0: BGR, 1: RGB. It is ignored if images are grayscale)
Camera.RGB: 1

Stereo.ThDepth: 60.0
Stereo.T_c1_c2: !!opencv-matrix
  rows: 4
  cols: 4
  dt: f
  data: [0.99884093, -0.01993632, -0.04381017,  0.25163457,
        0.01999709,  0.99979959,  0.00094924, -0.00076053,
        0.04378246, -0.00182422,  0.99903942, -0.00440416,
        0.,          0. ,         0.  ,        1.        ]


# Transformation from camera to body-frame (imu)
IMU.T_b_c1: !!opencv-matrix
   rows: 4
   cols: 4
   dt: f
   data: [ 0.74923706, -0.37517355, -0.54579175,  0.03023187,
      -0.56315799,  0.0728224,  -0.82313424, -0.11647941,
      0.34856406,  0.92408966, -0.15672074, -0.32265475,
        0.,          0.,          0.,          1.        ]

# IMU noise
IMU.NoiseGyro: 1.7e-4 #1.6968e-04
IMU.NoiseAcc: 2.0000e-3 #2.0e-3
IMU.GyroWalk: 1.9393e-05 
IMU.AccWalk: 3.0000e-03 # 3e-03
IMU.Frequency: 200.0

#--------------------------------------------------------------------------------------------
# ORB Parameters
#--------------------------------------------------------------------------------------------

# ORB Extractor: Number of features per image
ORBextractor.nFeatures: 1200

# ORB Extractor: Scale factor between levels in the scale pyramid 	
ORBextractor.scaleFactor: 1.2

# ORB Extractor: Number of levels in the scale pyramid	
ORBextractor.nLevels: 8

# ORB Extractor: Fast threshold
# Image is divided in a grid. At each cell FAST are extracted imposing a minimum response.
# Firstly we impose iniThFAST. If no corners are detected we impose a lower value minThFAST
# You can lower these values if your images have low contrast			
ORBextractor.iniThFAST: 20
ORBextractor.minThFAST: 7

#--------------------------------------------------------------------------------------------
# Viewer Parameters
#--------------------------------------------------------------------------------------------
Viewer.KeyFrameSize: 0.05
Viewer.KeyFrameLineWidth: 1.0
Viewer.GraphLineWidth: 0.9
Viewer.PointSize: 2.0
Viewer.CameraSize: 0.08
Viewer.CameraLineWidth: 3.0
Viewer.ViewpointX: 0.0
Viewer.ViewpointY: -0.7
Viewer.ViewpointZ: -1.8
Viewer.ViewpointF: 500.0
Viewer.imageViewScale: 1.0

