%YAML:1.0

#--------------------------------------------------------------------------------------------
# System config
#--------------------------------------------------------------------------------------------

# When the variables are commented, the system doesn't load a previous session or not store the current one

# If the LoadFile doesn't exist, the system give a message and create a new Atlas from scratch
#System.LoadAtlasFromFile: "Session_MH01_MH02_MH03_Stereo60_Pseudo"

# The store file is created from the current session, if a file with the same name exists it is deleted
#System.SaveAtlasToFile: "Session_MH01_MH02_MH03_Stereo60_Pseudo"

#--------------------------------------------------------------------------------------------
# Camera Parameters. Adjust them!
#--------------------------------------------------------------------------------------------
File.version: "1.0"

Camera.type: "PinHole"

# Camera calibration and distortion parameters (OpenCV) 
Camera1.fx: 601.308037
Camera1.fy: 603.179166
Camera1.cx: 513.2717129
Camera1.cy: 375.80225

Camera1.k1: -0.124301511
Camera1.k2: 0.09904246
Camera1.p1: -0.0000734468266
Camera1.p2: 0.0037058


Camera2.fx: 601.5523650
Camera2.fy: 603.6831411
Camera2.cx: 506.697310704
Camera2.cy: 365.663093

Camera2.k1: -0.120950
Camera2.k2: 0.0935061
Camera2.p1: -0.000427959
Camera2.p2: 0.0042304311

Camera.width: 1024
Camera.height: 768

# Camera frames per second 
Camera.fps: 20

# Color order of the images (0: BGR, 1: RGB. It is ignored if images are grayscale)
Camera.RGB: 1

Stereo.ThDepth: 60.0
Stereo.T_c1_c2: !!opencv-matrix
  rows: 4
  cols: 4
  dt: f
  # data: [0.99926447265823709136,0.012366891007126340421,0.036298397896817530666,-0.25176251423922796718,
  #       -0.011924614289318479842,0.99985231086267500046,-0.012375784283106975017,-0.0016587768955942602061,
  #       -0.03644608699310271363,0.011933837161151216305,0.99926436255552750716,0.019323883281322749365,
  #       0,0,0,1.000000000000000]
  data: [0.9992644726582346,-0.011924614289318451,-0.03644608699310263,0.25226183568281707,
        0.012366891007126311,0.9998523108626727,0.011933837161151189,0.004541443409141752,
        0.036298397896817436,-0.012375784283106945,0.9992643625555251,-0.01019162065688336,
        0,0,0,1.000000000000000]

#--------------------------------------------------------------------------------------------
# ORB Parameters
#--------------------------------------------------------------------------------------------

# ORB Extractor: Number of features per image
ORBextractor.nFeatures: 1200

# ORB Extractor: Scale factor between levels in the scale pyramid 	
ORBextractor.scaleFactor: 1.2

# ORB Extractor: Number of levels in the scale pyramid	
ORBextractor.nLevels: 8

# ORB Extractor: Fast threshold
# Image is divided in a grid. At each cell FAST are extracted imposing a minimum response.
# Firstly we impose iniThFAST. If no corners are detected we impose a lower value minThFAST
# You can lower these values if your images have low contrast			
ORBextractor.iniThFAST: 20
ORBextractor.minThFAST: 7

#--------------------------------------------------------------------------------------------
# Viewer Parameters
#--------------------------------------------------------------------------------------------
Viewer.KeyFrameSize: 0.05
Viewer.KeyFrameLineWidth: 1.0
Viewer.GraphLineWidth: 0.9
Viewer.PointSize: 2.0
Viewer.CameraSize: 0.08
Viewer.CameraLineWidth: 3.0
Viewer.ViewpointX: 0.0
Viewer.ViewpointY: -0.7
Viewer.ViewpointZ: -1.8
Viewer.ViewpointF: 500.0
Viewer.imageViewScale: 1.0

